/*--------------------------------*- C++ -*----------------------------------*\
| =========                 |                                                 |
| \\      /  F ield         | OpenFOAM: The Open Source CFD Toolbox           |
|  \\    /   O peration     | Version:  2406                                  |
|   \\  /    A nd           | Website:  www.openfoam.com                      |
|    \\/     M anipulation  |                                                 |
\*---------------------------------------------------------------------------*/
FoamFile
{
    version     2.0;
    format      ascii;
    arch        "LSB;label=32;scalar=64";
    class       labelList;
    location    "constant/polyMesh";
    object      cellProcAddressing;
}
// * * * * * * * * * * * * * * * * * * * * * * * * * * * * * * * * * * * * * //


5360
(
35591
35592
35593
35594
35595
35596
35597
35598
35599
35607
35608
35609
35610
35611
35612
35613
35614
35615
35623
35624
35625
35626
35627
35628
35629
35630
35631
35639
35640
35641
35642
35643
35644
35645
35646
35647
35655
35656
35657
35658
35659
35660
35661
35662
35663
35671
35672
35673
35674
35675
35676
35677
35678
35679
35687
35688
35689
35690
35691
35692
35693
35694
35695
35703
35704
35705
35706
35707
35708
35709
35710
35711
35719
35720
35721
35722
35723
35724
35725
35726
35727
35735
35736
35737
35738
35739
35740
35741
35742
35743
35751
35752
35753
35754
35755
35756
35757
35758
35759
35767
35768
35769
35770
35771
35772
35773
35774
35775
35783
35784
35785
35786
35787
35788
35789
35790
35791
35799
35800
35801
35802
35803
35804
35805
35806
35807
35815
35816
35817
35818
35819
35820
35821
35822
35823
35831
35832
35833
35834
35835
35836
35837
35838
35839
36087
36088
36089
36090
36103
36104
36105
36106
36107
36108
36109
36110
36111
36119
36120
36121
36122
36123
36124
36125
36126
36127
36135
36136
36137
36138
36139
36140
36141
36142
36143
36151
36152
36153
36154
36155
36156
36157
36158
36159
36167
36168
36169
36170
36171
36172
36173
36174
36175
36183
36184
36185
36186
36187
36188
36189
36190
36191
36199
36200
36201
36202
36203
36204
36205
36206
36207
36215
36216
36217
36218
36219
36220
36221
36222
36223
36231
36232
36233
36234
36235
36236
36237
36238
36239
36247
36248
36249
36250
36251
36252
36253
36254
36255
36263
36264
36265
36266
36267
36268
36269
36270
36271
36279
36280
36281
36282
36283
36284
36285
36286
36287
36295
36296
36297
36298
36299
36300
36301
36302
36303
36311
36312
36313
36314
36315
36316
36317
36318
36319
36327
36328
36329
36330
36331
36332
36333
36334
36335
36343
36344
36345
36346
36347
36348
36349
36350
36351
36599
36600
36601
36602
36615
36616
36617
36618
36619
36620
36621
36622
36623
36631
36632
36633
36634
36635
36636
36637
36638
36639
36647
36648
36649
36650
36651
36652
36653
36654
36655
36663
36664
36665
36666
36667
36668
36669
36670
36671
36679
36680
36681
36682
36683
36684
36685
36686
36687
36695
36696
36697
36698
36699
36700
36701
36702
36703
36711
36712
36713
36714
36715
36716
36717
36718
36719
36727
36728
36729
36730
36731
36732
36733
36734
36735
36743
36744
36745
36746
36747
36748
36749
36750
36751
36759
36760
36761
36762
36763
36764
36765
36766
36767
36775
36776
36777
36778
36779
36780
36781
36782
36783
36791
36792
36793
36794
36795
36796
36797
36798
36799
36807
36808
36809
36810
36811
36812
36813
36814
36815
36823
36824
36825
36826
36827
36828
36829
36830
36831
36839
36840
36841
36842
36843
36844
36845
36846
36847
36855
36856
36857
36858
36859
36860
36861
36862
36863
37111
37112
37113
37114
37127
37128
37129
37130
37131
37132
37133
37134
37135
37143
37144
37145
37146
37147
37148
37149
37150
37151
37159
37160
37161
37162
37163
37164
37165
37166
37167
37175
37176
37177
37178
37179
37180
37181
37182
37183
37191
37192
37193
37194
37195
37196
37197
37198
37199
37207
37208
37209
37210
37211
37212
37213
37214
37215
37223
37224
37225
37226
37227
37228
37229
37230
37231
37239
37240
37241
37242
37243
37244
37245
37246
37247
37255
37256
37257
37258
37259
37260
37261
37262
37263
37271
37272
37273
37274
37275
37276
37277
37278
37279
37287
37288
37289
37290
37291
37292
37293
37294
37295
37303
37304
37305
37306
37307
37308
37309
37310
37311
37319
37320
37321
37322
37323
37324
37325
37326
37327
37335
37336
37337
37338
37339
37340
37341
37342
37343
37351
37352
37353
37354
37355
37356
37357
37358
37359
37367
37368
37369
37370
37371
37372
37373
37374
37375
37623
37624
37625
37626
37639
37640
37641
37642
37643
37644
37645
37646
37647
37655
37656
37657
37658
37659
37660
37661
37662
37663
37671
37672
37673
37674
37675
37676
37677
37678
37679
37687
37688
37689
37690
37691
37692
37693
37694
37695
37703
37704
37705
37706
37707
37708
37709
37710
37711
37719
37720
37721
37722
37723
37724
37725
37726
37727
37735
37736
37737
37738
37739
37740
37741
37742
37743
37751
37752
37753
37754
37755
37756
37757
37758
37759
37767
37768
37769
37770
37771
37772
37773
37774
37775
37783
37784
37785
37786
37787
37788
37789
37790
37791
37799
37800
37801
37802
37803
37804
37805
37806
37807
37815
37816
37817
37818
37819
37820
37821
37822
37823
37831
37832
37833
37834
37835
37836
37837
37838
37839
37847
37848
37849
37850
37851
37852
37853
37854
37855
37863
37864
37865
37866
37867
37868
37869
37870
37871
37879
37880
37881
37882
37883
37884
37885
37886
37887
38135
38136
38137
38138
38151
38152
38153
38154
38155
38156
38157
38158
38159
38167
38168
38169
38170
38171
38172
38173
38174
38175
38183
38184
38185
38186
38187
38188
38189
38190
38191
38199
38200
38201
38202
38203
38204
38205
38206
38207
38215
38216
38217
38218
38219
38220
38221
38222
38223
38231
38232
38233
38234
38235
38236
38237
38238
38239
38247
38248
38249
38250
38251
38252
38253
38254
38255
38263
38264
38265
38266
38267
38268
38269
38270
38271
38279
38280
38281
38282
38283
38284
38285
38286
38287
38295
38296
38297
38298
38299
38300
38301
38302
38303
38311
38312
38313
38314
38315
38316
38317
38318
38319
38327
38328
38329
38330
38331
38332
38333
38334
38335
38343
38344
38345
38346
38347
38348
38349
38350
38351
38359
38360
38361
38362
38363
38364
38365
38366
38367
38375
38376
38377
38378
38379
38380
38381
38382
38383
38391
38392
38393
38394
38395
38396
38397
38398
38399
49536
49537
49538
49539
49540
49541
49542
49543
49544
49545
49546
49547
49548
49549
49550
49551
49560
49561
49562
49563
49564
49565
49566
49567
49568
49569
49570
49571
49572
49573
49574
49575
49576
49584
49585
49586
49587
49588
49589
49590
49591
49592
49593
49594
49595
49596
49597
49598
49599
49600
49601
49602
49608
49609
49610
49611
49612
49613
49614
49615
49616
49617
49618
49619
49620
49621
49622
49623
49624
49625
49626
49632
49633
49634
49635
49636
49637
49638
49639
49640
49641
49642
49643
49644
49645
49646
49647
49648
49649
49650
49656
49657
49658
49659
49660
49661
49662
49663
49664
49665
49666
49667
49668
49669
49670
49671
49672
49673
49674
49680
49681
49682
49683
49684
49685
49686
49687
49688
49689
49690
49691
49692
49693
49694
49695
49696
49697
49698
49704
49705
49706
49707
49708
49709
49710
49711
49712
49713
49714
49715
49716
49717
49718
49719
49720
49721
49722
49728
49729
49730
49731
49732
49733
49734
49735
49736
49737
49738
49739
49740
49741
49742
49743
49744
49745
49746
49752
49753
49754
49755
49756
49757
49758
49759
49760
49761
49762
49763
49764
49765
49766
49767
49768
49769
49770
49776
49777
49778
49779
49780
49781
49782
49783
49784
49785
49786
49787
49788
49789
49790
49791
49792
49793
49794
49800
49801
49802
49803
49804
49805
49806
49807
49808
49809
49810
49811
49812
49813
49814
49815
49816
49817
49818
49824
49825
49826
49827
49828
49829
49830
49831
49832
49833
49834
49835
49836
49837
49838
49839
49840
49841
49842
49848
49849
49850
49851
49852
49853
49854
49855
49856
49857
49858
49859
49860
49861
49862
49863
49864
49865
49866
49872
49873
49874
49875
49876
49877
49878
49879
49880
49881
49882
49883
49884
49885
49886
49887
49888
49889
49890
49896
49897
49898
49899
49900
49901
49902
49903
49904
49905
49906
49907
49908
49909
49910
49911
49912
49913
49914
50304
50305
50306
50307
50308
50309
50310
50311
50312
50313
50314
50315
50316
50317
50318
50319
50328
50329
50330
50331
50332
50333
50334
50335
50336
50337
50338
50339
50340
50341
50342
50343
50344
50352
50353
50354
50355
50356
50357
50358
50359
50360
50361
50362
50363
50364
50365
50366
50367
50368
50369
50370
50376
50377
50378
50379
50380
50381
50382
50383
50384
50385
50386
50387
50388
50389
50390
50391
50392
50393
50394
50400
50401
50402
50403
50404
50405
50406
50407
50408
50409
50410
50411
50412
50413
50414
50415
50416
50417
50418
50424
50425
50426
50427
50428
50429
50430
50431
50432
50433
50434
50435
50436
50437
50438
50439
50440
50441
50442
50448
50449
50450
50451
50452
50453
50454
50455
50456
50457
50458
50459
50460
50461
50462
50463
50464
50465
50466
50472
50473
50474
50475
50476
50477
50478
50479
50480
50481
50482
50483
50484
50485
50486
50487
50488
50489
50490
50496
50497
50498
50499
50500
50501
50502
50503
50504
50505
50506
50507
50508
50509
50510
50511
50512
50513
50514
50520
50521
50522
50523
50524
50525
50526
50527
50528
50529
50530
50531
50532
50533
50534
50535
50536
50537
50538
50544
50545
50546
50547
50548
50549
50550
50551
50552
50553
50554
50555
50556
50557
50558
50559
50560
50561
50562
50568
50569
50570
50571
50572
50573
50574
50575
50576
50577
50578
50579
50580
50581
50582
50583
50584
50585
50586
50592
50593
50594
50595
50596
50597
50598
50599
50600
50601
50602
50603
50604
50605
50606
50607
50608
50609
50610
50616
50617
50618
50619
50620
50621
50622
50623
50624
50625
50626
50627
50628
50629
50630
50631
50632
50633
50634
50640
50641
50642
50643
50644
50645
50646
50647
50648
50649
50650
50651
50652
50653
50654
50655
50656
50657
50658
50664
50665
50666
50667
50668
50669
50670
50671
50672
50673
50674
50675
50676
50677
50678
50679
50680
50681
50682
51072
51073
51074
51075
51076
51077
51078
51079
51080
51081
51082
51083
51084
51085
51086
51087
51096
51097
51098
51099
51100
51101
51102
51103
51104
51105
51106
51107
51108
51109
51110
51111
51112
51120
51121
51122
51123
51124
51125
51126
51127
51128
51129
51130
51131
51132
51133
51134
51135
51136
51137
51138
51144
51145
51146
51147
51148
51149
51150
51151
51152
51153
51154
51155
51156
51157
51158
51159
51160
51161
51162
51168
51169
51170
51171
51172
51173
51174
51175
51176
51177
51178
51179
51180
51181
51182
51183
51184
51185
51186
51192
51193
51194
51195
51196
51197
51198
51199
51200
51201
51202
51203
51204
51205
51206
51207
51208
51209
51210
51216
51217
51218
51219
51220
51221
51222
51223
51224
51225
51226
51227
51228
51229
51230
51231
51232
51233
51234
51240
51241
51242
51243
51244
51245
51246
51247
51248
51249
51250
51251
51252
51253
51254
51255
51256
51257
51258
51264
51265
51266
51267
51268
51269
51270
51271
51272
51273
51274
51275
51276
51277
51278
51279
51280
51281
51282
51288
51289
51290
51291
51292
51293
51294
51295
51296
51297
51298
51299
51300
51301
51302
51303
51304
51305
51306
51312
51313
51314
51315
51316
51317
51318
51319
51320
51321
51322
51323
51324
51325
51326
51327
51328
51329
51330
51336
51337
51338
51339
51340
51341
51342
51343
51344
51345
51346
51347
51348
51349
51350
51351
51352
51353
51354
51360
51361
51362
51363
51364
51365
51366
51367
51368
51369
51370
51371
51372
51373
51374
51375
51376
51377
51378
51384
51385
51386
51387
51388
51389
51390
51391
51392
51393
51394
51395
51396
51397
51398
51399
51400
51401
51402
51408
51409
51410
51411
51412
51413
51414
51415
51416
51417
51418
51419
51420
51421
51422
51423
51424
51425
51426
51432
51433
51434
51435
51436
51437
51438
51439
51440
51441
51442
51443
51444
51445
51446
51447
51448
51449
51450
51840
51841
51842
51843
51844
51845
51846
51847
51848
51849
51850
51851
51852
51853
51854
51855
51864
51865
51866
51867
51868
51869
51870
51871
51872
51873
51874
51875
51876
51877
51878
51879
51880
51888
51889
51890
51891
51892
51893
51894
51895
51896
51897
51898
51899
51900
51901
51902
51903
51904
51905
51906
51912
51913
51914
51915
51916
51917
51918
51919
51920
51921
51922
51923
51924
51925
51926
51927
51928
51929
51930
51936
51937
51938
51939
51940
51941
51942
51943
51944
51945
51946
51947
51948
51949
51950
51951
51952
51953
51954
51960
51961
51962
51963
51964
51965
51966
51967
51968
51969
51970
51971
51972
51973
51974
51975
51976
51977
51978
51984
51985
51986
51987
51988
51989
51990
51991
51992
51993
51994
51995
51996
51997
51998
51999
52000
52001
52002
52008
52009
52010
52011
52012
52013
52014
52015
52016
52017
52018
52019
52020
52021
52022
52023
52024
52025
52026
52032
52033
52034
52035
52036
52037
52038
52039
52040
52041
52042
52043
52044
52045
52046
52047
52048
52049
52050
52056
52057
52058
52059
52060
52061
52062
52063
52064
52065
52066
52067
52068
52069
52070
52071
52072
52073
52074
52080
52081
52082
52083
52084
52085
52086
52087
52088
52089
52090
52091
52092
52093
52094
52095
52096
52097
52098
52104
52105
52106
52107
52108
52109
52110
52111
52112
52113
52114
52115
52116
52117
52118
52119
52120
52121
52122
52128
52129
52130
52131
52132
52133
52134
52135
52136
52137
52138
52139
52140
52141
52142
52143
52144
52145
52146
52152
52153
52154
52155
52156
52157
52158
52159
52160
52161
52162
52163
52164
52165
52166
52167
52168
52169
52170
52176
52177
52178
52179
52180
52181
52182
52183
52184
52185
52186
52187
52188
52189
52190
52191
52192
52193
52194
52200
52201
52202
52203
52204
52205
52206
52207
52208
52209
52210
52211
52212
52213
52214
52215
52216
52217
52218
52608
52609
52610
52611
52612
52613
52614
52615
52616
52617
52618
52619
52620
52621
52622
52623
52632
52633
52634
52635
52636
52637
52638
52639
52640
52641
52642
52643
52644
52645
52646
52647
52648
52656
52657
52658
52659
52660
52661
52662
52663
52664
52665
52666
52667
52668
52669
52670
52671
52672
52673
52674
52680
52681
52682
52683
52684
52685
52686
52687
52688
52689
52690
52691
52692
52693
52694
52695
52696
52697
52698
52704
52705
52706
52707
52708
52709
52710
52711
52712
52713
52714
52715
52716
52717
52718
52719
52720
52721
52722
52728
52729
52730
52731
52732
52733
52734
52735
52736
52737
52738
52739
52740
52741
52742
52743
52744
52745
52746
52752
52753
52754
52755
52756
52757
52758
52759
52760
52761
52762
52763
52764
52765
52766
52767
52768
52769
52770
52776
52777
52778
52779
52780
52781
52782
52783
52784
52785
52786
52787
52788
52789
52790
52791
52792
52793
52794
52800
52801
52802
52803
52804
52805
52806
52807
52808
52809
52810
52811
52812
52813
52814
52815
52816
52817
52818
52824
52825
52826
52827
52828
52829
52830
52831
52832
52833
52834
52835
52836
52837
52838
52839
52840
52841
52842
52848
52849
52850
52851
52852
52853
52854
52855
52856
52857
52858
52859
52860
52861
52862
52863
52864
52865
52866
52872
52873
52874
52875
52876
52877
52878
52879
52880
52881
52882
52883
52884
52885
52886
52887
52888
52889
52890
52896
52897
52898
52899
52900
52901
52902
52903
52904
52905
52906
52907
52908
52909
52910
52911
52912
52913
52914
52920
52921
52922
52923
52924
52925
52926
52927
52928
52929
52930
52931
52932
52933
52934
52935
52936
52937
52938
52944
52945
52946
52947
52948
52949
52950
52951
52952
52953
52954
52955
52956
52957
52958
52959
52960
52961
52962
52968
52969
52970
52971
52972
52973
52974
52975
52976
52977
52978
52979
52980
52981
52982
52983
52984
52985
52986
53376
53377
53378
53379
53380
53381
53382
53383
53384
53385
53386
53387
53388
53389
53390
53391
53400
53401
53402
53403
53404
53405
53406
53407
53408
53409
53410
53411
53412
53413
53414
53415
53416
53424
53425
53426
53427
53428
53429
53430
53431
53432
53433
53434
53435
53436
53437
53438
53439
53440
53441
53442
53448
53449
53450
53451
53452
53453
53454
53455
53456
53457
53458
53459
53460
53461
53462
53463
53464
53465
53466
53472
53473
53474
53475
53476
53477
53478
53479
53480
53481
53482
53483
53484
53485
53486
53487
53488
53489
53490
53496
53497
53498
53499
53500
53501
53502
53503
53504
53505
53506
53507
53508
53509
53510
53511
53512
53513
53514
53520
53521
53522
53523
53524
53525
53526
53527
53528
53529
53530
53531
53532
53533
53534
53535
53536
53537
53538
53544
53545
53546
53547
53548
53549
53550
53551
53552
53553
53554
53555
53556
53557
53558
53559
53560
53561
53562
53568
53569
53570
53571
53572
53573
53574
53575
53576
53577
53578
53579
53580
53581
53582
53583
53584
53585
53586
53592
53593
53594
53595
53596
53597
53598
53599
53600
53601
53602
53603
53604
53605
53606
53607
53608
53609
53610
53616
53617
53618
53619
53620
53621
53622
53623
53624
53625
53626
53627
53628
53629
53630
53631
53632
53633
53634
53640
53641
53642
53643
53644
53645
53646
53647
53648
53649
53650
53651
53652
53653
53654
53655
53656
53657
53658
53664
53665
53666
53667
53668
53669
53670
53671
53672
53673
53674
53675
53676
53677
53678
53679
53680
53681
53682
53688
53689
53690
53691
53692
53693
53694
53695
53696
53697
53698
53699
53700
53701
53702
53703
53704
53705
53706
53712
53713
53714
53715
53716
53717
53718
53719
53720
53721
53722
53723
53724
53725
53726
53727
53728
53729
53730
53736
53737
53738
53739
53740
53741
53742
53743
53744
53745
53746
53747
53748
53749
53750
53751
53752
53753
53754
75255
75256
75257
75258
75271
75272
75273
75274
75275
75276
75277
75278
75279
75287
75288
75289
75290
75291
75292
75293
75294
75295
75303
75304
75305
75306
75307
75308
75309
75310
75311
75319
75320
75321
75322
75323
75324
75325
75326
75327
75335
75336
75337
75338
75339
75340
75341
75342
75343
75351
75352
75353
75354
75355
75356
75357
75358
75359
75367
75368
75369
75370
75371
75372
75373
75374
75375
75383
75384
75385
75386
75387
75388
75389
75390
75391
75399
75400
75401
75402
75403
75404
75405
75406
75407
75415
75416
75417
75418
75419
75420
75421
75422
75423
75431
75432
75433
75434
75435
75436
75437
75438
75439
75447
75448
75449
75450
75451
75452
75453
75454
75455
75463
75464
75465
75466
75467
75468
75469
75470
75471
75479
75480
75481
75482
75483
75484
75485
75486
75487
75495
75496
75497
75498
75499
75500
75501
75502
75503
75511
75512
75513
75514
75515
75516
75517
75518
75519
75767
75768
75769
75770
75783
75784
75785
75786
75787
75788
75789
75790
75791
75799
75800
75801
75802
75803
75804
75805
75806
75807
75815
75816
75817
75818
75819
75820
75821
75822
75823
75831
75832
75833
75834
75835
75836
75837
75838
75839
75847
75848
75849
75850
75851
75852
75853
75854
75855
75863
75864
75865
75866
75867
75868
75869
75870
75871
75879
75880
75881
75882
75883
75884
75885
75886
75887
75895
75896
75897
75898
75899
75900
75901
75902
75903
75911
75912
75913
75914
75915
75916
75917
75918
75919
75927
75928
75929
75930
75931
75932
75933
75934
75935
75943
75944
75945
75946
75947
75948
75949
75950
75951
75959
75960
75961
75962
75963
75964
75965
75966
75967
75975
75976
75977
75978
75979
75980
75981
75982
75983
75991
75992
75993
75994
75995
75996
75997
75998
75999
76007
76008
76009
76010
76011
76012
76013
76014
76015
76023
76024
76025
76026
76027
76028
76029
76030
76031
76279
76280
76281
76282
76295
76296
76297
76298
76299
76300
76301
76302
76303
76311
76312
76313
76314
76315
76316
76317
76318
76319
76327
76328
76329
76330
76331
76332
76333
76334
76335
76343
76344
76345
76346
76347
76348
76349
76350
76351
76359
76360
76361
76362
76363
76364
76365
76366
76367
76375
76376
76377
76378
76379
76380
76381
76382
76383
76391
76392
76393
76394
76395
76396
76397
76398
76399
76407
76408
76409
76410
76411
76412
76413
76414
76415
76423
76424
76425
76426
76427
76428
76429
76430
76431
76439
76440
76441
76442
76443
76444
76445
76446
76447
76455
76456
76457
76458
76459
76460
76461
76462
76463
76471
76472
76473
76474
76475
76476
76477
76478
76479
76487
76488
76489
76490
76491
76492
76493
76494
76495
76503
76504
76505
76506
76507
76508
76509
76510
76511
76519
76520
76521
76522
76523
76524
76525
76526
76527
76535
76536
76537
76538
76539
76540
76541
76542
76543
76791
76792
76793
76794
76807
76808
76809
76810
76811
76812
76813
76814
76815
76823
76824
76825
76826
76827
76828
76829
76830
76831
76839
76840
76841
76842
76843
76844
76845
76846
76847
76855
76856
76857
76858
76859
76860
76861
76862
76863
76871
76872
76873
76874
76875
76876
76877
76878
76879
76887
76888
76889
76890
76891
76892
76893
76894
76895
76903
76904
76905
76906
76907
76908
76909
76910
76911
76919
76920
76921
76922
76923
76924
76925
76926
76927
76935
76936
76937
76938
76939
76940
76941
76942
76943
76951
76952
76953
76954
76955
76956
76957
76958
76959
76967
76968
76969
76970
76971
76972
76973
76974
76975
76983
76984
76985
76986
76987
76988
76989
76990
76991
76999
77000
77001
77002
77003
77004
77005
77006
77007
77015
77016
77017
77018
77019
77020
77021
77022
77023
77031
77032
77033
77034
77035
77036
77037
77038
77039
77047
77048
77049
77050
77051
77052
77053
77054
77055
77303
77304
77305
77306
77319
77320
77321
77322
77323
77324
77325
77326
77327
77335
77336
77337
77338
77339
77340
77341
77342
77343
77351
77352
77353
77354
77355
77356
77357
77358
77359
77367
77368
77369
77370
77371
77372
77373
77374
77375
77383
77384
77385
77386
77387
77388
77389
77390
77391
77399
77400
77401
77402
77403
77404
77405
77406
77407
77415
77416
77417
77418
77419
77420
77421
77422
77423
77431
77432
77433
77434
77435
77436
77437
77438
77439
77447
77448
77449
77450
77451
77452
77453
77454
77455
77463
77464
77465
77466
77467
77468
77469
77470
77471
77479
77480
77481
77482
77483
77484
77485
77486
77487
77495
77496
77497
77498
77499
77500
77501
77502
77503
77511
77512
77513
77514
77515
77516
77517
77518
77519
77527
77528
77529
77530
77531
77532
77533
77534
77535
77543
77544
77545
77546
77547
77548
77549
77550
77551
77559
77560
77561
77562
77563
77564
77565
77566
77567
77815
77816
77817
77818
77831
77832
77833
77834
77835
77836
77837
77838
77839
77847
77848
77849
77850
77851
77852
77853
77854
77855
77863
77864
77865
77866
77867
77868
77869
77870
77871
77879
77880
77881
77882
77883
77884
77885
77886
77887
77895
77896
77897
77898
77899
77900
77901
77902
77903
77911
77912
77913
77914
77915
77916
77917
77918
77919
77927
77928
77929
77930
77931
77932
77933
77934
77935
77943
77944
77945
77946
77947
77948
77949
77950
77951
77959
77960
77961
77962
77963
77964
77965
77966
77967
77975
77976
77977
77978
77979
77980
77981
77982
77983
77991
77992
77993
77994
77995
77996
77997
77998
77999
78007
78008
78009
78010
78011
78012
78013
78014
78015
78023
78024
78025
78026
78027
78028
78029
78030
78031
78039
78040
78041
78042
78043
78044
78045
78046
78047
78055
78056
78057
78058
78059
78060
78061
78062
78063
78071
78072
78073
78074
78075
78076
78077
78078
78079
78464
78465
78466
78467
78468
78469
78470
78471
78472
78473
78474
78475
78476
78477
78478
78479
78488
78489
78490
78491
78492
78493
78494
78495
78496
78497
78498
78499
78500
78501
78502
78503
78504
78512
78513
78514
78515
78516
78517
78518
78519
78520
78521
78522
78523
78524
78525
78526
78527
78528
78529
78530
78536
78537
78538
78539
78540
78541
78542
78543
78544
78545
78546
78547
78548
78549
78550
78551
78552
78553
78554
78560
78561
78562
78563
78564
78565
78566
78567
78568
78569
78570
78571
78572
78573
78574
78575
78576
78577
78578
78584
78585
78586
78587
78588
78589
78590
78591
78592
78593
78594
78595
78596
78597
78598
78599
78600
78601
78602
78608
78609
78610
78611
78612
78613
78614
78615
78616
78617
78618
78619
78620
78621
78622
78623
78624
78625
78626
78632
78633
78634
78635
78636
78637
78638
78639
78640
78641
78642
78643
78644
78645
78646
78647
78648
78649
78650
78656
78657
78658
78659
78660
78661
78662
78663
78664
78665
78666
78667
78668
78669
78670
78671
78672
78673
78674
78680
78681
78682
78683
78684
78685
78686
78687
78688
78689
78690
78691
78692
78693
78694
78695
78696
78697
78698
78704
78705
78706
78707
78708
78709
78710
78711
78712
78713
78714
78715
78716
78717
78718
78719
78720
78721
78722
78728
78729
78730
78731
78732
78733
78734
78735
78736
78737
78738
78739
78740
78741
78742
78743
78744
78745
78746
78752
78753
78754
78755
78756
78757
78758
78759
78760
78761
78762
78763
78764
78765
78766
78767
78768
78769
78770
78776
78777
78778
78779
78780
78781
78782
78783
78784
78785
78786
78787
78788
78789
78790
78791
78792
78793
78794
78800
78801
78802
78803
78804
78805
78806
78807
78808
78809
78810
78811
78812
78813
78814
78815
78816
78817
78818
78824
78825
78826
78827
78828
78829
78830
78831
78832
78833
78834
78835
78836
78837
78838
78839
78840
78841
78842
79232
79233
79234
79235
79236
79237
79238
79239
79240
79241
79242
79243
79244
79245
79246
79247
79256
79257
79258
79259
79260
79261
79262
79263
79264
79265
79266
79267
79268
79269
79270
79271
79272
79280
79281
79282
79283
79284
79285
79286
79287
79288
79289
79290
79291
79292
79293
79294
79295
79296
79297
79298
79304
79305
79306
79307
79308
79309
79310
79311
79312
79313
79314
79315
79316
79317
79318
79319
79320
79321
79322
79328
79329
79330
79331
79332
79333
79334
79335
79336
79337
79338
79339
79340
79341
79342
79343
79344
79345
79346
79352
79353
79354
79355
79356
79357
79358
79359
79360
79361
79362
79363
79364
79365
79366
79367
79368
79369
79370
79376
79377
79378
79379
79380
79381
79382
79383
79384
79385
79386
79387
79388
79389
79390
79391
79392
79393
79394
79400
79401
79402
79403
79404
79405
79406
79407
79408
79409
79410
79411
79412
79413
79414
79415
79416
79417
79418
79424
79425
79426
79427
79428
79429
79430
79431
79432
79433
79434
79435
79436
79437
79438
79439
79440
79441
79442
79448
79449
79450
79451
79452
79453
79454
79455
79456
79457
79458
79459
79460
79461
79462
79463
79464
79465
79466
79472
79473
79474
79475
79476
79477
79478
79479
79480
79481
79482
79483
79484
79485
79486
79487
79488
79489
79490
79496
79497
79498
79499
79500
79501
79502
79503
79504
79505
79506
79507
79508
79509
79510
79511
79512
79513
79514
79520
79521
79522
79523
79524
79525
79526
79527
79528
79529
79530
79531
79532
79533
79534
79535
79536
79537
79538
79544
79545
79546
79547
79548
79549
79550
79551
79552
79553
79554
79555
79556
79557
79558
79559
79560
79561
79562
79568
79569
79570
79571
79572
79573
79574
79575
79576
79577
79578
79579
79580
79581
79582
79583
79584
79585
79586
79592
79593
79594
79595
79596
79597
79598
79599
79600
79601
79602
79603
79604
79605
79606
79607
79608
79609
79610
80000
80001
80002
80003
80004
80005
80006
80007
80008
80009
80010
80011
80012
80013
80014
80015
80024
80025
80026
80027
80028
80029
80030
80031
80032
80033
80034
80035
80036
80037
80038
80039
80040
80048
80049
80050
80051
80052
80053
80054
80055
80056
80057
80058
80059
80060
80061
80062
80063
80064
80065
80066
80072
80073
80074
80075
80076
80077
80078
80079
80080
80081
80082
80083
80084
80085
80086
80087
80088
80089
80090
80096
80097
80098
80099
80100
80101
80102
80103
80104
80105
80106
80107
80108
80109
80110
80111
80112
80113
80114
80120
80121
80122
80123
80124
80125
80126
80127
80128
80129
80130
80131
80132
80133
80134
80135
80136
80137
80138
80144
80145
80146
80147
80148
80149
80150
80151
80152
80153
80154
80155
80156
80157
80158
80159
80160
80161
80162
80168
80169
80170
80171
80172
80173
80174
80175
80176
80177
80178
80179
80180
80181
80182
80183
80184
80185
80186
80192
80193
80194
80195
80196
80197
80198
80199
80200
80201
80202
80203
80204
80205
80206
80207
80208
80209
80210
80216
80217
80218
80219
80220
80221
80222
80223
80224
80225
80226
80227
80228
80229
80230
80231
80232
80233
80234
80240
80241
80242
80243
80244
80245
80246
80247
80248
80249
80250
80251
80252
80253
80254
80255
80256
80257
80258
80264
80265
80266
80267
80268
80269
80270
80271
80272
80273
80274
80275
80276
80277
80278
80279
80280
80281
80282
80288
80289
80290
80291
80292
80293
80294
80295
80296
80297
80298
80299
80300
80301
80302
80303
80304
80305
80306
80312
80313
80314
80315
80316
80317
80318
80319
80320
80321
80322
80323
80324
80325
80326
80327
80328
80329
80330
80336
80337
80338
80339
80340
80341
80342
80343
80344
80345
80346
80347
80348
80349
80350
80351
80352
80353
80354
80360
80361
80362
80363
80364
80365
80366
80367
80368
80369
80370
80371
80372
80373
80374
80375
80376
80377
80378
80768
80769
80770
80771
80772
80773
80774
80775
80776
80777
80778
80779
80780
80781
80782
80783
80792
80793
80794
80795
80796
80797
80798
80799
80800
80801
80802
80803
80804
80805
80806
80807
80808
80816
80817
80818
80819
80820
80821
80822
80823
80824
80825
80826
80827
80828
80829
80830
80831
80832
80833
80834
80840
80841
80842
80843
80844
80845
80846
80847
80848
80849
80850
80851
80852
80853
80854
80855
80856
80857
80858
80864
80865
80866
80867
80868
80869
80870
80871
80872
80873
80874
80875
80876
80877
80878
80879
80880
80881
80882
80888
80889
80890
80891
80892
80893
80894
80895
80896
80897
80898
80899
80900
80901
80902
80903
80904
80905
80906
80912
80913
80914
80915
80916
80917
80918
80919
80920
80921
80922
80923
80924
80925
80926
80927
80928
80929
80930
80936
80937
80938
80939
80940
80941
80942
80943
80944
80945
80946
80947
80948
80949
80950
80951
80952
80953
80954
80960
80961
80962
80963
80964
80965
80966
80967
80968
80969
80970
80971
80972
80973
80974
80975
80976
80977
80978
80984
80985
80986
80987
80988
80989
80990
80991
80992
80993
80994
80995
80996
80997
80998
80999
81000
81001
81002
81008
81009
81010
81011
81012
81013
81014
81015
81016
81017
81018
81019
81020
81021
81022
81023
81024
81025
81026
81032
81033
81034
81035
81036
81037
81038
81039
81040
81041
81042
81043
81044
81045
81046
81047
81048
81049
81050
81056
81057
81058
81059
81060
81061
81062
81063
81064
81065
81066
81067
81068
81069
81070
81071
81072
81073
81074
81080
81081
81082
81083
81084
81085
81086
81087
81088
81089
81090
81091
81092
81093
81094
81095
81096
81097
81098
81104
81105
81106
81107
81108
81109
81110
81111
81112
81113
81114
81115
81116
81117
81118
81119
81120
81121
81122
81128
81129
81130
81131
81132
81133
81134
81135
81136
81137
81138
81139
81140
81141
81142
81143
81144
81145
81146
81536
81537
81538
81539
81540
81541
81542
81543
81544
81545
81546
81547
81548
81549
81550
81551
81560
81561
81562
81563
81564
81565
81566
81567
81568
81569
81570
81571
81572
81573
81574
81575
81576
81584
81585
81586
81587
81588
81589
81590
81591
81592
81593
81594
81595
81596
81597
81598
81599
81600
81601
81602
81608
81609
81610
81611
81612
81613
81614
81615
81616
81617
81618
81619
81620
81621
81622
81623
81624
81625
81626
81632
81633
81634
81635
81636
81637
81638
81639
81640
81641
81642
81643
81644
81645
81646
81647
81648
81649
81650
81656
81657
81658
81659
81660
81661
81662
81663
81664
81665
81666
81667
81668
81669
81670
81671
81672
81673
81674
81680
81681
81682
81683
81684
81685
81686
81687
81688
81689
81690
81691
81692
81693
81694
81695
81696
81697
81698
81704
81705
81706
81707
81708
81709
81710
81711
81712
81713
81714
81715
81716
81717
81718
81719
81720
81721
81722
81728
81729
81730
81731
81732
81733
81734
81735
81736
81737
81738
81739
81740
81741
81742
81743
81744
81745
81746
81752
81753
81754
81755
81756
81757
81758
81759
81760
81761
81762
81763
81764
81765
81766
81767
81768
81769
81770
81776
81777
81778
81779
81780
81781
81782
81783
81784
81785
81786
81787
81788
81789
81790
81791
81792
81793
81794
81800
81801
81802
81803
81804
81805
81806
81807
81808
81809
81810
81811
81812
81813
81814
81815
81816
81817
81818
81824
81825
81826
81827
81828
81829
81830
81831
81832
81833
81834
81835
81836
81837
81838
81839
81840
81841
81842
81848
81849
81850
81851
81852
81853
81854
81855
81856
81857
81858
81859
81860
81861
81862
81863
81864
81865
81866
81872
81873
81874
81875
81876
81877
81878
81879
81880
81881
81882
81883
81884
81885
81886
81887
81888
81889
81890
81896
81897
81898
81899
81900
81901
81902
81903
81904
81905
81906
81907
81908
81909
81910
81911
81912
81913
81914
82304
82305
82306
82307
82308
82309
82310
82311
82312
82313
82314
82315
82316
82317
82318
82319
82328
82329
82330
82331
82332
82333
82334
82335
82336
82337
82338
82339
82340
82341
82342
82343
82344
82352
82353
82354
82355
82356
82357
82358
82359
82360
82361
82362
82363
82364
82365
82366
82367
82368
82369
82370
82376
82377
82378
82379
82380
82381
82382
82383
82384
82385
82386
82387
82388
82389
82390
82391
82392
82393
82394
82400
82401
82402
82403
82404
82405
82406
82407
82408
82409
82410
82411
82412
82413
82414
82415
82416
82417
82418
82424
82425
82426
82427
82428
82429
82430
82431
82432
82433
82434
82435
82436
82437
82438
82439
82440
82441
82442
82448
82449
82450
82451
82452
82453
82454
82455
82456
82457
82458
82459
82460
82461
82462
82463
82464
82465
82466
82472
82473
82474
82475
82476
82477
82478
82479
82480
82481
82482
82483
82484
82485
82486
82487
82488
82489
82490
82496
82497
82498
82499
82500
82501
82502
82503
82504
82505
82506
82507
82508
82509
82510
82511
82512
82513
82514
82520
82521
82522
82523
82524
82525
82526
82527
82528
82529
82530
82531
82532
82533
82534
82535
82536
82537
82538
82544
82545
82546
82547
82548
82549
82550
82551
82552
82553
82554
82555
82556
82557
82558
82559
82560
82561
82562
82568
82569
82570
82571
82572
82573
82574
82575
82576
82577
82578
82579
82580
82581
82582
82583
82584
82585
82586
82592
82593
82594
82595
82596
82597
82598
82599
82600
82601
82602
82603
82604
82605
82606
82607
82608
82609
82610
82616
82617
82618
82619
82620
82621
82622
82623
82624
82625
82626
82627
82628
82629
82630
82631
82632
82633
82634
82640
82641
82642
82643
82644
82645
82646
82647
82648
82649
82650
82651
82652
82653
82654
82655
82656
82657
82658
82664
82665
82666
82667
82668
82669
82670
82671
82672
82673
82674
82675
82676
82677
82678
82679
82680
82681
82682
)


// ************************************************************************* //
