/*--------------------------------*- C++ -*----------------------------------*\
| =========                 |                                                 |
| \\      /  F ield         | OpenFOAM: The Open Source CFD Toolbox           |
|  \\    /   O peration     | Version:  2406                                  |
|   \\  /    A nd           | Website:  www.openfoam.com                      |
|    \\/     M anipulation  |                                                 |
\*---------------------------------------------------------------------------*/
FoamFile
{
    version     2.0;
    format      ascii;
    arch        "LSB;label=32;scalar=64";
    note        "nPoints:6404  nCells:5360  nFaces:17066  nInternalFaces:15094";
    class       labelList;
    location    "constant/polyMesh";
    object      neighbour;
}
// * * * * * * * * * * * * * * * * * * * * * * * * * * * * * * * * * * * * * //


15094
(
1
9
148
2
10
149
3
11
150
4
12
151
5
13
152
6
14
153
7
15
154
8
16
155
17
156
884
10
18
157
11
19
158
12
20
159
13
21
160
14
22
161
15
23
162
16
24
163
17
25
164
26
165
900
19
27
166
20
28
167
21
29
168
22
30
169
23
31
170
24
32
171
25
33
172
26
34
173
35
174
917
28
36
175
29
37
176
30
38
177
31
39
178
32
40
179
33
41
180
34
42
181
35
43
182
44
183
936
37
45
184
38
46
185
39
47
186
40
48
187
41
49
188
42
50
189
43
51
190
44
52
191
53
192
955
46
54
193
47
55
194
48
56
195
49
57
196
50
58
197
51
59
198
52
60
199
53
61
200
62
201
974
55
63
202
56
64
203
57
65
204
58
66
205
59
67
206
60
68
207
61
69
208
62
70
209
71
210
993
64
72
211
65
73
212
66
74
213
67
75
214
68
76
215
69
77
216
70
78
217
71
79
218
80
219
1012
73
81
220
74
82
221
75
83
222
76
84
223
77
85
224
78
86
225
79
87
226
80
88
227
89
228
1031
82
90
229
83
91
230
84
92
231
85
93
232
86
94
233
87
95
234
88
96
235
89
97
236
98
237
1050
91
99
238
92
100
239
93
101
240
94
102
241
95
103
242
96
104
243
97
105
244
98
106
245
107
246
1069
100
108
247
101
109
248
102
110
249
103
111
250
104
112
251
105
113
252
106
114
253
107
115
254
116
255
1088
109
117
256
110
118
257
111
119
258
112
120
259
113
121
260
114
122
261
115
123
262
116
124
263
125
264
1107
118
126
265
119
127
266
120
128
267
121
129
268
122
130
269
123
131
270
124
132
271
125
133
272
134
273
1126
127
135
274
128
136
275
129
137
276
130
138
277
131
139
278
132
140
279
133
141
280
134
142
281
143
282
1145
136
283
137
284
138
285
139
286
140
287
141
288
142
289
143
290
291
1164
145
148
292
146
149
293
147
150
294
151
295
149
157
296
150
158
297
151
159
298
152
160
299
153
161
300
154
162
301
155
163
302
156
164
303
165
304
1183
158
166
305
159
167
306
160
168
307
161
169
308
162
170
309
163
171
310
164
172
311
165
173
312
174
313
1199
167
175
314
168
176
315
169
177
316
170
178
317
171
179
318
172
180
319
173
181
320
174
182
321
183
322
1216
176
184
323
177
185
324
178
186
325
179
187
326
180
188
327
181
189
328
182
190
329
183
191
330
192
331
1235
185
193
332
186
194
333
187
195
334
188
196
335
189
197
336
190
198
337
191
199
338
192
200
339
201
340
1254
194
202
341
195
203
342
196
204
343
197
205
344
198
206
345
199
207
346
200
208
347
201
209
348
210
349
1273
203
211
350
204
212
351
205
213
352
206
214
353
207
215
354
208
216
355
209
217
356
210
218
357
219
358
1292
212
220
359
213
221
360
214
222
361
215
223
362
216
224
363
217
225
364
218
226
365
219
227
366
228
367
1311
221
229
368
222
230
369
223
231
370
224
232
371
225
233
372
226
234
373
227
235
374
228
236
375
237
376
1330
230
238
377
231
239
378
232
240
379
233
241
380
234
242
381
235
243
382
236
244
383
237
245
384
246
385
1349
239
247
386
240
248
387
241
249
388
242
250
389
243
251
390
244
252
391
245
253
392
246
254
393
255
394
1368
248
256
395
249
257
396
250
258
397
251
259
398
252
260
399
253
261
400
254
262
401
255
263
402
264
403
1387
257
265
404
258
266
405
259
267
406
260
268
407
261
269
408
262
270
409
263
271
410
264
272
411
273
412
1406
266
274
413
267
275
414
268
276
415
269
277
416
270
278
417
271
279
418
272
280
419
273
281
420
282
421
1425
275
283
422
276
284
423
277
285
424
278
286
425
279
287
426
280
288
427
281
289
428
282
290
429
291
430
1444
284
431
285
432
286
433
287
434
288
435
289
436
290
437
291
438
439
1463
293
296
440
294
297
441
295
298
442
299
443
297
305
444
298
306
445
299
307
446
300
308
447
301
309
448
302
310
449
303
311
450
304
312
451
313
452
1482
306
314
453
307
315
454
308
316
455
309
317
456
310
318
457
311
319
458
312
320
459
313
321
460
322
461
1498
315
323
462
316
324
463
317
325
464
318
326
465
319
327
466
320
328
467
321
329
468
322
330
469
331
470
1515
324
332
471
325
333
472
326
334
473
327
335
474
328
336
475
329
337
476
330
338
477
331
339
478
340
479
1534
333
341
480
334
342
481
335
343
482
336
344
483
337
345
484
338
346
485
339
347
486
340
348
487
349
488
1553
342
350
489
343
351
490
344
352
491
345
353
492
346
354
493
347
355
494
348
356
495
349
357
496
358
497
1572
351
359
498
352
360
499
353
361
500
354
362
501
355
363
502
356
364
503
357
365
504
358
366
505
367
506
1591
360
368
507
361
369
508
362
370
509
363
371
510
364
372
511
365
373
512
366
374
513
367
375
514
376
515
1610
369
377
516
370
378
517
371
379
518
372
380
519
373
381
520
374
382
521
375
383
522
376
384
523
385
524
1629
378
386
525
379
387
526
380
388
527
381
389
528
382
390
529
383
391
530
384
392
531
385
393
532
394
533
1648
387
395
534
388
396
535
389
397
536
390
398
537
391
399
538
392
400
539
393
401
540
394
402
541
403
542
1667
396
404
543
397
405
544
398
406
545
399
407
546
400
408
547
401
409
548
402
410
549
403
411
550
412
551
1686
405
413
552
406
414
553
407
415
554
408
416
555
409
417
556
410
418
557
411
419
558
412
420
559
421
560
1705
414
422
561
415
423
562
416
424
563
417
425
564
418
426
565
419
427
566
420
428
567
421
429
568
430
569
1724
423
431
570
424
432
571
425
433
572
426
434
573
427
435
574
428
436
575
429
437
576
430
438
577
439
578
1743
432
579
433
580
434
581
435
582
436
583
437
584
438
585
439
586
587
1762
441
444
588
442
445
589
443
446
590
447
591
445
453
592
446
454
593
447
455
594
448
456
595
449
457
596
450
458
597
451
459
598
452
460
599
461
600
1781
454
462
601
455
463
602
456
464
603
457
465
604
458
466
605
459
467
606
460
468
607
461
469
608
470
609
1797
463
471
610
464
472
611
465
473
612
466
474
613
467
475
614
468
476
615
469
477
616
470
478
617
479
618
1814
472
480
619
473
481
620
474
482
621
475
483
622
476
484
623
477
485
624
478
486
625
479
487
626
488
627
1833
481
489
628
482
490
629
483
491
630
484
492
631
485
493
632
486
494
633
487
495
634
488
496
635
497
636
1852
490
498
637
491
499
638
492
500
639
493
501
640
494
502
641
495
503
642
496
504
643
497
505
644
506
645
1871
499
507
646
500
508
647
501
509
648
502
510
649
503
511
650
504
512
651
505
513
652
506
514
653
515
654
1890
508
516
655
509
517
656
510
518
657
511
519
658
512
520
659
513
521
660
514
522
661
515
523
662
524
663
1909
517
525
664
518
526
665
519
527
666
520
528
667
521
529
668
522
530
669
523
531
670
524
532
671
533
672
1928
526
534
673
527
535
674
528
536
675
529
537
676
530
538
677
531
539
678
532
540
679
533
541
680
542
681
1947
535
543
682
536
544
683
537
545
684
538
546
685
539
547
686
540
548
687
541
549
688
542
550
689
551
690
1966
544
552
691
545
553
692
546
554
693
547
555
694
548
556
695
549
557
696
550
558
697
551
559
698
560
699
1985
553
561
700
554
562
701
555
563
702
556
564
703
557
565
704
558
566
705
559
567
706
560
568
707
569
708
2004
562
570
709
563
571
710
564
572
711
565
573
712
566
574
713
567
575
714
568
576
715
569
577
716
578
717
2023
571
579
718
572
580
719
573
581
720
574
582
721
575
583
722
576
584
723
577
585
724
578
586
725
587
726
2042
580
727
581
728
582
729
583
730
584
731
585
732
586
733
587
734
735
2061
589
592
736
590
593
737
591
594
738
595
739
593
601
740
594
602
741
595
603
742
596
604
743
597
605
744
598
606
745
599
607
746
600
608
747
609
748
2080
602
610
749
603
611
750
604
612
751
605
613
752
606
614
753
607
615
754
608
616
755
609
617
756
618
757
2096
611
619
758
612
620
759
613
621
760
614
622
761
615
623
762
616
624
763
617
625
764
618
626
765
627
766
2113
620
628
767
621
629
768
622
630
769
623
631
770
624
632
771
625
633
772
626
634
773
627
635
774
636
775
2132
629
637
776
630
638
777
631
639
778
632
640
779
633
641
780
634
642
781
635
643
782
636
644
783
645
784
2151
638
646
785
639
647
786
640
648
787
641
649
788
642
650
789
643
651
790
644
652
791
645
653
792
654
793
2170
647
655
794
648
656
795
649
657
796
650
658
797
651
659
798
652
660
799
653
661
800
654
662
801
663
802
2189
656
664
803
657
665
804
658
666
805
659
667
806
660
668
807
661
669
808
662
670
809
663
671
810
672
811
2208
665
673
812
666
674
813
667
675
814
668
676
815
669
677
816
670
678
817
671
679
818
672
680
819
681
820
2227
674
682
821
675
683
822
676
684
823
677
685
824
678
686
825
679
687
826
680
688
827
681
689
828
690
829
2246
683
691
830
684
692
831
685
693
832
686
694
833
687
695
834
688
696
835
689
697
836
690
698
837
699
838
2265
692
700
839
693
701
840
694
702
841
695
703
842
696
704
843
697
705
844
698
706
845
699
707
846
708
847
2284
701
709
848
702
710
849
703
711
850
704
712
851
705
713
852
706
714
853
707
715
854
708
716
855
717
856
2303
710
718
857
711
719
858
712
720
859
713
721
860
714
722
861
715
723
862
716
724
863
717
725
864
726
865
2322
719
727
866
720
728
867
721
729
868
722
730
869
723
731
870
724
732
871
725
733
872
726
734
873
735
874
2341
728
875
729
876
730
877
731
878
732
879
733
880
734
881
735
882
883
2360
737
740
2678
738
741
2679
739
742
2680
743
2681
741
749
2682
742
750
2683
743
751
2684
744
752
2685
745
753
2686
746
754
2687
747
755
2688
748
756
2689
757
2379
2690
750
758
2691
751
759
2692
752
760
2693
753
761
2694
754
762
2695
755
763
2696
756
764
2697
757
765
2698
766
2395
2699
759
767
2700
760
768
2701
761
769
2702
762
770
2703
763
771
2704
764
772
2705
765
773
2706
766
774
2707
775
2412
2708
768
776
2709
769
777
2710
770
778
2711
771
779
2712
772
780
2713
773
781
2714
774
782
2715
775
783
2716
784
2431
2717
777
785
2718
778
786
2719
779
787
2720
780
788
2721
781
789
2722
782
790
2723
783
791
2724
784
792
2725
793
2450
2726
786
794
2727
787
795
2728
788
796
2729
789
797
2730
790
798
2731
791
799
2732
792
800
2733
793
801
2734
802
2469
2735
795
803
2736
796
804
2737
797
805
2738
798
806
2739
799
807
2740
800
808
2741
801
809
2742
802
810
2743
811
2488
2744
804
812
2745
805
813
2746
806
814
2747
807
815
2748
808
816
2749
809
817
2750
810
818
2751
811
819
2752
820
2507
2753
813
821
2754
814
822
2755
815
823
2756
816
824
2757
817
825
2758
818
826
2759
819
827
2760
820
828
2761
829
2526
2762
822
830
2763
823
831
2764
824
832
2765
825
833
2766
826
834
2767
827
835
2768
828
836
2769
829
837
2770
838
2545
2771
831
839
2772
832
840
2773
833
841
2774
834
842
2775
835
843
2776
836
844
2777
837
845
2778
838
846
2779
847
2564
2780
840
848
2781
841
849
2782
842
850
2783
843
851
2784
844
852
2785
845
853
2786
846
854
2787
847
855
2788
856
2583
2789
849
857
2790
850
858
2791
851
859
2792
852
860
2793
853
861
2794
854
862
2795
855
863
2796
856
864
2797
865
2602
2798
858
866
2799
859
867
2800
860
868
2801
861
869
2802
862
870
2803
863
871
2804
864
872
2805
865
873
2806
874
2621
2807
867
875
2808
868
876
2809
869
877
2810
870
878
2811
871
879
2812
872
880
2813
873
881
2814
874
882
2815
883
2640
2816
876
2817
877
2818
878
2819
879
2820
880
2821
881
2822
882
2823
883
2824
2659
2825
885
900
1183
886
901
1184
887
902
1185
888
903
1186
889
904
1187
890
905
1188
891
906
1189
892
907
1190
893
908
1191
894
909
1192
895
910
1193
896
911
1194
897
912
1195
898
913
1196
899
914
1197
915
1198
901
917
1199
902
918
1200
903
919
1201
904
920
1202
905
921
1203
906
922
1204
907
923
1205
908
924
1206
909
925
1207
910
926
1208
911
927
1209
912
928
1210
913
929
1211
914
930
1212
915
931
1213
916
932
1214
933
1215
918
936
1216
919
937
1217
920
938
1218
921
939
1219
922
940
1220
923
941
1221
924
942
1222
925
943
1223
926
944
1224
927
945
1225
928
946
1226
929
947
1227
930
948
1228
931
949
1229
932
950
1230
933
951
1231
934
952
1232
935
953
1233
954
1234
937
955
1235
938
956
1236
939
957
1237
940
958
1238
941
959
1239
942
960
1240
943
961
1241
944
962
1242
945
963
1243
946
964
1244
947
965
1245
948
966
1246
949
967
1247
950
968
1248
951
969
1249
952
970
1250
953
971
1251
954
972
1252
973
1253
956
974
1254
957
975
1255
958
976
1256
959
977
1257
960
978
1258
961
979
1259
962
980
1260
963
981
1261
964
982
1262
965
983
1263
966
984
1264
967
985
1265
968
986
1266
969
987
1267
970
988
1268
971
989
1269
972
990
1270
973
991
1271
992
1272
975
993
1273
976
994
1274
977
995
1275
978
996
1276
979
997
1277
980
998
1278
981
999
1279
982
1000
1280
983
1001
1281
984
1002
1282
985
1003
1283
986
1004
1284
987
1005
1285
988
1006
1286
989
1007
1287
990
1008
1288
991
1009
1289
992
1010
1290
1011
1291
994
1012
1292
995
1013
1293
996
1014
1294
997
1015
1295
998
1016
1296
999
1017
1297
1000
1018
1298
1001
1019
1299
1002
1020
1300
1003
1021
1301
1004
1022
1302
1005
1023
1303
1006
1024
1304
1007
1025
1305
1008
1026
1306
1009
1027
1307
1010
1028
1308
1011
1029
1309
1030
1310
1013
1031
1311
1014
1032
1312
1015
1033
1313
1016
1034
1314
1017
1035
1315
1018
1036
1316
1019
1037
1317
1020
1038
1318
1021
1039
1319
1022
1040
1320
1023
1041
1321
1024
1042
1322
1025
1043
1323
1026
1044
1324
1027
1045
1325
1028
1046
1326
1029
1047
1327
1030
1048
1328
1049
1329
1032
1050
1330
1033
1051
1331
1034
1052
1332
1035
1053
1333
1036
1054
1334
1037
1055
1335
1038
1056
1336
1039
1057
1337
1040
1058
1338
1041
1059
1339
1042
1060
1340
1043
1061
1341
1044
1062
1342
1045
1063
1343
1046
1064
1344
1047
1065
1345
1048
1066
1346
1049
1067
1347
1068
1348
1051
1069
1349
1052
1070
1350
1053
1071
1351
1054
1072
1352
1055
1073
1353
1056
1074
1354
1057
1075
1355
1058
1076
1356
1059
1077
1357
1060
1078
1358
1061
1079
1359
1062
1080
1360
1063
1081
1361
1064
1082
1362
1065
1083
1363
1066
1084
1364
1067
1085
1365
1068
1086
1366
1087
1367
1070
1088
1368
1071
1089
1369
1072
1090
1370
1073
1091
1371
1074
1092
1372
1075
1093
1373
1076
1094
1374
1077
1095
1375
1078
1096
1376
1079
1097
1377
1080
1098
1378
1081
1099
1379
1082
1100
1380
1083
1101
1381
1084
1102
1382
1085
1103
1383
1086
1104
1384
1087
1105
1385
1106
1386
1089
1107
1387
1090
1108
1388
1091
1109
1389
1092
1110
1390
1093
1111
1391
1094
1112
1392
1095
1113
1393
1096
1114
1394
1097
1115
1395
1098
1116
1396
1099
1117
1397
1100
1118
1398
1101
1119
1399
1102
1120
1400
1103
1121
1401
1104
1122
1402
1105
1123
1403
1106
1124
1404
1125
1405
1108
1126
1406
1109
1127
1407
1110
1128
1408
1111
1129
1409
1112
1130
1410
1113
1131
1411
1114
1132
1412
1115
1133
1413
1116
1134
1414
1117
1135
1415
1118
1136
1416
1119
1137
1417
1120
1138
1418
1121
1139
1419
1122
1140
1420
1123
1141
1421
1124
1142
1422
1125
1143
1423
1144
1424
1127
1145
1425
1128
1146
1426
1129
1147
1427
1130
1148
1428
1131
1149
1429
1132
1150
1430
1133
1151
1431
1134
1152
1432
1135
1153
1433
1136
1154
1434
1137
1155
1435
1138
1156
1436
1139
1157
1437
1140
1158
1438
1141
1159
1439
1142
1160
1440
1143
1161
1441
1144
1162
1442
1163
1443
1146
1164
1444
1147
1165
1445
1148
1166
1446
1149
1167
1447
1150
1168
1448
1151
1169
1449
1152
1170
1450
1153
1171
1451
1154
1172
1452
1155
1173
1453
1156
1174
1454
1157
1175
1455
1158
1176
1456
1159
1177
1457
1160
1178
1458
1161
1179
1459
1162
1180
1460
1163
1181
1461
1182
1462
1165
1463
1166
1464
1167
1465
1168
1466
1169
1467
1170
1468
1171
1469
1172
1470
1173
1471
1174
1472
1175
1473
1176
1474
1177
1475
1178
1476
1179
1477
1180
1478
1181
1479
1182
1480
1481
1184
1199
1482
1185
1200
1483
1186
1201
1484
1187
1202
1485
1188
1203
1486
1189
1204
1487
1190
1205
1488
1191
1206
1489
1192
1207
1490
1193
1208
1491
1194
1209
1492
1195
1210
1493
1196
1211
1494
1197
1212
1495
1198
1213
1496
1214
1497
1200
1216
1498
1201
1217
1499
1202
1218
1500
1203
1219
1501
1204
1220
1502
1205
1221
1503
1206
1222
1504
1207
1223
1505
1208
1224
1506
1209
1225
1507
1210
1226
1508
1211
1227
1509
1212
1228
1510
1213
1229
1511
1214
1230
1512
1215
1231
1513
1232
1514
1217
1235
1515
1218
1236
1516
1219
1237
1517
1220
1238
1518
1221
1239
1519
1222
1240
1520
1223
1241
1521
1224
1242
1522
1225
1243
1523
1226
1244
1524
1227
1245
1525
1228
1246
1526
1229
1247
1527
1230
1248
1528
1231
1249
1529
1232
1250
1530
1233
1251
1531
1234
1252
1532
1253
1533
1236
1254
1534
1237
1255
1535
1238
1256
1536
1239
1257
1537
1240
1258
1538
1241
1259
1539
1242
1260
1540
1243
1261
1541
1244
1262
1542
1245
1263
1543
1246
1264
1544
1247
1265
1545
1248
1266
1546
1249
1267
1547
1250
1268
1548
1251
1269
1549
1252
1270
1550
1253
1271
1551
1272
1552
1255
1273
1553
1256
1274
1554
1257
1275
1555
1258
1276
1556
1259
1277
1557
1260
1278
1558
1261
1279
1559
1262
1280
1560
1263
1281
1561
1264
1282
1562
1265
1283
1563
1266
1284
1564
1267
1285
1565
1268
1286
1566
1269
1287
1567
1270
1288
1568
1271
1289
1569
1272
1290
1570
1291
1571
1274
1292
1572
1275
1293
1573
1276
1294
1574
1277
1295
1575
1278
1296
1576
1279
1297
1577
1280
1298
1578
1281
1299
1579
1282
1300
1580
1283
1301
1581
1284
1302
1582
1285
1303
1583
1286
1304
1584
1287
1305
1585
1288
1306
1586
1289
1307
1587
1290
1308
1588
1291
1309
1589
1310
1590
1293
1311
1591
1294
1312
1592
1295
1313
1593
1296
1314
1594
1297
1315
1595
1298
1316
1596
1299
1317
1597
1300
1318
1598
1301
1319
1599
1302
1320
1600
1303
1321
1601
1304
1322
1602
1305
1323
1603
1306
1324
1604
1307
1325
1605
1308
1326
1606
1309
1327
1607
1310
1328
1608
1329
1609
1312
1330
1610
1313
1331
1611
1314
1332
1612
1315
1333
1613
1316
1334
1614
1317
1335
1615
1318
1336
1616
1319
1337
1617
1320
1338
1618
1321
1339
1619
1322
1340
1620
1323
1341
1621
1324
1342
1622
1325
1343
1623
1326
1344
1624
1327
1345
1625
1328
1346
1626
1329
1347
1627
1348
1628
1331
1349
1629
1332
1350
1630
1333
1351
1631
1334
1352
1632
1335
1353
1633
1336
1354
1634
1337
1355
1635
1338
1356
1636
1339
1357
1637
1340
1358
1638
1341
1359
1639
1342
1360
1640
1343
1361
1641
1344
1362
1642
1345
1363
1643
1346
1364
1644
1347
1365
1645
1348
1366
1646
1367
1647
1350
1368
1648
1351
1369
1649
1352
1370
1650
1353
1371
1651
1354
1372
1652
1355
1373
1653
1356
1374
1654
1357
1375
1655
1358
1376
1656
1359
1377
1657
1360
1378
1658
1361
1379
1659
1362
1380
1660
1363
1381
1661
1364
1382
1662
1365
1383
1663
1366
1384
1664
1367
1385
1665
1386
1666
1369
1387
1667
1370
1388
1668
1371
1389
1669
1372
1390
1670
1373
1391
1671
1374
1392
1672
1375
1393
1673
1376
1394
1674
1377
1395
1675
1378
1396
1676
1379
1397
1677
1380
1398
1678
1381
1399
1679
1382
1400
1680
1383
1401
1681
1384
1402
1682
1385
1403
1683
1386
1404
1684
1405
1685
1388
1406
1686
1389
1407
1687
1390
1408
1688
1391
1409
1689
1392
1410
1690
1393
1411
1691
1394
1412
1692
1395
1413
1693
1396
1414
1694
1397
1415
1695
1398
1416
1696
1399
1417
1697
1400
1418
1698
1401
1419
1699
1402
1420
1700
1403
1421
1701
1404
1422
1702
1405
1423
1703
1424
1704
1407
1425
1705
1408
1426
1706
1409
1427
1707
1410
1428
1708
1411
1429
1709
1412
1430
1710
1413
1431
1711
1414
1432
1712
1415
1433
1713
1416
1434
1714
1417
1435
1715
1418
1436
1716
1419
1437
1717
1420
1438
1718
1421
1439
1719
1422
1440
1720
1423
1441
1721
1424
1442
1722
1443
1723
1426
1444
1724
1427
1445
1725
1428
1446
1726
1429
1447
1727
1430
1448
1728
1431
1449
1729
1432
1450
1730
1433
1451
1731
1434
1452
1732
1435
1453
1733
1436
1454
1734
1437
1455
1735
1438
1456
1736
1439
1457
1737
1440
1458
1738
1441
1459
1739
1442
1460
1740
1443
1461
1741
1462
1742
1445
1463
1743
1446
1464
1744
1447
1465
1745
1448
1466
1746
1449
1467
1747
1450
1468
1748
1451
1469
1749
1452
1470
1750
1453
1471
1751
1454
1472
1752
1455
1473
1753
1456
1474
1754
1457
1475
1755
1458
1476
1756
1459
1477
1757
1460
1478
1758
1461
1479
1759
1462
1480
1760
1481
1761
1464
1762
1465
1763
1466
1764
1467
1765
1468
1766
1469
1767
1470
1768
1471
1769
1472
1770
1473
1771
1474
1772
1475
1773
1476
1774
1477
1775
1478
1776
1479
1777
1480
1778
1481
1779
1780
1483
1498
1781
1484
1499
1782
1485
1500
1783
1486
1501
1784
1487
1502
1785
1488
1503
1786
1489
1504
1787
1490
1505
1788
1491
1506
1789
1492
1507
1790
1493
1508
1791
1494
1509
1792
1495
1510
1793
1496
1511
1794
1497
1512
1795
1513
1796
1499
1515
1797
1500
1516
1798
1501
1517
1799
1502
1518
1800
1503
1519
1801
1504
1520
1802
1505
1521
1803
1506
1522
1804
1507
1523
1805
1508
1524
1806
1509
1525
1807
1510
1526
1808
1511
1527
1809
1512
1528
1810
1513
1529
1811
1514
1530
1812
1531
1813
1516
1534
1814
1517
1535
1815
1518
1536
1816
1519
1537
1817
1520
1538
1818
1521
1539
1819
1522
1540
1820
1523
1541
1821
1524
1542
1822
1525
1543
1823
1526
1544
1824
1527
1545
1825
1528
1546
1826
1529
1547
1827
1530
1548
1828
1531
1549
1829
1532
1550
1830
1533
1551
1831
1552
1832
1535
1553
1833
1536
1554
1834
1537
1555
1835
1538
1556
1836
1539
1557
1837
1540
1558
1838
1541
1559
1839
1542
1560
1840
1543
1561
1841
1544
1562
1842
1545
1563
1843
1546
1564
1844
1547
1565
1845
1548
1566
1846
1549
1567
1847
1550
1568
1848
1551
1569
1849
1552
1570
1850
1571
1851
1554
1572
1852
1555
1573
1853
1556
1574
1854
1557
1575
1855
1558
1576
1856
1559
1577
1857
1560
1578
1858
1561
1579
1859
1562
1580
1860
1563
1581
1861
1564
1582
1862
1565
1583
1863
1566
1584
1864
1567
1585
1865
1568
1586
1866
1569
1587
1867
1570
1588
1868
1571
1589
1869
1590
1870
1573
1591
1871
1574
1592
1872
1575
1593
1873
1576
1594
1874
1577
1595
1875
1578
1596
1876
1579
1597
1877
1580
1598
1878
1581
1599
1879
1582
1600
1880
1583
1601
1881
1584
1602
1882
1585
1603
1883
1586
1604
1884
1587
1605
1885
1588
1606
1886
1589
1607
1887
1590
1608
1888
1609
1889
1592
1610
1890
1593
1611
1891
1594
1612
1892
1595
1613
1893
1596
1614
1894
1597
1615
1895
1598
1616
1896
1599
1617
1897
1600
1618
1898
1601
1619
1899
1602
1620
1900
1603
1621
1901
1604
1622
1902
1605
1623
1903
1606
1624
1904
1607
1625
1905
1608
1626
1906
1609
1627
1907
1628
1908
1611
1629
1909
1612
1630
1910
1613
1631
1911
1614
1632
1912
1615
1633
1913
1616
1634
1914
1617
1635
1915
1618
1636
1916
1619
1637
1917
1620
1638
1918
1621
1639
1919
1622
1640
1920
1623
1641
1921
1624
1642
1922
1625
1643
1923
1626
1644
1924
1627
1645
1925
1628
1646
1926
1647
1927
1630
1648
1928
1631
1649
1929
1632
1650
1930
1633
1651
1931
1634
1652
1932
1635
1653
1933
1636
1654
1934
1637
1655
1935
1638
1656
1936
1639
1657
1937
1640
1658
1938
1641
1659
1939
1642
1660
1940
1643
1661
1941
1644
1662
1942
1645
1663
1943
1646
1664
1944
1647
1665
1945
1666
1946
1649
1667
1947
1650
1668
1948
1651
1669
1949
1652
1670
1950
1653
1671
1951
1654
1672
1952
1655
1673
1953
1656
1674
1954
1657
1675
1955
1658
1676
1956
1659
1677
1957
1660
1678
1958
1661
1679
1959
1662
1680
1960
1663
1681
1961
1664
1682
1962
1665
1683
1963
1666
1684
1964
1685
1965
1668
1686
1966
1669
1687
1967
1670
1688
1968
1671
1689
1969
1672
1690
1970
1673
1691
1971
1674
1692
1972
1675
1693
1973
1676
1694
1974
1677
1695
1975
1678
1696
1976
1679
1697
1977
1680
1698
1978
1681
1699
1979
1682
1700
1980
1683
1701
1981
1684
1702
1982
1685
1703
1983
1704
1984
1687
1705
1985
1688
1706
1986
1689
1707
1987
1690
1708
1988
1691
1709
1989
1692
1710
1990
1693
1711
1991
1694
1712
1992
1695
1713
1993
1696
1714
1994
1697
1715
1995
1698
1716
1996
1699
1717
1997
1700
1718
1998
1701
1719
1999
1702
1720
2000
1703
1721
2001
1704
1722
2002
1723
2003
1706
1724
2004
1707
1725
2005
1708
1726
2006
1709
1727
2007
1710
1728
2008
1711
1729
2009
1712
1730
2010
1713
1731
2011
1714
1732
2012
1715
1733
2013
1716
1734
2014
1717
1735
2015
1718
1736
2016
1719
1737
2017
1720
1738
2018
1721
1739
2019
1722
1740
2020
1723
1741
2021
1742
2022
1725
1743
2023
1726
1744
2024
1727
1745
2025
1728
1746
2026
1729
1747
2027
1730
1748
2028
1731
1749
2029
1732
1750
2030
1733
1751
2031
1734
1752
2032
1735
1753
2033
1736
1754
2034
1737
1755
2035
1738
1756
2036
1739
1757
2037
1740
1758
2038
1741
1759
2039
1742
1760
2040
1761
2041
1744
1762
2042
1745
1763
2043
1746
1764
2044
1747
1765
2045
1748
1766
2046
1749
1767
2047
1750
1768
2048
1751
1769
2049
1752
1770
2050
1753
1771
2051
1754
1772
2052
1755
1773
2053
1756
1774
2054
1757
1775
2055
1758
1776
2056
1759
1777
2057
1760
1778
2058
1761
1779
2059
1780
2060
1763
2061
1764
2062
1765
2063
1766
2064
1767
2065
1768
2066
1769
2067
1770
2068
1771
2069
1772
2070
1773
2071
1774
2072
1775
2073
1776
2074
1777
2075
1778
2076
1779
2077
1780
2078
2079
1782
1797
2080
1783
1798
2081
1784
1799
2082
1785
1800
2083
1786
1801
2084
1787
1802
2085
1788
1803
2086
1789
1804
2087
1790
1805
2088
1791
1806
2089
1792
1807
2090
1793
1808
2091
1794
1809
2092
1795
1810
2093
1796
1811
2094
1812
2095
1798
1814
2096
1799
1815
2097
1800
1816
2098
1801
1817
2099
1802
1818
2100
1803
1819
2101
1804
1820
2102
1805
1821
2103
1806
1822
2104
1807
1823
2105
1808
1824
2106
1809
1825
2107
1810
1826
2108
1811
1827
2109
1812
1828
2110
1813
1829
2111
1830
2112
1815
1833
2113
1816
1834
2114
1817
1835
2115
1818
1836
2116
1819
1837
2117
1820
1838
2118
1821
1839
2119
1822
1840
2120
1823
1841
2121
1824
1842
2122
1825
1843
2123
1826
1844
2124
1827
1845
2125
1828
1846
2126
1829
1847
2127
1830
1848
2128
1831
1849
2129
1832
1850
2130
1851
2131
1834
1852
2132
1835
1853
2133
1836
1854
2134
1837
1855
2135
1838
1856
2136
1839
1857
2137
1840
1858
2138
1841
1859
2139
1842
1860
2140
1843
1861
2141
1844
1862
2142
1845
1863
2143
1846
1864
2144
1847
1865
2145
1848
1866
2146
1849
1867
2147
1850
1868
2148
1851
1869
2149
1870
2150
1853
1871
2151
1854
1872
2152
1855
1873
2153
1856
1874
2154
1857
1875
2155
1858
1876
2156
1859
1877
2157
1860
1878
2158
1861
1879
2159
1862
1880
2160
1863
1881
2161
1864
1882
2162
1865
1883
2163
1866
1884
2164
1867
1885
2165
1868
1886
2166
1869
1887
2167
1870
1888
2168
1889
2169
1872
1890
2170
1873
1891
2171
1874
1892
2172
1875
1893
2173
1876
1894
2174
1877
1895
2175
1878
1896
2176
1879
1897
2177
1880
1898
2178
1881
1899
2179
1882
1900
2180
1883
1901
2181
1884
1902
2182
1885
1903
2183
1886
1904
2184
1887
1905
2185
1888
1906
2186
1889
1907
2187
1908
2188
1891
1909
2189
1892
1910
2190
1893
1911
2191
1894
1912
2192
1895
1913
2193
1896
1914
2194
1897
1915
2195
1898
1916
2196
1899
1917
2197
1900
1918
2198
1901
1919
2199
1902
1920
2200
1903
1921
2201
1904
1922
2202
1905
1923
2203
1906
1924
2204
1907
1925
2205
1908
1926
2206
1927
2207
1910
1928
2208
1911
1929
2209
1912
1930
2210
1913
1931
2211
1914
1932
2212
1915
1933
2213
1916
1934
2214
1917
1935
2215
1918
1936
2216
1919
1937
2217
1920
1938
2218
1921
1939
2219
1922
1940
2220
1923
1941
2221
1924
1942
2222
1925
1943
2223
1926
1944
2224
1927
1945
2225
1946
2226
1929
1947
2227
1930
1948
2228
1931
1949
2229
1932
1950
2230
1933
1951
2231
1934
1952
2232
1935
1953
2233
1936
1954
2234
1937
1955
2235
1938
1956
2236
1939
1957
2237
1940
1958
2238
1941
1959
2239
1942
1960
2240
1943
1961
2241
1944
1962
2242
1945
1963
2243
1946
1964
2244
1965
2245
1948
1966
2246
1949
1967
2247
1950
1968
2248
1951
1969
2249
1952
1970
2250
1953
1971
2251
1954
1972
2252
1955
1973
2253
1956
1974
2254
1957
1975
2255
1958
1976
2256
1959
1977
2257
1960
1978
2258
1961
1979
2259
1962
1980
2260
1963
1981
2261
1964
1982
2262
1965
1983
2263
1984
2264
1967
1985
2265
1968
1986
2266
1969
1987
2267
1970
1988
2268
1971
1989
2269
1972
1990
2270
1973
1991
2271
1974
1992
2272
1975
1993
2273
1976
1994
2274
1977
1995
2275
1978
1996
2276
1979
1997
2277
1980
1998
2278
1981
1999
2279
1982
2000
2280
1983
2001
2281
1984
2002
2282
2003
2283
1986
2004
2284
1987
2005
2285
1988
2006
2286
1989
2007
2287
1990
2008
2288
1991
2009
2289
1992
2010
2290
1993
2011
2291
1994
2012
2292
1995
2013
2293
1996
2014
2294
1997
2015
2295
1998
2016
2296
1999
2017
2297
2000
2018
2298
2001
2019
2299
2002
2020
2300
2003
2021
2301
2022
2302
2005
2023
2303
2006
2024
2304
2007
2025
2305
2008
2026
2306
2009
2027
2307
2010
2028
2308
2011
2029
2309
2012
2030
2310
2013
2031
2311
2014
2032
2312
2015
2033
2313
2016
2034
2314
2017
2035
2315
2018
2036
2316
2019
2037
2317
2020
2038
2318
2021
2039
2319
2022
2040
2320
2041
2321
2024
2042
2322
2025
2043
2323
2026
2044
2324
2027
2045
2325
2028
2046
2326
2029
2047
2327
2030
2048
2328
2031
2049
2329
2032
2050
2330
2033
2051
2331
2034
2052
2332
2035
2053
2333
2036
2054
2334
2037
2055
2335
2038
2056
2336
2039
2057
2337
2040
2058
2338
2041
2059
2339
2060
2340
2043
2061
2341
2044
2062
2342
2045
2063
2343
2046
2064
2344
2047
2065
2345
2048
2066
2346
2049
2067
2347
2050
2068
2348
2051
2069
2349
2052
2070
2350
2053
2071
2351
2054
2072
2352
2055
2073
2353
2056
2074
2354
2057
2075
2355
2058
2076
2356
2059
2077
2357
2060
2078
2358
2079
2359
2062
2360
2063
2361
2064
2362
2065
2363
2066
2364
2067
2365
2068
2366
2069
2367
2070
2368
2071
2369
2072
2370
2073
2371
2074
2372
2075
2373
2076
2374
2077
2375
2078
2376
2079
2377
2378
2081
2096
2379
2082
2097
2380
2083
2098
2381
2084
2099
2382
2085
2100
2383
2086
2101
2384
2087
2102
2385
2088
2103
2386
2089
2104
2387
2090
2105
2388
2091
2106
2389
2092
2107
2390
2093
2108
2391
2094
2109
2392
2095
2110
2393
2111
2394
2097
2113
2395
2098
2114
2396
2099
2115
2397
2100
2116
2398
2101
2117
2399
2102
2118
2400
2103
2119
2401
2104
2120
2402
2105
2121
2403
2106
2122
2404
2107
2123
2405
2108
2124
2406
2109
2125
2407
2110
2126
2408
2111
2127
2409
2112
2128
2410
2129
2411
2114
2132
2412
2115
2133
2413
2116
2134
2414
2117
2135
2415
2118
2136
2416
2119
2137
2417
2120
2138
2418
2121
2139
2419
2122
2140
2420
2123
2141
2421
2124
2142
2422
2125
2143
2423
2126
2144
2424
2127
2145
2425
2128
2146
2426
2129
2147
2427
2130
2148
2428
2131
2149
2429
2150
2430
2133
2151
2431
2134
2152
2432
2135
2153
2433
2136
2154
2434
2137
2155
2435
2138
2156
2436
2139
2157
2437
2140
2158
2438
2141
2159
2439
2142
2160
2440
2143
2161
2441
2144
2162
2442
2145
2163
2443
2146
2164
2444
2147
2165
2445
2148
2166
2446
2149
2167
2447
2150
2168
2448
2169
2449
2152
2170
2450
2153
2171
2451
2154
2172
2452
2155
2173
2453
2156
2174
2454
2157
2175
2455
2158
2176
2456
2159
2177
2457
2160
2178
2458
2161
2179
2459
2162
2180
2460
2163
2181
2461
2164
2182
2462
2165
2183
2463
2166
2184
2464
2167
2185
2465
2168
2186
2466
2169
2187
2467
2188
2468
2171
2189
2469
2172
2190
2470
2173
2191
2471
2174
2192
2472
2175
2193
2473
2176
2194
2474
2177
2195
2475
2178
2196
2476
2179
2197
2477
2180
2198
2478
2181
2199
2479
2182
2200
2480
2183
2201
2481
2184
2202
2482
2185
2203
2483
2186
2204
2484
2187
2205
2485
2188
2206
2486
2207
2487
2190
2208
2488
2191
2209
2489
2192
2210
2490
2193
2211
2491
2194
2212
2492
2195
2213
2493
2196
2214
2494
2197
2215
2495
2198
2216
2496
2199
2217
2497
2200
2218
2498
2201
2219
2499
2202
2220
2500
2203
2221
2501
2204
2222
2502
2205
2223
2503
2206
2224
2504
2207
2225
2505
2226
2506
2209
2227
2507
2210
2228
2508
2211
2229
2509
2212
2230
2510
2213
2231
2511
2214
2232
2512
2215
2233
2513
2216
2234
2514
2217
2235
2515
2218
2236
2516
2219
2237
2517
2220
2238
2518
2221
2239
2519
2222
2240
2520
2223
2241
2521
2224
2242
2522
2225
2243
2523
2226
2244
2524
2245
2525
2228
2246
2526
2229
2247
2527
2230
2248
2528
2231
2249
2529
2232
2250
2530
2233
2251
2531
2234
2252
2532
2235
2253
2533
2236
2254
2534
2237
2255
2535
2238
2256
2536
2239
2257
2537
2240
2258
2538
2241
2259
2539
2242
2260
2540
2243
2261
2541
2244
2262
2542
2245
2263
2543
2264
2544
2247
2265
2545
2248
2266
2546
2249
2267
2547
2250
2268
2548
2251
2269
2549
2252
2270
2550
2253
2271
2551
2254
2272
2552
2255
2273
2553
2256
2274
2554
2257
2275
2555
2258
2276
2556
2259
2277
2557
2260
2278
2558
2261
2279
2559
2262
2280
2560
2263
2281
2561
2264
2282
2562
2283
2563
2266
2284
2564
2267
2285
2565
2268
2286
2566
2269
2287
2567
2270
2288
2568
2271
2289
2569
2272
2290
2570
2273
2291
2571
2274
2292
2572
2275
2293
2573
2276
2294
2574
2277
2295
2575
2278
2296
2576
2279
2297
2577
2280
2298
2578
2281
2299
2579
2282
2300
2580
2283
2301
2581
2302
2582
2285
2303
2583
2286
2304
2584
2287
2305
2585
2288
2306
2586
2289
2307
2587
2290
2308
2588
2291
2309
2589
2292
2310
2590
2293
2311
2591
2294
2312
2592
2295
2313
2593
2296
2314
2594
2297
2315
2595
2298
2316
2596
2299
2317
2597
2300
2318
2598
2301
2319
2599
2302
2320
2600
2321
2601
2304
2322
2602
2305
2323
2603
2306
2324
2604
2307
2325
2605
2308
2326
2606
2309
2327
2607
2310
2328
2608
2311
2329
2609
2312
2330
2610
2313
2331
2611
2314
2332
2612
2315
2333
2613
2316
2334
2614
2317
2335
2615
2318
2336
2616
2319
2337
2617
2320
2338
2618
2321
2339
2619
2340
2620
2323
2341
2621
2324
2342
2622
2325
2343
2623
2326
2344
2624
2327
2345
2625
2328
2346
2626
2329
2347
2627
2330
2348
2628
2331
2349
2629
2332
2350
2630
2333
2351
2631
2334
2352
2632
2335
2353
2633
2336
2354
2634
2337
2355
2635
2338
2356
2636
2339
2357
2637
2340
2358
2638
2359
2639
2342
2360
2640
2343
2361
2641
2344
2362
2642
2345
2363
2643
2346
2364
2644
2347
2365
2645
2348
2366
2646
2349
2367
2647
2350
2368
2648
2351
2369
2649
2352
2370
2650
2353
2371
2651
2354
2372
2652
2355
2373
2653
2356
2374
2654
2357
2375
2655
2358
2376
2656
2359
2377
2657
2378
2658
2361
2659
2362
2660
2363
2661
2364
2662
2365
2663
2366
2664
2367
2665
2368
2666
2369
2667
2370
2668
2371
2669
2372
2670
2373
2671
2374
2672
2375
2673
2376
2674
2377
2675
2378
2676
2677
2380
2395
3566
2381
2396
3567
2382
2397
3568
2383
2398
3569
2384
2399
3570
2385
2400
3571
2386
2401
3572
2387
2402
3573
2388
2403
3574
2389
2404
3575
2390
2405
3576
2391
2406
3577
2392
2407
3578
2393
2408
3579
2394
2409
3580
2410
3581
2396
2412
3582
2397
2413
3583
2398
2414
3584
2399
2415
3585
2400
2416
3586
2401
2417
3587
2402
2418
3588
2403
2419
3589
2404
2420
3590
2405
2421
3591
2406
2422
3592
2407
2423
3593
2408
2424
3594
2409
2425
3595
2410
2426
3596
2411
2427
3597
2428
3598
2413
2431
3599
2414
2432
3600
2415
2433
3601
2416
2434
3602
2417
2435
3603
2418
2436
3604
2419
2437
3605
2420
2438
3606
2421
2439
3607
2422
2440
3608
2423
2441
3609
2424
2442
3610
2425
2443
3611
2426
2444
3612
2427
2445
3613
2428
2446
3614
2429
2447
3615
2430
2448
3616
2449
3617
2432
2450
3618
2433
2451
3619
2434
2452
3620
2435
2453
3621
2436
2454
3622
2437
2455
3623
2438
2456
3624
2439
2457
3625
2440
2458
3626
2441
2459
3627
2442
2460
3628
2443
2461
3629
2444
2462
3630
2445
2463
3631
2446
2464
3632
2447
2465
3633
2448
2466
3634
2449
2467
3635
2468
3636
2451
2469
3637
2452
2470
3638
2453
2471
3639
2454
2472
3640
2455
2473
3641
2456
2474
3642
2457
2475
3643
2458
2476
3644
2459
2477
3645
2460
2478
3646
2461
2479
3647
2462
2480
3648
2463
2481
3649
2464
2482
3650
2465
2483
3651
2466
2484
3652
2467
2485
3653
2468
2486
3654
2487
3655
2470
2488
3656
2471
2489
3657
2472
2490
3658
2473
2491
3659
2474
2492
3660
2475
2493
3661
2476
2494
3662
2477
2495
3663
2478
2496
3664
2479
2497
3665
2480
2498
3666
2481
2499
3667
2482
2500
3668
2483
2501
3669
2484
2502
3670
2485
2503
3671
2486
2504
3672
2487
2505
3673
2506
3674
2489
2507
3675
2490
2508
3676
2491
2509
3677
2492
2510
3678
2493
2511
3679
2494
2512
3680
2495
2513
3681
2496
2514
3682
2497
2515
3683
2498
2516
3684
2499
2517
3685
2500
2518
3686
2501
2519
3687
2502
2520
3688
2503
2521
3689
2504
2522
3690
2505
2523
3691
2506
2524
3692
2525
3693
2508
2526
3694
2509
2527
3695
2510
2528
3696
2511
2529
3697
2512
2530
3698
2513
2531
3699
2514
2532
3700
2515
2533
3701
2516
2534
3702
2517
2535
3703
2518
2536
3704
2519
2537
3705
2520
2538
3706
2521
2539
3707
2522
2540
3708
2523
2541
3709
2524
2542
3710
2525
2543
3711
2544
3712
2527
2545
3713
2528
2546
3714
2529
2547
3715
2530
2548
3716
2531
2549
3717
2532
2550
3718
2533
2551
3719
2534
2552
3720
2535
2553
3721
2536
2554
3722
2537
2555
3723
2538
2556
3724
2539
2557
3725
2540
2558
3726
2541
2559
3727
2542
2560
3728
2543
2561
3729
2544
2562
3730
2563
3731
2546
2564
3732
2547
2565
3733
2548
2566
3734
2549
2567
3735
2550
2568
3736
2551
2569
3737
2552
2570
3738
2553
2571
3739
2554
2572
3740
2555
2573
3741
2556
2574
3742
2557
2575
3743
2558
2576
3744
2559
2577
3745
2560
2578
3746
2561
2579
3747
2562
2580
3748
2563
2581
3749
2582
3750
2565
2583
3751
2566
2584
3752
2567
2585
3753
2568
2586
3754
2569
2587
3755
2570
2588
3756
2571
2589
3757
2572
2590
3758
2573
2591
3759
2574
2592
3760
2575
2593
3761
2576
2594
3762
2577
2595
3763
2578
2596
3764
2579
2597
3765
2580
2598
3766
2581
2599
3767
2582
2600
3768
2601
3769
2584
2602
3770
2585
2603
3771
2586
2604
3772
2587
2605
3773
2588
2606
3774
2589
2607
3775
2590
2608
3776
2591
2609
3777
2592
2610
3778
2593
2611
3779
2594
2612
3780
2595
2613
3781
2596
2614
3782
2597
2615
3783
2598
2616
3784
2599
2617
3785
2600
2618
3786
2601
2619
3787
2620
3788
2603
2621
3789
2604
2622
3790
2605
2623
3791
2606
2624
3792
2607
2625
3793
2608
2626
3794
2609
2627
3795
2610
2628
3796
2611
2629
3797
2612
2630
3798
2613
2631
3799
2614
2632
3800
2615
2633
3801
2616
2634
3802
2617
2635
3803
2618
2636
3804
2619
2637
3805
2620
2638
3806
2639
3807
2622
2640
3808
2623
2641
3809
2624
2642
3810
2625
2643
3811
2626
2644
3812
2627
2645
3813
2628
2646
3814
2629
2647
3815
2630
2648
3816
2631
2649
3817
2632
2650
3818
2633
2651
3819
2634
2652
3820
2635
2653
3821
2636
2654
3822
2637
2655
3823
2638
2656
3824
2639
2657
3825
2658
3826
2641
2659
3827
2642
2660
3828
2643
2661
3829
2644
2662
3830
2645
2663
3831
2646
2664
3832
2647
2665
3833
2648
2666
3834
2649
2667
3835
2650
2668
3836
2651
2669
3837
2652
2670
3838
2653
2671
3839
2654
2672
3840
2655
2673
3841
2656
2674
3842
2657
2675
3843
2658
2676
3844
2677
3845
2660
3846
2661
3847
2662
3848
2663
3849
2664
3850
2665
3851
2666
3852
2667
3853
2668
3854
2669
3855
2670
3856
2671
3857
2672
3858
2673
3859
2674
3860
2675
3861
2676
3862
2677
3863
3864
2679
2682
2826
2680
2683
2827
2681
2684
2828
2685
2829
2683
2691
2830
2684
2692
2831
2685
2693
2832
2686
2694
2833
2687
2695
2834
2688
2696
2835
2689
2697
2836
2690
2698
2837
2699
2838
3566
2692
2700
2839
2693
2701
2840
2694
2702
2841
2695
2703
2842
2696
2704
2843
2697
2705
2844
2698
2706
2845
2699
2707
2846
2708
2847
3582
2701
2709
2848
2702
2710
2849
2703
2711
2850
2704
2712
2851
2705
2713
2852
2706
2714
2853
2707
2715
2854
2708
2716
2855
2717
2856
3599
2710
2718
2857
2711
2719
2858
2712
2720
2859
2713
2721
2860
2714
2722
2861
2715
2723
2862
2716
2724
2863
2717
2725
2864
2726
2865
3618
2719
2727
2866
2720
2728
2867
2721
2729
2868
2722
2730
2869
2723
2731
2870
2724
2732
2871
2725
2733
2872
2726
2734
2873
2735
2874
3637
2728
2736
2875
2729
2737
2876
2730
2738
2877
2731
2739
2878
2732
2740
2879
2733
2741
2880
2734
2742
2881
2735
2743
2882
2744
2883
3656
2737
2745
2884
2738
2746
2885
2739
2747
2886
2740
2748
2887
2741
2749
2888
2742
2750
2889
2743
2751
2890
2744
2752
2891
2753
2892
3675
2746
2754
2893
2747
2755
2894
2748
2756
2895
2749
2757
2896
2750
2758
2897
2751
2759
2898
2752
2760
2899
2753
2761
2900
2762
2901
3694
2755
2763
2902
2756
2764
2903
2757
2765
2904
2758
2766
2905
2759
2767
2906
2760
2768
2907
2761
2769
2908
2762
2770
2909
2771
2910
3713
2764
2772
2911
2765
2773
2912
2766
2774
2913
2767
2775
2914
2768
2776
2915
2769
2777
2916
2770
2778
2917
2771
2779
2918
2780
2919
3732
2773
2781
2920
2774
2782
2921
2775
2783
2922
2776
2784
2923
2777
2785
2924
2778
2786
2925
2779
2787
2926
2780
2788
2927
2789
2928
3751
2782
2790
2929
2783
2791
2930
2784
2792
2931
2785
2793
2932
2786
2794
2933
2787
2795
2934
2788
2796
2935
2789
2797
2936
2798
2937
3770
2791
2799
2938
2792
2800
2939
2793
2801
2940
2794
2802
2941
2795
2803
2942
2796
2804
2943
2797
2805
2944
2798
2806
2945
2807
2946
3789
2800
2808
2947
2801
2809
2948
2802
2810
2949
2803
2811
2950
2804
2812
2951
2805
2813
2952
2806
2814
2953
2807
2815
2954
2816
2955
3808
2809
2817
2956
2810
2818
2957
2811
2819
2958
2812
2820
2959
2813
2821
2960
2814
2822
2961
2815
2823
2962
2816
2824
2963
2825
2964
3827
2818
2965
2819
2966
2820
2967
2821
2968
2822
2969
2823
2970
2824
2971
2825
2972
2973
3846
2827
2830
2974
2828
2831
2975
2829
2832
2976
2833
2977
2831
2839
2978
2832
2840
2979
2833
2841
2980
2834
2842
2981
2835
2843
2982
2836
2844
2983
2837
2845
2984
2838
2846
2985
2847
2986
3865
2840
2848
2987
2841
2849
2988
2842
2850
2989
2843
2851
2990
2844
2852
2991
2845
2853
2992
2846
2854
2993
2847
2855
2994
2856
2995
3881
2849
2857
2996
2850
2858
2997
2851
2859
2998
2852
2860
2999
2853
2861
3000
2854
2862
3001
2855
2863
3002
2856
2864
3003
2865
3004
3898
2858
2866
3005
2859
2867
3006
2860
2868
3007
2861
2869
3008
2862
2870
3009
2863
2871
3010
2864
2872
3011
2865
2873
3012
2874
3013
3917
2867
2875
3014
2868
2876
3015
2869
2877
3016
2870
2878
3017
2871
2879
3018
2872
2880
3019
2873
2881
3020
2874
2882
3021
2883
3022
3936
2876
2884
3023
2877
2885
3024
2878
2886
3025
2879
2887
3026
2880
2888
3027
2881
2889
3028
2882
2890
3029
2883
2891
3030
2892
3031
3955
2885
2893
3032
2886
2894
3033
2887
2895
3034
2888
2896
3035
2889
2897
3036
2890
2898
3037
2891
2899
3038
2892
2900
3039
2901
3040
3974
2894
2902
3041
2895
2903
3042
2896
2904
3043
2897
2905
3044
2898
2906
3045
2899
2907
3046
2900
2908
3047
2901
2909
3048
2910
3049
3993
2903
2911
3050
2904
2912
3051
2905
2913
3052
2906
2914
3053
2907
2915
3054
2908
2916
3055
2909
2917
3056
2910
2918
3057
2919
3058
4012
2912
2920
3059
2913
2921
3060
2914
2922
3061
2915
2923
3062
2916
2924
3063
2917
2925
3064
2918
2926
3065
2919
2927
3066
2928
3067
4031
2921
2929
3068
2922
2930
3069
2923
2931
3070
2924
2932
3071
2925
2933
3072
2926
2934
3073
2927
2935
3074
2928
2936
3075
2937
3076
4050
2930
2938
3077
2931
2939
3078
2932
2940
3079
2933
2941
3080
2934
2942
3081
2935
2943
3082
2936
2944
3083
2937
2945
3084
2946
3085
4069
2939
2947
3086
2940
2948
3087
2941
2949
3088
2942
2950
3089
2943
2951
3090
2944
2952
3091
2945
2953
3092
2946
2954
3093
2955
3094
4088
2948
2956
3095
2949
2957
3096
2950
2958
3097
2951
2959
3098
2952
2960
3099
2953
2961
3100
2954
2962
3101
2955
2963
3102
2964
3103
4107
2957
2965
3104
2958
2966
3105
2959
2967
3106
2960
2968
3107
2961
2969
3108
2962
2970
3109
2963
2971
3110
2964
2972
3111
2973
3112
4126
2966
3113
2967
3114
2968
3115
2969
3116
2970
3117
2971
3118
2972
3119
2973
3120
3121
4145
2975
2978
3122
2976
2979
3123
2977
2980
3124
2981
3125
2979
2987
3126
2980
2988
3127
2981
2989
3128
2982
2990
3129
2983
2991
3130
2984
2992
3131
2985
2993
3132
2986
2994
3133
2995
3134
4164
2988
2996
3135
2989
2997
3136
2990
2998
3137
2991
2999
3138
2992
3000
3139
2993
3001
3140
2994
3002
3141
2995
3003
3142
3004
3143
4180
2997
3005
3144
2998
3006
3145
2999
3007
3146
3000
3008
3147
3001
3009
3148
3002
3010
3149
3003
3011
3150
3004
3012
3151
3013
3152
4197
3006
3014
3153
3007
3015
3154
3008
3016
3155
3009
3017
3156
3010
3018
3157
3011
3019
3158
3012
3020
3159
3013
3021
3160
3022
3161
4216
3015
3023
3162
3016
3024
3163
3017
3025
3164
3018
3026
3165
3019
3027
3166
3020
3028
3167
3021
3029
3168
3022
3030
3169
3031
3170
4235
3024
3032
3171
3025
3033
3172
3026
3034
3173
3027
3035
3174
3028
3036
3175
3029
3037
3176
3030
3038
3177
3031
3039
3178
3040
3179
4254
3033
3041
3180
3034
3042
3181
3035
3043
3182
3036
3044
3183
3037
3045
3184
3038
3046
3185
3039
3047
3186
3040
3048
3187
3049
3188
4273
3042
3050
3189
3043
3051
3190
3044
3052
3191
3045
3053
3192
3046
3054
3193
3047
3055
3194
3048
3056
3195
3049
3057
3196
3058
3197
4292
3051
3059
3198
3052
3060
3199
3053
3061
3200
3054
3062
3201
3055
3063
3202
3056
3064
3203
3057
3065
3204
3058
3066
3205
3067
3206
4311
3060
3068
3207
3061
3069
3208
3062
3070
3209
3063
3071
3210
3064
3072
3211
3065
3073
3212
3066
3074
3213
3067
3075
3214
3076
3215
4330
3069
3077
3216
3070
3078
3217
3071
3079
3218
3072
3080
3219
3073
3081
3220
3074
3082
3221
3075
3083
3222
3076
3084
3223
3085
3224
4349
3078
3086
3225
3079
3087
3226
3080
3088
3227
3081
3089
3228
3082
3090
3229
3083
3091
3230
3084
3092
3231
3085
3093
3232
3094
3233
4368
3087
3095
3234
3088
3096
3235
3089
3097
3236
3090
3098
3237
3091
3099
3238
3092
3100
3239
3093
3101
3240
3094
3102
3241
3103
3242
4387
3096
3104
3243
3097
3105
3244
3098
3106
3245
3099
3107
3246
3100
3108
3247
3101
3109
3248
3102
3110
3249
3103
3111
3250
3112
3251
4406
3105
3113
3252
3106
3114
3253
3107
3115
3254
3108
3116
3255
3109
3117
3256
3110
3118
3257
3111
3119
3258
3112
3120
3259
3121
3260
4425
3114
3261
3115
3262
3116
3263
3117
3264
3118
3265
3119
3266
3120
3267
3121
3268
3269
4444
3123
3126
3270
3124
3127
3271
3125
3128
3272
3129
3273
3127
3135
3274
3128
3136
3275
3129
3137
3276
3130
3138
3277
3131
3139
3278
3132
3140
3279
3133
3141
3280
3134
3142
3281
3143
3282
4463
3136
3144
3283
3137
3145
3284
3138
3146
3285
3139
3147
3286
3140
3148
3287
3141
3149
3288
3142
3150
3289
3143
3151
3290
3152
3291
4479
3145
3153
3292
3146
3154
3293
3147
3155
3294
3148
3156
3295
3149
3157
3296
3150
3158
3297
3151
3159
3298
3152
3160
3299
3161
3300
4496
3154
3162
3301
3155
3163
3302
3156
3164
3303
3157
3165
3304
3158
3166
3305
3159
3167
3306
3160
3168
3307
3161
3169
3308
3170
3309
4515
3163
3171
3310
3164
3172
3311
3165
3173
3312
3166
3174
3313
3167
3175
3314
3168
3176
3315
3169
3177
3316
3170
3178
3317
3179
3318
4534
3172
3180
3319
3173
3181
3320
3174
3182
3321
3175
3183
3322
3176
3184
3323
3177
3185
3324
3178
3186
3325
3179
3187
3326
3188
3327
4553
3181
3189
3328
3182
3190
3329
3183
3191
3330
3184
3192
3331
3185
3193
3332
3186
3194
3333
3187
3195
3334
3188
3196
3335
3197
3336
4572
3190
3198
3337
3191
3199
3338
3192
3200
3339
3193
3201
3340
3194
3202
3341
3195
3203
3342
3196
3204
3343
3197
3205
3344
3206
3345
4591
3199
3207
3346
3200
3208
3347
3201
3209
3348
3202
3210
3349
3203
3211
3350
3204
3212
3351
3205
3213
3352
3206
3214
3353
3215
3354
4610
3208
3216
3355
3209
3217
3356
3210
3218
3357
3211
3219
3358
3212
3220
3359
3213
3221
3360
3214
3222
3361
3215
3223
3362
3224
3363
4629
3217
3225
3364
3218
3226
3365
3219
3227
3366
3220
3228
3367
3221
3229
3368
3222
3230
3369
3223
3231
3370
3224
3232
3371
3233
3372
4648
3226
3234
3373
3227
3235
3374
3228
3236
3375
3229
3237
3376
3230
3238
3377
3231
3239
3378
3232
3240
3379
3233
3241
3380
3242
3381
4667
3235
3243
3382
3236
3244
3383
3237
3245
3384
3238
3246
3385
3239
3247
3386
3240
3248
3387
3241
3249
3388
3242
3250
3389
3251
3390
4686
3244
3252
3391
3245
3253
3392
3246
3254
3393
3247
3255
3394
3248
3256
3395
3249
3257
3396
3250
3258
3397
3251
3259
3398
3260
3399
4705
3253
3261
3400
3254
3262
3401
3255
3263
3402
3256
3264
3403
3257
3265
3404
3258
3266
3405
3259
3267
3406
3260
3268
3407
3269
3408
4724
3262
3409
3263
3410
3264
3411
3265
3412
3266
3413
3267
3414
3268
3415
3269
3416
3417
4743
3271
3274
3418
3272
3275
3419
3273
3276
3420
3277
3421
3275
3283
3422
3276
3284
3423
3277
3285
3424
3278
3286
3425
3279
3287
3426
3280
3288
3427
3281
3289
3428
3282
3290
3429
3291
3430
4762
3284
3292
3431
3285
3293
3432
3286
3294
3433
3287
3295
3434
3288
3296
3435
3289
3297
3436
3290
3298
3437
3291
3299
3438
3300
3439
4778
3293
3301
3440
3294
3302
3441
3295
3303
3442
3296
3304
3443
3297
3305
3444
3298
3306
3445
3299
3307
3446
3300
3308
3447
3309
3448
4795
3302
3310
3449
3303
3311
3450
3304
3312
3451
3305
3313
3452
3306
3314
3453
3307
3315
3454
3308
3316
3455
3309
3317
3456
3318
3457
4814
3311
3319
3458
3312
3320
3459
3313
3321
3460
3314
3322
3461
3315
3323
3462
3316
3324
3463
3317
3325
3464
3318
3326
3465
3327
3466
4833
3320
3328
3467
3321
3329
3468
3322
3330
3469
3323
3331
3470
3324
3332
3471
3325
3333
3472
3326
3334
3473
3327
3335
3474
3336
3475
4852
3329
3337
3476
3330
3338
3477
3331
3339
3478
3332
3340
3479
3333
3341
3480
3334
3342
3481
3335
3343
3482
3336
3344
3483
3345
3484
4871
3338
3346
3485
3339
3347
3486
3340
3348
3487
3341
3349
3488
3342
3350
3489
3343
3351
3490
3344
3352
3491
3345
3353
3492
3354
3493
4890
3347
3355
3494
3348
3356
3495
3349
3357
3496
3350
3358
3497
3351
3359
3498
3352
3360
3499
3353
3361
3500
3354
3362
3501
3363
3502
4909
3356
3364
3503
3357
3365
3504
3358
3366
3505
3359
3367
3506
3360
3368
3507
3361
3369
3508
3362
3370
3509
3363
3371
3510
3372
3511
4928
3365
3373
3512
3366
3374
3513
3367
3375
3514
3368
3376
3515
3369
3377
3516
3370
3378
3517
3371
3379
3518
3372
3380
3519
3381
3520
4947
3374
3382
3521
3375
3383
3522
3376
3384
3523
3377
3385
3524
3378
3386
3525
3379
3387
3526
3380
3388
3527
3381
3389
3528
3390
3529
4966
3383
3391
3530
3384
3392
3531
3385
3393
3532
3386
3394
3533
3387
3395
3534
3388
3396
3535
3389
3397
3536
3390
3398
3537
3399
3538
4985
3392
3400
3539
3393
3401
3540
3394
3402
3541
3395
3403
3542
3396
3404
3543
3397
3405
3544
3398
3406
3545
3399
3407
3546
3408
3547
5004
3401
3409
3548
3402
3410
3549
3403
3411
3550
3404
3412
3551
3405
3413
3552
3406
3414
3553
3407
3415
3554
3408
3416
3555
3417
3556
5023
3410
3557
3411
3558
3412
3559
3413
3560
3414
3561
3415
3562
3416
3563
3417
3564
3565
5042
3419
3422
3420
3423
3421
3424
3425
3423
3431
3424
3432
3425
3433
3426
3434
3427
3435
3428
3436
3429
3437
3430
3438
3439
5061
3432
3440
3433
3441
3434
3442
3435
3443
3436
3444
3437
3445
3438
3446
3439
3447
3448
5077
3441
3449
3442
3450
3443
3451
3444
3452
3445
3453
3446
3454
3447
3455
3448
3456
3457
5094
3450
3458
3451
3459
3452
3460
3453
3461
3454
3462
3455
3463
3456
3464
3457
3465
3466
5113
3459
3467
3460
3468
3461
3469
3462
3470
3463
3471
3464
3472
3465
3473
3466
3474
3475
5132
3468
3476
3469
3477
3470
3478
3471
3479
3472
3480
3473
3481
3474
3482
3475
3483
3484
5151
3477
3485
3478
3486
3479
3487
3480
3488
3481
3489
3482
3490
3483
3491
3484
3492
3493
5170
3486
3494
3487
3495
3488
3496
3489
3497
3490
3498
3491
3499
3492
3500
3493
3501
3502
5189
3495
3503
3496
3504
3497
3505
3498
3506
3499
3507
3500
3508
3501
3509
3502
3510
3511
5208
3504
3512
3505
3513
3506
3514
3507
3515
3508
3516
3509
3517
3510
3518
3511
3519
3520
5227
3513
3521
3514
3522
3515
3523
3516
3524
3517
3525
3518
3526
3519
3527
3520
3528
3529
5246
3522
3530
3523
3531
3524
3532
3525
3533
3526
3534
3527
3535
3528
3536
3529
3537
3538
5265
3531
3539
3532
3540
3533
3541
3534
3542
3535
3543
3536
3544
3537
3545
3538
3546
3547
5284
3540
3548
3541
3549
3542
3550
3543
3551
3544
3552
3545
3553
3546
3554
3547
3555
3556
5303
3549
3557
3550
3558
3551
3559
3552
3560
3553
3561
3554
3562
3555
3563
3556
3564
3565
5322
3558
3559
3560
3561
3562
3563
3564
3565
5341
3567
3582
3865
3568
3583
3866
3569
3584
3867
3570
3585
3868
3571
3586
3869
3572
3587
3870
3573
3588
3871
3574
3589
3872
3575
3590
3873
3576
3591
3874
3577
3592
3875
3578
3593
3876
3579
3594
3877
3580
3595
3878
3581
3596
3879
3597
3880
3583
3599
3881
3584
3600
3882
3585
3601
3883
3586
3602
3884
3587
3603
3885
3588
3604
3886
3589
3605
3887
3590
3606
3888
3591
3607
3889
3592
3608
3890
3593
3609
3891
3594
3610
3892
3595
3611
3893
3596
3612
3894
3597
3613
3895
3598
3614
3896
3615
3897
3600
3618
3898
3601
3619
3899
3602
3620
3900
3603
3621
3901
3604
3622
3902
3605
3623
3903
3606
3624
3904
3607
3625
3905
3608
3626
3906
3609
3627
3907
3610
3628
3908
3611
3629
3909
3612
3630
3910
3613
3631
3911
3614
3632
3912
3615
3633
3913
3616
3634
3914
3617
3635
3915
3636
3916
3619
3637
3917
3620
3638
3918
3621
3639
3919
3622
3640
3920
3623
3641
3921
3624
3642
3922
3625
3643
3923
3626
3644
3924
3627
3645
3925
3628
3646
3926
3629
3647
3927
3630
3648
3928
3631
3649
3929
3632
3650
3930
3633
3651
3931
3634
3652
3932
3635
3653
3933
3636
3654
3934
3655
3935
3638
3656
3936
3639
3657
3937
3640
3658
3938
3641
3659
3939
3642
3660
3940
3643
3661
3941
3644
3662
3942
3645
3663
3943
3646
3664
3944
3647
3665
3945
3648
3666
3946
3649
3667
3947
3650
3668
3948
3651
3669
3949
3652
3670
3950
3653
3671
3951
3654
3672
3952
3655
3673
3953
3674
3954
3657
3675
3955
3658
3676
3956
3659
3677
3957
3660
3678
3958
3661
3679
3959
3662
3680
3960
3663
3681
3961
3664
3682
3962
3665
3683
3963
3666
3684
3964
3667
3685
3965
3668
3686
3966
3669
3687
3967
3670
3688
3968
3671
3689
3969
3672
3690
3970
3673
3691
3971
3674
3692
3972
3693
3973
3676
3694
3974
3677
3695
3975
3678
3696
3976
3679
3697
3977
3680
3698
3978
3681
3699
3979
3682
3700
3980
3683
3701
3981
3684
3702
3982
3685
3703
3983
3686
3704
3984
3687
3705
3985
3688
3706
3986
3689
3707
3987
3690
3708
3988
3691
3709
3989
3692
3710
3990
3693
3711
3991
3712
3992
3695
3713
3993
3696
3714
3994
3697
3715
3995
3698
3716
3996
3699
3717
3997
3700
3718
3998
3701
3719
3999
3702
3720
4000
3703
3721
4001
3704
3722
4002
3705
3723
4003
3706
3724
4004
3707
3725
4005
3708
3726
4006
3709
3727
4007
3710
3728
4008
3711
3729
4009
3712
3730
4010
3731
4011
3714
3732
4012
3715
3733
4013
3716
3734
4014
3717
3735
4015
3718
3736
4016
3719
3737
4017
3720
3738
4018
3721
3739
4019
3722
3740
4020
3723
3741
4021
3724
3742
4022
3725
3743
4023
3726
3744
4024
3727
3745
4025
3728
3746
4026
3729
3747
4027
3730
3748
4028
3731
3749
4029
3750
4030
3733
3751
4031
3734
3752
4032
3735
3753
4033
3736
3754
4034
3737
3755
4035
3738
3756
4036
3739
3757
4037
3740
3758
4038
3741
3759
4039
3742
3760
4040
3743
3761
4041
3744
3762
4042
3745
3763
4043
3746
3764
4044
3747
3765
4045
3748
3766
4046
3749
3767
4047
3750
3768
4048
3769
4049
3752
3770
4050
3753
3771
4051
3754
3772
4052
3755
3773
4053
3756
3774
4054
3757
3775
4055
3758
3776
4056
3759
3777
4057
3760
3778
4058
3761
3779
4059
3762
3780
4060
3763
3781
4061
3764
3782
4062
3765
3783
4063
3766
3784
4064
3767
3785
4065
3768
3786
4066
3769
3787
4067
3788
4068
3771
3789
4069
3772
3790
4070
3773
3791
4071
3774
3792
4072
3775
3793
4073
3776
3794
4074
3777
3795
4075
3778
3796
4076
3779
3797
4077
3780
3798
4078
3781
3799
4079
3782
3800
4080
3783
3801
4081
3784
3802
4082
3785
3803
4083
3786
3804
4084
3787
3805
4085
3788
3806
4086
3807
4087
3790
3808
4088
3791
3809
4089
3792
3810
4090
3793
3811
4091
3794
3812
4092
3795
3813
4093
3796
3814
4094
3797
3815
4095
3798
3816
4096
3799
3817
4097
3800
3818
4098
3801
3819
4099
3802
3820
4100
3803
3821
4101
3804
3822
4102
3805
3823
4103
3806
3824
4104
3807
3825
4105
3826
4106
3809
3827
4107
3810
3828
4108
3811
3829
4109
3812
3830
4110
3813
3831
4111
3814
3832
4112
3815
3833
4113
3816
3834
4114
3817
3835
4115
3818
3836
4116
3819
3837
4117
3820
3838
4118
3821
3839
4119
3822
3840
4120
3823
3841
4121
3824
3842
4122
3825
3843
4123
3826
3844
4124
3845
4125
3828
3846
4126
3829
3847
4127
3830
3848
4128
3831
3849
4129
3832
3850
4130
3833
3851
4131
3834
3852
4132
3835
3853
4133
3836
3854
4134
3837
3855
4135
3838
3856
4136
3839
3857
4137
3840
3858
4138
3841
3859
4139
3842
3860
4140
3843
3861
4141
3844
3862
4142
3845
3863
4143
3864
4144
3847
4145
3848
4146
3849
4147
3850
4148
3851
4149
3852
4150
3853
4151
3854
4152
3855
4153
3856
4154
3857
4155
3858
4156
3859
4157
3860
4158
3861
4159
3862
4160
3863
4161
3864
4162
4163
3866
3881
4164
3867
3882
4165
3868
3883
4166
3869
3884
4167
3870
3885
4168
3871
3886
4169
3872
3887
4170
3873
3888
4171
3874
3889
4172
3875
3890
4173
3876
3891
4174
3877
3892
4175
3878
3893
4176
3879
3894
4177
3880
3895
4178
3896
4179
3882
3898
4180
3883
3899
4181
3884
3900
4182
3885
3901
4183
3886
3902
4184
3887
3903
4185
3888
3904
4186
3889
3905
4187
3890
3906
4188
3891
3907
4189
3892
3908
4190
3893
3909
4191
3894
3910
4192
3895
3911
4193
3896
3912
4194
3897
3913
4195
3914
4196
3899
3917
4197
3900
3918
4198
3901
3919
4199
3902
3920
4200
3903
3921
4201
3904
3922
4202
3905
3923
4203
3906
3924
4204
3907
3925
4205
3908
3926
4206
3909
3927
4207
3910
3928
4208
3911
3929
4209
3912
3930
4210
3913
3931
4211
3914
3932
4212
3915
3933
4213
3916
3934
4214
3935
4215
3918
3936
4216
3919
3937
4217
3920
3938
4218
3921
3939
4219
3922
3940
4220
3923
3941
4221
3924
3942
4222
3925
3943
4223
3926
3944
4224
3927
3945
4225
3928
3946
4226
3929
3947
4227
3930
3948
4228
3931
3949
4229
3932
3950
4230
3933
3951
4231
3934
3952
4232
3935
3953
4233
3954
4234
3937
3955
4235
3938
3956
4236
3939
3957
4237
3940
3958
4238
3941
3959
4239
3942
3960
4240
3943
3961
4241
3944
3962
4242
3945
3963
4243
3946
3964
4244
3947
3965
4245
3948
3966
4246
3949
3967
4247
3950
3968
4248
3951
3969
4249
3952
3970
4250
3953
3971
4251
3954
3972
4252
3973
4253
3956
3974
4254
3957
3975
4255
3958
3976
4256
3959
3977
4257
3960
3978
4258
3961
3979
4259
3962
3980
4260
3963
3981
4261
3964
3982
4262
3965
3983
4263
3966
3984
4264
3967
3985
4265
3968
3986
4266
3969
3987
4267
3970
3988
4268
3971
3989
4269
3972
3990
4270
3973
3991
4271
3992
4272
3975
3993
4273
3976
3994
4274
3977
3995
4275
3978
3996
4276
3979
3997
4277
3980
3998
4278
3981
3999
4279
3982
4000
4280
3983
4001
4281
3984
4002
4282
3985
4003
4283
3986
4004
4284
3987
4005
4285
3988
4006
4286
3989
4007
4287
3990
4008
4288
3991
4009
4289
3992
4010
4290
4011
4291
3994
4012
4292
3995
4013
4293
3996
4014
4294
3997
4015
4295
3998
4016
4296
3999
4017
4297
4000
4018
4298
4001
4019
4299
4002
4020
4300
4003
4021
4301
4004
4022
4302
4005
4023
4303
4006
4024
4304
4007
4025
4305
4008
4026
4306
4009
4027
4307
4010
4028
4308
4011
4029
4309
4030
4310
4013
4031
4311
4014
4032
4312
4015
4033
4313
4016
4034
4314
4017
4035
4315
4018
4036
4316
4019
4037
4317
4020
4038
4318
4021
4039
4319
4022
4040
4320
4023
4041
4321
4024
4042
4322
4025
4043
4323
4026
4044
4324
4027
4045
4325
4028
4046
4326
4029
4047
4327
4030
4048
4328
4049
4329
4032
4050
4330
4033
4051
4331
4034
4052
4332
4035
4053
4333
4036
4054
4334
4037
4055
4335
4038
4056
4336
4039
4057
4337
4040
4058
4338
4041
4059
4339
4042
4060
4340
4043
4061
4341
4044
4062
4342
4045
4063
4343
4046
4064
4344
4047
4065
4345
4048
4066
4346
4049
4067
4347
4068
4348
4051
4069
4349
4052
4070
4350
4053
4071
4351
4054
4072
4352
4055
4073
4353
4056
4074
4354
4057
4075
4355
4058
4076
4356
4059
4077
4357
4060
4078
4358
4061
4079
4359
4062
4080
4360
4063
4081
4361
4064
4082
4362
4065
4083
4363
4066
4084
4364
4067
4085
4365
4068
4086
4366
4087
4367
4070
4088
4368
4071
4089
4369
4072
4090
4370
4073
4091
4371
4074
4092
4372
4075
4093
4373
4076
4094
4374
4077
4095
4375
4078
4096
4376
4079
4097
4377
4080
4098
4378
4081
4099
4379
4082
4100
4380
4083
4101
4381
4084
4102
4382
4085
4103
4383
4086
4104
4384
4087
4105
4385
4106
4386
4089
4107
4387
4090
4108
4388
4091
4109
4389
4092
4110
4390
4093
4111
4391
4094
4112
4392
4095
4113
4393
4096
4114
4394
4097
4115
4395
4098
4116
4396
4099
4117
4397
4100
4118
4398
4101
4119
4399
4102
4120
4400
4103
4121
4401
4104
4122
4402
4105
4123
4403
4106
4124
4404
4125
4405
4108
4126
4406
4109
4127
4407
4110
4128
4408
4111
4129
4409
4112
4130
4410
4113
4131
4411
4114
4132
4412
4115
4133
4413
4116
4134
4414
4117
4135
4415
4118
4136
4416
4119
4137
4417
4120
4138
4418
4121
4139
4419
4122
4140
4420
4123
4141
4421
4124
4142
4422
4125
4143
4423
4144
4424
4127
4145
4425
4128
4146
4426
4129
4147
4427
4130
4148
4428
4131
4149
4429
4132
4150
4430
4133
4151
4431
4134
4152
4432
4135
4153
4433
4136
4154
4434
4137
4155
4435
4138
4156
4436
4139
4157
4437
4140
4158
4438
4141
4159
4439
4142
4160
4440
4143
4161
4441
4144
4162
4442
4163
4443
4146
4444
4147
4445
4148
4446
4149
4447
4150
4448
4151
4449
4152
4450
4153
4451
4154
4452
4155
4453
4156
4454
4157
4455
4158
4456
4159
4457
4160
4458
4161
4459
4162
4460
4163
4461
4462
4165
4180
4463
4166
4181
4464
4167
4182
4465
4168
4183
4466
4169
4184
4467
4170
4185
4468
4171
4186
4469
4172
4187
4470
4173
4188
4471
4174
4189
4472
4175
4190
4473
4176
4191
4474
4177
4192
4475
4178
4193
4476
4179
4194
4477
4195
4478
4181
4197
4479
4182
4198
4480
4183
4199
4481
4184
4200
4482
4185
4201
4483
4186
4202
4484
4187
4203
4485
4188
4204
4486
4189
4205
4487
4190
4206
4488
4191
4207
4489
4192
4208
4490
4193
4209
4491
4194
4210
4492
4195
4211
4493
4196
4212
4494
4213
4495
4198
4216
4496
4199
4217
4497
4200
4218
4498
4201
4219
4499
4202
4220
4500
4203
4221
4501
4204
4222
4502
4205
4223
4503
4206
4224
4504
4207
4225
4505
4208
4226
4506
4209
4227
4507
4210
4228
4508
4211
4229
4509
4212
4230
4510
4213
4231
4511
4214
4232
4512
4215
4233
4513
4234
4514
4217
4235
4515
4218
4236
4516
4219
4237
4517
4220
4238
4518
4221
4239
4519
4222
4240
4520
4223
4241
4521
4224
4242
4522
4225
4243
4523
4226
4244
4524
4227
4245
4525
4228
4246
4526
4229
4247
4527
4230
4248
4528
4231
4249
4529
4232
4250
4530
4233
4251
4531
4234
4252
4532
4253
4533
4236
4254
4534
4237
4255
4535
4238
4256
4536
4239
4257
4537
4240
4258
4538
4241
4259
4539
4242
4260
4540
4243
4261
4541
4244
4262
4542
4245
4263
4543
4246
4264
4544
4247
4265
4545
4248
4266
4546
4249
4267
4547
4250
4268
4548
4251
4269
4549
4252
4270
4550
4253
4271
4551
4272
4552
4255
4273
4553
4256
4274
4554
4257
4275
4555
4258
4276
4556
4259
4277
4557
4260
4278
4558
4261
4279
4559
4262
4280
4560
4263
4281
4561
4264
4282
4562
4265
4283
4563
4266
4284
4564
4267
4285
4565
4268
4286
4566
4269
4287
4567
4270
4288
4568
4271
4289
4569
4272
4290
4570
4291
4571
4274
4292
4572
4275
4293
4573
4276
4294
4574
4277
4295
4575
4278
4296
4576
4279
4297
4577
4280
4298
4578
4281
4299
4579
4282
4300
4580
4283
4301
4581
4284
4302
4582
4285
4303
4583
4286
4304
4584
4287
4305
4585
4288
4306
4586
4289
4307
4587
4290
4308
4588
4291
4309
4589
4310
4590
4293
4311
4591
4294
4312
4592
4295
4313
4593
4296
4314
4594
4297
4315
4595
4298
4316
4596
4299
4317
4597
4300
4318
4598
4301
4319
4599
4302
4320
4600
4303
4321
4601
4304
4322
4602
4305
4323
4603
4306
4324
4604
4307
4325
4605
4308
4326
4606
4309
4327
4607
4310
4328
4608
4329
4609
4312
4330
4610
4313
4331
4611
4314
4332
4612
4315
4333
4613
4316
4334
4614
4317
4335
4615
4318
4336
4616
4319
4337
4617
4320
4338
4618
4321
4339
4619
4322
4340
4620
4323
4341
4621
4324
4342
4622
4325
4343
4623
4326
4344
4624
4327
4345
4625
4328
4346
4626
4329
4347
4627
4348
4628
4331
4349
4629
4332
4350
4630
4333
4351
4631
4334
4352
4632
4335
4353
4633
4336
4354
4634
4337
4355
4635
4338
4356
4636
4339
4357
4637
4340
4358
4638
4341
4359
4639
4342
4360
4640
4343
4361
4641
4344
4362
4642
4345
4363
4643
4346
4364
4644
4347
4365
4645
4348
4366
4646
4367
4647
4350
4368
4648
4351
4369
4649
4352
4370
4650
4353
4371
4651
4354
4372
4652
4355
4373
4653
4356
4374
4654
4357
4375
4655
4358
4376
4656
4359
4377
4657
4360
4378
4658
4361
4379
4659
4362
4380
4660
4363
4381
4661
4364
4382
4662
4365
4383
4663
4366
4384
4664
4367
4385
4665
4386
4666
4369
4387
4667
4370
4388
4668
4371
4389
4669
4372
4390
4670
4373
4391
4671
4374
4392
4672
4375
4393
4673
4376
4394
4674
4377
4395
4675
4378
4396
4676
4379
4397
4677
4380
4398
4678
4381
4399
4679
4382
4400
4680
4383
4401
4681
4384
4402
4682
4385
4403
4683
4386
4404
4684
4405
4685
4388
4406
4686
4389
4407
4687
4390
4408
4688
4391
4409
4689
4392
4410
4690
4393
4411
4691
4394
4412
4692
4395
4413
4693
4396
4414
4694
4397
4415
4695
4398
4416
4696
4399
4417
4697
4400
4418
4698
4401
4419
4699
4402
4420
4700
4403
4421
4701
4404
4422
4702
4405
4423
4703
4424
4704
4407
4425
4705
4408
4426
4706
4409
4427
4707
4410
4428
4708
4411
4429
4709
4412
4430
4710
4413
4431
4711
4414
4432
4712
4415
4433
4713
4416
4434
4714
4417
4435
4715
4418
4436
4716
4419
4437
4717
4420
4438
4718
4421
4439
4719
4422
4440
4720
4423
4441
4721
4424
4442
4722
4443
4723
4426
4444
4724
4427
4445
4725
4428
4446
4726
4429
4447
4727
4430
4448
4728
4431
4449
4729
4432
4450
4730
4433
4451
4731
4434
4452
4732
4435
4453
4733
4436
4454
4734
4437
4455
4735
4438
4456
4736
4439
4457
4737
4440
4458
4738
4441
4459
4739
4442
4460
4740
4443
4461
4741
4462
4742
4445
4743
4446
4744
4447
4745
4448
4746
4449
4747
4450
4748
4451
4749
4452
4750
4453
4751
4454
4752
4455
4753
4456
4754
4457
4755
4458
4756
4459
4757
4460
4758
4461
4759
4462
4760
4761
4464
4479
4762
4465
4480
4763
4466
4481
4764
4467
4482
4765
4468
4483
4766
4469
4484
4767
4470
4485
4768
4471
4486
4769
4472
4487
4770
4473
4488
4771
4474
4489
4772
4475
4490
4773
4476
4491
4774
4477
4492
4775
4478
4493
4776
4494
4777
4480
4496
4778
4481
4497
4779
4482
4498
4780
4483
4499
4781
4484
4500
4782
4485
4501
4783
4486
4502
4784
4487
4503
4785
4488
4504
4786
4489
4505
4787
4490
4506
4788
4491
4507
4789
4492
4508
4790
4493
4509
4791
4494
4510
4792
4495
4511
4793
4512
4794
4497
4515
4795
4498
4516
4796
4499
4517
4797
4500
4518
4798
4501
4519
4799
4502
4520
4800
4503
4521
4801
4504
4522
4802
4505
4523
4803
4506
4524
4804
4507
4525
4805
4508
4526
4806
4509
4527
4807
4510
4528
4808
4511
4529
4809
4512
4530
4810
4513
4531
4811
4514
4532
4812
4533
4813
4516
4534
4814
4517
4535
4815
4518
4536
4816
4519
4537
4817
4520
4538
4818
4521
4539
4819
4522
4540
4820
4523
4541
4821
4524
4542
4822
4525
4543
4823
4526
4544
4824
4527
4545
4825
4528
4546
4826
4529
4547
4827
4530
4548
4828
4531
4549
4829
4532
4550
4830
4533
4551
4831
4552
4832
4535
4553
4833
4536
4554
4834
4537
4555
4835
4538
4556
4836
4539
4557
4837
4540
4558
4838
4541
4559
4839
4542
4560
4840
4543
4561
4841
4544
4562
4842
4545
4563
4843
4546
4564
4844
4547
4565
4845
4548
4566
4846
4549
4567
4847
4550
4568
4848
4551
4569
4849
4552
4570
4850
4571
4851
4554
4572
4852
4555
4573
4853
4556
4574
4854
4557
4575
4855
4558
4576
4856
4559
4577
4857
4560
4578
4858
4561
4579
4859
4562
4580
4860
4563
4581
4861
4564
4582
4862
4565
4583
4863
4566
4584
4864
4567
4585
4865
4568
4586
4866
4569
4587
4867
4570
4588
4868
4571
4589
4869
4590
4870
4573
4591
4871
4574
4592
4872
4575
4593
4873
4576
4594
4874
4577
4595
4875
4578
4596
4876
4579
4597
4877
4580
4598
4878
4581
4599
4879
4582
4600
4880
4583
4601
4881
4584
4602
4882
4585
4603
4883
4586
4604
4884
4587
4605
4885
4588
4606
4886
4589
4607
4887
4590
4608
4888
4609
4889
4592
4610
4890
4593
4611
4891
4594
4612
4892
4595
4613
4893
4596
4614
4894
4597
4615
4895
4598
4616
4896
4599
4617
4897
4600
4618
4898
4601
4619
4899
4602
4620
4900
4603
4621
4901
4604
4622
4902
4605
4623
4903
4606
4624
4904
4607
4625
4905
4608
4626
4906
4609
4627
4907
4628
4908
4611
4629
4909
4612
4630
4910
4613
4631
4911
4614
4632
4912
4615
4633
4913
4616
4634
4914
4617
4635
4915
4618
4636
4916
4619
4637
4917
4620
4638
4918
4621
4639
4919
4622
4640
4920
4623
4641
4921
4624
4642
4922
4625
4643
4923
4626
4644
4924
4627
4645
4925
4628
4646
4926
4647
4927
4630
4648
4928
4631
4649
4929
4632
4650
4930
4633
4651
4931
4634
4652
4932
4635
4653
4933
4636
4654
4934
4637
4655
4935
4638
4656
4936
4639
4657
4937
4640
4658
4938
4641
4659
4939
4642
4660
4940
4643
4661
4941
4644
4662
4942
4645
4663
4943
4646
4664
4944
4647
4665
4945
4666
4946
4649
4667
4947
4650
4668
4948
4651
4669
4949
4652
4670
4950
4653
4671
4951
4654
4672
4952
4655
4673
4953
4656
4674
4954
4657
4675
4955
4658
4676
4956
4659
4677
4957
4660
4678
4958
4661
4679
4959
4662
4680
4960
4663
4681
4961
4664
4682
4962
4665
4683
4963
4666
4684
4964
4685
4965
4668
4686
4966
4669
4687
4967
4670
4688
4968
4671
4689
4969
4672
4690
4970
4673
4691
4971
4674
4692
4972
4675
4693
4973
4676
4694
4974
4677
4695
4975
4678
4696
4976
4679
4697
4977
4680
4698
4978
4681
4699
4979
4682
4700
4980
4683
4701
4981
4684
4702
4982
4685
4703
4983
4704
4984
4687
4705
4985
4688
4706
4986
4689
4707
4987
4690
4708
4988
4691
4709
4989
4692
4710
4990
4693
4711
4991
4694
4712
4992
4695
4713
4993
4696
4714
4994
4697
4715
4995
4698
4716
4996
4699
4717
4997
4700
4718
4998
4701
4719
4999
4702
4720
5000
4703
4721
5001
4704
4722
5002
4723
5003
4706
4724
5004
4707
4725
5005
4708
4726
5006
4709
4727
5007
4710
4728
5008
4711
4729
5009
4712
4730
5010
4713
4731
5011
4714
4732
5012
4715
4733
5013
4716
4734
5014
4717
4735
5015
4718
4736
5016
4719
4737
5017
4720
4738
5018
4721
4739
5019
4722
4740
5020
4723
4741
5021
4742
5022
4725
4743
5023
4726
4744
5024
4727
4745
5025
4728
4746
5026
4729
4747
5027
4730
4748
5028
4731
4749
5029
4732
4750
5030
4733
4751
5031
4734
4752
5032
4735
4753
5033
4736
4754
5034
4737
4755
5035
4738
4756
5036
4739
4757
5037
4740
4758
5038
4741
4759
5039
4742
4760
5040
4761
5041
4744
5042
4745
5043
4746
5044
4747
5045
4748
5046
4749
5047
4750
5048
4751
5049
4752
5050
4753
5051
4754
5052
4755
5053
4756
5054
4757
5055
4758
5056
4759
5057
4760
5058
4761
5059
5060
4763
4778
5061
4764
4779
5062
4765
4780
5063
4766
4781
5064
4767
4782
5065
4768
4783
5066
4769
4784
5067
4770
4785
5068
4771
4786
5069
4772
4787
5070
4773
4788
5071
4774
4789
5072
4775
4790
5073
4776
4791
5074
4777
4792
5075
4793
5076
4779
4795
5077
4780
4796
5078
4781
4797
5079
4782
4798
5080
4783
4799
5081
4784
4800
5082
4785
4801
5083
4786
4802
5084
4787
4803
5085
4788
4804
5086
4789
4805
5087
4790
4806
5088
4791
4807
5089
4792
4808
5090
4793
4809
5091
4794
4810
5092
4811
5093
4796
4814
5094
4797
4815
5095
4798
4816
5096
4799
4817
5097
4800
4818
5098
4801
4819
5099
4802
4820
5100
4803
4821
5101
4804
4822
5102
4805
4823
5103
4806
4824
5104
4807
4825
5105
4808
4826
5106
4809
4827
5107
4810
4828
5108
4811
4829
5109
4812
4830
5110
4813
4831
5111
4832
5112
4815
4833
5113
4816
4834
5114
4817
4835
5115
4818
4836
5116
4819
4837
5117
4820
4838
5118
4821
4839
5119
4822
4840
5120
4823
4841
5121
4824
4842
5122
4825
4843
5123
4826
4844
5124
4827
4845
5125
4828
4846
5126
4829
4847
5127
4830
4848
5128
4831
4849
5129
4832
4850
5130
4851
5131
4834
4852
5132
4835
4853
5133
4836
4854
5134
4837
4855
5135
4838
4856
5136
4839
4857
5137
4840
4858
5138
4841
4859
5139
4842
4860
5140
4843
4861
5141
4844
4862
5142
4845
4863
5143
4846
4864
5144
4847
4865
5145
4848
4866
5146
4849
4867
5147
4850
4868
5148
4851
4869
5149
4870
5150
4853
4871
5151
4854
4872
5152
4855
4873
5153
4856
4874
5154
4857
4875
5155
4858
4876
5156
4859
4877
5157
4860
4878
5158
4861
4879
5159
4862
4880
5160
4863
4881
5161
4864
4882
5162
4865
4883
5163
4866
4884
5164
4867
4885
5165
4868
4886
5166
4869
4887
5167
4870
4888
5168
4889
5169
4872
4890
5170
4873
4891
5171
4874
4892
5172
4875
4893
5173
4876
4894
5174
4877
4895
5175
4878
4896
5176
4879
4897
5177
4880
4898
5178
4881
4899
5179
4882
4900
5180
4883
4901
5181
4884
4902
5182
4885
4903
5183
4886
4904
5184
4887
4905
5185
4888
4906
5186
4889
4907
5187
4908
5188
4891
4909
5189
4892
4910
5190
4893
4911
5191
4894
4912
5192
4895
4913
5193
4896
4914
5194
4897
4915
5195
4898
4916
5196
4899
4917
5197
4900
4918
5198
4901
4919
5199
4902
4920
5200
4903
4921
5201
4904
4922
5202
4905
4923
5203
4906
4924
5204
4907
4925
5205
4908
4926
5206
4927
5207
4910
4928
5208
4911
4929
5209
4912
4930
5210
4913
4931
5211
4914
4932
5212
4915
4933
5213
4916
4934
5214
4917
4935
5215
4918
4936
5216
4919
4937
5217
4920
4938
5218
4921
4939
5219
4922
4940
5220
4923
4941
5221
4924
4942
5222
4925
4943
5223
4926
4944
5224
4927
4945
5225
4946
5226
4929
4947
5227
4930
4948
5228
4931
4949
5229
4932
4950
5230
4933
4951
5231
4934
4952
5232
4935
4953
5233
4936
4954
5234
4937
4955
5235
4938
4956
5236
4939
4957
5237
4940
4958
5238
4941
4959
5239
4942
4960
5240
4943
4961
5241
4944
4962
5242
4945
4963
5243
4946
4964
5244
4965
5245
4948
4966
5246
4949
4967
5247
4950
4968
5248
4951
4969
5249
4952
4970
5250
4953
4971
5251
4954
4972
5252
4955
4973
5253
4956
4974
5254
4957
4975
5255
4958
4976
5256
4959
4977
5257
4960
4978
5258
4961
4979
5259
4962
4980
5260
4963
4981
5261
4964
4982
5262
4965
4983
5263
4984
5264
4967
4985
5265
4968
4986
5266
4969
4987
5267
4970
4988
5268
4971
4989
5269
4972
4990
5270
4973
4991
5271
4974
4992
5272
4975
4993
5273
4976
4994
5274
4977
4995
5275
4978
4996
5276
4979
4997
5277
4980
4998
5278
4981
4999
5279
4982
5000
5280
4983
5001
5281
4984
5002
5282
5003
5283
4986
5004
5284
4987
5005
5285
4988
5006
5286
4989
5007
5287
4990
5008
5288
4991
5009
5289
4992
5010
5290
4993
5011
5291
4994
5012
5292
4995
5013
5293
4996
5014
5294
4997
5015
5295
4998
5016
5296
4999
5017
5297
5000
5018
5298
5001
5019
5299
5002
5020
5300
5003
5021
5301
5022
5302
5005
5023
5303
5006
5024
5304
5007
5025
5305
5008
5026
5306
5009
5027
5307
5010
5028
5308
5011
5029
5309
5012
5030
5310
5013
5031
5311
5014
5032
5312
5015
5033
5313
5016
5034
5314
5017
5035
5315
5018
5036
5316
5019
5037
5317
5020
5038
5318
5021
5039
5319
5022
5040
5320
5041
5321
5024
5042
5322
5025
5043
5323
5026
5044
5324
5027
5045
5325
5028
5046
5326
5029
5047
5327
5030
5048
5328
5031
5049
5329
5032
5050
5330
5033
5051
5331
5034
5052
5332
5035
5053
5333
5036
5054
5334
5037
5055
5335
5038
5056
5336
5039
5057
5337
5040
5058
5338
5041
5059
5339
5060
5340
5043
5341
5044
5342
5045
5343
5046
5344
5047
5345
5048
5346
5049
5347
5050
5348
5051
5349
5052
5350
5053
5351
5054
5352
5055
5353
5056
5354
5057
5355
5058
5356
5059
5357
5060
5358
5359
5062
5077
5063
5078
5064
5079
5065
5080
5066
5081
5067
5082
5068
5083
5069
5084
5070
5085
5071
5086
5072
5087
5073
5088
5074
5089
5075
5090
5076
5091
5092
5078
5094
5079
5095
5080
5096
5081
5097
5082
5098
5083
5099
5084
5100
5085
5101
5086
5102
5087
5103
5088
5104
5089
5105
5090
5106
5091
5107
5092
5108
5093
5109
5110
5095
5113
5096
5114
5097
5115
5098
5116
5099
5117
5100
5118
5101
5119
5102
5120
5103
5121
5104
5122
5105
5123
5106
5124
5107
5125
5108
5126
5109
5127
5110
5128
5111
5129
5112
5130
5131
5114
5132
5115
5133
5116
5134
5117
5135
5118
5136
5119
5137
5120
5138
5121
5139
5122
5140
5123
5141
5124
5142
5125
5143
5126
5144
5127
5145
5128
5146
5129
5147
5130
5148
5131
5149
5150
5133
5151
5134
5152
5135
5153
5136
5154
5137
5155
5138
5156
5139
5157
5140
5158
5141
5159
5142
5160
5143
5161
5144
5162
5145
5163
5146
5164
5147
5165
5148
5166
5149
5167
5150
5168
5169
5152
5170
5153
5171
5154
5172
5155
5173
5156
5174
5157
5175
5158
5176
5159
5177
5160
5178
5161
5179
5162
5180
5163
5181
5164
5182
5165
5183
5166
5184
5167
5185
5168
5186
5169
5187
5188
5171
5189
5172
5190
5173
5191
5174
5192
5175
5193
5176
5194
5177
5195
5178
5196
5179
5197
5180
5198
5181
5199
5182
5200
5183
5201
5184
5202
5185
5203
5186
5204
5187
5205
5188
5206
5207
5190
5208
5191
5209
5192
5210
5193
5211
5194
5212
5195
5213
5196
5214
5197
5215
5198
5216
5199
5217
5200
5218
5201
5219
5202
5220
5203
5221
5204
5222
5205
5223
5206
5224
5207
5225
5226
5209
5227
5210
5228
5211
5229
5212
5230
5213
5231
5214
5232
5215
5233
5216
5234
5217
5235
5218
5236
5219
5237
5220
5238
5221
5239
5222
5240
5223
5241
5224
5242
5225
5243
5226
5244
5245
5228
5246
5229
5247
5230
5248
5231
5249
5232
5250
5233
5251
5234
5252
5235
5253
5236
5254
5237
5255
5238
5256
5239
5257
5240
5258
5241
5259
5242
5260
5243
5261
5244
5262
5245
5263
5264
5247
5265
5248
5266
5249
5267
5250
5268
5251
5269
5252
5270
5253
5271
5254
5272
5255
5273
5256
5274
5257
5275
5258
5276
5259
5277
5260
5278
5261
5279
5262
5280
5263
5281
5264
5282
5283
5266
5284
5267
5285
5268
5286
5269
5287
5270
5288
5271
5289
5272
5290
5273
5291
5274
5292
5275
5293
5276
5294
5277
5295
5278
5296
5279
5297
5280
5298
5281
5299
5282
5300
5283
5301
5302
5285
5303
5286
5304
5287
5305
5288
5306
5289
5307
5290
5308
5291
5309
5292
5310
5293
5311
5294
5312
5295
5313
5296
5314
5297
5315
5298
5316
5299
5317
5300
5318
5301
5319
5302
5320
5321
5304
5322
5305
5323
5306
5324
5307
5325
5308
5326
5309
5327
5310
5328
5311
5329
5312
5330
5313
5331
5314
5332
5315
5333
5316
5334
5317
5335
5318
5336
5319
5337
5320
5338
5321
5339
5340
5323
5341
5324
5342
5325
5343
5326
5344
5327
5345
5328
5346
5329
5347
5330
5348
5331
5349
5332
5350
5333
5351
5334
5352
5335
5353
5336
5354
5337
5355
5338
5356
5339
5357
5340
5358
5359
5342
5343
5344
5345
5346
5347
5348
5349
5350
5351
5352
5353
5354
5355
5356
5357
5358
5359
)


// ************************************************************************* //
