/*--------------------------------*- C++ -*----------------------------------*\
| =========                 |                                                 |
| \\      /  F ield         | OpenFOAM: The Open Source CFD Toolbox           |
|  \\    /   O peration     | Version:  2406                                  |
|   \\  /    A nd           | Website:  www.openfoam.com                      |
|    \\/     M anipulation  |                                                 |
\*---------------------------------------------------------------------------*/
FoamFile
{
    version     2.0;
    format      ascii;
    arch        "LSB;label=32;scalar=64";
    class       labelList;
    location    "constant/polyMesh";
    object      pointProcAddressing;
}
// * * * * * * * * * * * * * * * * * * * * * * * * * * * * * * * * * * * * * //


6404
(
38839
38840
38841
38842
38843
38844
38845
38846
38847
38848
38855
38856
38857
38858
38859
38860
38861
38862
38863
38864
38871
38872
38873
38874
38875
38876
38877
38878
38879
38880
38887
38888
38889
38890
38891
38892
38893
38894
38895
38896
38903
38904
38905
38906
38907
38908
38909
38910
38911
38912
38919
38920
38921
38922
38923
38924
38925
38926
38927
38928
38935
38936
38937
38938
38939
38940
38941
38942
38943
38944
38951
38952
38953
38954
38955
38956
38957
38958
38959
38960
38967
38968
38969
38970
38971
38972
38973
38974
38975
38976
38983
38984
38985
38986
38987
38988
38989
38990
38991
38992
38999
39000
39001
39002
39003
39004
39005
39006
39007
39008
39015
39016
39017
39018
39019
39020
39021
39022
39023
39024
39031
39032
39033
39034
39035
39036
39037
39038
39039
39040
39047
39048
39049
39050
39051
39052
39053
39054
39055
39056
39063
39064
39065
39066
39067
39068
39069
39070
39071
39072
39079
39080
39081
39082
39083
39084
39085
39086
39087
39088
39095
39096
39097
39098
39099
39100
39101
39102
39103
39104
39351
39352
39353
39354
39355
39367
39368
39369
39370
39371
39372
39373
39374
39375
39376
39383
39384
39385
39386
39387
39388
39389
39390
39391
39392
39399
39400
39401
39402
39403
39404
39405
39406
39407
39408
39415
39416
39417
39418
39419
39420
39421
39422
39423
39424
39431
39432
39433
39434
39435
39436
39437
39438
39439
39440
39447
39448
39449
39450
39451
39452
39453
39454
39455
39456
39463
39464
39465
39466
39467
39468
39469
39470
39471
39472
39479
39480
39481
39482
39483
39484
39485
39486
39487
39488
39495
39496
39497
39498
39499
39500
39501
39502
39503
39504
39511
39512
39513
39514
39515
39516
39517
39518
39519
39520
39527
39528
39529
39530
39531
39532
39533
39534
39535
39536
39543
39544
39545
39546
39547
39548
39549
39550
39551
39552
39559
39560
39561
39562
39563
39564
39565
39566
39567
39568
39575
39576
39577
39578
39579
39580
39581
39582
39583
39584
39591
39592
39593
39594
39595
39596
39597
39598
39599
39600
39607
39608
39609
39610
39611
39612
39613
39614
39615
39616
39623
39624
39625
39626
39627
39628
39629
39630
39631
39632
39879
39880
39881
39882
39883
39895
39896
39897
39898
39899
39900
39901
39902
39903
39904
39911
39912
39913
39914
39915
39916
39917
39918
39919
39920
39927
39928
39929
39930
39931
39932
39933
39934
39935
39936
39943
39944
39945
39946
39947
39948
39949
39950
39951
39952
39959
39960
39961
39962
39963
39964
39965
39966
39967
39968
39975
39976
39977
39978
39979
39980
39981
39982
39983
39984
39991
39992
39993
39994
39995
39996
39997
39998
39999
40000
40007
40008
40009
40010
40011
40012
40013
40014
40015
40016
40023
40024
40025
40026
40027
40028
40029
40030
40031
40032
40039
40040
40041
40042
40043
40044
40045
40046
40047
40048
40055
40056
40057
40058
40059
40060
40061
40062
40063
40064
40071
40072
40073
40074
40075
40076
40077
40078
40079
40080
40087
40088
40089
40090
40091
40092
40093
40094
40095
40096
40103
40104
40105
40106
40107
40108
40109
40110
40111
40112
40119
40120
40121
40122
40123
40124
40125
40126
40127
40128
40135
40136
40137
40138
40139
40140
40141
40142
40143
40144
40151
40152
40153
40154
40155
40156
40157
40158
40159
40160
40407
40408
40409
40410
40411
40423
40424
40425
40426
40427
40428
40429
40430
40431
40432
40439
40440
40441
40442
40443
40444
40445
40446
40447
40448
40455
40456
40457
40458
40459
40460
40461
40462
40463
40464
40471
40472
40473
40474
40475
40476
40477
40478
40479
40480
40487
40488
40489
40490
40491
40492
40493
40494
40495
40496
40503
40504
40505
40506
40507
40508
40509
40510
40511
40512
40519
40520
40521
40522
40523
40524
40525
40526
40527
40528
40535
40536
40537
40538
40539
40540
40541
40542
40543
40544
40551
40552
40553
40554
40555
40556
40557
40558
40559
40560
40567
40568
40569
40570
40571
40572
40573
40574
40575
40576
40583
40584
40585
40586
40587
40588
40589
40590
40591
40592
40599
40600
40601
40602
40603
40604
40605
40606
40607
40608
40615
40616
40617
40618
40619
40620
40621
40622
40623
40624
40631
40632
40633
40634
40635
40636
40637
40638
40639
40640
40647
40648
40649
40650
40651
40652
40653
40654
40655
40656
40663
40664
40665
40666
40667
40668
40669
40670
40671
40672
40679
40680
40681
40682
40683
40684
40685
40686
40687
40688
40935
40936
40937
40938
40939
40951
40952
40953
40954
40955
40956
40957
40958
40959
40960
40967
40968
40969
40970
40971
40972
40973
40974
40975
40976
40983
40984
40985
40986
40987
40988
40989
40990
40991
40992
40999
41000
41001
41002
41003
41004
41005
41006
41007
41008
41015
41016
41017
41018
41019
41020
41021
41022
41023
41024
41031
41032
41033
41034
41035
41036
41037
41038
41039
41040
41047
41048
41049
41050
41051
41052
41053
41054
41055
41056
41063
41064
41065
41066
41067
41068
41069
41070
41071
41072
41079
41080
41081
41082
41083
41084
41085
41086
41087
41088
41095
41096
41097
41098
41099
41100
41101
41102
41103
41104
41111
41112
41113
41114
41115
41116
41117
41118
41119
41120
41127
41128
41129
41130
41131
41132
41133
41134
41135
41136
41143
41144
41145
41146
41147
41148
41149
41150
41151
41152
41159
41160
41161
41162
41163
41164
41165
41166
41167
41168
41175
41176
41177
41178
41179
41180
41181
41182
41183
41184
41191
41192
41193
41194
41195
41196
41197
41198
41199
41200
41207
41208
41209
41210
41211
41212
41213
41214
41215
41216
41463
41464
41465
41466
41467
41479
41480
41481
41482
41483
41484
41485
41486
41487
41488
41495
41496
41497
41498
41499
41500
41501
41502
41503
41504
41511
41512
41513
41514
41515
41516
41517
41518
41519
41520
41527
41528
41529
41530
41531
41532
41533
41534
41535
41536
41543
41544
41545
41546
41547
41548
41549
41550
41551
41552
41559
41560
41561
41562
41563
41564
41565
41566
41567
41568
41575
41576
41577
41578
41579
41580
41581
41582
41583
41584
41591
41592
41593
41594
41595
41596
41597
41598
41599
41600
41607
41608
41609
41610
41611
41612
41613
41614
41615
41616
41623
41624
41625
41626
41627
41628
41629
41630
41631
41632
41639
41640
41641
41642
41643
41644
41645
41646
41647
41648
41655
41656
41657
41658
41659
41660
41661
41662
41663
41664
41671
41672
41673
41674
41675
41676
41677
41678
41679
41680
41687
41688
41689
41690
41691
41692
41693
41694
41695
41696
41703
41704
41705
41706
41707
41708
41709
41710
41711
41712
41719
41720
41721
41722
41723
41724
41725
41726
41727
41728
41735
41736
41737
41738
41739
41740
41741
41742
41743
41744
41991
41992
41993
41994
41995
42007
42008
42009
42010
42011
42012
42013
42014
42015
42016
42023
42024
42025
42026
42027
42028
42029
42030
42031
42032
42039
42040
42041
42042
42043
42044
42045
42046
42047
42048
42055
42056
42057
42058
42059
42060
42061
42062
42063
42064
42071
42072
42073
42074
42075
42076
42077
42078
42079
42080
42087
42088
42089
42090
42091
42092
42093
42094
42095
42096
42103
42104
42105
42106
42107
42108
42109
42110
42111
42112
42119
42120
42121
42122
42123
42124
42125
42126
42127
42128
42135
42136
42137
42138
42139
42140
42141
42142
42143
42144
42151
42152
42153
42154
42155
42156
42157
42158
42159
42160
42167
42168
42169
42170
42171
42172
42173
42174
42175
42176
42183
42184
42185
42186
42187
42188
42189
42190
42191
42192
42199
42200
42201
42202
42203
42204
42205
42206
42207
42208
42215
42216
42217
42218
42219
42220
42221
42222
42223
42224
42231
42232
42233
42234
42235
42236
42237
42238
42239
42240
42247
42248
42249
42250
42251
42252
42253
42254
42255
42256
42263
42264
42265
42266
42267
42268
42269
42270
42271
42272
53745
53746
53747
53748
53749
53750
53751
53752
53753
53754
53755
53756
53757
53758
53759
53760
53769
53770
53771
53772
53773
53774
53775
53776
53777
53778
53779
53780
53781
53782
53783
53784
53785
53793
53794
53795
53796
53797
53798
53799
53800
53801
53802
53803
53804
53805
53806
53807
53808
53809
53810
53811
53817
53818
53819
53820
53821
53822
53823
53824
53825
53826
53827
53828
53829
53830
53831
53832
53833
53834
53835
53841
53842
53843
53844
53845
53846
53847
53848
53849
53850
53851
53852
53853
53854
53855
53856
53857
53858
53859
53865
53866
53867
53868
53869
53870
53871
53872
53873
53874
53875
53876
53877
53878
53879
53880
53881
53882
53883
53889
53890
53891
53892
53893
53894
53895
53896
53897
53898
53899
53900
53901
53902
53903
53904
53905
53906
53907
53913
53914
53915
53916
53917
53918
53919
53920
53921
53922
53923
53924
53925
53926
53927
53928
53929
53930
53931
53937
53938
53939
53940
53941
53942
53943
53944
53945
53946
53947
53948
53949
53950
53951
53952
53953
53954
53955
53961
53962
53963
53964
53965
53966
53967
53968
53969
53970
53971
53972
53973
53974
53975
53976
53977
53978
53979
53985
53986
53987
53988
53989
53990
53991
53992
53993
53994
53995
53996
53997
53998
53999
54000
54001
54002
54003
54009
54010
54011
54012
54013
54014
54015
54016
54017
54018
54019
54020
54021
54022
54023
54024
54025
54026
54027
54033
54034
54035
54036
54037
54038
54039
54040
54041
54042
54043
54044
54045
54046
54047
54048
54049
54050
54051
54057
54058
54059
54060
54061
54062
54063
54064
54065
54066
54067
54068
54069
54070
54071
54072
54073
54074
54075
54081
54082
54083
54084
54085
54086
54087
54088
54089
54090
54091
54092
54093
54094
54095
54096
54097
54098
54099
54105
54106
54107
54108
54109
54110
54111
54112
54113
54114
54115
54116
54117
54118
54119
54120
54121
54122
54123
54129
54130
54131
54132
54133
54134
54135
54136
54137
54138
54139
54140
54141
54142
54143
54144
54145
54146
54147
54537
54538
54539
54540
54541
54542
54543
54544
54545
54546
54547
54548
54549
54550
54551
54552
54561
54562
54563
54564
54565
54566
54567
54568
54569
54570
54571
54572
54573
54574
54575
54576
54577
54585
54586
54587
54588
54589
54590
54591
54592
54593
54594
54595
54596
54597
54598
54599
54600
54601
54602
54603
54609
54610
54611
54612
54613
54614
54615
54616
54617
54618
54619
54620
54621
54622
54623
54624
54625
54626
54627
54633
54634
54635
54636
54637
54638
54639
54640
54641
54642
54643
54644
54645
54646
54647
54648
54649
54650
54651
54657
54658
54659
54660
54661
54662
54663
54664
54665
54666
54667
54668
54669
54670
54671
54672
54673
54674
54675
54681
54682
54683
54684
54685
54686
54687
54688
54689
54690
54691
54692
54693
54694
54695
54696
54697
54698
54699
54705
54706
54707
54708
54709
54710
54711
54712
54713
54714
54715
54716
54717
54718
54719
54720
54721
54722
54723
54729
54730
54731
54732
54733
54734
54735
54736
54737
54738
54739
54740
54741
54742
54743
54744
54745
54746
54747
54753
54754
54755
54756
54757
54758
54759
54760
54761
54762
54763
54764
54765
54766
54767
54768
54769
54770
54771
54777
54778
54779
54780
54781
54782
54783
54784
54785
54786
54787
54788
54789
54790
54791
54792
54793
54794
54795
54801
54802
54803
54804
54805
54806
54807
54808
54809
54810
54811
54812
54813
54814
54815
54816
54817
54818
54819
54825
54826
54827
54828
54829
54830
54831
54832
54833
54834
54835
54836
54837
54838
54839
54840
54841
54842
54843
54849
54850
54851
54852
54853
54854
54855
54856
54857
54858
54859
54860
54861
54862
54863
54864
54865
54866
54867
54873
54874
54875
54876
54877
54878
54879
54880
54881
54882
54883
54884
54885
54886
54887
54888
54889
54890
54891
54897
54898
54899
54900
54901
54902
54903
54904
54905
54906
54907
54908
54909
54910
54911
54912
54913
54914
54915
54921
54922
54923
54924
54925
54926
54927
54928
54929
54930
54931
54932
54933
54934
54935
54936
54937
54938
54939
55329
55330
55331
55332
55333
55334
55335
55336
55337
55338
55339
55340
55341
55342
55343
55344
55353
55354
55355
55356
55357
55358
55359
55360
55361
55362
55363
55364
55365
55366
55367
55368
55369
55377
55378
55379
55380
55381
55382
55383
55384
55385
55386
55387
55388
55389
55390
55391
55392
55393
55394
55395
55401
55402
55403
55404
55405
55406
55407
55408
55409
55410
55411
55412
55413
55414
55415
55416
55417
55418
55419
55425
55426
55427
55428
55429
55430
55431
55432
55433
55434
55435
55436
55437
55438
55439
55440
55441
55442
55443
55449
55450
55451
55452
55453
55454
55455
55456
55457
55458
55459
55460
55461
55462
55463
55464
55465
55466
55467
55473
55474
55475
55476
55477
55478
55479
55480
55481
55482
55483
55484
55485
55486
55487
55488
55489
55490
55491
55497
55498
55499
55500
55501
55502
55503
55504
55505
55506
55507
55508
55509
55510
55511
55512
55513
55514
55515
55521
55522
55523
55524
55525
55526
55527
55528
55529
55530
55531
55532
55533
55534
55535
55536
55537
55538
55539
55545
55546
55547
55548
55549
55550
55551
55552
55553
55554
55555
55556
55557
55558
55559
55560
55561
55562
55563
55569
55570
55571
55572
55573
55574
55575
55576
55577
55578
55579
55580
55581
55582
55583
55584
55585
55586
55587
55593
55594
55595
55596
55597
55598
55599
55600
55601
55602
55603
55604
55605
55606
55607
55608
55609
55610
55611
55617
55618
55619
55620
55621
55622
55623
55624
55625
55626
55627
55628
55629
55630
55631
55632
55633
55634
55635
55641
55642
55643
55644
55645
55646
55647
55648
55649
55650
55651
55652
55653
55654
55655
55656
55657
55658
55659
55665
55666
55667
55668
55669
55670
55671
55672
55673
55674
55675
55676
55677
55678
55679
55680
55681
55682
55683
55689
55690
55691
55692
55693
55694
55695
55696
55697
55698
55699
55700
55701
55702
55703
55704
55705
55706
55707
55713
55714
55715
55716
55717
55718
55719
55720
55721
55722
55723
55724
55725
55726
55727
55728
55729
55730
55731
56121
56122
56123
56124
56125
56126
56127
56128
56129
56130
56131
56132
56133
56134
56135
56136
56145
56146
56147
56148
56149
56150
56151
56152
56153
56154
56155
56156
56157
56158
56159
56160
56161
56169
56170
56171
56172
56173
56174
56175
56176
56177
56178
56179
56180
56181
56182
56183
56184
56185
56186
56187
56193
56194
56195
56196
56197
56198
56199
56200
56201
56202
56203
56204
56205
56206
56207
56208
56209
56210
56211
56217
56218
56219
56220
56221
56222
56223
56224
56225
56226
56227
56228
56229
56230
56231
56232
56233
56234
56235
56241
56242
56243
56244
56245
56246
56247
56248
56249
56250
56251
56252
56253
56254
56255
56256
56257
56258
56259
56265
56266
56267
56268
56269
56270
56271
56272
56273
56274
56275
56276
56277
56278
56279
56280
56281
56282
56283
56289
56290
56291
56292
56293
56294
56295
56296
56297
56298
56299
56300
56301
56302
56303
56304
56305
56306
56307
56313
56314
56315
56316
56317
56318
56319
56320
56321
56322
56323
56324
56325
56326
56327
56328
56329
56330
56331
56337
56338
56339
56340
56341
56342
56343
56344
56345
56346
56347
56348
56349
56350
56351
56352
56353
56354
56355
56361
56362
56363
56364
56365
56366
56367
56368
56369
56370
56371
56372
56373
56374
56375
56376
56377
56378
56379
56385
56386
56387
56388
56389
56390
56391
56392
56393
56394
56395
56396
56397
56398
56399
56400
56401
56402
56403
56409
56410
56411
56412
56413
56414
56415
56416
56417
56418
56419
56420
56421
56422
56423
56424
56425
56426
56427
56433
56434
56435
56436
56437
56438
56439
56440
56441
56442
56443
56444
56445
56446
56447
56448
56449
56450
56451
56457
56458
56459
56460
56461
56462
56463
56464
56465
56466
56467
56468
56469
56470
56471
56472
56473
56474
56475
56481
56482
56483
56484
56485
56486
56487
56488
56489
56490
56491
56492
56493
56494
56495
56496
56497
56498
56499
56505
56506
56507
56508
56509
56510
56511
56512
56513
56514
56515
56516
56517
56518
56519
56520
56521
56522
56523
56913
56914
56915
56916
56917
56918
56919
56920
56921
56922
56923
56924
56925
56926
56927
56928
56937
56938
56939
56940
56941
56942
56943
56944
56945
56946
56947
56948
56949
56950
56951
56952
56953
56961
56962
56963
56964
56965
56966
56967
56968
56969
56970
56971
56972
56973
56974
56975
56976
56977
56978
56979
56985
56986
56987
56988
56989
56990
56991
56992
56993
56994
56995
56996
56997
56998
56999
57000
57001
57002
57003
57009
57010
57011
57012
57013
57014
57015
57016
57017
57018
57019
57020
57021
57022
57023
57024
57025
57026
57027
57033
57034
57035
57036
57037
57038
57039
57040
57041
57042
57043
57044
57045
57046
57047
57048
57049
57050
57051
57057
57058
57059
57060
57061
57062
57063
57064
57065
57066
57067
57068
57069
57070
57071
57072
57073
57074
57075
57081
57082
57083
57084
57085
57086
57087
57088
57089
57090
57091
57092
57093
57094
57095
57096
57097
57098
57099
57105
57106
57107
57108
57109
57110
57111
57112
57113
57114
57115
57116
57117
57118
57119
57120
57121
57122
57123
57129
57130
57131
57132
57133
57134
57135
57136
57137
57138
57139
57140
57141
57142
57143
57144
57145
57146
57147
57153
57154
57155
57156
57157
57158
57159
57160
57161
57162
57163
57164
57165
57166
57167
57168
57169
57170
57171
57177
57178
57179
57180
57181
57182
57183
57184
57185
57186
57187
57188
57189
57190
57191
57192
57193
57194
57195
57201
57202
57203
57204
57205
57206
57207
57208
57209
57210
57211
57212
57213
57214
57215
57216
57217
57218
57219
57225
57226
57227
57228
57229
57230
57231
57232
57233
57234
57235
57236
57237
57238
57239
57240
57241
57242
57243
57249
57250
57251
57252
57253
57254
57255
57256
57257
57258
57259
57260
57261
57262
57263
57264
57265
57266
57267
57273
57274
57275
57276
57277
57278
57279
57280
57281
57282
57283
57284
57285
57286
57287
57288
57289
57290
57291
57297
57298
57299
57300
57301
57302
57303
57304
57305
57306
57307
57308
57309
57310
57311
57312
57313
57314
57315
57705
57706
57707
57708
57709
57710
57711
57712
57713
57714
57715
57716
57717
57718
57719
57720
57729
57730
57731
57732
57733
57734
57735
57736
57737
57738
57739
57740
57741
57742
57743
57744
57745
57753
57754
57755
57756
57757
57758
57759
57760
57761
57762
57763
57764
57765
57766
57767
57768
57769
57770
57771
57777
57778
57779
57780
57781
57782
57783
57784
57785
57786
57787
57788
57789
57790
57791
57792
57793
57794
57795
57801
57802
57803
57804
57805
57806
57807
57808
57809
57810
57811
57812
57813
57814
57815
57816
57817
57818
57819
57825
57826
57827
57828
57829
57830
57831
57832
57833
57834
57835
57836
57837
57838
57839
57840
57841
57842
57843
57849
57850
57851
57852
57853
57854
57855
57856
57857
57858
57859
57860
57861
57862
57863
57864
57865
57866
57867
57873
57874
57875
57876
57877
57878
57879
57880
57881
57882
57883
57884
57885
57886
57887
57888
57889
57890
57891
57897
57898
57899
57900
57901
57902
57903
57904
57905
57906
57907
57908
57909
57910
57911
57912
57913
57914
57915
57921
57922
57923
57924
57925
57926
57927
57928
57929
57930
57931
57932
57933
57934
57935
57936
57937
57938
57939
57945
57946
57947
57948
57949
57950
57951
57952
57953
57954
57955
57956
57957
57958
57959
57960
57961
57962
57963
57969
57970
57971
57972
57973
57974
57975
57976
57977
57978
57979
57980
57981
57982
57983
57984
57985
57986
57987
57993
57994
57995
57996
57997
57998
57999
58000
58001
58002
58003
58004
58005
58006
58007
58008
58009
58010
58011
58017
58018
58019
58020
58021
58022
58023
58024
58025
58026
58027
58028
58029
58030
58031
58032
58033
58034
58035
58041
58042
58043
58044
58045
58046
58047
58048
58049
58050
58051
58052
58053
58054
58055
58056
58057
58058
58059
58065
58066
58067
58068
58069
58070
58071
58072
58073
58074
58075
58076
58077
58078
58079
58080
58081
58082
58083
58089
58090
58091
58092
58093
58094
58095
58096
58097
58098
58099
58100
58101
58102
58103
58104
58105
58106
58107
58497
58498
58499
58500
58501
58502
58503
58504
58505
58506
58507
58508
58509
58510
58511
58512
58521
58522
58523
58524
58525
58526
58527
58528
58529
58530
58531
58532
58533
58534
58535
58536
58537
58545
58546
58547
58548
58549
58550
58551
58552
58553
58554
58555
58556
58557
58558
58559
58560
58561
58562
58563
58569
58570
58571
58572
58573
58574
58575
58576
58577
58578
58579
58580
58581
58582
58583
58584
58585
58586
58587
58593
58594
58595
58596
58597
58598
58599
58600
58601
58602
58603
58604
58605
58606
58607
58608
58609
58610
58611
58617
58618
58619
58620
58621
58622
58623
58624
58625
58626
58627
58628
58629
58630
58631
58632
58633
58634
58635
58641
58642
58643
58644
58645
58646
58647
58648
58649
58650
58651
58652
58653
58654
58655
58656
58657
58658
58659
58665
58666
58667
58668
58669
58670
58671
58672
58673
58674
58675
58676
58677
58678
58679
58680
58681
58682
58683
58689
58690
58691
58692
58693
58694
58695
58696
58697
58698
58699
58700
58701
58702
58703
58704
58705
58706
58707
58713
58714
58715
58716
58717
58718
58719
58720
58721
58722
58723
58724
58725
58726
58727
58728
58729
58730
58731
58737
58738
58739
58740
58741
58742
58743
58744
58745
58746
58747
58748
58749
58750
58751
58752
58753
58754
58755
58761
58762
58763
58764
58765
58766
58767
58768
58769
58770
58771
58772
58773
58774
58775
58776
58777
58778
58779
58785
58786
58787
58788
58789
58790
58791
58792
58793
58794
58795
58796
58797
58798
58799
58800
58801
58802
58803
58809
58810
58811
58812
58813
58814
58815
58816
58817
58818
58819
58820
58821
58822
58823
58824
58825
58826
58827
58833
58834
58835
58836
58837
58838
58839
58840
58841
58842
58843
58844
58845
58846
58847
58848
58849
58850
58851
58857
58858
58859
58860
58861
58862
58863
58864
58865
58866
58867
58868
58869
58870
58871
58872
58873
58874
58875
58881
58882
58883
58884
58885
58886
58887
58888
58889
58890
58891
58892
58893
58894
58895
58896
58897
58898
58899
81921
81922
81923
81924
81925
81937
81938
81939
81940
81941
81942
81943
81944
81945
81946
81953
81954
81955
81956
81957
81958
81959
81960
81961
81962
81969
81970
81971
81972
81973
81974
81975
81976
81977
81978
81985
81986
81987
81988
81989
81990
81991
81992
81993
81994
82001
82002
82003
82004
82005
82006
82007
82008
82009
82010
82017
82018
82019
82020
82021
82022
82023
82024
82025
82026
82033
82034
82035
82036
82037
82038
82039
82040
82041
82042
82049
82050
82051
82052
82053
82054
82055
82056
82057
82058
82065
82066
82067
82068
82069
82070
82071
82072
82073
82074
82081
82082
82083
82084
82085
82086
82087
82088
82089
82090
82097
82098
82099
82100
82101
82102
82103
82104
82105
82106
82113
82114
82115
82116
82117
82118
82119
82120
82121
82122
82129
82130
82131
82132
82133
82134
82135
82136
82137
82138
82145
82146
82147
82148
82149
82150
82151
82152
82153
82154
82161
82162
82163
82164
82165
82166
82167
82168
82169
82170
82177
82178
82179
82180
82181
82182
82183
82184
82185
82186
82193
82194
82195
82196
82197
82198
82199
82200
82201
82202
82449
82450
82451
82452
82453
82465
82466
82467
82468
82469
82470
82471
82472
82473
82474
82481
82482
82483
82484
82485
82486
82487
82488
82489
82490
82497
82498
82499
82500
82501
82502
82503
82504
82505
82506
82513
82514
82515
82516
82517
82518
82519
82520
82521
82522
82529
82530
82531
82532
82533
82534
82535
82536
82537
82538
82545
82546
82547
82548
82549
82550
82551
82552
82553
82554
82561
82562
82563
82564
82565
82566
82567
82568
82569
82570
82577
82578
82579
82580
82581
82582
82583
82584
82585
82586
82593
82594
82595
82596
82597
82598
82599
82600
82601
82602
82609
82610
82611
82612
82613
82614
82615
82616
82617
82618
82625
82626
82627
82628
82629
82630
82631
82632
82633
82634
82641
82642
82643
82644
82645
82646
82647
82648
82649
82650
82657
82658
82659
82660
82661
82662
82663
82664
82665
82666
82673
82674
82675
82676
82677
82678
82679
82680
82681
82682
82689
82690
82691
82692
82693
82694
82695
82696
82697
82698
82705
82706
82707
82708
82709
82710
82711
82712
82713
82714
82721
82722
82723
82724
82725
82726
82727
82728
82729
82730
82977
82978
82979
82980
82981
82993
82994
82995
82996
82997
82998
82999
83000
83001
83002
83009
83010
83011
83012
83013
83014
83015
83016
83017
83018
83025
83026
83027
83028
83029
83030
83031
83032
83033
83034
83041
83042
83043
83044
83045
83046
83047
83048
83049
83050
83057
83058
83059
83060
83061
83062
83063
83064
83065
83066
83073
83074
83075
83076
83077
83078
83079
83080
83081
83082
83089
83090
83091
83092
83093
83094
83095
83096
83097
83098
83105
83106
83107
83108
83109
83110
83111
83112
83113
83114
83121
83122
83123
83124
83125
83126
83127
83128
83129
83130
83137
83138
83139
83140
83141
83142
83143
83144
83145
83146
83153
83154
83155
83156
83157
83158
83159
83160
83161
83162
83169
83170
83171
83172
83173
83174
83175
83176
83177
83178
83185
83186
83187
83188
83189
83190
83191
83192
83193
83194
83201
83202
83203
83204
83205
83206
83207
83208
83209
83210
83217
83218
83219
83220
83221
83222
83223
83224
83225
83226
83233
83234
83235
83236
83237
83238
83239
83240
83241
83242
83249
83250
83251
83252
83253
83254
83255
83256
83257
83258
83505
83506
83507
83508
83509
83521
83522
83523
83524
83525
83526
83527
83528
83529
83530
83537
83538
83539
83540
83541
83542
83543
83544
83545
83546
83553
83554
83555
83556
83557
83558
83559
83560
83561
83562
83569
83570
83571
83572
83573
83574
83575
83576
83577
83578
83585
83586
83587
83588
83589
83590
83591
83592
83593
83594
83601
83602
83603
83604
83605
83606
83607
83608
83609
83610
83617
83618
83619
83620
83621
83622
83623
83624
83625
83626
83633
83634
83635
83636
83637
83638
83639
83640
83641
83642
83649
83650
83651
83652
83653
83654
83655
83656
83657
83658
83665
83666
83667
83668
83669
83670
83671
83672
83673
83674
83681
83682
83683
83684
83685
83686
83687
83688
83689
83690
83697
83698
83699
83700
83701
83702
83703
83704
83705
83706
83713
83714
83715
83716
83717
83718
83719
83720
83721
83722
83729
83730
83731
83732
83733
83734
83735
83736
83737
83738
83745
83746
83747
83748
83749
83750
83751
83752
83753
83754
83761
83762
83763
83764
83765
83766
83767
83768
83769
83770
83777
83778
83779
83780
83781
83782
83783
83784
83785
83786
84033
84034
84035
84036
84037
84049
84050
84051
84052
84053
84054
84055
84056
84057
84058
84065
84066
84067
84068
84069
84070
84071
84072
84073
84074
84081
84082
84083
84084
84085
84086
84087
84088
84089
84090
84097
84098
84099
84100
84101
84102
84103
84104
84105
84106
84113
84114
84115
84116
84117
84118
84119
84120
84121
84122
84129
84130
84131
84132
84133
84134
84135
84136
84137
84138
84145
84146
84147
84148
84149
84150
84151
84152
84153
84154
84161
84162
84163
84164
84165
84166
84167
84168
84169
84170
84177
84178
84179
84180
84181
84182
84183
84184
84185
84186
84193
84194
84195
84196
84197
84198
84199
84200
84201
84202
84209
84210
84211
84212
84213
84214
84215
84216
84217
84218
84225
84226
84227
84228
84229
84230
84231
84232
84233
84234
84241
84242
84243
84244
84245
84246
84247
84248
84249
84250
84257
84258
84259
84260
84261
84262
84263
84264
84265
84266
84273
84274
84275
84276
84277
84278
84279
84280
84281
84282
84289
84290
84291
84292
84293
84294
84295
84296
84297
84298
84305
84306
84307
84308
84309
84310
84311
84312
84313
84314
84561
84562
84563
84564
84565
84577
84578
84579
84580
84581
84582
84583
84584
84585
84586
84593
84594
84595
84596
84597
84598
84599
84600
84601
84602
84609
84610
84611
84612
84613
84614
84615
84616
84617
84618
84625
84626
84627
84628
84629
84630
84631
84632
84633
84634
84641
84642
84643
84644
84645
84646
84647
84648
84649
84650
84657
84658
84659
84660
84661
84662
84663
84664
84665
84666
84673
84674
84675
84676
84677
84678
84679
84680
84681
84682
84689
84690
84691
84692
84693
84694
84695
84696
84697
84698
84705
84706
84707
84708
84709
84710
84711
84712
84713
84714
84721
84722
84723
84724
84725
84726
84727
84728
84729
84730
84737
84738
84739
84740
84741
84742
84743
84744
84745
84746
84753
84754
84755
84756
84757
84758
84759
84760
84761
84762
84769
84770
84771
84772
84773
84774
84775
84776
84777
84778
84785
84786
84787
84788
84789
84790
84791
84792
84793
84794
84801
84802
84803
84804
84805
84806
84807
84808
84809
84810
84817
84818
84819
84820
84821
84822
84823
84824
84825
84826
84833
84834
84835
84836
84837
84838
84839
84840
84841
84842
85227
85228
85229
85230
85231
85232
85233
85234
85235
85236
85237
85238
85239
85240
85241
85242
85251
85252
85253
85254
85255
85256
85257
85258
85259
85260
85261
85262
85263
85264
85265
85266
85267
85275
85276
85277
85278
85279
85280
85281
85282
85283
85284
85285
85286
85287
85288
85289
85290
85291
85292
85293
85299
85300
85301
85302
85303
85304
85305
85306
85307
85308
85309
85310
85311
85312
85313
85314
85315
85316
85317
85323
85324
85325
85326
85327
85328
85329
85330
85331
85332
85333
85334
85335
85336
85337
85338
85339
85340
85341
85347
85348
85349
85350
85351
85352
85353
85354
85355
85356
85357
85358
85359
85360
85361
85362
85363
85364
85365
85371
85372
85373
85374
85375
85376
85377
85378
85379
85380
85381
85382
85383
85384
85385
85386
85387
85388
85389
85395
85396
85397
85398
85399
85400
85401
85402
85403
85404
85405
85406
85407
85408
85409
85410
85411
85412
85413
85419
85420
85421
85422
85423
85424
85425
85426
85427
85428
85429
85430
85431
85432
85433
85434
85435
85436
85437
85443
85444
85445
85446
85447
85448
85449
85450
85451
85452
85453
85454
85455
85456
85457
85458
85459
85460
85461
85467
85468
85469
85470
85471
85472
85473
85474
85475
85476
85477
85478
85479
85480
85481
85482
85483
85484
85485
85491
85492
85493
85494
85495
85496
85497
85498
85499
85500
85501
85502
85503
85504
85505
85506
85507
85508
85509
85515
85516
85517
85518
85519
85520
85521
85522
85523
85524
85525
85526
85527
85528
85529
85530
85531
85532
85533
85539
85540
85541
85542
85543
85544
85545
85546
85547
85548
85549
85550
85551
85552
85553
85554
85555
85556
85557
85563
85564
85565
85566
85567
85568
85569
85570
85571
85572
85573
85574
85575
85576
85577
85578
85579
85580
85581
85587
85588
85589
85590
85591
85592
85593
85594
85595
85596
85597
85598
85599
85600
85601
85602
85603
85604
85605
85611
85612
85613
85614
85615
85616
85617
85618
85619
85620
85621
85622
85623
85624
85625
85626
85627
85628
85629
86019
86020
86021
86022
86023
86024
86025
86026
86027
86028
86029
86030
86031
86032
86033
86034
86043
86044
86045
86046
86047
86048
86049
86050
86051
86052
86053
86054
86055
86056
86057
86058
86059
86067
86068
86069
86070
86071
86072
86073
86074
86075
86076
86077
86078
86079
86080
86081
86082
86083
86084
86085
86091
86092
86093
86094
86095
86096
86097
86098
86099
86100
86101
86102
86103
86104
86105
86106
86107
86108
86109
86115
86116
86117
86118
86119
86120
86121
86122
86123
86124
86125
86126
86127
86128
86129
86130
86131
86132
86133
86139
86140
86141
86142
86143
86144
86145
86146
86147
86148
86149
86150
86151
86152
86153
86154
86155
86156
86157
86163
86164
86165
86166
86167
86168
86169
86170
86171
86172
86173
86174
86175
86176
86177
86178
86179
86180
86181
86187
86188
86189
86190
86191
86192
86193
86194
86195
86196
86197
86198
86199
86200
86201
86202
86203
86204
86205
86211
86212
86213
86214
86215
86216
86217
86218
86219
86220
86221
86222
86223
86224
86225
86226
86227
86228
86229
86235
86236
86237
86238
86239
86240
86241
86242
86243
86244
86245
86246
86247
86248
86249
86250
86251
86252
86253
86259
86260
86261
86262
86263
86264
86265
86266
86267
86268
86269
86270
86271
86272
86273
86274
86275
86276
86277
86283
86284
86285
86286
86287
86288
86289
86290
86291
86292
86293
86294
86295
86296
86297
86298
86299
86300
86301
86307
86308
86309
86310
86311
86312
86313
86314
86315
86316
86317
86318
86319
86320
86321
86322
86323
86324
86325
86331
86332
86333
86334
86335
86336
86337
86338
86339
86340
86341
86342
86343
86344
86345
86346
86347
86348
86349
86355
86356
86357
86358
86359
86360
86361
86362
86363
86364
86365
86366
86367
86368
86369
86370
86371
86372
86373
86379
86380
86381
86382
86383
86384
86385
86386
86387
86388
86389
86390
86391
86392
86393
86394
86395
86396
86397
86403
86404
86405
86406
86407
86408
86409
86410
86411
86412
86413
86414
86415
86416
86417
86418
86419
86420
86421
86811
86812
86813
86814
86815
86816
86817
86818
86819
86820
86821
86822
86823
86824
86825
86826
86835
86836
86837
86838
86839
86840
86841
86842
86843
86844
86845
86846
86847
86848
86849
86850
86851
86859
86860
86861
86862
86863
86864
86865
86866
86867
86868
86869
86870
86871
86872
86873
86874
86875
86876
86877
86883
86884
86885
86886
86887
86888
86889
86890
86891
86892
86893
86894
86895
86896
86897
86898
86899
86900
86901
86907
86908
86909
86910
86911
86912
86913
86914
86915
86916
86917
86918
86919
86920
86921
86922
86923
86924
86925
86931
86932
86933
86934
86935
86936
86937
86938
86939
86940
86941
86942
86943
86944
86945
86946
86947
86948
86949
86955
86956
86957
86958
86959
86960
86961
86962
86963
86964
86965
86966
86967
86968
86969
86970
86971
86972
86973
86979
86980
86981
86982
86983
86984
86985
86986
86987
86988
86989
86990
86991
86992
86993
86994
86995
86996
86997
87003
87004
87005
87006
87007
87008
87009
87010
87011
87012
87013
87014
87015
87016
87017
87018
87019
87020
87021
87027
87028
87029
87030
87031
87032
87033
87034
87035
87036
87037
87038
87039
87040
87041
87042
87043
87044
87045
87051
87052
87053
87054
87055
87056
87057
87058
87059
87060
87061
87062
87063
87064
87065
87066
87067
87068
87069
87075
87076
87077
87078
87079
87080
87081
87082
87083
87084
87085
87086
87087
87088
87089
87090
87091
87092
87093
87099
87100
87101
87102
87103
87104
87105
87106
87107
87108
87109
87110
87111
87112
87113
87114
87115
87116
87117
87123
87124
87125
87126
87127
87128
87129
87130
87131
87132
87133
87134
87135
87136
87137
87138
87139
87140
87141
87147
87148
87149
87150
87151
87152
87153
87154
87155
87156
87157
87158
87159
87160
87161
87162
87163
87164
87165
87171
87172
87173
87174
87175
87176
87177
87178
87179
87180
87181
87182
87183
87184
87185
87186
87187
87188
87189
87195
87196
87197
87198
87199
87200
87201
87202
87203
87204
87205
87206
87207
87208
87209
87210
87211
87212
87213
87603
87604
87605
87606
87607
87608
87609
87610
87611
87612
87613
87614
87615
87616
87617
87618
87627
87628
87629
87630
87631
87632
87633
87634
87635
87636
87637
87638
87639
87640
87641
87642
87643
87651
87652
87653
87654
87655
87656
87657
87658
87659
87660
87661
87662
87663
87664
87665
87666
87667
87668
87669
87675
87676
87677
87678
87679
87680
87681
87682
87683
87684
87685
87686
87687
87688
87689
87690
87691
87692
87693
87699
87700
87701
87702
87703
87704
87705
87706
87707
87708
87709
87710
87711
87712
87713
87714
87715
87716
87717
87723
87724
87725
87726
87727
87728
87729
87730
87731
87732
87733
87734
87735
87736
87737
87738
87739
87740
87741
87747
87748
87749
87750
87751
87752
87753
87754
87755
87756
87757
87758
87759
87760
87761
87762
87763
87764
87765
87771
87772
87773
87774
87775
87776
87777
87778
87779
87780
87781
87782
87783
87784
87785
87786
87787
87788
87789
87795
87796
87797
87798
87799
87800
87801
87802
87803
87804
87805
87806
87807
87808
87809
87810
87811
87812
87813
87819
87820
87821
87822
87823
87824
87825
87826
87827
87828
87829
87830
87831
87832
87833
87834
87835
87836
87837
87843
87844
87845
87846
87847
87848
87849
87850
87851
87852
87853
87854
87855
87856
87857
87858
87859
87860
87861
87867
87868
87869
87870
87871
87872
87873
87874
87875
87876
87877
87878
87879
87880
87881
87882
87883
87884
87885
87891
87892
87893
87894
87895
87896
87897
87898
87899
87900
87901
87902
87903
87904
87905
87906
87907
87908
87909
87915
87916
87917
87918
87919
87920
87921
87922
87923
87924
87925
87926
87927
87928
87929
87930
87931
87932
87933
87939
87940
87941
87942
87943
87944
87945
87946
87947
87948
87949
87950
87951
87952
87953
87954
87955
87956
87957
87963
87964
87965
87966
87967
87968
87969
87970
87971
87972
87973
87974
87975
87976
87977
87978
87979
87980
87981
87987
87988
87989
87990
87991
87992
87993
87994
87995
87996
87997
87998
87999
88000
88001
88002
88003
88004
88005
88395
88396
88397
88398
88399
88400
88401
88402
88403
88404
88405
88406
88407
88408
88409
88410
88419
88420
88421
88422
88423
88424
88425
88426
88427
88428
88429
88430
88431
88432
88433
88434
88435
88443
88444
88445
88446
88447
88448
88449
88450
88451
88452
88453
88454
88455
88456
88457
88458
88459
88460
88461
88467
88468
88469
88470
88471
88472
88473
88474
88475
88476
88477
88478
88479
88480
88481
88482
88483
88484
88485
88491
88492
88493
88494
88495
88496
88497
88498
88499
88500
88501
88502
88503
88504
88505
88506
88507
88508
88509
88515
88516
88517
88518
88519
88520
88521
88522
88523
88524
88525
88526
88527
88528
88529
88530
88531
88532
88533
88539
88540
88541
88542
88543
88544
88545
88546
88547
88548
88549
88550
88551
88552
88553
88554
88555
88556
88557
88563
88564
88565
88566
88567
88568
88569
88570
88571
88572
88573
88574
88575
88576
88577
88578
88579
88580
88581
88587
88588
88589
88590
88591
88592
88593
88594
88595
88596
88597
88598
88599
88600
88601
88602
88603
88604
88605
88611
88612
88613
88614
88615
88616
88617
88618
88619
88620
88621
88622
88623
88624
88625
88626
88627
88628
88629
88635
88636
88637
88638
88639
88640
88641
88642
88643
88644
88645
88646
88647
88648
88649
88650
88651
88652
88653
88659
88660
88661
88662
88663
88664
88665
88666
88667
88668
88669
88670
88671
88672
88673
88674
88675
88676
88677
88683
88684
88685
88686
88687
88688
88689
88690
88691
88692
88693
88694
88695
88696
88697
88698
88699
88700
88701
88707
88708
88709
88710
88711
88712
88713
88714
88715
88716
88717
88718
88719
88720
88721
88722
88723
88724
88725
88731
88732
88733
88734
88735
88736
88737
88738
88739
88740
88741
88742
88743
88744
88745
88746
88747
88748
88749
88755
88756
88757
88758
88759
88760
88761
88762
88763
88764
88765
88766
88767
88768
88769
88770
88771
88772
88773
88779
88780
88781
88782
88783
88784
88785
88786
88787
88788
88789
88790
88791
88792
88793
88794
88795
88796
88797
89187
89188
89189
89190
89191
89192
89193
89194
89195
89196
89197
89198
89199
89200
89201
89202
89211
89212
89213
89214
89215
89216
89217
89218
89219
89220
89221
89222
89223
89224
89225
89226
89227
89235
89236
89237
89238
89239
89240
89241
89242
89243
89244
89245
89246
89247
89248
89249
89250
89251
89252
89253
89259
89260
89261
89262
89263
89264
89265
89266
89267
89268
89269
89270
89271
89272
89273
89274
89275
89276
89277
89283
89284
89285
89286
89287
89288
89289
89290
89291
89292
89293
89294
89295
89296
89297
89298
89299
89300
89301
89307
89308
89309
89310
89311
89312
89313
89314
89315
89316
89317
89318
89319
89320
89321
89322
89323
89324
89325
89331
89332
89333
89334
89335
89336
89337
89338
89339
89340
89341
89342
89343
89344
89345
89346
89347
89348
89349
89355
89356
89357
89358
89359
89360
89361
89362
89363
89364
89365
89366
89367
89368
89369
89370
89371
89372
89373
89379
89380
89381
89382
89383
89384
89385
89386
89387
89388
89389
89390
89391
89392
89393
89394
89395
89396
89397
89403
89404
89405
89406
89407
89408
89409
89410
89411
89412
89413
89414
89415
89416
89417
89418
89419
89420
89421
89427
89428
89429
89430
89431
89432
89433
89434
89435
89436
89437
89438
89439
89440
89441
89442
89443
89444
89445
89451
89452
89453
89454
89455
89456
89457
89458
89459
89460
89461
89462
89463
89464
89465
89466
89467
89468
89469
89475
89476
89477
89478
89479
89480
89481
89482
89483
89484
89485
89486
89487
89488
89489
89490
89491
89492
89493
89499
89500
89501
89502
89503
89504
89505
89506
89507
89508
89509
89510
89511
89512
89513
89514
89515
89516
89517
89523
89524
89525
89526
89527
89528
89529
89530
89531
89532
89533
89534
89535
89536
89537
89538
89539
89540
89541
89547
89548
89549
89550
89551
89552
89553
89554
89555
89556
89557
89558
89559
89560
89561
89562
89563
89564
89565
89571
89572
89573
89574
89575
89576
89577
89578
89579
89580
89581
89582
89583
89584
89585
89586
89587
89588
89589
)


// ************************************************************************* //
