/*--------------------------------*- C++ -*----------------------------------*\
| =========                 |                                                 |
| \\      /  F ield         | OpenFOAM: The Open Source CFD Toolbox           |
|  \\    /   O peration     | Version:  2406                                  |
|   \\  /    A nd           | Website:  www.openfoam.com                      |
|    \\/     M anipulation  |                                                 |
\*---------------------------------------------------------------------------*/
FoamFile
{
    version     2.0;
    format      ascii;
    arch        "LSB;label=32;scalar=64";
    note        "nPoints:6458  nCells:5385  nFaces:17169  nInternalFaces:15141";
    class       labelList;
    location    "constant/polyMesh";
    object      neighbour;
}
// * * * * * * * * * * * * * * * * * * * * * * * * * * * * * * * * * * * * * //


15141
(
1
7
98
2
8
99
3
9
100
4
10
101
5
11
102
6
12
103
13
104
1556
8
14
105
9
15
106
10
16
107
11
17
108
12
18
109
13
19
110
20
111
1575
15
21
112
16
22
113
17
23
114
18
24
115
19
25
116
20
26
117
27
118
1594
22
28
119
23
29
120
24
30
121
25
31
122
26
32
123
27
33
124
34
125
1613
29
35
126
30
36
127
31
37
128
32
38
129
33
39
130
34
40
131
41
132
1632
36
42
133
37
43
134
38
44
135
39
45
136
40
46
137
41
47
138
48
139
1651
43
49
140
44
50
141
45
51
142
46
52
143
47
53
144
48
54
145
55
146
1670
50
56
147
51
57
148
52
58
149
53
59
150
54
60
151
55
61
152
62
153
1689
57
63
154
58
64
155
59
65
156
60
66
157
61
67
158
62
68
159
69
160
1708
64
70
161
65
71
162
66
72
163
67
73
164
68
74
165
69
75
166
76
167
1727
71
77
168
72
78
169
73
79
170
74
80
171
75
81
172
76
82
173
83
174
1746
78
84
175
79
85
176
80
86
177
81
87
178
82
88
179
83
89
180
90
181
1765
85
91
182
86
92
183
87
93
184
88
94
185
89
95
186
90
96
187
97
188
1784
92
189
93
190
94
191
95
192
96
193
97
194
195
1803
99
105
196
100
106
197
101
107
198
102
108
199
103
109
200
104
110
201
111
202
1822
106
112
203
107
113
204
108
114
205
109
115
206
110
116
207
111
117
208
118
209
1841
113
119
210
114
120
211
115
121
212
116
122
213
117
123
214
118
124
215
125
216
1860
120
126
217
121
127
218
122
128
219
123
129
220
124
130
221
125
131
222
132
223
1879
127
133
224
128
134
225
129
135
226
130
136
227
131
137
228
132
138
229
139
230
1898
134
140
231
135
141
232
136
142
233
137
143
234
138
144
235
139
145
236
146
237
1917
141
147
238
142
148
239
143
149
240
144
150
241
145
151
242
146
152
243
153
244
1936
148
154
245
149
155
246
150
156
247
151
157
248
152
158
249
153
159
250
160
251
1955
155
161
252
156
162
253
157
163
254
158
164
255
159
165
256
160
166
257
167
258
1974
162
168
259
163
169
260
164
170
261
165
171
262
166
172
263
167
173
264
174
265
1993
169
175
266
170
176
267
171
177
268
172
178
269
173
179
270
174
180
271
181
272
2012
176
182
273
177
183
274
178
184
275
179
185
276
180
186
277
181
187
278
188
279
2031
183
189
280
184
190
281
185
191
282
186
192
283
187
193
284
188
194
285
195
286
2050
190
287
191
288
192
289
193
290
194
291
195
292
293
2069
197
203
294
198
204
295
199
205
296
200
206
297
201
207
298
202
208
299
209
300
2088
204
210
301
205
211
302
206
212
303
207
213
304
208
214
305
209
215
306
216
307
2107
211
217
308
212
218
309
213
219
310
214
220
311
215
221
312
216
222
313
223
314
2126
218
224
315
219
225
316
220
226
317
221
227
318
222
228
319
223
229
320
230
321
2145
225
231
322
226
232
323
227
233
324
228
234
325
229
235
326
230
236
327
237
328
2164
232
238
329
233
239
330
234
240
331
235
241
332
236
242
333
237
243
334
244
335
2183
239
245
336
240
246
337
241
247
338
242
248
339
243
249
340
244
250
341
251
342
2202
246
252
343
247
253
344
248
254
345
249
255
346
250
256
347
251
257
348
258
349
2221
253
259
350
254
260
351
255
261
352
256
262
353
257
263
354
258
264
355
265
356
2240
260
266
357
261
267
358
262
268
359
263
269
360
264
270
361
265
271
362
272
363
2259
267
273
364
268
274
365
269
275
366
270
276
367
271
277
368
272
278
369
279
370
2278
274
280
371
275
281
372
276
282
373
277
283
374
278
284
375
279
285
376
286
377
2297
281
287
378
282
288
379
283
289
380
284
290
381
285
291
382
286
292
383
293
384
2316
288
385
289
386
290
387
291
388
292
389
293
390
391
2335
295
301
392
296
302
393
297
303
394
298
304
395
299
305
396
300
306
397
307
398
2354
302
308
399
303
309
400
304
310
401
305
311
402
306
312
403
307
313
404
314
405
2373
309
315
406
310
316
407
311
317
408
312
318
409
313
319
410
314
320
411
321
412
2392
316
322
413
317
323
414
318
324
415
319
325
416
320
326
417
321
327
418
328
419
2411
323
329
420
324
330
421
325
331
422
326
332
423
327
333
424
328
334
425
335
426
2430
330
336
427
331
337
428
332
338
429
333
339
430
334
340
431
335
341
432
342
433
2449
337
343
434
338
344
435
339
345
436
340
346
437
341
347
438
342
348
439
349
440
2468
344
350
441
345
351
442
346
352
443
347
353
444
348
354
445
349
355
446
356
447
2487
351
357
448
352
358
449
353
359
450
354
360
451
355
361
452
356
362
453
363
454
2506
358
364
455
359
365
456
360
366
457
361
367
458
362
368
459
363
369
460
370
461
2525
365
371
462
366
372
463
367
373
464
368
374
465
369
375
466
370
376
467
377
468
2544
372
378
469
373
379
470
374
380
471
375
381
472
376
382
473
377
383
474
384
475
2563
379
385
476
380
386
477
381
387
478
382
388
479
383
389
480
384
390
481
391
482
2582
386
483
387
484
388
485
389
486
390
487
391
488
489
2601
393
399
490
394
400
491
395
401
492
396
402
493
397
403
494
398
404
495
405
496
2620
400
406
497
401
407
498
402
408
499
403
409
500
404
410
501
405
411
502
412
503
2639
407
413
504
408
414
505
409
415
506
410
416
507
411
417
508
412
418
509
419
510
2658
414
420
511
415
421
512
416
422
513
417
423
514
418
424
515
419
425
516
426
517
2677
421
427
518
422
428
519
423
429
520
424
430
521
425
431
522
426
432
523
433
524
2696
428
434
525
429
435
526
430
436
527
431
437
528
432
438
529
433
439
530
440
531
2715
435
441
532
436
442
533
437
443
534
438
444
535
439
445
536
440
446
537
447
538
2734
442
448
539
443
449
540
444
450
541
445
451
542
446
452
543
447
453
544
454
545
2753
449
455
546
450
456
547
451
457
548
452
458
549
453
459
550
454
460
551
461
552
2772
456
462
553
457
463
554
458
464
555
459
465
556
460
466
557
461
467
558
468
559
2791
463
469
560
464
470
561
465
471
562
466
472
563
467
473
564
468
474
565
475
566
2810
470
476
567
471
477
568
472
478
569
473
479
570
474
480
571
475
481
572
482
573
2829
477
483
574
478
484
575
479
485
576
480
486
577
481
487
578
482
488
579
489
580
2848
484
581
485
582
486
583
487
584
488
585
489
586
587
2867
491
497
588
492
498
589
493
499
590
494
500
591
495
501
592
496
502
593
503
594
2886
498
504
595
499
505
596
500
506
597
501
507
598
502
508
599
503
509
600
510
601
2905
505
511
602
506
512
603
507
513
604
508
514
605
509
515
606
510
516
607
517
608
2924
512
518
609
513
519
610
514
520
611
515
521
612
516
522
613
517
523
614
524
615
2943
519
525
616
520
526
617
521
527
618
522
528
619
523
529
620
524
530
621
531
622
2962
526
532
623
527
533
624
528
534
625
529
535
626
530
536
627
531
537
628
538
629
2981
533
539
630
534
540
631
535
541
632
536
542
633
537
543
634
538
544
635
545
636
3000
540
546
637
541
547
638
542
548
639
543
549
640
544
550
641
545
551
642
552
643
3019
547
553
644
548
554
645
549
555
646
550
556
647
551
557
648
552
558
649
559
650
3038
554
560
651
555
561
652
556
562
653
557
563
654
558
564
655
559
565
656
566
657
3057
561
567
658
562
568
659
563
569
660
564
570
661
565
571
662
566
572
663
573
664
3076
568
574
665
569
575
666
570
576
667
571
577
668
572
578
669
573
579
670
580
671
3095
575
581
672
576
582
673
577
583
674
578
584
675
579
585
676
580
586
677
587
678
3114
582
679
583
680
584
681
585
682
586
683
587
684
685
3133
589
595
686
590
596
687
591
597
688
592
598
689
593
599
690
594
600
691
601
692
3152
596
602
693
597
603
694
598
604
695
599
605
696
600
606
697
601
607
698
608
699
3171
603
609
700
604
610
701
605
611
702
606
612
703
607
613
704
608
614
705
615
706
3190
610
616
707
611
617
708
612
618
709
613
619
710
614
620
711
615
621
712
622
713
3209
617
623
714
618
624
715
619
625
716
620
626
717
621
627
718
622
628
719
629
720
3228
624
630
721
625
631
722
626
632
723
627
633
724
628
634
725
629
635
726
636
727
3247
631
637
728
632
638
729
633
639
730
634
640
731
635
641
732
636
642
733
643
734
3266
638
644
735
639
645
736
640
646
737
641
647
738
642
648
739
643
649
740
650
741
3285
645
651
742
646
652
743
647
653
744
648
654
745
649
655
746
650
656
747
657
748
3304
652
658
749
653
659
750
654
660
751
655
661
752
656
662
753
657
663
754
664
755
3323
659
665
756
660
666
757
661
667
758
662
668
759
663
669
760
664
670
761
671
762
3342
666
672
763
667
673
764
668
674
765
669
675
766
670
676
767
671
677
768
678
769
3361
673
679
770
674
680
771
675
681
772
676
682
773
677
683
774
678
684
775
685
776
3380
680
777
681
778
682
779
683
780
684
781
685
782
783
3399
687
693
785
688
694
786
689
695
787
690
696
788
691
697
789
692
698
790
699
791
3418
694
700
793
695
701
794
696
702
795
697
703
796
698
704
797
699
705
798
706
799
3437
701
707
801
702
708
802
703
709
803
704
710
804
705
711
805
706
712
806
713
807
3456
708
714
809
709
715
810
710
716
811
711
717
812
712
718
813
713
719
814
720
815
3475
715
721
817
716
722
818
717
723
819
718
724
820
719
725
821
720
726
822
727
823
3494
722
728
825
723
729
826
724
730
827
725
731
828
726
732
829
727
733
830
734
831
3513
729
735
833
730
736
834
731
737
835
732
738
836
733
739
837
734
740
838
741
839
3532
736
742
841
737
743
842
738
744
843
739
745
844
740
746
845
741
747
846
748
847
3551
743
749
849
744
750
850
745
751
851
746
752
852
747
753
853
748
754
854
755
855
3570
750
756
857
751
757
858
752
758
859
753
759
860
754
760
861
755
761
862
762
863
3589
757
763
865
758
764
866
759
765
867
760
766
868
761
767
869
762
768
870
769
871
3608
764
770
873
765
771
874
766
772
875
767
773
876
768
774
877
769
775
878
776
879
3627
771
777
881
772
778
882
773
779
883
774
780
884
775
781
885
776
782
886
783
887
3646
778
889
779
890
780
891
781
892
782
893
783
894
895
3665
785
792
897
786
793
898
787
794
899
788
795
900
789
796
901
790
797
902
791
798
903
799
904
3684
793
800
906
794
801
907
795
802
908
796
803
909
797
804
910
798
805
911
799
806
912
807
913
3703
801
808
915
802
809
916
803
810
917
804
811
918
805
812
919
806
813
920
807
814
921
815
922
3722
809
816
924
810
817
925
811
818
926
812
819
927
813
820
928
814
821
929
815
822
930
823
931
3741
817
824
933
818
825
934
819
826
935
820
827
936
821
828
937
822
829
938
823
830
939
831
940
3760
825
832
942
826
833
943
827
834
944
828
835
945
829
836
946
830
837
947
831
838
948
839
949
3779
833
840
951
834
841
952
835
842
953
836
843
954
837
844
955
838
845
956
839
846
957
847
958
3798
841
848
960
842
849
961
843
850
962
844
851
963
845
852
964
846
853
965
847
854
966
855
967
3817
849
856
969
850
857
970
851
858
971
852
859
972
853
860
973
854
861
974
855
862
975
863
976
3836
857
864
978
858
865
979
859
866
980
860
867
981
861
868
982
862
869
983
863
870
984
871
985
3855
865
872
987
866
873
988
867
874
989
868
875
990
869
876
991
870
877
992
871
878
993
879
994
3874
873
880
996
874
881
997
875
882
998
876
883
999
877
884
1000
878
885
1001
879
886
1002
887
1003
3893
881
888
1005
882
889
1006
883
890
1007
884
891
1008
885
892
1009
886
893
1010
887
894
1011
895
1012
3912
889
1014
890
1015
891
1016
892
1017
893
1018
894
1019
895
1020
1021
3931
897
905
1022
898
906
1023
899
907
1024
900
908
1025
901
909
1026
902
910
1027
903
911
1028
904
912
1029
913
1030
3950
906
914
1031
907
915
1032
908
916
1033
909
917
1034
910
918
1035
911
919
1036
912
920
1037
913
921
1038
922
1039
3969
915
923
1040
916
924
1041
917
925
1042
918
926
1043
919
927
1044
920
928
1045
921
929
1046
922
930
1047
931
1048
3988
924
932
1049
925
933
1050
926
934
1051
927
935
1052
928
936
1053
929
937
1054
930
938
1055
931
939
1056
940
1057
4007
933
941
1058
934
942
1059
935
943
1060
936
944
1061
937
945
1062
938
946
1063
939
947
1064
940
948
1065
949
1066
4026
942
950
1067
943
951
1068
944
952
1069
945
953
1070
946
954
1071
947
955
1072
948
956
1073
949
957
1074
958
1075
4045
951
959
1076
952
960
1077
953
961
1078
954
962
1079
955
963
1080
956
964
1081
957
965
1082
958
966
1083
967
1084
4064
960
968
1085
961
969
1086
962
970
1087
963
971
1088
964
972
1089
965
973
1090
966
974
1091
967
975
1092
976
1093
4083
969
977
1094
970
978
1095
971
979
1096
972
980
1097
973
981
1098
974
982
1099
975
983
1100
976
984
1101
985
1102
4102
978
986
1103
979
987
1104
980
988
1105
981
989
1106
982
990
1107
983
991
1108
984
992
1109
985
993
1110
994
1111
4121
987
995
1112
988
996
1113
989
997
1114
990
998
1115
991
999
1116
992
1000
1117
993
1001
1118
994
1002
1119
1003
1120
4140
996
1004
1121
997
1005
1122
998
1006
1123
999
1007
1124
1000
1008
1125
1001
1009
1126
1002
1010
1127
1003
1011
1128
1012
1129
4159
1005
1013
1130
1006
1014
1131
1007
1015
1132
1008
1016
1133
1009
1017
1134
1010
1018
1135
1011
1019
1136
1012
1020
1137
1021
1138
4178
1014
1139
1015
1140
1016
1141
1017
1142
1018
1143
1019
1144
1020
1145
1021
1146
1147
4197
1023
1031
1158
1024
1032
1159
1025
1033
1160
1026
1034
1161
1027
1035
1162
1028
1036
1163
1029
1037
1164
1030
1038
1165
1039
1166
4216
1032
1040
1167
1033
1041
1168
1034
1042
1169
1035
1043
1170
1036
1044
1171
1037
1045
1172
1038
1046
1173
1039
1047
1174
1048
1175
4235
1041
1049
1176
1042
1050
1177
1043
1051
1178
1044
1052
1179
1045
1053
1180
1046
1054
1181
1047
1055
1182
1048
1056
1183
1057
1184
4254
1050
1058
1185
1051
1059
1186
1052
1060
1187
1053
1061
1188
1054
1062
1189
1055
1063
1190
1056
1064
1191
1057
1065
1192
1066
1193
4273
1059
1067
1194
1060
1068
1195
1061
1069
1196
1062
1070
1197
1063
1071
1198
1064
1072
1199
1065
1073
1200
1066
1074
1201
1075
1202
4292
1068
1076
1203
1069
1077
1204
1070
1078
1205
1071
1079
1206
1072
1080
1207
1073
1081
1208
1074
1082
1209
1075
1083
1210
1084
1211
4311
1077
1085
1212
1078
1086
1213
1079
1087
1214
1080
1088
1215
1081
1089
1216
1082
1090
1217
1083
1091
1218
1084
1092
1219
1093
1220
4330
1086
1094
1221
1087
1095
1222
1088
1096
1223
1089
1097
1224
1090
1098
1225
1091
1099
1226
1092
1100
1227
1093
1101
1228
1102
1229
4349
1095
1103
1230
1096
1104
1231
1097
1105
1232
1098
1106
1233
1099
1107
1234
1100
1108
1235
1101
1109
1236
1102
1110
1237
1111
1238
4368
1104
1112
1239
1105
1113
1240
1106
1114
1241
1107
1115
1242
1108
1116
1243
1109
1117
1244
1110
1118
1245
1111
1119
1246
1120
1247
4387
1113
1121
1248
1114
1122
1249
1115
1123
1250
1116
1124
1251
1117
1125
1252
1118
1126
1253
1119
1127
1254
1120
1128
1255
1129
1256
4406
1122
1130
1257
1123
1131
1258
1124
1132
1259
1125
1133
1260
1126
1134
1261
1127
1135
1262
1128
1136
1263
1129
1137
1264
1138
1265
4425
1131
1139
1266
1132
1140
1267
1133
1141
1268
1134
1142
1269
1135
1143
1270
1136
1144
1271
1137
1145
1272
1138
1146
1273
1147
1274
4444
1140
1275
1141
1276
1142
1277
1143
1278
1144
1279
1145
1280
1146
1281
1147
1282
1283
4463
1149
1153
1284
1150
1154
1285
1151
1155
1286
1152
1156
1287
1157
1288
4482
1154
1162
1289
1155
1163
1290
1156
1164
1291
1157
1165
1292
1166
1293
4498
1159
1167
1294
1160
1168
1295
1161
1169
1296
1162
1170
1297
1163
1171
1298
1164
1172
1299
1165
1173
1300
1166
1174
1301
1175
1302
4517
1168
1176
1303
1169
1177
1304
1170
1178
1305
1171
1179
1306
1172
1180
1307
1173
1181
1308
1174
1182
1309
1175
1183
1310
1184
1311
4536
1177
1185
1312
1178
1186
1313
1179
1187
1314
1180
1188
1315
1181
1189
1316
1182
1190
1317
1183
1191
1318
1184
1192
1319
1193
1320
4555
1186
1194
1321
1187
1195
1322
1188
1196
1323
1189
1197
1324
1190
1198
1325
1191
1199
1326
1192
1200
1327
1193
1201
1328
1202
1329
4574
1195
1203
1330
1196
1204
1331
1197
1205
1332
1198
1206
1333
1199
1207
1334
1200
1208
1335
1201
1209
1336
1202
1210
1337
1211
1338
4593
1204
1212
1339
1205
1213
1340
1206
1214
1341
1207
1215
1342
1208
1216
1343
1209
1217
1344
1210
1218
1345
1211
1219
1346
1220
1347
4612
1213
1221
1348
1214
1222
1349
1215
1223
1350
1216
1224
1351
1217
1225
1352
1218
1226
1353
1219
1227
1354
1220
1228
1355
1229
1356
4631
1222
1230
1357
1223
1231
1358
1224
1232
1359
1225
1233
1360
1226
1234
1361
1227
1235
1362
1228
1236
1363
1229
1237
1364
1238
1365
4650
1231
1239
1366
1232
1240
1367
1233
1241
1368
1234
1242
1369
1235
1243
1370
1236
1244
1371
1237
1245
1372
1238
1246
1373
1247
1374
4669
1240
1248
1375
1241
1249
1376
1242
1250
1377
1243
1251
1378
1244
1252
1379
1245
1253
1380
1246
1254
1381
1247
1255
1382
1256
1383
4688
1249
1257
1384
1250
1258
1385
1251
1259
1386
1252
1260
1387
1253
1261
1388
1254
1262
1389
1255
1263
1390
1256
1264
1391
1265
1392
4707
1258
1266
1393
1259
1267
1394
1260
1268
1395
1261
1269
1396
1262
1270
1397
1263
1271
1398
1264
1272
1399
1265
1273
1400
1274
1401
4726
1267
1275
1402
1268
1276
1403
1269
1277
1404
1270
1278
1405
1271
1279
1406
1272
1280
1407
1273
1281
1408
1274
1282
1409
1283
1410
4745
1276
1411
1277
1412
1278
1413
1279
1414
1280
1415
1281
1416
1282
1417
1283
1418
1419
4764
1285
1289
1420
1286
1290
1421
1287
1291
1422
1288
1292
1423
1293
1424
4783
1290
1298
1425
1291
1299
1426
1292
1300
1427
1293
1301
1428
1302
1429
4799
1295
1303
1430
1296
1304
1431
1297
1305
1432
1298
1306
1433
1299
1307
1434
1300
1308
1435
1301
1309
1436
1302
1310
1437
1311
1438
4818
1304
1312
1439
1305
1313
1440
1306
1314
1441
1307
1315
1442
1308
1316
1443
1309
1317
1444
1310
1318
1445
1311
1319
1446
1320
1447
4837
1313
1321
1448
1314
1322
1449
1315
1323
1450
1316
1324
1451
1317
1325
1452
1318
1326
1453
1319
1327
1454
1320
1328
1455
1329
1456
4856
1322
1330
1457
1323
1331
1458
1324
1332
1459
1325
1333
1460
1326
1334
1461
1327
1335
1462
1328
1336
1463
1329
1337
1464
1338
1465
4875
1331
1339
1466
1332
1340
1467
1333
1341
1468
1334
1342
1469
1335
1343
1470
1336
1344
1471
1337
1345
1472
1338
1346
1473
1347
1474
4894
1340
1348
1475
1341
1349
1476
1342
1350
1477
1343
1351
1478
1344
1352
1479
1345
1353
1480
1346
1354
1481
1347
1355
1482
1356
1483
4913
1349
1357
1484
1350
1358
1485
1351
1359
1486
1352
1360
1487
1353
1361
1488
1354
1362
1489
1355
1363
1490
1356
1364
1491
1365
1492
4932
1358
1366
1493
1359
1367
1494
1360
1368
1495
1361
1369
1496
1362
1370
1497
1363
1371
1498
1364
1372
1499
1365
1373
1500
1374
1501
4951
1367
1375
1502
1368
1376
1503
1369
1377
1504
1370
1378
1505
1371
1379
1506
1372
1380
1507
1373
1381
1508
1374
1382
1509
1383
1510
4970
1376
1384
1511
1377
1385
1512
1378
1386
1513
1379
1387
1514
1380
1388
1515
1381
1389
1516
1382
1390
1517
1383
1391
1518
1392
1519
4989
1385
1393
1520
1386
1394
1521
1387
1395
1522
1388
1396
1523
1389
1397
1524
1390
1398
1525
1391
1399
1526
1392
1400
1527
1401
1528
5008
1394
1402
1529
1395
1403
1530
1396
1404
1531
1397
1405
1532
1398
1406
1533
1399
1407
1534
1400
1408
1535
1401
1409
1536
1410
1537
5027
1403
1411
1538
1404
1412
1539
1405
1413
1540
1406
1414
1541
1407
1415
1542
1408
1416
1543
1409
1417
1544
1410
1418
1545
1419
1546
5046
1412
1547
1413
1548
1414
1549
1415
1550
1416
1551
1417
1552
1418
1553
1419
1554
1555
5065
1421
1425
1422
1426
1423
1427
1424
1428
1429
5084
1426
1434
1427
1435
1428
1436
1429
1437
1438
5100
1431
1439
1432
1440
1433
1441
1434
1442
1435
1443
1436
1444
1437
1445
1438
1446
1447
5119
1440
1448
1441
1449
1442
1450
1443
1451
1444
1452
1445
1453
1446
1454
1447
1455
1456
5138
1449
1457
1450
1458
1451
1459
1452
1460
1453
1461
1454
1462
1455
1463
1456
1464
1465
5157
1458
1466
1459
1467
1460
1468
1461
1469
1462
1470
1463
1471
1464
1472
1465
1473
1474
5176
1467
1475
1468
1476
1469
1477
1470
1478
1471
1479
1472
1480
1473
1481
1474
1482
1483
5195
1476
1484
1477
1485
1478
1486
1479
1487
1480
1488
1481
1489
1482
1490
1483
1491
1492
5214
1485
1493
1486
1494
1487
1495
1488
1496
1489
1497
1490
1498
1491
1499
1492
1500
1501
5233
1494
1502
1495
1503
1496
1504
1497
1505
1498
1506
1499
1507
1500
1508
1501
1509
1510
5252
1503
1511
1504
1512
1505
1513
1506
1514
1507
1515
1508
1516
1509
1517
1510
1518
1519
5271
1512
1520
1513
1521
1514
1522
1515
1523
1516
1524
1517
1525
1518
1526
1519
1527
1528
5290
1521
1529
1522
1530
1523
1531
1524
1532
1525
1533
1526
1534
1527
1535
1528
1536
1537
5309
1530
1538
1531
1539
1532
1540
1533
1541
1534
1542
1535
1543
1536
1544
1537
1545
1546
5328
1539
1547
1540
1548
1541
1549
1542
1550
1543
1551
1544
1552
1545
1553
1546
1554
1555
5347
1548
1549
1550
1551
1552
1553
1554
1555
5366
1557
1575
1822
1558
1576
1823
1559
1577
1824
1560
1578
1825
1561
1579
1826
1562
1580
1827
1563
1581
1828
1564
1582
1829
1565
1583
1830
1566
1584
1831
1567
1585
1832
1568
1586
1833
1569
1587
1834
1570
1588
1835
1571
1589
1836
1572
1590
1837
1573
1591
1838
1574
1592
1839
1593
1840
1576
1594
1841
1577
1595
1842
1578
1596
1843
1579
1597
1844
1580
1598
1845
1581
1599
1846
1582
1600
1847
1583
1601
1848
1584
1602
1849
1585
1603
1850
1586
1604
1851
1587
1605
1852
1588
1606
1853
1589
1607
1854
1590
1608
1855
1591
1609
1856
1592
1610
1857
1593
1611
1858
1612
1859
1595
1613
1860
1596
1614
1861
1597
1615
1862
1598
1616
1863
1599
1617
1864
1600
1618
1865
1601
1619
1866
1602
1620
1867
1603
1621
1868
1604
1622
1869
1605
1623
1870
1606
1624
1871
1607
1625
1872
1608
1626
1873
1609
1627
1874
1610
1628
1875
1611
1629
1876
1612
1630
1877
1631
1878
1614
1632
1879
1615
1633
1880
1616
1634
1881
1617
1635
1882
1618
1636
1883
1619
1637
1884
1620
1638
1885
1621
1639
1886
1622
1640
1887
1623
1641
1888
1624
1642
1889
1625
1643
1890
1626
1644
1891
1627
1645
1892
1628
1646
1893
1629
1647
1894
1630
1648
1895
1631
1649
1896
1650
1897
1633
1651
1898
1634
1652
1899
1635
1653
1900
1636
1654
1901
1637
1655
1902
1638
1656
1903
1639
1657
1904
1640
1658
1905
1641
1659
1906
1642
1660
1907
1643
1661
1908
1644
1662
1909
1645
1663
1910
1646
1664
1911
1647
1665
1912
1648
1666
1913
1649
1667
1914
1650
1668
1915
1669
1916
1652
1670
1917
1653
1671
1918
1654
1672
1919
1655
1673
1920
1656
1674
1921
1657
1675
1922
1658
1676
1923
1659
1677
1924
1660
1678
1925
1661
1679
1926
1662
1680
1927
1663
1681
1928
1664
1682
1929
1665
1683
1930
1666
1684
1931
1667
1685
1932
1668
1686
1933
1669
1687
1934
1688
1935
1671
1689
1936
1672
1690
1937
1673
1691
1938
1674
1692
1939
1675
1693
1940
1676
1694
1941
1677
1695
1942
1678
1696
1943
1679
1697
1944
1680
1698
1945
1681
1699
1946
1682
1700
1947
1683
1701
1948
1684
1702
1949
1685
1703
1950
1686
1704
1951
1687
1705
1952
1688
1706
1953
1707
1954
1690
1708
1955
1691
1709
1956
1692
1710
1957
1693
1711
1958
1694
1712
1959
1695
1713
1960
1696
1714
1961
1697
1715
1962
1698
1716
1963
1699
1717
1964
1700
1718
1965
1701
1719
1966
1702
1720
1967
1703
1721
1968
1704
1722
1969
1705
1723
1970
1706
1724
1971
1707
1725
1972
1726
1973
1709
1727
1974
1710
1728
1975
1711
1729
1976
1712
1730
1977
1713
1731
1978
1714
1732
1979
1715
1733
1980
1716
1734
1981
1717
1735
1982
1718
1736
1983
1719
1737
1984
1720
1738
1985
1721
1739
1986
1722
1740
1987
1723
1741
1988
1724
1742
1989
1725
1743
1990
1726
1744
1991
1745
1992
1728
1746
1993
1729
1747
1994
1730
1748
1995
1731
1749
1996
1732
1750
1997
1733
1751
1998
1734
1752
1999
1735
1753
2000
1736
1754
2001
1737
1755
2002
1738
1756
2003
1739
1757
2004
1740
1758
2005
1741
1759
2006
1742
1760
2007
1743
1761
2008
1744
1762
2009
1745
1763
2010
1764
2011
1747
1765
2012
1748
1766
2013
1749
1767
2014
1750
1768
2015
1751
1769
2016
1752
1770
2017
1753
1771
2018
1754
1772
2019
1755
1773
2020
1756
1774
2021
1757
1775
2022
1758
1776
2023
1759
1777
2024
1760
1778
2025
1761
1779
2026
1762
1780
2027
1763
1781
2028
1764
1782
2029
1783
2030
1766
1784
2031
1767
1785
2032
1768
1786
2033
1769
1787
2034
1770
1788
2035
1771
1789
2036
1772
1790
2037
1773
1791
2038
1774
1792
2039
1775
1793
2040
1776
1794
2041
1777
1795
2042
1778
1796
2043
1779
1797
2044
1780
1798
2045
1781
1799
2046
1782
1800
2047
1783
1801
2048
1802
2049
1785
1803
2050
1786
1804
2051
1787
1805
2052
1788
1806
2053
1789
1807
2054
1790
1808
2055
1791
1809
2056
1792
1810
2057
1793
1811
2058
1794
1812
2059
1795
1813
2060
1796
1814
2061
1797
1815
2062
1798
1816
2063
1799
1817
2064
1800
1818
2065
1801
1819
2066
1802
1820
2067
1821
2068
1804
2069
1805
2070
1806
2071
1807
2072
1808
2073
1809
2074
1810
2075
1811
2076
1812
2077
1813
2078
1814
2079
1815
2080
1816
2081
1817
2082
1818
2083
1819
2084
1820
2085
1821
2086
2087
1823
1841
2088
1824
1842
2089
1825
1843
2090
1826
1844
2091
1827
1845
2092
1828
1846
2093
1829
1847
2094
1830
1848
2095
1831
1849
2096
1832
1850
2097
1833
1851
2098
1834
1852
2099
1835
1853
2100
1836
1854
2101
1837
1855
2102
1838
1856
2103
1839
1857
2104
1840
1858
2105
1859
2106
1842
1860
2107
1843
1861
2108
1844
1862
2109
1845
1863
2110
1846
1864
2111
1847
1865
2112
1848
1866
2113
1849
1867
2114
1850
1868
2115
1851
1869
2116
1852
1870
2117
1853
1871
2118
1854
1872
2119
1855
1873
2120
1856
1874
2121
1857
1875
2122
1858
1876
2123
1859
1877
2124
1878
2125
1861
1879
2126
1862
1880
2127
1863
1881
2128
1864
1882
2129
1865
1883
2130
1866
1884
2131
1867
1885
2132
1868
1886
2133
1869
1887
2134
1870
1888
2135
1871
1889
2136
1872
1890
2137
1873
1891
2138
1874
1892
2139
1875
1893
2140
1876
1894
2141
1877
1895
2142
1878
1896
2143
1897
2144
1880
1898
2145
1881
1899
2146
1882
1900
2147
1883
1901
2148
1884
1902
2149
1885
1903
2150
1886
1904
2151
1887
1905
2152
1888
1906
2153
1889
1907
2154
1890
1908
2155
1891
1909
2156
1892
1910
2157
1893
1911
2158
1894
1912
2159
1895
1913
2160
1896
1914
2161
1897
1915
2162
1916
2163
1899
1917
2164
1900
1918
2165
1901
1919
2166
1902
1920
2167
1903
1921
2168
1904
1922
2169
1905
1923
2170
1906
1924
2171
1907
1925
2172
1908
1926
2173
1909
1927
2174
1910
1928
2175
1911
1929
2176
1912
1930
2177
1913
1931
2178
1914
1932
2179
1915
1933
2180
1916
1934
2181
1935
2182
1918
1936
2183
1919
1937
2184
1920
1938
2185
1921
1939
2186
1922
1940
2187
1923
1941
2188
1924
1942
2189
1925
1943
2190
1926
1944
2191
1927
1945
2192
1928
1946
2193
1929
1947
2194
1930
1948
2195
1931
1949
2196
1932
1950
2197
1933
1951
2198
1934
1952
2199
1935
1953
2200
1954
2201
1937
1955
2202
1938
1956
2203
1939
1957
2204
1940
1958
2205
1941
1959
2206
1942
1960
2207
1943
1961
2208
1944
1962
2209
1945
1963
2210
1946
1964
2211
1947
1965
2212
1948
1966
2213
1949
1967
2214
1950
1968
2215
1951
1969
2216
1952
1970
2217
1953
1971
2218
1954
1972
2219
1973
2220
1956
1974
2221
1957
1975
2222
1958
1976
2223
1959
1977
2224
1960
1978
2225
1961
1979
2226
1962
1980
2227
1963
1981
2228
1964
1982
2229
1965
1983
2230
1966
1984
2231
1967
1985
2232
1968
1986
2233
1969
1987
2234
1970
1988
2235
1971
1989
2236
1972
1990
2237
1973
1991
2238
1992
2239
1975
1993
2240
1976
1994
2241
1977
1995
2242
1978
1996
2243
1979
1997
2244
1980
1998
2245
1981
1999
2246
1982
2000
2247
1983
2001
2248
1984
2002
2249
1985
2003
2250
1986
2004
2251
1987
2005
2252
1988
2006
2253
1989
2007
2254
1990
2008
2255
1991
2009
2256
1992
2010
2257
2011
2258
1994
2012
2259
1995
2013
2260
1996
2014
2261
1997
2015
2262
1998
2016
2263
1999
2017
2264
2000
2018
2265
2001
2019
2266
2002
2020
2267
2003
2021
2268
2004
2022
2269
2005
2023
2270
2006
2024
2271
2007
2025
2272
2008
2026
2273
2009
2027
2274
2010
2028
2275
2011
2029
2276
2030
2277
2013
2031
2278
2014
2032
2279
2015
2033
2280
2016
2034
2281
2017
2035
2282
2018
2036
2283
2019
2037
2284
2020
2038
2285
2021
2039
2286
2022
2040
2287
2023
2041
2288
2024
2042
2289
2025
2043
2290
2026
2044
2291
2027
2045
2292
2028
2046
2293
2029
2047
2294
2030
2048
2295
2049
2296
2032
2050
2297
2033
2051
2298
2034
2052
2299
2035
2053
2300
2036
2054
2301
2037
2055
2302
2038
2056
2303
2039
2057
2304
2040
2058
2305
2041
2059
2306
2042
2060
2307
2043
2061
2308
2044
2062
2309
2045
2063
2310
2046
2064
2311
2047
2065
2312
2048
2066
2313
2049
2067
2314
2068
2315
2051
2069
2316
2052
2070
2317
2053
2071
2318
2054
2072
2319
2055
2073
2320
2056
2074
2321
2057
2075
2322
2058
2076
2323
2059
2077
2324
2060
2078
2325
2061
2079
2326
2062
2080
2327
2063
2081
2328
2064
2082
2329
2065
2083
2330
2066
2084
2331
2067
2085
2332
2068
2086
2333
2087
2334
2070
2335
2071
2336
2072
2337
2073
2338
2074
2339
2075
2340
2076
2341
2077
2342
2078
2343
2079
2344
2080
2345
2081
2346
2082
2347
2083
2348
2084
2349
2085
2350
2086
2351
2087
2352
2353
2089
2107
2354
2090
2108
2355
2091
2109
2356
2092
2110
2357
2093
2111
2358
2094
2112
2359
2095
2113
2360
2096
2114
2361
2097
2115
2362
2098
2116
2363
2099
2117
2364
2100
2118
2365
2101
2119
2366
2102
2120
2367
2103
2121
2368
2104
2122
2369
2105
2123
2370
2106
2124
2371
2125
2372
2108
2126
2373
2109
2127
2374
2110
2128
2375
2111
2129
2376
2112
2130
2377
2113
2131
2378
2114
2132
2379
2115
2133
2380
2116
2134
2381
2117
2135
2382
2118
2136
2383
2119
2137
2384
2120
2138
2385
2121
2139
2386
2122
2140
2387
2123
2141
2388
2124
2142
2389
2125
2143
2390
2144
2391
2127
2145
2392
2128
2146
2393
2129
2147
2394
2130
2148
2395
2131
2149
2396
2132
2150
2397
2133
2151
2398
2134
2152
2399
2135
2153
2400
2136
2154
2401
2137
2155
2402
2138
2156
2403
2139
2157
2404
2140
2158
2405
2141
2159
2406
2142
2160
2407
2143
2161
2408
2144
2162
2409
2163
2410
2146
2164
2411
2147
2165
2412
2148
2166
2413
2149
2167
2414
2150
2168
2415
2151
2169
2416
2152
2170
2417
2153
2171
2418
2154
2172
2419
2155
2173
2420
2156
2174
2421
2157
2175
2422
2158
2176
2423
2159
2177
2424
2160
2178
2425
2161
2179
2426
2162
2180
2427
2163
2181
2428
2182
2429
2165
2183
2430
2166
2184
2431
2167
2185
2432
2168
2186
2433
2169
2187
2434
2170
2188
2435
2171
2189
2436
2172
2190
2437
2173
2191
2438
2174
2192
2439
2175
2193
2440
2176
2194
2441
2177
2195
2442
2178
2196
2443
2179
2197
2444
2180
2198
2445
2181
2199
2446
2182
2200
2447
2201
2448
2184
2202
2449
2185
2203
2450
2186
2204
2451
2187
2205
2452
2188
2206
2453
2189
2207
2454
2190
2208
2455
2191
2209
2456
2192
2210
2457
2193
2211
2458
2194
2212
2459
2195
2213
2460
2196
2214
2461
2197
2215
2462
2198
2216
2463
2199
2217
2464
2200
2218
2465
2201
2219
2466
2220
2467
2203
2221
2468
2204
2222
2469
2205
2223
2470
2206
2224
2471
2207
2225
2472
2208
2226
2473
2209
2227
2474
2210
2228
2475
2211
2229
2476
2212
2230
2477
2213
2231
2478
2214
2232
2479
2215
2233
2480
2216
2234
2481
2217
2235
2482
2218
2236
2483
2219
2237
2484
2220
2238
2485
2239
2486
2222
2240
2487
2223
2241
2488
2224
2242
2489
2225
2243
2490
2226
2244
2491
2227
2245
2492
2228
2246
2493
2229
2247
2494
2230
2248
2495
2231
2249
2496
2232
2250
2497
2233
2251
2498
2234
2252
2499
2235
2253
2500
2236
2254
2501
2237
2255
2502
2238
2256
2503
2239
2257
2504
2258
2505
2241
2259
2506
2242
2260
2507
2243
2261
2508
2244
2262
2509
2245
2263
2510
2246
2264
2511
2247
2265
2512
2248
2266
2513
2249
2267
2514
2250
2268
2515
2251
2269
2516
2252
2270
2517
2253
2271
2518
2254
2272
2519
2255
2273
2520
2256
2274
2521
2257
2275
2522
2258
2276
2523
2277
2524
2260
2278
2525
2261
2279
2526
2262
2280
2527
2263
2281
2528
2264
2282
2529
2265
2283
2530
2266
2284
2531
2267
2285
2532
2268
2286
2533
2269
2287
2534
2270
2288
2535
2271
2289
2536
2272
2290
2537
2273
2291
2538
2274
2292
2539
2275
2293
2540
2276
2294
2541
2277
2295
2542
2296
2543
2279
2297
2544
2280
2298
2545
2281
2299
2546
2282
2300
2547
2283
2301
2548
2284
2302
2549
2285
2303
2550
2286
2304
2551
2287
2305
2552
2288
2306
2553
2289
2307
2554
2290
2308
2555
2291
2309
2556
2292
2310
2557
2293
2311
2558
2294
2312
2559
2295
2313
2560
2296
2314
2561
2315
2562
2298
2316
2563
2299
2317
2564
2300
2318
2565
2301
2319
2566
2302
2320
2567
2303
2321
2568
2304
2322
2569
2305
2323
2570
2306
2324
2571
2307
2325
2572
2308
2326
2573
2309
2327
2574
2310
2328
2575
2311
2329
2576
2312
2330
2577
2313
2331
2578
2314
2332
2579
2315
2333
2580
2334
2581
2317
2335
2582
2318
2336
2583
2319
2337
2584
2320
2338
2585
2321
2339
2586
2322
2340
2587
2323
2341
2588
2324
2342
2589
2325
2343
2590
2326
2344
2591
2327
2345
2592
2328
2346
2593
2329
2347
2594
2330
2348
2595
2331
2349
2596
2332
2350
2597
2333
2351
2598
2334
2352
2599
2353
2600
2336
2601
2337
2602
2338
2603
2339
2604
2340
2605
2341
2606
2342
2607
2343
2608
2344
2609
2345
2610
2346
2611
2347
2612
2348
2613
2349
2614
2350
2615
2351
2616
2352
2617
2353
2618
2619
2355
2373
2620
2356
2374
2621
2357
2375
2622
2358
2376
2623
2359
2377
2624
2360
2378
2625
2361
2379
2626
2362
2380
2627
2363
2381
2628
2364
2382
2629
2365
2383
2630
2366
2384
2631
2367
2385
2632
2368
2386
2633
2369
2387
2634
2370
2388
2635
2371
2389
2636
2372
2390
2637
2391
2638
2374
2392
2639
2375
2393
2640
2376
2394
2641
2377
2395
2642
2378
2396
2643
2379
2397
2644
2380
2398
2645
2381
2399
2646
2382
2400
2647
2383
2401
2648
2384
2402
2649
2385
2403
2650
2386
2404
2651
2387
2405
2652
2388
2406
2653
2389
2407
2654
2390
2408
2655
2391
2409
2656
2410
2657
2393
2411
2658
2394
2412
2659
2395
2413
2660
2396
2414
2661
2397
2415
2662
2398
2416
2663
2399
2417
2664
2400
2418
2665
2401
2419
2666
2402
2420
2667
2403
2421
2668
2404
2422
2669
2405
2423
2670
2406
2424
2671
2407
2425
2672
2408
2426
2673
2409
2427
2674
2410
2428
2675
2429
2676
2412
2430
2677
2413
2431
2678
2414
2432
2679
2415
2433
2680
2416
2434
2681
2417
2435
2682
2418
2436
2683
2419
2437
2684
2420
2438
2685
2421
2439
2686
2422
2440
2687
2423
2441
2688
2424
2442
2689
2425
2443
2690
2426
2444
2691
2427
2445
2692
2428
2446
2693
2429
2447
2694
2448
2695
2431
2449
2696
2432
2450
2697
2433
2451
2698
2434
2452
2699
2435
2453
2700
2436
2454
2701
2437
2455
2702
2438
2456
2703
2439
2457
2704
2440
2458
2705
2441
2459
2706
2442
2460
2707
2443
2461
2708
2444
2462
2709
2445
2463
2710
2446
2464
2711
2447
2465
2712
2448
2466
2713
2467
2714
2450
2468
2715
2451
2469
2716
2452
2470
2717
2453
2471
2718
2454
2472
2719
2455
2473
2720
2456
2474
2721
2457
2475
2722
2458
2476
2723
2459
2477
2724
2460
2478
2725
2461
2479
2726
2462
2480
2727
2463
2481
2728
2464
2482
2729
2465
2483
2730
2466
2484
2731
2467
2485
2732
2486
2733
2469
2487
2734
2470
2488
2735
2471
2489
2736
2472
2490
2737
2473
2491
2738
2474
2492
2739
2475
2493
2740
2476
2494
2741
2477
2495
2742
2478
2496
2743
2479
2497
2744
2480
2498
2745
2481
2499
2746
2482
2500
2747
2483
2501
2748
2484
2502
2749
2485
2503
2750
2486
2504
2751
2505
2752
2488
2506
2753
2489
2507
2754
2490
2508
2755
2491
2509
2756
2492
2510
2757
2493
2511
2758
2494
2512
2759
2495
2513
2760
2496
2514
2761
2497
2515
2762
2498
2516
2763
2499
2517
2764
2500
2518
2765
2501
2519
2766
2502
2520
2767
2503
2521
2768
2504
2522
2769
2505
2523
2770
2524
2771
2507
2525
2772
2508
2526
2773
2509
2527
2774
2510
2528
2775
2511
2529
2776
2512
2530
2777
2513
2531
2778
2514
2532
2779
2515
2533
2780
2516
2534
2781
2517
2535
2782
2518
2536
2783
2519
2537
2784
2520
2538
2785
2521
2539
2786
2522
2540
2787
2523
2541
2788
2524
2542
2789
2543
2790
2526
2544
2791
2527
2545
2792
2528
2546
2793
2529
2547
2794
2530
2548
2795
2531
2549
2796
2532
2550
2797
2533
2551
2798
2534
2552
2799
2535
2553
2800
2536
2554
2801
2537
2555
2802
2538
2556
2803
2539
2557
2804
2540
2558
2805
2541
2559
2806
2542
2560
2807
2543
2561
2808
2562
2809
2545
2563
2810
2546
2564
2811
2547
2565
2812
2548
2566
2813
2549
2567
2814
2550
2568
2815
2551
2569
2816
2552
2570
2817
2553
2571
2818
2554
2572
2819
2555
2573
2820
2556
2574
2821
2557
2575
2822
2558
2576
2823
2559
2577
2824
2560
2578
2825
2561
2579
2826
2562
2580
2827
2581
2828
2564
2582
2829
2565
2583
2830
2566
2584
2831
2567
2585
2832
2568
2586
2833
2569
2587
2834
2570
2588
2835
2571
2589
2836
2572
2590
2837
2573
2591
2838
2574
2592
2839
2575
2593
2840
2576
2594
2841
2577
2595
2842
2578
2596
2843
2579
2597
2844
2580
2598
2845
2581
2599
2846
2600
2847
2583
2601
2848
2584
2602
2849
2585
2603
2850
2586
2604
2851
2587
2605
2852
2588
2606
2853
2589
2607
2854
2590
2608
2855
2591
2609
2856
2592
2610
2857
2593
2611
2858
2594
2612
2859
2595
2613
2860
2596
2614
2861
2597
2615
2862
2598
2616
2863
2599
2617
2864
2600
2618
2865
2619
2866
2602
2867
2603
2868
2604
2869
2605
2870
2606
2871
2607
2872
2608
2873
2609
2874
2610
2875
2611
2876
2612
2877
2613
2878
2614
2879
2615
2880
2616
2881
2617
2882
2618
2883
2619
2884
2885
2621
2639
2886
2622
2640
2887
2623
2641
2888
2624
2642
2889
2625
2643
2890
2626
2644
2891
2627
2645
2892
2628
2646
2893
2629
2647
2894
2630
2648
2895
2631
2649
2896
2632
2650
2897
2633
2651
2898
2634
2652
2899
2635
2653
2900
2636
2654
2901
2637
2655
2902
2638
2656
2903
2657
2904
2640
2658
2905
2641
2659
2906
2642
2660
2907
2643
2661
2908
2644
2662
2909
2645
2663
2910
2646
2664
2911
2647
2665
2912
2648
2666
2913
2649
2667
2914
2650
2668
2915
2651
2669
2916
2652
2670
2917
2653
2671
2918
2654
2672
2919
2655
2673
2920
2656
2674
2921
2657
2675
2922
2676
2923
2659
2677
2924
2660
2678
2925
2661
2679
2926
2662
2680
2927
2663
2681
2928
2664
2682
2929
2665
2683
2930
2666
2684
2931
2667
2685
2932
2668
2686
2933
2669
2687
2934
2670
2688
2935
2671
2689
2936
2672
2690
2937
2673
2691
2938
2674
2692
2939
2675
2693
2940
2676
2694
2941
2695
2942
2678
2696
2943
2679
2697
2944
2680
2698
2945
2681
2699
2946
2682
2700
2947
2683
2701
2948
2684
2702
2949
2685
2703
2950
2686
2704
2951
2687
2705
2952
2688
2706
2953
2689
2707
2954
2690
2708
2955
2691
2709
2956
2692
2710
2957
2693
2711
2958
2694
2712
2959
2695
2713
2960
2714
2961
2697
2715
2962
2698
2716
2963
2699
2717
2964
2700
2718
2965
2701
2719
2966
2702
2720
2967
2703
2721
2968
2704
2722
2969
2705
2723
2970
2706
2724
2971
2707
2725
2972
2708
2726
2973
2709
2727
2974
2710
2728
2975
2711
2729
2976
2712
2730
2977
2713
2731
2978
2714
2732
2979
2733
2980
2716
2734
2981
2717
2735
2982
2718
2736
2983
2719
2737
2984
2720
2738
2985
2721
2739
2986
2722
2740
2987
2723
2741
2988
2724
2742
2989
2725
2743
2990
2726
2744
2991
2727
2745
2992
2728
2746
2993
2729
2747
2994
2730
2748
2995
2731
2749
2996
2732
2750
2997
2733
2751
2998
2752
2999
2735
2753
3000
2736
2754
3001
2737
2755
3002
2738
2756
3003
2739
2757
3004
2740
2758
3005
2741
2759
3006
2742
2760
3007
2743
2761
3008
2744
2762
3009
2745
2763
3010
2746
2764
3011
2747
2765
3012
2748
2766
3013
2749
2767
3014
2750
2768
3015
2751
2769
3016
2752
2770
3017
2771
3018
2754
2772
3019
2755
2773
3020
2756
2774
3021
2757
2775
3022
2758
2776
3023
2759
2777
3024
2760
2778
3025
2761
2779
3026
2762
2780
3027
2763
2781
3028
2764
2782
3029
2765
2783
3030
2766
2784
3031
2767
2785
3032
2768
2786
3033
2769
2787
3034
2770
2788
3035
2771
2789
3036
2790
3037
2773
2791
3038
2774
2792
3039
2775
2793
3040
2776
2794
3041
2777
2795
3042
2778
2796
3043
2779
2797
3044
2780
2798
3045
2781
2799
3046
2782
2800
3047
2783
2801
3048
2784
2802
3049
2785
2803
3050
2786
2804
3051
2787
2805
3052
2788
2806
3053
2789
2807
3054
2790
2808
3055
2809
3056
2792
2810
3057
2793
2811
3058
2794
2812
3059
2795
2813
3060
2796
2814
3061
2797
2815
3062
2798
2816
3063
2799
2817
3064
2800
2818
3065
2801
2819
3066
2802
2820
3067
2803
2821
3068
2804
2822
3069
2805
2823
3070
2806
2824
3071
2807
2825
3072
2808
2826
3073
2809
2827
3074
2828
3075
2811
2829
3076
2812
2830
3077
2813
2831
3078
2814
2832
3079
2815
2833
3080
2816
2834
3081
2817
2835
3082
2818
2836
3083
2819
2837
3084
2820
2838
3085
2821
2839
3086
2822
2840
3087
2823
2841
3088
2824
2842
3089
2825
2843
3090
2826
2844
3091
2827
2845
3092
2828
2846
3093
2847
3094
2830
2848
3095
2831
2849
3096
2832
2850
3097
2833
2851
3098
2834
2852
3099
2835
2853
3100
2836
2854
3101
2837
2855
3102
2838
2856
3103
2839
2857
3104
2840
2858
3105
2841
2859
3106
2842
2860
3107
2843
2861
3108
2844
2862
3109
2845
2863
3110
2846
2864
3111
2847
2865
3112
2866
3113
2849
2867
3114
2850
2868
3115
2851
2869
3116
2852
2870
3117
2853
2871
3118
2854
2872
3119
2855
2873
3120
2856
2874
3121
2857
2875
3122
2858
2876
3123
2859
2877
3124
2860
2878
3125
2861
2879
3126
2862
2880
3127
2863
2881
3128
2864
2882
3129
2865
2883
3130
2866
2884
3131
2885
3132
2868
3133
2869
3134
2870
3135
2871
3136
2872
3137
2873
3138
2874
3139
2875
3140
2876
3141
2877
3142
2878
3143
2879
3144
2880
3145
2881
3146
2882
3147
2883
3148
2884
3149
2885
3150
3151
2887
2905
3152
2888
2906
3153
2889
2907
3154
2890
2908
3155
2891
2909
3156
2892
2910
3157
2893
2911
3158
2894
2912
3159
2895
2913
3160
2896
2914
3161
2897
2915
3162
2898
2916
3163
2899
2917
3164
2900
2918
3165
2901
2919
3166
2902
2920
3167
2903
2921
3168
2904
2922
3169
2923
3170
2906
2924
3171
2907
2925
3172
2908
2926
3173
2909
2927
3174
2910
2928
3175
2911
2929
3176
2912
2930
3177
2913
2931
3178
2914
2932
3179
2915
2933
3180
2916
2934
3181
2917
2935
3182
2918
2936
3183
2919
2937
3184
2920
2938
3185
2921
2939
3186
2922
2940
3187
2923
2941
3188
2942
3189
2925
2943
3190
2926
2944
3191
2927
2945
3192
2928
2946
3193
2929
2947
3194
2930
2948
3195
2931
2949
3196
2932
2950
3197
2933
2951
3198
2934
2952
3199
2935
2953
3200
2936
2954
3201
2937
2955
3202
2938
2956
3203
2939
2957
3204
2940
2958
3205
2941
2959
3206
2942
2960
3207
2961
3208
2944
2962
3209
2945
2963
3210
2946
2964
3211
2947
2965
3212
2948
2966
3213
2949
2967
3214
2950
2968
3215
2951
2969
3216
2952
2970
3217
2953
2971
3218
2954
2972
3219
2955
2973
3220
2956
2974
3221
2957
2975
3222
2958
2976
3223
2959
2977
3224
2960
2978
3225
2961
2979
3226
2980
3227
2963
2981
3228
2964
2982
3229
2965
2983
3230
2966
2984
3231
2967
2985
3232
2968
2986
3233
2969
2987
3234
2970
2988
3235
2971
2989
3236
2972
2990
3237
2973
2991
3238
2974
2992
3239
2975
2993
3240
2976
2994
3241
2977
2995
3242
2978
2996
3243
2979
2997
3244
2980
2998
3245
2999
3246
2982
3000
3247
2983
3001
3248
2984
3002
3249
2985
3003
3250
2986
3004
3251
2987
3005
3252
2988
3006
3253
2989
3007
3254
2990
3008
3255
2991
3009
3256
2992
3010
3257
2993
3011
3258
2994
3012
3259
2995
3013
3260
2996
3014
3261
2997
3015
3262
2998
3016
3263
2999
3017
3264
3018
3265
3001
3019
3266
3002
3020
3267
3003
3021
3268
3004
3022
3269
3005
3023
3270
3006
3024
3271
3007
3025
3272
3008
3026
3273
3009
3027
3274
3010
3028
3275
3011
3029
3276
3012
3030
3277
3013
3031
3278
3014
3032
3279
3015
3033
3280
3016
3034
3281
3017
3035
3282
3018
3036
3283
3037
3284
3020
3038
3285
3021
3039
3286
3022
3040
3287
3023
3041
3288
3024
3042
3289
3025
3043
3290
3026
3044
3291
3027
3045
3292
3028
3046
3293
3029
3047
3294
3030
3048
3295
3031
3049
3296
3032
3050
3297
3033
3051
3298
3034
3052
3299
3035
3053
3300
3036
3054
3301
3037
3055
3302
3056
3303
3039
3057
3304
3040
3058
3305
3041
3059
3306
3042
3060
3307
3043
3061
3308
3044
3062
3309
3045
3063
3310
3046
3064
3311
3047
3065
3312
3048
3066
3313
3049
3067
3314
3050
3068
3315
3051
3069
3316
3052
3070
3317
3053
3071
3318
3054
3072
3319
3055
3073
3320
3056
3074
3321
3075
3322
3058
3076
3323
3059
3077
3324
3060
3078
3325
3061
3079
3326
3062
3080
3327
3063
3081
3328
3064
3082
3329
3065
3083
3330
3066
3084
3331
3067
3085
3332
3068
3086
3333
3069
3087
3334
3070
3088
3335
3071
3089
3336
3072
3090
3337
3073
3091
3338
3074
3092
3339
3075
3093
3340
3094
3341
3077
3095
3342
3078
3096
3343
3079
3097
3344
3080
3098
3345
3081
3099
3346
3082
3100
3347
3083
3101
3348
3084
3102
3349
3085
3103
3350
3086
3104
3351
3087
3105
3352
3088
3106
3353
3089
3107
3354
3090
3108
3355
3091
3109
3356
3092
3110
3357
3093
3111
3358
3094
3112
3359
3113
3360
3096
3114
3361
3097
3115
3362
3098
3116
3363
3099
3117
3364
3100
3118
3365
3101
3119
3366
3102
3120
3367
3103
3121
3368
3104
3122
3369
3105
3123
3370
3106
3124
3371
3107
3125
3372
3108
3126
3373
3109
3127
3374
3110
3128
3375
3111
3129
3376
3112
3130
3377
3113
3131
3378
3132
3379
3115
3133
3380
3116
3134
3381
3117
3135
3382
3118
3136
3383
3119
3137
3384
3120
3138
3385
3121
3139
3386
3122
3140
3387
3123
3141
3388
3124
3142
3389
3125
3143
3390
3126
3144
3391
3127
3145
3392
3128
3146
3393
3129
3147
3394
3130
3148
3395
3131
3149
3396
3132
3150
3397
3151
3398
3134
3399
3135
3400
3136
3401
3137
3402
3138
3403
3139
3404
3140
3405
3141
3406
3142
3407
3143
3408
3144
3409
3145
3410
3146
3411
3147
3412
3148
3413
3149
3414
3150
3415
3151
3416
3417
3153
3171
3418
3154
3172
3419
3155
3173
3420
3156
3174
3421
3157
3175
3422
3158
3176
3423
3159
3177
3424
3160
3178
3425
3161
3179
3426
3162
3180
3427
3163
3181
3428
3164
3182
3429
3165
3183
3430
3166
3184
3431
3167
3185
3432
3168
3186
3433
3169
3187
3434
3170
3188
3435
3189
3436
3172
3190
3437
3173
3191
3438
3174
3192
3439
3175
3193
3440
3176
3194
3441
3177
3195
3442
3178
3196
3443
3179
3197
3444
3180
3198
3445
3181
3199
3446
3182
3200
3447
3183
3201
3448
3184
3202
3449
3185
3203
3450
3186
3204
3451
3187
3205
3452
3188
3206
3453
3189
3207
3454
3208
3455
3191
3209
3456
3192
3210
3457
3193
3211
3458
3194
3212
3459
3195
3213
3460
3196
3214
3461
3197
3215
3462
3198
3216
3463
3199
3217
3464
3200
3218
3465
3201
3219
3466
3202
3220
3467
3203
3221
3468
3204
3222
3469
3205
3223
3470
3206
3224
3471
3207
3225
3472
3208
3226
3473
3227
3474
3210
3228
3475
3211
3229
3476
3212
3230
3477
3213
3231
3478
3214
3232
3479
3215
3233
3480
3216
3234
3481
3217
3235
3482
3218
3236
3483
3219
3237
3484
3220
3238
3485
3221
3239
3486
3222
3240
3487
3223
3241
3488
3224
3242
3489
3225
3243
3490
3226
3244
3491
3227
3245
3492
3246
3493
3229
3247
3494
3230
3248
3495
3231
3249
3496
3232
3250
3497
3233
3251
3498
3234
3252
3499
3235
3253
3500
3236
3254
3501
3237
3255
3502
3238
3256
3503
3239
3257
3504
3240
3258
3505
3241
3259
3506
3242
3260
3507
3243
3261
3508
3244
3262
3509
3245
3263
3510
3246
3264
3511
3265
3512
3248
3266
3513
3249
3267
3514
3250
3268
3515
3251
3269
3516
3252
3270
3517
3253
3271
3518
3254
3272
3519
3255
3273
3520
3256
3274
3521
3257
3275
3522
3258
3276
3523
3259
3277
3524
3260
3278
3525
3261
3279
3526
3262
3280
3527
3263
3281
3528
3264
3282
3529
3265
3283
3530
3284
3531
3267
3285
3532
3268
3286
3533
3269
3287
3534
3270
3288
3535
3271
3289
3536
3272
3290
3537
3273
3291
3538
3274
3292
3539
3275
3293
3540
3276
3294
3541
3277
3295
3542
3278
3296
3543
3279
3297
3544
3280
3298
3545
3281
3299
3546
3282
3300
3547
3283
3301
3548
3284
3302
3549
3303
3550
3286
3304
3551
3287
3305
3552
3288
3306
3553
3289
3307
3554
3290
3308
3555
3291
3309
3556
3292
3310
3557
3293
3311
3558
3294
3312
3559
3295
3313
3560
3296
3314
3561
3297
3315
3562
3298
3316
3563
3299
3317
3564
3300
3318
3565
3301
3319
3566
3302
3320
3567
3303
3321
3568
3322
3569
3305
3323
3570
3306
3324
3571
3307
3325
3572
3308
3326
3573
3309
3327
3574
3310
3328
3575
3311
3329
3576
3312
3330
3577
3313
3331
3578
3314
3332
3579
3315
3333
3580
3316
3334
3581
3317
3335
3582
3318
3336
3583
3319
3337
3584
3320
3338
3585
3321
3339
3586
3322
3340
3587
3341
3588
3324
3342
3589
3325
3343
3590
3326
3344
3591
3327
3345
3592
3328
3346
3593
3329
3347
3594
3330
3348
3595
3331
3349
3596
3332
3350
3597
3333
3351
3598
3334
3352
3599
3335
3353
3600
3336
3354
3601
3337
3355
3602
3338
3356
3603
3339
3357
3604
3340
3358
3605
3341
3359
3606
3360
3607
3343
3361
3608
3344
3362
3609
3345
3363
3610
3346
3364
3611
3347
3365
3612
3348
3366
3613
3349
3367
3614
3350
3368
3615
3351
3369
3616
3352
3370
3617
3353
3371
3618
3354
3372
3619
3355
3373
3620
3356
3374
3621
3357
3375
3622
3358
3376
3623
3359
3377
3624
3360
3378
3625
3379
3626
3362
3380
3627
3363
3381
3628
3364
3382
3629
3365
3383
3630
3366
3384
3631
3367
3385
3632
3368
3386
3633
3369
3387
3634
3370
3388
3635
3371
3389
3636
3372
3390
3637
3373
3391
3638
3374
3392
3639
3375
3393
3640
3376
3394
3641
3377
3395
3642
3378
3396
3643
3379
3397
3644
3398
3645
3381
3399
3646
3382
3400
3647
3383
3401
3648
3384
3402
3649
3385
3403
3650
3386
3404
3651
3387
3405
3652
3388
3406
3653
3389
3407
3654
3390
3408
3655
3391
3409
3656
3392
3410
3657
3393
3411
3658
3394
3412
3659
3395
3413
3660
3396
3414
3661
3397
3415
3662
3398
3416
3663
3417
3664
3400
3665
3401
3666
3402
3667
3403
3668
3404
3669
3405
3670
3406
3671
3407
3672
3408
3673
3409
3674
3410
3675
3411
3676
3412
3677
3413
3678
3414
3679
3415
3680
3416
3681
3417
3682
3683
3419
3437
3684
3420
3438
3685
3421
3439
3686
3422
3440
3687
3423
3441
3688
3424
3442
3689
3425
3443
3690
3426
3444
3691
3427
3445
3692
3428
3446
3693
3429
3447
3694
3430
3448
3695
3431
3449
3696
3432
3450
3697
3433
3451
3698
3434
3452
3699
3435
3453
3700
3436
3454
3701
3455
3702
3438
3456
3703
3439
3457
3704
3440
3458
3705
3441
3459
3706
3442
3460
3707
3443
3461
3708
3444
3462
3709
3445
3463
3710
3446
3464
3711
3447
3465
3712
3448
3466
3713
3449
3467
3714
3450
3468
3715
3451
3469
3716
3452
3470
3717
3453
3471
3718
3454
3472
3719
3455
3473
3720
3474
3721
3457
3475
3722
3458
3476
3723
3459
3477
3724
3460
3478
3725
3461
3479
3726
3462
3480
3727
3463
3481
3728
3464
3482
3729
3465
3483
3730
3466
3484
3731
3467
3485
3732
3468
3486
3733
3469
3487
3734
3470
3488
3735
3471
3489
3736
3472
3490
3737
3473
3491
3738
3474
3492
3739
3493
3740
3476
3494
3741
3477
3495
3742
3478
3496
3743
3479
3497
3744
3480
3498
3745
3481
3499
3746
3482
3500
3747
3483
3501
3748
3484
3502
3749
3485
3503
3750
3486
3504
3751
3487
3505
3752
3488
3506
3753
3489
3507
3754
3490
3508
3755
3491
3509
3756
3492
3510
3757
3493
3511
3758
3512
3759
3495
3513
3760
3496
3514
3761
3497
3515
3762
3498
3516
3763
3499
3517
3764
3500
3518
3765
3501
3519
3766
3502
3520
3767
3503
3521
3768
3504
3522
3769
3505
3523
3770
3506
3524
3771
3507
3525
3772
3508
3526
3773
3509
3527
3774
3510
3528
3775
3511
3529
3776
3512
3530
3777
3531
3778
3514
3532
3779
3515
3533
3780
3516
3534
3781
3517
3535
3782
3518
3536
3783
3519
3537
3784
3520
3538
3785
3521
3539
3786
3522
3540
3787
3523
3541
3788
3524
3542
3789
3525
3543
3790
3526
3544
3791
3527
3545
3792
3528
3546
3793
3529
3547
3794
3530
3548
3795
3531
3549
3796
3550
3797
3533
3551
3798
3534
3552
3799
3535
3553
3800
3536
3554
3801
3537
3555
3802
3538
3556
3803
3539
3557
3804
3540
3558
3805
3541
3559
3806
3542
3560
3807
3543
3561
3808
3544
3562
3809
3545
3563
3810
3546
3564
3811
3547
3565
3812
3548
3566
3813
3549
3567
3814
3550
3568
3815
3569
3816
3552
3570
3817
3553
3571
3818
3554
3572
3819
3555
3573
3820
3556
3574
3821
3557
3575
3822
3558
3576
3823
3559
3577
3824
3560
3578
3825
3561
3579
3826
3562
3580
3827
3563
3581
3828
3564
3582
3829
3565
3583
3830
3566
3584
3831
3567
3585
3832
3568
3586
3833
3569
3587
3834
3588
3835
3571
3589
3836
3572
3590
3837
3573
3591
3838
3574
3592
3839
3575
3593
3840
3576
3594
3841
3577
3595
3842
3578
3596
3843
3579
3597
3844
3580
3598
3845
3581
3599
3846
3582
3600
3847
3583
3601
3848
3584
3602
3849
3585
3603
3850
3586
3604
3851
3587
3605
3852
3588
3606
3853
3607
3854
3590
3608
3855
3591
3609
3856
3592
3610
3857
3593
3611
3858
3594
3612
3859
3595
3613
3860
3596
3614
3861
3597
3615
3862
3598
3616
3863
3599
3617
3864
3600
3618
3865
3601
3619
3866
3602
3620
3867
3603
3621
3868
3604
3622
3869
3605
3623
3870
3606
3624
3871
3607
3625
3872
3626
3873
3609
3627
3874
3610
3628
3875
3611
3629
3876
3612
3630
3877
3613
3631
3878
3614
3632
3879
3615
3633
3880
3616
3634
3881
3617
3635
3882
3618
3636
3883
3619
3637
3884
3620
3638
3885
3621
3639
3886
3622
3640
3887
3623
3641
3888
3624
3642
3889
3625
3643
3890
3626
3644
3891
3645
3892
3628
3646
3893
3629
3647
3894
3630
3648
3895
3631
3649
3896
3632
3650
3897
3633
3651
3898
3634
3652
3899
3635
3653
3900
3636
3654
3901
3637
3655
3902
3638
3656
3903
3639
3657
3904
3640
3658
3905
3641
3659
3906
3642
3660
3907
3643
3661
3908
3644
3662
3909
3645
3663
3910
3664
3911
3647
3665
3912
3648
3666
3913
3649
3667
3914
3650
3668
3915
3651
3669
3916
3652
3670
3917
3653
3671
3918
3654
3672
3919
3655
3673
3920
3656
3674
3921
3657
3675
3922
3658
3676
3923
3659
3677
3924
3660
3678
3925
3661
3679
3926
3662
3680
3927
3663
3681
3928
3664
3682
3929
3683
3930
3666
3931
3667
3932
3668
3933
3669
3934
3670
3935
3671
3936
3672
3937
3673
3938
3674
3939
3675
3940
3676
3941
3677
3942
3678
3943
3679
3944
3680
3945
3681
3946
3682
3947
3683
3948
3949
3685
3703
3950
3686
3704
3951
3687
3705
3952
3688
3706
3953
3689
3707
3954
3690
3708
3955
3691
3709
3956
3692
3710
3957
3693
3711
3958
3694
3712
3959
3695
3713
3960
3696
3714
3961
3697
3715
3962
3698
3716
3963
3699
3717
3964
3700
3718
3965
3701
3719
3966
3702
3720
3967
3721
3968
3704
3722
3969
3705
3723
3970
3706
3724
3971
3707
3725
3972
3708
3726
3973
3709
3727
3974
3710
3728
3975
3711
3729
3976
3712
3730
3977
3713
3731
3978
3714
3732
3979
3715
3733
3980
3716
3734
3981
3717
3735
3982
3718
3736
3983
3719
3737
3984
3720
3738
3985
3721
3739
3986
3740
3987
3723
3741
3988
3724
3742
3989
3725
3743
3990
3726
3744
3991
3727
3745
3992
3728
3746
3993
3729
3747
3994
3730
3748
3995
3731
3749
3996
3732
3750
3997
3733
3751
3998
3734
3752
3999
3735
3753
4000
3736
3754
4001
3737
3755
4002
3738
3756
4003
3739
3757
4004
3740
3758
4005
3759
4006
3742
3760
4007
3743
3761
4008
3744
3762
4009
3745
3763
4010
3746
3764
4011
3747
3765
4012
3748
3766
4013
3749
3767
4014
3750
3768
4015
3751
3769
4016
3752
3770
4017
3753
3771
4018
3754
3772
4019
3755
3773
4020
3756
3774
4021
3757
3775
4022
3758
3776
4023
3759
3777
4024
3778
4025
3761
3779
4026
3762
3780
4027
3763
3781
4028
3764
3782
4029
3765
3783
4030
3766
3784
4031
3767
3785
4032
3768
3786
4033
3769
3787
4034
3770
3788
4035
3771
3789
4036
3772
3790
4037
3773
3791
4038
3774
3792
4039
3775
3793
4040
3776
3794
4041
3777
3795
4042
3778
3796
4043
3797
4044
3780
3798
4045
3781
3799
4046
3782
3800
4047
3783
3801
4048
3784
3802
4049
3785
3803
4050
3786
3804
4051
3787
3805
4052
3788
3806
4053
3789
3807
4054
3790
3808
4055
3791
3809
4056
3792
3810
4057
3793
3811
4058
3794
3812
4059
3795
3813
4060
3796
3814
4061
3797
3815
4062
3816
4063
3799
3817
4064
3800
3818
4065
3801
3819
4066
3802
3820
4067
3803
3821
4068
3804
3822
4069
3805
3823
4070
3806
3824
4071
3807
3825
4072
3808
3826
4073
3809
3827
4074
3810
3828
4075
3811
3829
4076
3812
3830
4077
3813
3831
4078
3814
3832
4079
3815
3833
4080
3816
3834
4081
3835
4082
3818
3836
4083
3819
3837
4084
3820
3838
4085
3821
3839
4086
3822
3840
4087
3823
3841
4088
3824
3842
4089
3825
3843
4090
3826
3844
4091
3827
3845
4092
3828
3846
4093
3829
3847
4094
3830
3848
4095
3831
3849
4096
3832
3850
4097
3833
3851
4098
3834
3852
4099
3835
3853
4100
3854
4101
3837
3855
4102
3838
3856
4103
3839
3857
4104
3840
3858
4105
3841
3859
4106
3842
3860
4107
3843
3861
4108
3844
3862
4109
3845
3863
4110
3846
3864
4111
3847
3865
4112
3848
3866
4113
3849
3867
4114
3850
3868
4115
3851
3869
4116
3852
3870
4117
3853
3871
4118
3854
3872
4119
3873
4120
3856
3874
4121
3857
3875
4122
3858
3876
4123
3859
3877
4124
3860
3878
4125
3861
3879
4126
3862
3880
4127
3863
3881
4128
3864
3882
4129
3865
3883
4130
3866
3884
4131
3867
3885
4132
3868
3886
4133
3869
3887
4134
3870
3888
4135
3871
3889
4136
3872
3890
4137
3873
3891
4138
3892
4139
3875
3893
4140
3876
3894
4141
3877
3895
4142
3878
3896
4143
3879
3897
4144
3880
3898
4145
3881
3899
4146
3882
3900
4147
3883
3901
4148
3884
3902
4149
3885
3903
4150
3886
3904
4151
3887
3905
4152
3888
3906
4153
3889
3907
4154
3890
3908
4155
3891
3909
4156
3892
3910
4157
3911
4158
3894
3912
4159
3895
3913
4160
3896
3914
4161
3897
3915
4162
3898
3916
4163
3899
3917
4164
3900
3918
4165
3901
3919
4166
3902
3920
4167
3903
3921
4168
3904
3922
4169
3905
3923
4170
3906
3924
4171
3907
3925
4172
3908
3926
4173
3909
3927
4174
3910
3928
4175
3911
3929
4176
3930
4177
3913
3931
4178
3914
3932
4179
3915
3933
4180
3916
3934
4181
3917
3935
4182
3918
3936
4183
3919
3937
4184
3920
3938
4185
3921
3939
4186
3922
3940
4187
3923
3941
4188
3924
3942
4189
3925
3943
4190
3926
3944
4191
3927
3945
4192
3928
3946
4193
3929
3947
4194
3930
3948
4195
3949
4196
3932
4197
3933
4198
3934
4199
3935
4200
3936
4201
3937
4202
3938
4203
3939
4204
3940
4205
3941
4206
3942
4207
3943
4208
3944
4209
3945
4210
3946
4211
3947
4212
3948
4213
3949
4214
4215
3951
3969
4216
3952
3970
4217
3953
3971
4218
3954
3972
4219
3955
3973
4220
3956
3974
4221
3957
3975
4222
3958
3976
4223
3959
3977
4224
3960
3978
4225
3961
3979
4226
3962
3980
4227
3963
3981
4228
3964
3982
4229
3965
3983
4230
3966
3984
4231
3967
3985
4232
3968
3986
4233
3987
4234
3970
3988
4235
3971
3989
4236
3972
3990
4237
3973
3991
4238
3974
3992
4239
3975
3993
4240
3976
3994
4241
3977
3995
4242
3978
3996
4243
3979
3997
4244
3980
3998
4245
3981
3999
4246
3982
4000
4247
3983
4001
4248
3984
4002
4249
3985
4003
4250
3986
4004
4251
3987
4005
4252
4006
4253
3989
4007
4254
3990
4008
4255
3991
4009
4256
3992
4010
4257
3993
4011
4258
3994
4012
4259
3995
4013
4260
3996
4014
4261
3997
4015
4262
3998
4016
4263
3999
4017
4264
4000
4018
4265
4001
4019
4266
4002
4020
4267
4003
4021
4268
4004
4022
4269
4005
4023
4270
4006
4024
4271
4025
4272
4008
4026
4273
4009
4027
4274
4010
4028
4275
4011
4029
4276
4012
4030
4277
4013
4031
4278
4014
4032
4279
4015
4033
4280
4016
4034
4281
4017
4035
4282
4018
4036
4283
4019
4037
4284
4020
4038
4285
4021
4039
4286
4022
4040
4287
4023
4041
4288
4024
4042
4289
4025
4043
4290
4044
4291
4027
4045
4292
4028
4046
4293
4029
4047
4294
4030
4048
4295
4031
4049
4296
4032
4050
4297
4033
4051
4298
4034
4052
4299
4035
4053
4300
4036
4054
4301
4037
4055
4302
4038
4056
4303
4039
4057
4304
4040
4058
4305
4041
4059
4306
4042
4060
4307
4043
4061
4308
4044
4062
4309
4063
4310
4046
4064
4311
4047
4065
4312
4048
4066
4313
4049
4067
4314
4050
4068
4315
4051
4069
4316
4052
4070
4317
4053
4071
4318
4054
4072
4319
4055
4073
4320
4056
4074
4321
4057
4075
4322
4058
4076
4323
4059
4077
4324
4060
4078
4325
4061
4079
4326
4062
4080
4327
4063
4081
4328
4082
4329
4065
4083
4330
4066
4084
4331
4067
4085
4332
4068
4086
4333
4069
4087
4334
4070
4088
4335
4071
4089
4336
4072
4090
4337
4073
4091
4338
4074
4092
4339
4075
4093
4340
4076
4094
4341
4077
4095
4342
4078
4096
4343
4079
4097
4344
4080
4098
4345
4081
4099
4346
4082
4100
4347
4101
4348
4084
4102
4349
4085
4103
4350
4086
4104
4351
4087
4105
4352
4088
4106
4353
4089
4107
4354
4090
4108
4355
4091
4109
4356
4092
4110
4357
4093
4111
4358
4094
4112
4359
4095
4113
4360
4096
4114
4361
4097
4115
4362
4098
4116
4363
4099
4117
4364
4100
4118
4365
4101
4119
4366
4120
4367
4103
4121
4368
4104
4122
4369
4105
4123
4370
4106
4124
4371
4107
4125
4372
4108
4126
4373
4109
4127
4374
4110
4128
4375
4111
4129
4376
4112
4130
4377
4113
4131
4378
4114
4132
4379
4115
4133
4380
4116
4134
4381
4117
4135
4382
4118
4136
4383
4119
4137
4384
4120
4138
4385
4139
4386
4122
4140
4387
4123
4141
4388
4124
4142
4389
4125
4143
4390
4126
4144
4391
4127
4145
4392
4128
4146
4393
4129
4147
4394
4130
4148
4395
4131
4149
4396
4132
4150
4397
4133
4151
4398
4134
4152
4399
4135
4153
4400
4136
4154
4401
4137
4155
4402
4138
4156
4403
4139
4157
4404
4158
4405
4141
4159
4406
4142
4160
4407
4143
4161
4408
4144
4162
4409
4145
4163
4410
4146
4164
4411
4147
4165
4412
4148
4166
4413
4149
4167
4414
4150
4168
4415
4151
4169
4416
4152
4170
4417
4153
4171
4418
4154
4172
4419
4155
4173
4420
4156
4174
4421
4157
4175
4422
4158
4176
4423
4177
4424
4160
4178
4425
4161
4179
4426
4162
4180
4427
4163
4181
4428
4164
4182
4429
4165
4183
4430
4166
4184
4431
4167
4185
4432
4168
4186
4433
4169
4187
4434
4170
4188
4435
4171
4189
4436
4172
4190
4437
4173
4191
4438
4174
4192
4439
4175
4193
4440
4176
4194
4441
4177
4195
4442
4196
4443
4179
4197
4444
4180
4198
4445
4181
4199
4446
4182
4200
4447
4183
4201
4448
4184
4202
4449
4185
4203
4450
4186
4204
4451
4187
4205
4452
4188
4206
4453
4189
4207
4454
4190
4208
4455
4191
4209
4456
4192
4210
4457
4193
4211
4458
4194
4212
4459
4195
4213
4460
4196
4214
4461
4215
4462
4198
4463
4199
4464
4200
4465
4201
4466
4202
4467
4203
4468
4204
4469
4205
4470
4206
4471
4207
4472
4208
4473
4209
4474
4210
4475
4211
4476
4212
4477
4213
4478
4214
4479
4215
4480
4481
4217
4235
4517
4218
4236
4518
4219
4237
4519
4220
4238
4520
4221
4239
4521
4222
4240
4522
4223
4241
4523
4224
4242
4524
4225
4243
4525
4226
4244
4526
4227
4245
4527
4228
4246
4528
4229
4247
4529
4230
4248
4530
4231
4249
4531
4232
4250
4532
4233
4251
4533
4234
4252
4534
4253
4535
4236
4254
4536
4237
4255
4537
4238
4256
4538
4239
4257
4539
4240
4258
4540
4241
4259
4541
4242
4260
4542
4243
4261
4543
4244
4262
4544
4245
4263
4545
4246
4264
4546
4247
4265
4547
4248
4266
4548
4249
4267
4549
4250
4268
4550
4251
4269
4551
4252
4270
4552
4253
4271
4553
4272
4554
4255
4273
4555
4256
4274
4556
4257
4275
4557
4258
4276
4558
4259
4277
4559
4260
4278
4560
4261
4279
4561
4262
4280
4562
4263
4281
4563
4264
4282
4564
4265
4283
4565
4266
4284
4566
4267
4285
4567
4268
4286
4568
4269
4287
4569
4270
4288
4570
4271
4289
4571
4272
4290
4572
4291
4573
4274
4292
4574
4275
4293
4575
4276
4294
4576
4277
4295
4577
4278
4296
4578
4279
4297
4579
4280
4298
4580
4281
4299
4581
4282
4300
4582
4283
4301
4583
4284
4302
4584
4285
4303
4585
4286
4304
4586
4287
4305
4587
4288
4306
4588
4289
4307
4589
4290
4308
4590
4291
4309
4591
4310
4592
4293
4311
4593
4294
4312
4594
4295
4313
4595
4296
4314
4596
4297
4315
4597
4298
4316
4598
4299
4317
4599
4300
4318
4600
4301
4319
4601
4302
4320
4602
4303
4321
4603
4304
4322
4604
4305
4323
4605
4306
4324
4606
4307
4325
4607
4308
4326
4608
4309
4327
4609
4310
4328
4610
4329
4611
4312
4330
4612
4313
4331
4613
4314
4332
4614
4315
4333
4615
4316
4334
4616
4317
4335
4617
4318
4336
4618
4319
4337
4619
4320
4338
4620
4321
4339
4621
4322
4340
4622
4323
4341
4623
4324
4342
4624
4325
4343
4625
4326
4344
4626
4327
4345
4627
4328
4346
4628
4329
4347
4629
4348
4630
4331
4349
4631
4332
4350
4632
4333
4351
4633
4334
4352
4634
4335
4353
4635
4336
4354
4636
4337
4355
4637
4338
4356
4638
4339
4357
4639
4340
4358
4640
4341
4359
4641
4342
4360
4642
4343
4361
4643
4344
4362
4644
4345
4363
4645
4346
4364
4646
4347
4365
4647
4348
4366
4648
4367
4649
4350
4368
4650
4351
4369
4651
4352
4370
4652
4353
4371
4653
4354
4372
4654
4355
4373
4655
4356
4374
4656
4357
4375
4657
4358
4376
4658
4359
4377
4659
4360
4378
4660
4361
4379
4661
4362
4380
4662
4363
4381
4663
4364
4382
4664
4365
4383
4665
4366
4384
4666
4367
4385
4667
4386
4668
4369
4387
4669
4370
4388
4670
4371
4389
4671
4372
4390
4672
4373
4391
4673
4374
4392
4674
4375
4393
4675
4376
4394
4676
4377
4395
4677
4378
4396
4678
4379
4397
4679
4380
4398
4680
4381
4399
4681
4382
4400
4682
4383
4401
4683
4384
4402
4684
4385
4403
4685
4386
4404
4686
4405
4687
4388
4406
4688
4389
4407
4689
4390
4408
4690
4391
4409
4691
4392
4410
4692
4393
4411
4693
4394
4412
4694
4395
4413
4695
4396
4414
4696
4397
4415
4697
4398
4416
4698
4399
4417
4699
4400
4418
4700
4401
4419
4701
4402
4420
4702
4403
4421
4703
4404
4422
4704
4405
4423
4705
4424
4706
4407
4425
4707
4408
4426
4708
4409
4427
4709
4410
4428
4710
4411
4429
4711
4412
4430
4712
4413
4431
4713
4414
4432
4714
4415
4433
4715
4416
4434
4716
4417
4435
4717
4418
4436
4718
4419
4437
4719
4420
4438
4720
4421
4439
4721
4422
4440
4722
4423
4441
4723
4424
4442
4724
4443
4725
4426
4444
4726
4427
4445
4727
4428
4446
4728
4429
4447
4729
4430
4448
4730
4431
4449
4731
4432
4450
4732
4433
4451
4733
4434
4452
4734
4435
4453
4735
4436
4454
4736
4437
4455
4737
4438
4456
4738
4439
4457
4739
4440
4458
4740
4441
4459
4741
4442
4460
4742
4443
4461
4743
4462
4744
4445
4463
4745
4446
4464
4746
4447
4465
4747
4448
4466
4748
4449
4467
4749
4450
4468
4750
4451
4469
4751
4452
4470
4752
4453
4471
4753
4454
4472
4754
4455
4473
4755
4456
4474
4756
4457
4475
4757
4458
4476
4758
4459
4477
4759
4460
4478
4760
4461
4479
4761
4462
4480
4762
4481
4763
4464
4764
4465
4765
4466
4766
4467
4767
4468
4768
4469
4769
4470
4770
4471
4771
4472
4772
4473
4773
4474
4774
4475
4775
4476
4776
4477
4777
4478
4778
4479
4779
4480
4780
4481
4781
4782
4483
4498
4783
4484
4499
4784
4485
4500
4785
4486
4501
4786
4487
4502
4787
4488
4503
4788
4489
4504
4789
4490
4505
4790
4491
4506
4791
4492
4507
4792
4493
4508
4793
4494
4509
4794
4495
4510
4795
4496
4511
4796
4497
4512
4797
4513
4798
4499
4517
4799
4500
4518
4800
4501
4519
4801
4502
4520
4802
4503
4521
4803
4504
4522
4804
4505
4523
4805
4506
4524
4806
4507
4525
4807
4508
4526
4808
4509
4527
4809
4510
4528
4810
4511
4529
4811
4512
4530
4812
4513
4531
4813
4514
4532
4814
4515
4533
4815
4516
4534
4816
4535
4817
4518
4536
4818
4519
4537
4819
4520
4538
4820
4521
4539
4821
4522
4540
4822
4523
4541
4823
4524
4542
4824
4525
4543
4825
4526
4544
4826
4527
4545
4827
4528
4546
4828
4529
4547
4829
4530
4548
4830
4531
4549
4831
4532
4550
4832
4533
4551
4833
4534
4552
4834
4535
4553
4835
4554
4836
4537
4555
4837
4538
4556
4838
4539
4557
4839
4540
4558
4840
4541
4559
4841
4542
4560
4842
4543
4561
4843
4544
4562
4844
4545
4563
4845
4546
4564
4846
4547
4565
4847
4548
4566
4848
4549
4567
4849
4550
4568
4850
4551
4569
4851
4552
4570
4852
4553
4571
4853
4554
4572
4854
4573
4855
4556
4574
4856
4557
4575
4857
4558
4576
4858
4559
4577
4859
4560
4578
4860
4561
4579
4861
4562
4580
4862
4563
4581
4863
4564
4582
4864
4565
4583
4865
4566
4584
4866
4567
4585
4867
4568
4586
4868
4569
4587
4869
4570
4588
4870
4571
4589
4871
4572
4590
4872
4573
4591
4873
4592
4874
4575
4593
4875
4576
4594
4876
4577
4595
4877
4578
4596
4878
4579
4597
4879
4580
4598
4880
4581
4599
4881
4582
4600
4882
4583
4601
4883
4584
4602
4884
4585
4603
4885
4586
4604
4886
4587
4605
4887
4588
4606
4888
4589
4607
4889
4590
4608
4890
4591
4609
4891
4592
4610
4892
4611
4893
4594
4612
4894
4595
4613
4895
4596
4614
4896
4597
4615
4897
4598
4616
4898
4599
4617
4899
4600
4618
4900
4601
4619
4901
4602
4620
4902
4603
4621
4903
4604
4622
4904
4605
4623
4905
4606
4624
4906
4607
4625
4907
4608
4626
4908
4609
4627
4909
4610
4628
4910
4611
4629
4911
4630
4912
4613
4631
4913
4614
4632
4914
4615
4633
4915
4616
4634
4916
4617
4635
4917
4618
4636
4918
4619
4637
4919
4620
4638
4920
4621
4639
4921
4622
4640
4922
4623
4641
4923
4624
4642
4924
4625
4643
4925
4626
4644
4926
4627
4645
4927
4628
4646
4928
4629
4647
4929
4630
4648
4930
4649
4931
4632
4650
4932
4633
4651
4933
4634
4652
4934
4635
4653
4935
4636
4654
4936
4637
4655
4937
4638
4656
4938
4639
4657
4939
4640
4658
4940
4641
4659
4941
4642
4660
4942
4643
4661
4943
4644
4662
4944
4645
4663
4945
4646
4664
4946
4647
4665
4947
4648
4666
4948
4649
4667
4949
4668
4950
4651
4669
4951
4652
4670
4952
4653
4671
4953
4654
4672
4954
4655
4673
4955
4656
4674
4956
4657
4675
4957
4658
4676
4958
4659
4677
4959
4660
4678
4960
4661
4679
4961
4662
4680
4962
4663
4681
4963
4664
4682
4964
4665
4683
4965
4666
4684
4966
4667
4685
4967
4668
4686
4968
4687
4969
4670
4688
4970
4671
4689
4971
4672
4690
4972
4673
4691
4973
4674
4692
4974
4675
4693
4975
4676
4694
4976
4677
4695
4977
4678
4696
4978
4679
4697
4979
4680
4698
4980
4681
4699
4981
4682
4700
4982
4683
4701
4983
4684
4702
4984
4685
4703
4985
4686
4704
4986
4687
4705
4987
4706
4988
4689
4707
4989
4690
4708
4990
4691
4709
4991
4692
4710
4992
4693
4711
4993
4694
4712
4994
4695
4713
4995
4696
4714
4996
4697
4715
4997
4698
4716
4998
4699
4717
4999
4700
4718
5000
4701
4719
5001
4702
4720
5002
4703
4721
5003
4704
4722
5004
4705
4723
5005
4706
4724
5006
4725
5007
4708
4726
5008
4709
4727
5009
4710
4728
5010
4711
4729
5011
4712
4730
5012
4713
4731
5013
4714
4732
5014
4715
4733
5015
4716
4734
5016
4717
4735
5017
4718
4736
5018
4719
4737
5019
4720
4738
5020
4721
4739
5021
4722
4740
5022
4723
4741
5023
4724
4742
5024
4725
4743
5025
4744
5026
4727
4745
5027
4728
4746
5028
4729
4747
5029
4730
4748
5030
4731
4749
5031
4732
4750
5032
4733
4751
5033
4734
4752
5034
4735
4753
5035
4736
4754
5036
4737
4755
5037
4738
4756
5038
4739
4757
5039
4740
4758
5040
4741
4759
5041
4742
4760
5042
4743
4761
5043
4744
4762
5044
4763
5045
4746
4764
5046
4747
4765
5047
4748
4766
5048
4749
4767
5049
4750
4768
5050
4751
4769
5051
4752
4770
5052
4753
4771
5053
4754
4772
5054
4755
4773
5055
4756
4774
5056
4757
4775
5057
4758
4776
5058
4759
4777
5059
4760
4778
5060
4761
4779
5061
4762
4780
5062
4763
4781
5063
4782
5064
4765
5065
4766
5066
4767
5067
4768
5068
4769
5069
4770
5070
4771
5071
4772
5072
4773
5073
4774
5074
4775
5075
4776
5076
4777
5077
4778
5078
4779
5079
4780
5080
4781
5081
4782
5082
5083
4784
4799
5084
4785
4800
5085
4786
4801
5086
4787
4802
5087
4788
4803
5088
4789
4804
5089
4790
4805
5090
4791
4806
5091
4792
4807
5092
4793
4808
5093
4794
4809
5094
4795
4810
5095
4796
4811
5096
4797
4812
5097
4798
4813
5098
4814
5099
4800
4818
5100
4801
4819
5101
4802
4820
5102
4803
4821
5103
4804
4822
5104
4805
4823
5105
4806
4824
5106
4807
4825
5107
4808
4826
5108
4809
4827
5109
4810
4828
5110
4811
4829
5111
4812
4830
5112
4813
4831
5113
4814
4832
5114
4815
4833
5115
4816
4834
5116
4817
4835
5117
4836
5118
4819
4837
5119
4820
4838
5120
4821
4839
5121
4822
4840
5122
4823
4841
5123
4824
4842
5124
4825
4843
5125
4826
4844
5126
4827
4845
5127
4828
4846
5128
4829
4847
5129
4830
4848
5130
4831
4849
5131
4832
4850
5132
4833
4851
5133
4834
4852
5134
4835
4853
5135
4836
4854
5136
4855
5137
4838
4856
5138
4839
4857
5139
4840
4858
5140
4841
4859
5141
4842
4860
5142
4843
4861
5143
4844
4862
5144
4845
4863
5145
4846
4864
5146
4847
4865
5147
4848
4866
5148
4849
4867
5149
4850
4868
5150
4851
4869
5151
4852
4870
5152
4853
4871
5153
4854
4872
5154
4855
4873
5155
4874
5156
4857
4875
5157
4858
4876
5158
4859
4877
5159
4860
4878
5160
4861
4879
5161
4862
4880
5162
4863
4881
5163
4864
4882
5164
4865
4883
5165
4866
4884
5166
4867
4885
5167
4868
4886
5168
4869
4887
5169
4870
4888
5170
4871
4889
5171
4872
4890
5172
4873
4891
5173
4874
4892
5174
4893
5175
4876
4894
5176
4877
4895
5177
4878
4896
5178
4879
4897
5179
4880
4898
5180
4881
4899
5181
4882
4900
5182
4883
4901
5183
4884
4902
5184
4885
4903
5185
4886
4904
5186
4887
4905
5187
4888
4906
5188
4889
4907
5189
4890
4908
5190
4891
4909
5191
4892
4910
5192
4893
4911
5193
4912
5194
4895
4913
5195
4896
4914
5196
4897
4915
5197
4898
4916
5198
4899
4917
5199
4900
4918
5200
4901
4919
5201
4902
4920
5202
4903
4921
5203
4904
4922
5204
4905
4923
5205
4906
4924
5206
4907
4925
5207
4908
4926
5208
4909
4927
5209
4910
4928
5210
4911
4929
5211
4912
4930
5212
4931
5213
4914
4932
5214
4915
4933
5215
4916
4934
5216
4917
4935
5217
4918
4936
5218
4919
4937
5219
4920
4938
5220
4921
4939
5221
4922
4940
5222
4923
4941
5223
4924
4942
5224
4925
4943
5225
4926
4944
5226
4927
4945
5227
4928
4946
5228
4929
4947
5229
4930
4948
5230
4931
4949
5231
4950
5232
4933
4951
5233
4934
4952
5234
4935
4953
5235
4936
4954
5236
4937
4955
5237
4938
4956
5238
4939
4957
5239
4940
4958
5240
4941
4959
5241
4942
4960
5242
4943
4961
5243
4944
4962
5244
4945
4963
5245
4946
4964
5246
4947
4965
5247
4948
4966
5248
4949
4967
5249
4950
4968
5250
4969
5251
4952
4970
5252
4953
4971
5253
4954
4972
5254
4955
4973
5255
4956
4974
5256
4957
4975
5257
4958
4976
5258
4959
4977
5259
4960
4978
5260
4961
4979
5261
4962
4980
5262
4963
4981
5263
4964
4982
5264
4965
4983
5265
4966
4984
5266
4967
4985
5267
4968
4986
5268
4969
4987
5269
4988
5270
4971
4989
5271
4972
4990
5272
4973
4991
5273
4974
4992
5274
4975
4993
5275
4976
4994
5276
4977
4995
5277
4978
4996
5278
4979
4997
5279
4980
4998
5280
4981
4999
5281
4982
5000
5282
4983
5001
5283
4984
5002
5284
4985
5003
5285
4986
5004
5286
4987
5005
5287
4988
5006
5288
5007
5289
4990
5008
5290
4991
5009
5291
4992
5010
5292
4993
5011
5293
4994
5012
5294
4995
5013
5295
4996
5014
5296
4997
5015
5297
4998
5016
5298
4999
5017
5299
5000
5018
5300
5001
5019
5301
5002
5020
5302
5003
5021
5303
5004
5022
5304
5005
5023
5305
5006
5024
5306
5007
5025
5307
5026
5308
5009
5027
5309
5010
5028
5310
5011
5029
5311
5012
5030
5312
5013
5031
5313
5014
5032
5314
5015
5033
5315
5016
5034
5316
5017
5035
5317
5018
5036
5318
5019
5037
5319
5020
5038
5320
5021
5039
5321
5022
5040
5322
5023
5041
5323
5024
5042
5324
5025
5043
5325
5026
5044
5326
5045
5327
5028
5046
5328
5029
5047
5329
5030
5048
5330
5031
5049
5331
5032
5050
5332
5033
5051
5333
5034
5052
5334
5035
5053
5335
5036
5054
5336
5037
5055
5337
5038
5056
5338
5039
5057
5339
5040
5058
5340
5041
5059
5341
5042
5060
5342
5043
5061
5343
5044
5062
5344
5045
5063
5345
5064
5346
5047
5065
5347
5048
5066
5348
5049
5067
5349
5050
5068
5350
5051
5069
5351
5052
5070
5352
5053
5071
5353
5054
5072
5354
5055
5073
5355
5056
5074
5356
5057
5075
5357
5058
5076
5358
5059
5077
5359
5060
5078
5360
5061
5079
5361
5062
5080
5362
5063
5081
5363
5064
5082
5364
5083
5365
5066
5366
5067
5367
5068
5368
5069
5369
5070
5370
5071
5371
5072
5372
5073
5373
5074
5374
5075
5375
5076
5376
5077
5377
5078
5378
5079
5379
5080
5380
5081
5381
5082
5382
5083
5383
5384
5085
5100
5086
5101
5087
5102
5088
5103
5089
5104
5090
5105
5091
5106
5092
5107
5093
5108
5094
5109
5095
5110
5096
5111
5097
5112
5098
5113
5099
5114
5115
5101
5119
5102
5120
5103
5121
5104
5122
5105
5123
5106
5124
5107
5125
5108
5126
5109
5127
5110
5128
5111
5129
5112
5130
5113
5131
5114
5132
5115
5133
5116
5134
5117
5135
5118
5136
5137
5120
5138
5121
5139
5122
5140
5123
5141
5124
5142
5125
5143
5126
5144
5127
5145
5128
5146
5129
5147
5130
5148
5131
5149
5132
5150
5133
5151
5134
5152
5135
5153
5136
5154
5137
5155
5156
5139
5157
5140
5158
5141
5159
5142
5160
5143
5161
5144
5162
5145
5163
5146
5164
5147
5165
5148
5166
5149
5167
5150
5168
5151
5169
5152
5170
5153
5171
5154
5172
5155
5173
5156
5174
5175
5158
5176
5159
5177
5160
5178
5161
5179
5162
5180
5163
5181
5164
5182
5165
5183
5166
5184
5167
5185
5168
5186
5169
5187
5170
5188
5171
5189
5172
5190
5173
5191
5174
5192
5175
5193
5194
5177
5195
5178
5196
5179
5197
5180
5198
5181
5199
5182
5200
5183
5201
5184
5202
5185
5203
5186
5204
5187
5205
5188
5206
5189
5207
5190
5208
5191
5209
5192
5210
5193
5211
5194
5212
5213
5196
5214
5197
5215
5198
5216
5199
5217
5200
5218
5201
5219
5202
5220
5203
5221
5204
5222
5205
5223
5206
5224
5207
5225
5208
5226
5209
5227
5210
5228
5211
5229
5212
5230
5213
5231
5232
5215
5233
5216
5234
5217
5235
5218
5236
5219
5237
5220
5238
5221
5239
5222
5240
5223
5241
5224
5242
5225
5243
5226
5244
5227
5245
5228
5246
5229
5247
5230
5248
5231
5249
5232
5250
5251
5234
5252
5235
5253
5236
5254
5237
5255
5238
5256
5239
5257
5240
5258
5241
5259
5242
5260
5243
5261
5244
5262
5245
5263
5246
5264
5247
5265
5248
5266
5249
5267
5250
5268
5251
5269
5270
5253
5271
5254
5272
5255
5273
5256
5274
5257
5275
5258
5276
5259
5277
5260
5278
5261
5279
5262
5280
5263
5281
5264
5282
5265
5283
5266
5284
5267
5285
5268
5286
5269
5287
5270
5288
5289
5272
5290
5273
5291
5274
5292
5275
5293
5276
5294
5277
5295
5278
5296
5279
5297
5280
5298
5281
5299
5282
5300
5283
5301
5284
5302
5285
5303
5286
5304
5287
5305
5288
5306
5289
5307
5308
5291
5309
5292
5310
5293
5311
5294
5312
5295
5313
5296
5314
5297
5315
5298
5316
5299
5317
5300
5318
5301
5319
5302
5320
5303
5321
5304
5322
5305
5323
5306
5324
5307
5325
5308
5326
5327
5310
5328
5311
5329
5312
5330
5313
5331
5314
5332
5315
5333
5316
5334
5317
5335
5318
5336
5319
5337
5320
5338
5321
5339
5322
5340
5323
5341
5324
5342
5325
5343
5326
5344
5327
5345
5346
5329
5347
5330
5348
5331
5349
5332
5350
5333
5351
5334
5352
5335
5353
5336
5354
5337
5355
5338
5356
5339
5357
5340
5358
5341
5359
5342
5360
5343
5361
5344
5362
5345
5363
5346
5364
5365
5348
5366
5349
5367
5350
5368
5351
5369
5352
5370
5353
5371
5354
5372
5355
5373
5356
5374
5357
5375
5358
5376
5359
5377
5360
5378
5361
5379
5362
5380
5363
5381
5364
5382
5365
5383
5384
5367
5368
5369
5370
5371
5372
5373
5374
5375
5376
5377
5378
5379
5380
5381
5382
5383
5384
)


// ************************************************************************* //
