/*--------------------------------*- C++ -*----------------------------------*\
| =========                 |                                                 |
| \\      /  F ield         | OpenFOAM: The Open Source CFD Toolbox           |
|  \\    /   O peration     | Version:  2406                                  |
|   \\  /    A nd           | Website:  www.openfoam.com                      |
|    \\/     M anipulation  |                                                 |
\*---------------------------------------------------------------------------*/
FoamFile
{
    version     2.0;
    format      ascii;
    arch        "LSB;label=32;scalar=64";
    class       labelList;
    location    "constant/polyMesh";
    object      pointProcAddressing;
}
// * * * * * * * * * * * * * * * * * * * * * * * * * * * * * * * * * * * * * //


6458
(
31481
31482
31483
31484
31485
31486
31487
31488
31497
31498
31499
31500
31501
31502
31503
31504
31513
31514
31515
31516
31517
31518
31519
31520
31529
31530
31531
31532
31533
31534
31535
31536
31545
31546
31547
31548
31549
31550
31551
31552
31561
31562
31563
31564
31565
31566
31567
31568
31577
31578
31579
31580
31581
31582
31583
31584
31593
31594
31595
31596
31597
31598
31599
31600
31609
31610
31611
31612
31613
31614
31615
31616
31625
31626
31627
31628
31629
31630
31631
31632
31641
31642
31643
31644
31645
31646
31647
31648
31657
31658
31659
31660
31661
31662
31663
31664
31673
31674
31675
31676
31677
31678
31679
31680
31689
31690
31691
31692
31693
31694
31695
31696
31705
31706
31707
31708
31709
31710
31711
31712
32009
32010
32011
32012
32013
32014
32015
32016
32025
32026
32027
32028
32029
32030
32031
32032
32041
32042
32043
32044
32045
32046
32047
32048
32057
32058
32059
32060
32061
32062
32063
32064
32073
32074
32075
32076
32077
32078
32079
32080
32089
32090
32091
32092
32093
32094
32095
32096
32105
32106
32107
32108
32109
32110
32111
32112
32121
32122
32123
32124
32125
32126
32127
32128
32137
32138
32139
32140
32141
32142
32143
32144
32153
32154
32155
32156
32157
32158
32159
32160
32169
32170
32171
32172
32173
32174
32175
32176
32185
32186
32187
32188
32189
32190
32191
32192
32201
32202
32203
32204
32205
32206
32207
32208
32217
32218
32219
32220
32221
32222
32223
32224
32233
32234
32235
32236
32237
32238
32239
32240
32537
32538
32539
32540
32541
32542
32543
32544
32553
32554
32555
32556
32557
32558
32559
32560
32569
32570
32571
32572
32573
32574
32575
32576
32585
32586
32587
32588
32589
32590
32591
32592
32601
32602
32603
32604
32605
32606
32607
32608
32617
32618
32619
32620
32621
32622
32623
32624
32633
32634
32635
32636
32637
32638
32639
32640
32649
32650
32651
32652
32653
32654
32655
32656
32665
32666
32667
32668
32669
32670
32671
32672
32681
32682
32683
32684
32685
32686
32687
32688
32697
32698
32699
32700
32701
32702
32703
32704
32713
32714
32715
32716
32717
32718
32719
32720
32729
32730
32731
32732
32733
32734
32735
32736
32745
32746
32747
32748
32749
32750
32751
32752
32761
32762
32763
32764
32765
32766
32767
32768
33065
33066
33067
33068
33069
33070
33071
33072
33081
33082
33083
33084
33085
33086
33087
33088
33097
33098
33099
33100
33101
33102
33103
33104
33113
33114
33115
33116
33117
33118
33119
33120
33129
33130
33131
33132
33133
33134
33135
33136
33145
33146
33147
33148
33149
33150
33151
33152
33161
33162
33163
33164
33165
33166
33167
33168
33177
33178
33179
33180
33181
33182
33183
33184
33193
33194
33195
33196
33197
33198
33199
33200
33209
33210
33211
33212
33213
33214
33215
33216
33225
33226
33227
33228
33229
33230
33231
33232
33241
33242
33243
33244
33245
33246
33247
33248
33257
33258
33259
33260
33261
33262
33263
33264
33273
33274
33275
33276
33277
33278
33279
33280
33289
33290
33291
33292
33293
33294
33295
33296
33593
33594
33595
33596
33597
33598
33599
33600
33609
33610
33611
33612
33613
33614
33615
33616
33625
33626
33627
33628
33629
33630
33631
33632
33641
33642
33643
33644
33645
33646
33647
33648
33657
33658
33659
33660
33661
33662
33663
33664
33673
33674
33675
33676
33677
33678
33679
33680
33689
33690
33691
33692
33693
33694
33695
33696
33705
33706
33707
33708
33709
33710
33711
33712
33721
33722
33723
33724
33725
33726
33727
33728
33737
33738
33739
33740
33741
33742
33743
33744
33753
33754
33755
33756
33757
33758
33759
33760
33769
33770
33771
33772
33773
33774
33775
33776
33785
33786
33787
33788
33789
33790
33791
33792
33801
33802
33803
33804
33805
33806
33807
33808
33817
33818
33819
33820
33821
33822
33823
33824
34121
34122
34123
34124
34125
34126
34127
34128
34137
34138
34139
34140
34141
34142
34143
34144
34153
34154
34155
34156
34157
34158
34159
34160
34169
34170
34171
34172
34173
34174
34175
34176
34185
34186
34187
34188
34189
34190
34191
34192
34201
34202
34203
34204
34205
34206
34207
34208
34217
34218
34219
34220
34221
34222
34223
34224
34233
34234
34235
34236
34237
34238
34239
34240
34249
34250
34251
34252
34253
34254
34255
34256
34265
34266
34267
34268
34269
34270
34271
34272
34281
34282
34283
34284
34285
34286
34287
34288
34297
34298
34299
34300
34301
34302
34303
34304
34313
34314
34315
34316
34317
34318
34319
34320
34329
34330
34331
34332
34333
34334
34335
34336
34345
34346
34347
34348
34349
34350
34351
34352
34649
34650
34651
34652
34653
34654
34655
34656
34665
34666
34667
34668
34669
34670
34671
34672
34681
34682
34683
34684
34685
34686
34687
34688
34697
34698
34699
34700
34701
34702
34703
34704
34713
34714
34715
34716
34717
34718
34719
34720
34729
34730
34731
34732
34733
34734
34735
34736
34745
34746
34747
34748
34749
34750
34751
34752
34761
34762
34763
34764
34765
34766
34767
34768
34777
34778
34779
34780
34781
34782
34783
34784
34793
34794
34795
34796
34797
34798
34799
34800
34809
34810
34811
34812
34813
34814
34815
34816
34825
34826
34827
34828
34829
34830
34831
34832
34841
34842
34843
34844
34845
34846
34847
34848
34857
34858
34859
34860
34861
34862
34863
34864
34873
34874
34875
34876
34877
34878
34879
34880
35177
35178
35179
35180
35181
35182
35183
35184
35193
35194
35195
35196
35197
35198
35199
35200
35209
35210
35211
35212
35213
35214
35215
35216
35225
35226
35227
35228
35229
35230
35231
35232
35241
35242
35243
35244
35245
35246
35247
35248
35257
35258
35259
35260
35261
35262
35263
35264
35273
35274
35275
35276
35277
35278
35279
35280
35289
35290
35291
35292
35293
35294
35295
35296
35305
35306
35307
35308
35309
35310
35311
35312
35321
35322
35323
35324
35325
35326
35327
35328
35337
35338
35339
35340
35341
35342
35343
35344
35353
35354
35355
35356
35357
35358
35359
35360
35369
35370
35371
35372
35373
35374
35375
35376
35385
35386
35387
35388
35389
35390
35391
35392
35401
35402
35403
35404
35405
35406
35407
35408
35704
35705
35706
35707
35708
35709
35710
35711
35712
35720
35721
35722
35723
35724
35725
35726
35727
35728
35736
35737
35738
35739
35740
35741
35742
35743
35744
35752
35753
35754
35755
35756
35757
35758
35759
35760
35768
35769
35770
35771
35772
35773
35774
35775
35776
35784
35785
35786
35787
35788
35789
35790
35791
35792
35800
35801
35802
35803
35804
35805
35806
35807
35808
35816
35817
35818
35819
35820
35821
35822
35823
35824
35832
35833
35834
35835
35836
35837
35838
35839
35840
35848
35849
35850
35851
35852
35853
35854
35855
35856
35864
35865
35866
35867
35868
35869
35870
35871
35872
35880
35881
35882
35883
35884
35885
35886
35887
35888
35896
35897
35898
35899
35900
35901
35902
35903
35904
35912
35913
35914
35915
35916
35917
35918
35919
35920
35928
35929
35930
35931
35932
35933
35934
35935
35936
36231
36232
36233
36234
36235
36236
36237
36238
36239
36240
36247
36248
36249
36250
36251
36252
36253
36254
36255
36256
36263
36264
36265
36266
36267
36268
36269
36270
36271
36272
36279
36280
36281
36282
36283
36284
36285
36286
36287
36288
36295
36296
36297
36298
36299
36300
36301
36302
36303
36304
36311
36312
36313
36314
36315
36316
36317
36318
36319
36320
36327
36328
36329
36330
36331
36332
36333
36334
36335
36336
36343
36344
36345
36346
36347
36348
36349
36350
36351
36352
36359
36360
36361
36362
36363
36364
36365
36366
36367
36368
36375
36376
36377
36378
36379
36380
36381
36382
36383
36384
36391
36392
36393
36394
36395
36396
36397
36398
36399
36400
36407
36408
36409
36410
36411
36412
36413
36414
36415
36416
36423
36424
36425
36426
36427
36428
36429
36430
36431
36432
36439
36440
36441
36442
36443
36444
36445
36446
36447
36448
36455
36456
36457
36458
36459
36460
36461
36462
36463
36464
36759
36760
36761
36762
36763
36764
36765
36766
36767
36768
36775
36776
36777
36778
36779
36780
36781
36782
36783
36784
36791
36792
36793
36794
36795
36796
36797
36798
36799
36800
36807
36808
36809
36810
36811
36812
36813
36814
36815
36816
36823
36824
36825
36826
36827
36828
36829
36830
36831
36832
36839
36840
36841
36842
36843
36844
36845
36846
36847
36848
36855
36856
36857
36858
36859
36860
36861
36862
36863
36864
36871
36872
36873
36874
36875
36876
36877
36878
36879
36880
36887
36888
36889
36890
36891
36892
36893
36894
36895
36896
36903
36904
36905
36906
36907
36908
36909
36910
36911
36912
36919
36920
36921
36922
36923
36924
36925
36926
36927
36928
36935
36936
36937
36938
36939
36940
36941
36942
36943
36944
36951
36952
36953
36954
36955
36956
36957
36958
36959
36960
36967
36968
36969
36970
36971
36972
36973
36974
36975
36976
36983
36984
36985
36986
36987
36988
36989
36990
36991
36992
37259
37260
37261
37262
37263
37264
37275
37276
37277
37278
37279
37280
37287
37288
37289
37290
37291
37292
37293
37294
37295
37296
37303
37304
37305
37306
37307
37308
37309
37310
37311
37312
37319
37320
37321
37322
37323
37324
37325
37326
37327
37328
37335
37336
37337
37338
37339
37340
37341
37342
37343
37344
37351
37352
37353
37354
37355
37356
37357
37358
37359
37360
37367
37368
37369
37370
37371
37372
37373
37374
37375
37376
37383
37384
37385
37386
37387
37388
37389
37390
37391
37392
37399
37400
37401
37402
37403
37404
37405
37406
37407
37408
37415
37416
37417
37418
37419
37420
37421
37422
37423
37424
37431
37432
37433
37434
37435
37436
37437
37438
37439
37440
37447
37448
37449
37450
37451
37452
37453
37454
37455
37456
37463
37464
37465
37466
37467
37468
37469
37470
37471
37472
37479
37480
37481
37482
37483
37484
37485
37486
37487
37488
37495
37496
37497
37498
37499
37500
37501
37502
37503
37504
37511
37512
37513
37514
37515
37516
37517
37518
37519
37520
37787
37788
37789
37790
37791
37792
37803
37804
37805
37806
37807
37808
37815
37816
37817
37818
37819
37820
37821
37822
37823
37824
37831
37832
37833
37834
37835
37836
37837
37838
37839
37840
37847
37848
37849
37850
37851
37852
37853
37854
37855
37856
37863
37864
37865
37866
37867
37868
37869
37870
37871
37872
37879
37880
37881
37882
37883
37884
37885
37886
37887
37888
37895
37896
37897
37898
37899
37900
37901
37902
37903
37904
37911
37912
37913
37914
37915
37916
37917
37918
37919
37920
37927
37928
37929
37930
37931
37932
37933
37934
37935
37936
37943
37944
37945
37946
37947
37948
37949
37950
37951
37952
37959
37960
37961
37962
37963
37964
37965
37966
37967
37968
37975
37976
37977
37978
37979
37980
37981
37982
37983
37984
37991
37992
37993
37994
37995
37996
37997
37998
37999
38000
38007
38008
38009
38010
38011
38012
38013
38014
38015
38016
38023
38024
38025
38026
38027
38028
38029
38030
38031
38032
38039
38040
38041
38042
38043
38044
38045
38046
38047
38048
38315
38316
38317
38318
38319
38320
38331
38332
38333
38334
38335
38336
38343
38344
38345
38346
38347
38348
38349
38350
38351
38352
38359
38360
38361
38362
38363
38364
38365
38366
38367
38368
38375
38376
38377
38378
38379
38380
38381
38382
38383
38384
38391
38392
38393
38394
38395
38396
38397
38398
38399
38400
38407
38408
38409
38410
38411
38412
38413
38414
38415
38416
38423
38424
38425
38426
38427
38428
38429
38430
38431
38432
38439
38440
38441
38442
38443
38444
38445
38446
38447
38448
38455
38456
38457
38458
38459
38460
38461
38462
38463
38464
38471
38472
38473
38474
38475
38476
38477
38478
38479
38480
38487
38488
38489
38490
38491
38492
38493
38494
38495
38496
38503
38504
38505
38506
38507
38508
38509
38510
38511
38512
38519
38520
38521
38522
38523
38524
38525
38526
38527
38528
38535
38536
38537
38538
38539
38540
38541
38542
38543
38544
38551
38552
38553
38554
38555
38556
38557
38558
38559
38560
38567
38568
38569
38570
38571
38572
38573
38574
38575
38576
38843
38844
38845
38846
38847
38848
38859
38860
38861
38862
38863
38864
38871
38872
38873
38874
38875
38876
38877
38878
38879
38880
38887
38888
38889
38890
38891
38892
38893
38894
38895
38896
38903
38904
38905
38906
38907
38908
38909
38910
38911
38912
38919
38920
38921
38922
38923
38924
38925
38926
38927
38928
38935
38936
38937
38938
38939
38940
38941
38942
38943
38944
38951
38952
38953
38954
38955
38956
38957
38958
38959
38960
38967
38968
38969
38970
38971
38972
38973
38974
38975
38976
38983
38984
38985
38986
38987
38988
38989
38990
38991
38992
38999
39000
39001
39002
39003
39004
39005
39006
39007
39008
39015
39016
39017
39018
39019
39020
39021
39022
39023
39024
39031
39032
39033
39034
39035
39036
39037
39038
39039
39040
39047
39048
39049
39050
39051
39052
39053
39054
39055
39056
39063
39064
39065
39066
39067
39068
39069
39070
39071
39072
39079
39080
39081
39082
39083
39084
39085
39086
39087
39088
39095
39096
39097
39098
39099
39100
39101
39102
39103
39104
42705
42706
42707
42708
42709
42710
42711
42712
42713
42714
42715
42716
42717
42718
42719
42720
42721
42722
42723
42729
42730
42731
42732
42733
42734
42735
42736
42737
42738
42739
42740
42741
42742
42743
42744
42745
42746
42747
42753
42754
42755
42756
42757
42758
42759
42760
42761
42762
42763
42764
42765
42766
42767
42768
42769
42770
42771
42777
42778
42779
42780
42781
42782
42783
42784
42785
42786
42787
42788
42789
42790
42791
42792
42793
42794
42795
42801
42802
42803
42804
42805
42806
42807
42808
42809
42810
42811
42812
42813
42814
42815
42816
42817
42818
42819
42825
42826
42827
42828
42829
42830
42831
42832
42833
42834
42835
42836
42837
42838
42839
42840
42841
42842
42843
42849
42850
42851
42852
42853
42854
42855
42856
42857
42858
42859
42860
42861
42862
42863
42864
42865
42866
42867
42873
42874
42875
42876
42877
42878
42879
42880
42881
42882
42883
42884
42885
42886
42887
42888
42889
42890
42891
42897
42898
42899
42900
42901
42902
42903
42904
42905
42906
42907
42908
42909
42910
42911
42912
42913
42914
42915
42921
42922
42923
42924
42925
42926
42927
42928
42929
42930
42931
42932
42933
42934
42935
42936
42937
42938
42939
42945
42946
42947
42948
42949
42950
42951
42952
42953
42954
42955
42956
42957
42958
42959
42960
42961
42962
42963
42969
42970
42971
42972
42973
42974
42975
42976
42977
42978
42979
42980
42981
42982
42983
42984
42985
42986
42987
42993
42994
42995
42996
42997
42998
42999
43000
43001
43002
43003
43004
43005
43006
43007
43008
43009
43010
43011
43017
43018
43019
43020
43021
43022
43023
43024
43025
43026
43027
43028
43029
43030
43031
43032
43033
43034
43035
43041
43042
43043
43044
43045
43046
43047
43048
43049
43050
43051
43052
43053
43054
43055
43056
43057
43058
43059
43497
43498
43499
43500
43501
43502
43503
43504
43505
43506
43507
43508
43509
43510
43511
43512
43513
43514
43515
43521
43522
43523
43524
43525
43526
43527
43528
43529
43530
43531
43532
43533
43534
43535
43536
43537
43538
43539
43545
43546
43547
43548
43549
43550
43551
43552
43553
43554
43555
43556
43557
43558
43559
43560
43561
43562
43563
43569
43570
43571
43572
43573
43574
43575
43576
43577
43578
43579
43580
43581
43582
43583
43584
43585
43586
43587
43593
43594
43595
43596
43597
43598
43599
43600
43601
43602
43603
43604
43605
43606
43607
43608
43609
43610
43611
43617
43618
43619
43620
43621
43622
43623
43624
43625
43626
43627
43628
43629
43630
43631
43632
43633
43634
43635
43641
43642
43643
43644
43645
43646
43647
43648
43649
43650
43651
43652
43653
43654
43655
43656
43657
43658
43659
43665
43666
43667
43668
43669
43670
43671
43672
43673
43674
43675
43676
43677
43678
43679
43680
43681
43682
43683
43689
43690
43691
43692
43693
43694
43695
43696
43697
43698
43699
43700
43701
43702
43703
43704
43705
43706
43707
43713
43714
43715
43716
43717
43718
43719
43720
43721
43722
43723
43724
43725
43726
43727
43728
43729
43730
43731
43737
43738
43739
43740
43741
43742
43743
43744
43745
43746
43747
43748
43749
43750
43751
43752
43753
43754
43755
43761
43762
43763
43764
43765
43766
43767
43768
43769
43770
43771
43772
43773
43774
43775
43776
43777
43778
43779
43785
43786
43787
43788
43789
43790
43791
43792
43793
43794
43795
43796
43797
43798
43799
43800
43801
43802
43803
43809
43810
43811
43812
43813
43814
43815
43816
43817
43818
43819
43820
43821
43822
43823
43824
43825
43826
43827
43833
43834
43835
43836
43837
43838
43839
43840
43841
43842
43843
43844
43845
43846
43847
43848
43849
43850
43851
44289
44290
44291
44292
44293
44294
44295
44296
44297
44298
44299
44300
44301
44302
44303
44304
44305
44306
44307
44313
44314
44315
44316
44317
44318
44319
44320
44321
44322
44323
44324
44325
44326
44327
44328
44329
44330
44331
44337
44338
44339
44340
44341
44342
44343
44344
44345
44346
44347
44348
44349
44350
44351
44352
44353
44354
44355
44361
44362
44363
44364
44365
44366
44367
44368
44369
44370
44371
44372
44373
44374
44375
44376
44377
44378
44379
44385
44386
44387
44388
44389
44390
44391
44392
44393
44394
44395
44396
44397
44398
44399
44400
44401
44402
44403
44409
44410
44411
44412
44413
44414
44415
44416
44417
44418
44419
44420
44421
44422
44423
44424
44425
44426
44427
44433
44434
44435
44436
44437
44438
44439
44440
44441
44442
44443
44444
44445
44446
44447
44448
44449
44450
44451
44457
44458
44459
44460
44461
44462
44463
44464
44465
44466
44467
44468
44469
44470
44471
44472
44473
44474
44475
44481
44482
44483
44484
44485
44486
44487
44488
44489
44490
44491
44492
44493
44494
44495
44496
44497
44498
44499
44505
44506
44507
44508
44509
44510
44511
44512
44513
44514
44515
44516
44517
44518
44519
44520
44521
44522
44523
44529
44530
44531
44532
44533
44534
44535
44536
44537
44538
44539
44540
44541
44542
44543
44544
44545
44546
44547
44553
44554
44555
44556
44557
44558
44559
44560
44561
44562
44563
44564
44565
44566
44567
44568
44569
44570
44571
44577
44578
44579
44580
44581
44582
44583
44584
44585
44586
44587
44588
44589
44590
44591
44592
44593
44594
44595
44601
44602
44603
44604
44605
44606
44607
44608
44609
44610
44611
44612
44613
44614
44615
44616
44617
44618
44619
44625
44626
44627
44628
44629
44630
44631
44632
44633
44634
44635
44636
44637
44638
44639
44640
44641
44642
44643
45081
45082
45083
45084
45085
45086
45087
45088
45089
45090
45091
45092
45093
45094
45095
45096
45097
45098
45099
45105
45106
45107
45108
45109
45110
45111
45112
45113
45114
45115
45116
45117
45118
45119
45120
45121
45122
45123
45129
45130
45131
45132
45133
45134
45135
45136
45137
45138
45139
45140
45141
45142
45143
45144
45145
45146
45147
45153
45154
45155
45156
45157
45158
45159
45160
45161
45162
45163
45164
45165
45166
45167
45168
45169
45170
45171
45177
45178
45179
45180
45181
45182
45183
45184
45185
45186
45187
45188
45189
45190
45191
45192
45193
45194
45195
45201
45202
45203
45204
45205
45206
45207
45208
45209
45210
45211
45212
45213
45214
45215
45216
45217
45218
45219
45225
45226
45227
45228
45229
45230
45231
45232
45233
45234
45235
45236
45237
45238
45239
45240
45241
45242
45243
45249
45250
45251
45252
45253
45254
45255
45256
45257
45258
45259
45260
45261
45262
45263
45264
45265
45266
45267
45273
45274
45275
45276
45277
45278
45279
45280
45281
45282
45283
45284
45285
45286
45287
45288
45289
45290
45291
45297
45298
45299
45300
45301
45302
45303
45304
45305
45306
45307
45308
45309
45310
45311
45312
45313
45314
45315
45321
45322
45323
45324
45325
45326
45327
45328
45329
45330
45331
45332
45333
45334
45335
45336
45337
45338
45339
45345
45346
45347
45348
45349
45350
45351
45352
45353
45354
45355
45356
45357
45358
45359
45360
45361
45362
45363
45369
45370
45371
45372
45373
45374
45375
45376
45377
45378
45379
45380
45381
45382
45383
45384
45385
45386
45387
45393
45394
45395
45396
45397
45398
45399
45400
45401
45402
45403
45404
45405
45406
45407
45408
45409
45410
45411
45417
45418
45419
45420
45421
45422
45423
45424
45425
45426
45427
45428
45429
45430
45431
45432
45433
45434
45435
45873
45874
45875
45876
45877
45878
45879
45880
45881
45882
45883
45884
45885
45886
45887
45888
45889
45890
45891
45897
45898
45899
45900
45901
45902
45903
45904
45905
45906
45907
45908
45909
45910
45911
45912
45913
45914
45915
45921
45922
45923
45924
45925
45926
45927
45928
45929
45930
45931
45932
45933
45934
45935
45936
45937
45938
45939
45945
45946
45947
45948
45949
45950
45951
45952
45953
45954
45955
45956
45957
45958
45959
45960
45961
45962
45963
45969
45970
45971
45972
45973
45974
45975
45976
45977
45978
45979
45980
45981
45982
45983
45984
45985
45986
45987
45993
45994
45995
45996
45997
45998
45999
46000
46001
46002
46003
46004
46005
46006
46007
46008
46009
46010
46011
46017
46018
46019
46020
46021
46022
46023
46024
46025
46026
46027
46028
46029
46030
46031
46032
46033
46034
46035
46041
46042
46043
46044
46045
46046
46047
46048
46049
46050
46051
46052
46053
46054
46055
46056
46057
46058
46059
46065
46066
46067
46068
46069
46070
46071
46072
46073
46074
46075
46076
46077
46078
46079
46080
46081
46082
46083
46089
46090
46091
46092
46093
46094
46095
46096
46097
46098
46099
46100
46101
46102
46103
46104
46105
46106
46107
46113
46114
46115
46116
46117
46118
46119
46120
46121
46122
46123
46124
46125
46126
46127
46128
46129
46130
46131
46137
46138
46139
46140
46141
46142
46143
46144
46145
46146
46147
46148
46149
46150
46151
46152
46153
46154
46155
46161
46162
46163
46164
46165
46166
46167
46168
46169
46170
46171
46172
46173
46174
46175
46176
46177
46178
46179
46185
46186
46187
46188
46189
46190
46191
46192
46193
46194
46195
46196
46197
46198
46199
46200
46201
46202
46203
46209
46210
46211
46212
46213
46214
46215
46216
46217
46218
46219
46220
46221
46222
46223
46224
46225
46226
46227
46665
46666
46667
46668
46669
46670
46671
46672
46673
46674
46675
46676
46677
46678
46679
46680
46681
46682
46683
46689
46690
46691
46692
46693
46694
46695
46696
46697
46698
46699
46700
46701
46702
46703
46704
46705
46706
46707
46713
46714
46715
46716
46717
46718
46719
46720
46721
46722
46723
46724
46725
46726
46727
46728
46729
46730
46731
46737
46738
46739
46740
46741
46742
46743
46744
46745
46746
46747
46748
46749
46750
46751
46752
46753
46754
46755
46761
46762
46763
46764
46765
46766
46767
46768
46769
46770
46771
46772
46773
46774
46775
46776
46777
46778
46779
46785
46786
46787
46788
46789
46790
46791
46792
46793
46794
46795
46796
46797
46798
46799
46800
46801
46802
46803
46809
46810
46811
46812
46813
46814
46815
46816
46817
46818
46819
46820
46821
46822
46823
46824
46825
46826
46827
46833
46834
46835
46836
46837
46838
46839
46840
46841
46842
46843
46844
46845
46846
46847
46848
46849
46850
46851
46857
46858
46859
46860
46861
46862
46863
46864
46865
46866
46867
46868
46869
46870
46871
46872
46873
46874
46875
46881
46882
46883
46884
46885
46886
46887
46888
46889
46890
46891
46892
46893
46894
46895
46896
46897
46898
46899
46905
46906
46907
46908
46909
46910
46911
46912
46913
46914
46915
46916
46917
46918
46919
46920
46921
46922
46923
46929
46930
46931
46932
46933
46934
46935
46936
46937
46938
46939
46940
46941
46942
46943
46944
46945
46946
46947
46953
46954
46955
46956
46957
46958
46959
46960
46961
46962
46963
46964
46965
46966
46967
46968
46969
46970
46971
46977
46978
46979
46980
46981
46982
46983
46984
46985
46986
46987
46988
46989
46990
46991
46992
46993
46994
46995
47001
47002
47003
47004
47005
47006
47007
47008
47009
47010
47011
47012
47013
47014
47015
47016
47017
47018
47019
47457
47458
47459
47460
47461
47462
47463
47464
47465
47466
47467
47468
47469
47470
47471
47472
47473
47474
47475
47481
47482
47483
47484
47485
47486
47487
47488
47489
47490
47491
47492
47493
47494
47495
47496
47497
47498
47499
47505
47506
47507
47508
47509
47510
47511
47512
47513
47514
47515
47516
47517
47518
47519
47520
47521
47522
47523
47529
47530
47531
47532
47533
47534
47535
47536
47537
47538
47539
47540
47541
47542
47543
47544
47545
47546
47547
47553
47554
47555
47556
47557
47558
47559
47560
47561
47562
47563
47564
47565
47566
47567
47568
47569
47570
47571
47577
47578
47579
47580
47581
47582
47583
47584
47585
47586
47587
47588
47589
47590
47591
47592
47593
47594
47595
47601
47602
47603
47604
47605
47606
47607
47608
47609
47610
47611
47612
47613
47614
47615
47616
47617
47618
47619
47625
47626
47627
47628
47629
47630
47631
47632
47633
47634
47635
47636
47637
47638
47639
47640
47641
47642
47643
47649
47650
47651
47652
47653
47654
47655
47656
47657
47658
47659
47660
47661
47662
47663
47664
47665
47666
47667
47673
47674
47675
47676
47677
47678
47679
47680
47681
47682
47683
47684
47685
47686
47687
47688
47689
47690
47691
47697
47698
47699
47700
47701
47702
47703
47704
47705
47706
47707
47708
47709
47710
47711
47712
47713
47714
47715
47721
47722
47723
47724
47725
47726
47727
47728
47729
47730
47731
47732
47733
47734
47735
47736
47737
47738
47739
47745
47746
47747
47748
47749
47750
47751
47752
47753
47754
47755
47756
47757
47758
47759
47760
47761
47762
47763
47769
47770
47771
47772
47773
47774
47775
47776
47777
47778
47779
47780
47781
47782
47783
47784
47785
47786
47787
47793
47794
47795
47796
47797
47798
47799
47800
47801
47802
47803
47804
47805
47806
47807
47808
47809
47810
47811
48249
48250
48251
48252
48253
48254
48255
48256
48257
48258
48259
48260
48261
48262
48263
48264
48265
48266
48267
48273
48274
48275
48276
48277
48278
48279
48280
48281
48282
48283
48284
48285
48286
48287
48288
48289
48290
48291
48297
48298
48299
48300
48301
48302
48303
48304
48305
48306
48307
48308
48309
48310
48311
48312
48313
48314
48315
48321
48322
48323
48324
48325
48326
48327
48328
48329
48330
48331
48332
48333
48334
48335
48336
48337
48338
48339
48345
48346
48347
48348
48349
48350
48351
48352
48353
48354
48355
48356
48357
48358
48359
48360
48361
48362
48363
48369
48370
48371
48372
48373
48374
48375
48376
48377
48378
48379
48380
48381
48382
48383
48384
48385
48386
48387
48393
48394
48395
48396
48397
48398
48399
48400
48401
48402
48403
48404
48405
48406
48407
48408
48409
48410
48411
48417
48418
48419
48420
48421
48422
48423
48424
48425
48426
48427
48428
48429
48430
48431
48432
48433
48434
48435
48441
48442
48443
48444
48445
48446
48447
48448
48449
48450
48451
48452
48453
48454
48455
48456
48457
48458
48459
48465
48466
48467
48468
48469
48470
48471
48472
48473
48474
48475
48476
48477
48478
48479
48480
48481
48482
48483
48489
48490
48491
48492
48493
48494
48495
48496
48497
48498
48499
48500
48501
48502
48503
48504
48505
48506
48507
48513
48514
48515
48516
48517
48518
48519
48520
48521
48522
48523
48524
48525
48526
48527
48528
48529
48530
48531
48537
48538
48539
48540
48541
48542
48543
48544
48545
48546
48547
48548
48549
48550
48551
48552
48553
48554
48555
48561
48562
48563
48564
48565
48566
48567
48568
48569
48570
48571
48572
48573
48574
48575
48576
48577
48578
48579
48585
48586
48587
48588
48589
48590
48591
48592
48593
48594
48595
48596
48597
48598
48599
48600
48601
48602
48603
49041
49042
49043
49044
49045
49046
49047
49048
49049
49050
49051
49052
49053
49054
49055
49056
49057
49058
49059
49065
49066
49067
49068
49069
49070
49071
49072
49073
49074
49075
49076
49077
49078
49079
49080
49081
49082
49083
49089
49090
49091
49092
49093
49094
49095
49096
49097
49098
49099
49100
49101
49102
49103
49104
49105
49106
49107
49113
49114
49115
49116
49117
49118
49119
49120
49121
49122
49123
49124
49125
49126
49127
49128
49129
49130
49131
49137
49138
49139
49140
49141
49142
49143
49144
49145
49146
49147
49148
49149
49150
49151
49152
49153
49154
49155
49161
49162
49163
49164
49165
49166
49167
49168
49169
49170
49171
49172
49173
49174
49175
49176
49177
49178
49179
49185
49186
49187
49188
49189
49190
49191
49192
49193
49194
49195
49196
49197
49198
49199
49200
49201
49202
49203
49209
49210
49211
49212
49213
49214
49215
49216
49217
49218
49219
49220
49221
49222
49223
49224
49225
49226
49227
49233
49234
49235
49236
49237
49238
49239
49240
49241
49242
49243
49244
49245
49246
49247
49248
49249
49250
49251
49257
49258
49259
49260
49261
49262
49263
49264
49265
49266
49267
49268
49269
49270
49271
49272
49273
49274
49275
49281
49282
49283
49284
49285
49286
49287
49288
49289
49290
49291
49292
49293
49294
49295
49296
49297
49298
49299
49305
49306
49307
49308
49309
49310
49311
49312
49313
49314
49315
49316
49317
49318
49319
49320
49321
49322
49323
49329
49330
49331
49332
49333
49334
49335
49336
49337
49338
49339
49340
49341
49342
49343
49344
49345
49346
49347
49353
49354
49355
49356
49357
49358
49359
49360
49361
49362
49363
49364
49365
49366
49367
49368
49369
49370
49371
49377
49378
49379
49380
49381
49382
49383
49384
49385
49386
49387
49388
49389
49390
49391
49392
49393
49394
49395
49833
49834
49835
49836
49837
49838
49839
49840
49841
49842
49843
49844
49845
49846
49847
49848
49849
49850
49851
49857
49858
49859
49860
49861
49862
49863
49864
49865
49866
49867
49868
49869
49870
49871
49872
49873
49874
49875
49881
49882
49883
49884
49885
49886
49887
49888
49889
49890
49891
49892
49893
49894
49895
49896
49897
49898
49899
49905
49906
49907
49908
49909
49910
49911
49912
49913
49914
49915
49916
49917
49918
49919
49920
49921
49922
49923
49929
49930
49931
49932
49933
49934
49935
49936
49937
49938
49939
49940
49941
49942
49943
49944
49945
49946
49947
49953
49954
49955
49956
49957
49958
49959
49960
49961
49962
49963
49964
49965
49966
49967
49968
49969
49970
49971
49977
49978
49979
49980
49981
49982
49983
49984
49985
49986
49987
49988
49989
49990
49991
49992
49993
49994
49995
50001
50002
50003
50004
50005
50006
50007
50008
50009
50010
50011
50012
50013
50014
50015
50016
50017
50018
50019
50025
50026
50027
50028
50029
50030
50031
50032
50033
50034
50035
50036
50037
50038
50039
50040
50041
50042
50043
50049
50050
50051
50052
50053
50054
50055
50056
50057
50058
50059
50060
50061
50062
50063
50064
50065
50066
50067
50073
50074
50075
50076
50077
50078
50079
50080
50081
50082
50083
50084
50085
50086
50087
50088
50089
50090
50091
50097
50098
50099
50100
50101
50102
50103
50104
50105
50106
50107
50108
50109
50110
50111
50112
50113
50114
50115
50121
50122
50123
50124
50125
50126
50127
50128
50129
50130
50131
50132
50133
50134
50135
50136
50137
50138
50139
50145
50146
50147
50148
50149
50150
50151
50152
50153
50154
50155
50156
50157
50158
50159
50160
50161
50162
50163
50169
50170
50171
50172
50173
50174
50175
50176
50177
50178
50179
50180
50181
50182
50183
50184
50185
50186
50187
50625
50626
50627
50628
50629
50630
50631
50632
50633
50634
50635
50636
50637
50638
50639
50640
50641
50642
50643
50649
50650
50651
50652
50653
50654
50655
50656
50657
50658
50659
50660
50661
50662
50663
50664
50665
50666
50667
50673
50674
50675
50676
50677
50678
50679
50680
50681
50682
50683
50684
50685
50686
50687
50688
50689
50690
50691
50697
50698
50699
50700
50701
50702
50703
50704
50705
50706
50707
50708
50709
50710
50711
50712
50713
50714
50715
50721
50722
50723
50724
50725
50726
50727
50728
50729
50730
50731
50732
50733
50734
50735
50736
50737
50738
50739
50745
50746
50747
50748
50749
50750
50751
50752
50753
50754
50755
50756
50757
50758
50759
50760
50761
50762
50763
50769
50770
50771
50772
50773
50774
50775
50776
50777
50778
50779
50780
50781
50782
50783
50784
50785
50786
50787
50793
50794
50795
50796
50797
50798
50799
50800
50801
50802
50803
50804
50805
50806
50807
50808
50809
50810
50811
50817
50818
50819
50820
50821
50822
50823
50824
50825
50826
50827
50828
50829
50830
50831
50832
50833
50834
50835
50841
50842
50843
50844
50845
50846
50847
50848
50849
50850
50851
50852
50853
50854
50855
50856
50857
50858
50859
50865
50866
50867
50868
50869
50870
50871
50872
50873
50874
50875
50876
50877
50878
50879
50880
50881
50882
50883
50889
50890
50891
50892
50893
50894
50895
50896
50897
50898
50899
50900
50901
50902
50903
50904
50905
50906
50907
50913
50914
50915
50916
50917
50918
50919
50920
50921
50922
50923
50924
50925
50926
50927
50928
50929
50930
50931
50937
50938
50939
50940
50941
50942
50943
50944
50945
50946
50947
50948
50949
50950
50951
50952
50953
50954
50955
50961
50962
50963
50964
50965
50966
50967
50968
50969
50970
50971
50972
50973
50974
50975
50976
50977
50978
50979
51369
51370
51371
51372
51373
51374
51375
51376
51377
51378
51379
51380
51381
51382
51383
51384
51393
51394
51395
51396
51397
51398
51399
51400
51401
51402
51403
51404
51405
51406
51407
51408
51409
51410
51411
51417
51418
51419
51420
51421
51422
51423
51424
51425
51426
51427
51428
51429
51430
51431
51432
51433
51434
51435
51441
51442
51443
51444
51445
51446
51447
51448
51449
51450
51451
51452
51453
51454
51455
51456
51457
51458
51459
51465
51466
51467
51468
51469
51470
51471
51472
51473
51474
51475
51476
51477
51478
51479
51480
51481
51482
51483
51489
51490
51491
51492
51493
51494
51495
51496
51497
51498
51499
51500
51501
51502
51503
51504
51505
51506
51507
51513
51514
51515
51516
51517
51518
51519
51520
51521
51522
51523
51524
51525
51526
51527
51528
51529
51530
51531
51537
51538
51539
51540
51541
51542
51543
51544
51545
51546
51547
51548
51549
51550
51551
51552
51553
51554
51555
51561
51562
51563
51564
51565
51566
51567
51568
51569
51570
51571
51572
51573
51574
51575
51576
51577
51578
51579
51585
51586
51587
51588
51589
51590
51591
51592
51593
51594
51595
51596
51597
51598
51599
51600
51601
51602
51603
51609
51610
51611
51612
51613
51614
51615
51616
51617
51618
51619
51620
51621
51622
51623
51624
51625
51626
51627
51633
51634
51635
51636
51637
51638
51639
51640
51641
51642
51643
51644
51645
51646
51647
51648
51649
51650
51651
51657
51658
51659
51660
51661
51662
51663
51664
51665
51666
51667
51668
51669
51670
51671
51672
51673
51674
51675
51681
51682
51683
51684
51685
51686
51687
51688
51689
51690
51691
51692
51693
51694
51695
51696
51697
51698
51699
51705
51706
51707
51708
51709
51710
51711
51712
51713
51714
51715
51716
51717
51718
51719
51720
51721
51722
51723
51729
51730
51731
51732
51733
51734
51735
51736
51737
51738
51739
51740
51741
51742
51743
51744
51745
51746
51747
51753
51754
51755
51756
51757
51758
51759
51760
51761
51762
51763
51764
51765
51766
51767
51768
51769
51770
51771
52161
52162
52163
52164
52165
52166
52167
52168
52169
52170
52171
52172
52173
52174
52175
52176
52185
52186
52187
52188
52189
52190
52191
52192
52193
52194
52195
52196
52197
52198
52199
52200
52201
52202
52203
52209
52210
52211
52212
52213
52214
52215
52216
52217
52218
52219
52220
52221
52222
52223
52224
52225
52226
52227
52233
52234
52235
52236
52237
52238
52239
52240
52241
52242
52243
52244
52245
52246
52247
52248
52249
52250
52251
52257
52258
52259
52260
52261
52262
52263
52264
52265
52266
52267
52268
52269
52270
52271
52272
52273
52274
52275
52281
52282
52283
52284
52285
52286
52287
52288
52289
52290
52291
52292
52293
52294
52295
52296
52297
52298
52299
52305
52306
52307
52308
52309
52310
52311
52312
52313
52314
52315
52316
52317
52318
52319
52320
52321
52322
52323
52329
52330
52331
52332
52333
52334
52335
52336
52337
52338
52339
52340
52341
52342
52343
52344
52345
52346
52347
52353
52354
52355
52356
52357
52358
52359
52360
52361
52362
52363
52364
52365
52366
52367
52368
52369
52370
52371
52377
52378
52379
52380
52381
52382
52383
52384
52385
52386
52387
52388
52389
52390
52391
52392
52393
52394
52395
52401
52402
52403
52404
52405
52406
52407
52408
52409
52410
52411
52412
52413
52414
52415
52416
52417
52418
52419
52425
52426
52427
52428
52429
52430
52431
52432
52433
52434
52435
52436
52437
52438
52439
52440
52441
52442
52443
52449
52450
52451
52452
52453
52454
52455
52456
52457
52458
52459
52460
52461
52462
52463
52464
52465
52466
52467
52473
52474
52475
52476
52477
52478
52479
52480
52481
52482
52483
52484
52485
52486
52487
52488
52489
52490
52491
52497
52498
52499
52500
52501
52502
52503
52504
52505
52506
52507
52508
52509
52510
52511
52512
52513
52514
52515
52521
52522
52523
52524
52525
52526
52527
52528
52529
52530
52531
52532
52533
52534
52535
52536
52537
52538
52539
52545
52546
52547
52548
52549
52550
52551
52552
52553
52554
52555
52556
52557
52558
52559
52560
52561
52562
52563
52953
52954
52955
52956
52957
52958
52959
52960
52961
52962
52963
52964
52965
52966
52967
52968
52977
52978
52979
52980
52981
52982
52983
52984
52985
52986
52987
52988
52989
52990
52991
52992
52993
52994
52995
53001
53002
53003
53004
53005
53006
53007
53008
53009
53010
53011
53012
53013
53014
53015
53016
53017
53018
53019
53025
53026
53027
53028
53029
53030
53031
53032
53033
53034
53035
53036
53037
53038
53039
53040
53041
53042
53043
53049
53050
53051
53052
53053
53054
53055
53056
53057
53058
53059
53060
53061
53062
53063
53064
53065
53066
53067
53073
53074
53075
53076
53077
53078
53079
53080
53081
53082
53083
53084
53085
53086
53087
53088
53089
53090
53091
53097
53098
53099
53100
53101
53102
53103
53104
53105
53106
53107
53108
53109
53110
53111
53112
53113
53114
53115
53121
53122
53123
53124
53125
53126
53127
53128
53129
53130
53131
53132
53133
53134
53135
53136
53137
53138
53139
53145
53146
53147
53148
53149
53150
53151
53152
53153
53154
53155
53156
53157
53158
53159
53160
53161
53162
53163
53169
53170
53171
53172
53173
53174
53175
53176
53177
53178
53179
53180
53181
53182
53183
53184
53185
53186
53187
53193
53194
53195
53196
53197
53198
53199
53200
53201
53202
53203
53204
53205
53206
53207
53208
53209
53210
53211
53217
53218
53219
53220
53221
53222
53223
53224
53225
53226
53227
53228
53229
53230
53231
53232
53233
53234
53235
53241
53242
53243
53244
53245
53246
53247
53248
53249
53250
53251
53252
53253
53254
53255
53256
53257
53258
53259
53265
53266
53267
53268
53269
53270
53271
53272
53273
53274
53275
53276
53277
53278
53279
53280
53281
53282
53283
53289
53290
53291
53292
53293
53294
53295
53296
53297
53298
53299
53300
53301
53302
53303
53304
53305
53306
53307
53313
53314
53315
53316
53317
53318
53319
53320
53321
53322
53323
53324
53325
53326
53327
53328
53329
53330
53331
53337
53338
53339
53340
53341
53342
53343
53344
53345
53346
53347
53348
53349
53350
53351
53352
53353
53354
53355
53745
53746
53747
53748
53749
53750
53751
53752
53753
53754
53755
53756
53757
53758
53759
53760
53769
53770
53771
53772
53773
53774
53775
53776
53777
53778
53779
53780
53781
53782
53783
53784
53785
53786
53787
53793
53794
53795
53796
53797
53798
53799
53800
53801
53802
53803
53804
53805
53806
53807
53808
53809
53810
53811
53817
53818
53819
53820
53821
53822
53823
53824
53825
53826
53827
53828
53829
53830
53831
53832
53833
53834
53835
53841
53842
53843
53844
53845
53846
53847
53848
53849
53850
53851
53852
53853
53854
53855
53856
53857
53858
53859
53865
53866
53867
53868
53869
53870
53871
53872
53873
53874
53875
53876
53877
53878
53879
53880
53881
53882
53883
53889
53890
53891
53892
53893
53894
53895
53896
53897
53898
53899
53900
53901
53902
53903
53904
53905
53906
53907
53913
53914
53915
53916
53917
53918
53919
53920
53921
53922
53923
53924
53925
53926
53927
53928
53929
53930
53931
53937
53938
53939
53940
53941
53942
53943
53944
53945
53946
53947
53948
53949
53950
53951
53952
53953
53954
53955
53961
53962
53963
53964
53965
53966
53967
53968
53969
53970
53971
53972
53973
53974
53975
53976
53977
53978
53979
53985
53986
53987
53988
53989
53990
53991
53992
53993
53994
53995
53996
53997
53998
53999
54000
54001
54002
54003
54009
54010
54011
54012
54013
54014
54015
54016
54017
54018
54019
54020
54021
54022
54023
54024
54025
54026
54027
54033
54034
54035
54036
54037
54038
54039
54040
54041
54042
54043
54044
54045
54046
54047
54048
54049
54050
54051
54057
54058
54059
54060
54061
54062
54063
54064
54065
54066
54067
54068
54069
54070
54071
54072
54073
54074
54075
54081
54082
54083
54084
54085
54086
54087
54088
54089
54090
54091
54092
54093
54094
54095
54096
54097
54098
54099
54105
54106
54107
54108
54109
54110
54111
54112
54113
54114
54115
54116
54117
54118
54119
54120
54121
54122
54123
54129
54130
54131
54132
54133
54134
54135
54136
54137
54138
54139
54140
54141
54142
54143
54144
54145
54146
54147
)


// ************************************************************************* //
