/*--------------------------------*- C++ -*----------------------------------*\
| =========                 |                                                 |
| \\      /  F ield         | OpenFOAM: The Open Source CFD Toolbox           |
|  \\    /   O peration     | Version:  2406                                  |
|   \\  /    A nd           | Website:  www.openfoam.com                      |
|    \\/     M anipulation  |                                                 |
\*---------------------------------------------------------------------------*/
FoamFile
{
    version     2.0;
    format      ascii;
    arch        "LSB;label=32;scalar=64";
    note        "nPoints:6474  nCells:5420  nFaces:17256  nInternalFaces:15264";
    class       labelList;
    location    "constant/polyMesh";
    object      neighbour;
}
// * * * * * * * * * * * * * * * * * * * * * * * * * * * * * * * * * * * * * //


15264
(
1
5
70
2
6
71
3
7
72
4
8
73
9
74
915
6
10
75
7
11
76
8
12
77
9
13
78
14
79
935
11
15
80
12
16
81
13
17
82
14
18
83
19
84
955
16
20
85
17
21
86
18
22
87
19
23
88
24
89
975
21
25
90
22
26
91
23
27
92
24
28
93
29
94
995
26
30
95
27
31
96
28
32
97
29
33
98
34
99
1015
31
35
100
32
36
101
33
37
102
34
38
103
39
104
1035
36
40
105
37
41
106
38
42
107
39
43
108
44
109
1055
41
45
110
42
46
111
43
47
112
44
48
113
49
114
1075
46
50
115
47
51
116
48
52
117
49
53
118
54
119
1095
51
55
120
52
56
121
53
57
122
54
58
123
59
124
1115
56
60
125
57
61
126
58
62
127
59
63
128
64
129
1135
61
65
130
62
66
131
63
67
132
64
68
133
69
134
1155
66
135
67
136
68
137
69
138
139
1175
71
75
140
72
76
141
73
77
142
74
78
143
79
144
1195
76
80
145
77
81
146
78
82
147
79
83
148
84
149
1215
81
85
150
82
86
151
83
87
152
84
88
153
89
154
1235
86
90
155
87
91
156
88
92
157
89
93
158
94
159
1255
91
95
160
92
96
161
93
97
162
94
98
163
99
164
1275
96
100
165
97
101
166
98
102
167
99
103
168
104
169
1295
101
105
170
102
106
171
103
107
172
104
108
173
109
174
1315
106
110
175
107
111
176
108
112
177
109
113
178
114
179
1335
111
115
180
112
116
181
113
117
182
114
118
183
119
184
1355
116
120
185
117
121
186
118
122
187
119
123
188
124
189
1375
121
125
190
122
126
191
123
127
192
124
128
193
129
194
1395
126
130
195
127
131
196
128
132
197
129
133
198
134
199
1415
131
135
200
132
136
201
133
137
202
134
138
203
139
204
1435
136
205
137
206
138
207
139
208
209
1455
141
145
210
142
146
211
143
147
212
144
148
213
149
214
1475
146
150
215
147
151
216
148
152
217
149
153
218
154
219
1495
151
155
220
152
156
221
153
157
222
154
158
223
159
224
1515
156
160
225
157
161
226
158
162
227
159
163
228
164
229
1535
161
165
230
162
166
231
163
167
232
164
168
233
169
234
1555
166
170
235
167
171
236
168
172
237
169
173
238
174
239
1575
171
175
240
172
176
241
173
177
242
174
178
243
179
244
1595
176
180
245
177
181
246
178
182
247
179
183
248
184
249
1615
181
185
250
182
186
251
183
187
252
184
188
253
189
254
1635
186
190
255
187
191
256
188
192
257
189
193
258
194
259
1655
191
195
260
192
196
261
193
197
262
194
198
263
199
264
1675
196
200
265
197
201
266
198
202
267
199
203
268
204
269
1695
201
205
270
202
206
271
203
207
272
204
208
273
209
274
1715
206
275
207
276
208
277
209
278
279
1735
211
215
280
212
216
281
213
217
282
214
218
283
219
284
1755
216
220
285
217
221
286
218
222
287
219
223
288
224
289
1775
221
225
290
222
226
291
223
227
292
224
228
293
229
294
1795
226
230
295
227
231
296
228
232
297
229
233
298
234
299
1815
231
235
300
232
236
301
233
237
302
234
238
303
239
304
1835
236
240
305
237
241
306
238
242
307
239
243
308
244
309
1855
241
245
310
242
246
311
243
247
312
244
248
313
249
314
1875
246
250
315
247
251
316
248
252
317
249
253
318
254
319
1895
251
255
320
252
256
321
253
257
322
254
258
323
259
324
1915
256
260
325
257
261
326
258
262
327
259
263
328
264
329
1935
261
265
330
262
266
331
263
267
332
264
268
333
269
334
1955
266
270
335
267
271
336
268
272
337
269
273
338
274
339
1975
271
275
340
272
276
341
273
277
342
274
278
343
279
344
1995
276
345
277
346
278
347
279
348
349
2015
281
285
350
282
286
351
283
287
352
284
288
353
289
354
2035
286
290
355
287
291
356
288
292
357
289
293
358
294
359
2055
291
295
360
292
296
361
293
297
362
294
298
363
299
364
2075
296
300
365
297
301
366
298
302
367
299
303
368
304
369
2095
301
305
370
302
306
371
303
307
372
304
308
373
309
374
2115
306
310
375
307
311
376
308
312
377
309
313
378
314
379
2135
311
315
380
312
316
381
313
317
382
314
318
383
319
384
2155
316
320
385
317
321
386
318
322
387
319
323
388
324
389
2175
321
325
390
322
326
391
323
327
392
324
328
393
329
394
2195
326
330
395
327
331
396
328
332
397
329
333
398
334
399
2215
331
335
400
332
336
401
333
337
402
334
338
403
339
404
2235
336
340
405
337
341
406
338
342
407
339
343
408
344
409
2255
341
345
410
342
346
411
343
347
412
344
348
413
349
414
2275
346
415
347
416
348
417
349
418
419
2295
351
355
420
352
356
421
353
357
422
354
358
423
359
424
2315
356
360
425
357
361
426
358
362
427
359
363
428
364
429
2335
361
365
430
362
366
431
363
367
432
364
368
433
369
434
2355
366
370
435
367
371
436
368
372
437
369
373
438
374
439
2375
371
375
440
372
376
441
373
377
442
374
378
443
379
444
2395
376
380
445
377
381
446
378
382
447
379
383
448
384
449
2415
381
385
450
382
386
451
383
387
452
384
388
453
389
454
2435
386
390
455
387
391
456
388
392
457
389
393
458
394
459
2455
391
395
460
392
396
461
393
397
462
394
398
463
399
464
2475
396
400
465
397
401
466
398
402
467
399
403
468
404
469
2495
401
405
470
402
406
471
403
407
472
404
408
473
409
474
2515
406
410
475
407
411
476
408
412
477
409
413
478
414
479
2535
411
415
480
412
416
481
413
417
482
414
418
483
419
484
2555
416
485
417
486
418
487
419
488
489
2575
421
425
495
422
426
496
423
427
497
424
428
498
429
499
2595
426
430
500
427
431
501
428
432
502
429
433
503
434
504
2615
431
435
505
432
436
506
433
437
507
434
438
508
439
509
2635
436
440
510
437
441
511
438
442
512
439
443
513
444
514
2655
441
445
515
442
446
516
443
447
517
444
448
518
449
519
2675
446
450
520
447
451
521
448
452
522
449
453
523
454
524
2695
451
455
525
452
456
526
453
457
527
454
458
528
459
529
2715
456
460
530
457
461
531
458
462
532
459
463
533
464
534
2735
461
465
535
462
466
536
463
467
537
464
468
538
469
539
2755
466
470
540
467
471
541
468
472
542
469
473
543
474
544
2775
471
475
545
472
476
546
473
477
547
474
478
548
479
549
2795
476
480
550
477
481
551
478
482
552
479
483
553
484
554
2815
481
485
555
482
486
556
483
487
557
484
488
558
489
559
2835
486
490
560
487
491
561
488
492
562
489
493
563
494
564
2855
491
565
492
566
493
567
494
568
569
2875
496
500
570
497
501
571
498
502
572
499
503
573
504
574
2895
501
505
575
502
506
576
503
507
577
504
508
578
509
579
2915
506
510
580
507
511
581
508
512
582
509
513
583
514
584
2935
511
515
585
512
516
586
513
517
587
514
518
588
519
589
2955
516
520
590
517
521
591
518
522
592
519
523
593
524
594
2975
521
525
595
522
526
596
523
527
597
524
528
598
529
599
2995
526
530
600
527
531
601
528
532
602
529
533
603
534
604
3015
531
535
605
532
536
606
533
537
607
534
538
608
539
609
3035
536
540
610
537
541
611
538
542
612
539
543
613
544
614
3055
541
545
615
542
546
616
543
547
617
544
548
618
549
619
3075
546
550
620
547
551
621
548
552
622
549
553
623
554
624
3095
551
555
625
552
556
626
553
557
627
554
558
628
559
629
3115
556
560
630
557
561
631
558
562
632
559
563
633
564
634
3135
561
565
635
562
566
636
563
567
637
564
568
638
569
639
3155
566
640
567
641
568
642
569
643
644
3175
571
575
645
572
576
646
573
577
647
574
578
648
579
649
3195
576
580
650
577
581
651
578
582
652
579
583
653
584
654
3215
581
585
655
582
586
656
583
587
657
584
588
658
589
659
3235
586
590
660
587
591
661
588
592
662
589
593
663
594
664
3255
591
595
665
592
596
666
593
597
667
594
598
668
599
669
3275
596
600
670
597
601
671
598
602
672
599
603
673
604
674
3295
601
605
675
602
606
676
603
607
677
604
608
678
609
679
3315
606
610
680
607
611
681
608
612
682
609
613
683
614
684
3335
611
615
685
612
616
686
613
617
687
614
618
688
619
689
3355
616
620
690
617
621
691
618
622
692
619
623
693
624
694
3375
621
625
695
622
626
696
623
627
697
624
628
698
629
699
3395
626
630
700
627
631
701
628
632
702
629
633
703
634
704
3415
631
635
705
632
636
706
633
637
707
634
638
708
639
709
3435
636
640
710
637
641
711
638
642
712
639
643
713
644
714
3455
641
715
642
716
643
717
644
718
719
3475
646
650
720
647
651
721
648
652
722
649
653
723
654
724
3495
651
655
725
652
656
726
653
657
727
654
658
728
659
729
3515
656
660
730
657
661
731
658
662
732
659
663
733
664
734
3535
661
665
735
662
666
736
663
667
737
664
668
738
669
739
3555
666
670
740
667
671
741
668
672
742
669
673
743
674
744
3575
671
675
745
672
676
746
673
677
747
674
678
748
679
749
3595
676
680
750
677
681
751
678
682
752
679
683
753
684
754
3615
681
685
755
682
686
756
683
687
757
684
688
758
689
759
3635
686
690
760
687
691
761
688
692
762
689
693
763
694
764
3655
691
695
765
692
696
766
693
697
767
694
698
768
699
769
3675
696
700
770
697
701
771
698
702
772
699
703
773
704
774
3695
701
705
775
702
706
776
703
707
777
704
708
778
709
779
3715
706
710
780
707
711
781
708
712
782
709
713
783
714
784
3735
711
715
785
712
716
786
713
717
787
714
718
788
719
789
3755
716
790
717
791
718
792
719
793
794
3775
721
725
795
722
726
796
723
727
797
724
728
798
729
799
3795
726
730
800
727
731
801
728
732
802
729
733
803
734
804
3815
731
735
805
732
736
806
733
737
807
734
738
808
739
809
3835
736
740
810
737
741
811
738
742
812
739
743
813
744
814
3855
741
745
815
742
746
816
743
747
817
744
748
818
749
819
3875
746
750
820
747
751
821
748
752
822
749
753
823
754
824
3895
751
755
825
752
756
826
753
757
827
754
758
828
759
829
3915
756
760
830
757
761
831
758
762
832
759
763
833
764
834
3935
761
765
835
762
766
836
763
767
837
764
768
838
769
839
3955
766
770
840
767
771
841
768
772
842
769
773
843
774
844
3975
771
775
845
772
776
846
773
777
847
774
778
848
779
849
3995
776
780
850
777
781
851
778
782
852
779
783
853
784
854
4015
781
785
855
782
786
856
783
787
857
784
788
858
789
859
4035
786
790
860
787
791
861
788
792
862
789
793
863
794
864
4055
791
865
792
866
793
867
794
868
869
4075
796
800
797
801
798
802
870
799
803
871
804
872
4099
801
805
802
806
803
807
873
804
808
874
809
875
4119
806
810
807
811
808
812
876
809
813
877
814
878
4139
811
815
812
816
813
817
879
814
818
880
819
881
4159
816
820
817
821
818
822
882
819
823
883
824
884
4179
821
825
822
826
823
827
885
824
828
886
829
887
4199
826
830
827
831
828
832
888
829
833
889
834
890
4219
831
835
832
836
833
837
891
834
838
892
839
893
4239
836
840
837
841
838
842
894
839
843
895
844
896
4259
841
845
842
846
843
847
897
844
848
898
849
899
4279
846
850
847
851
848
852
900
849
853
901
854
902
4299
851
855
852
856
853
857
903
854
858
904
859
905
4319
856
860
857
861
858
862
906
859
863
907
864
908
4339
861
865
862
866
863
867
909
864
868
910
869
911
4359
866
867
868
912
869
913
914
4379
871
873
872
874
875
4408
874
876
875
877
878
4428
877
879
878
880
881
4448
880
882
881
883
884
4468
883
885
884
886
887
4488
886
888
887
889
890
4508
889
891
890
892
893
4528
892
894
893
895
896
4548
895
897
896
898
899
4568
898
900
899
901
902
4588
901
903
902
904
905
4608
904
906
905
907
908
4628
907
909
908
910
911
4648
910
912
911
913
914
4668
913
914
4688
916
935
1195
917
936
1196
918
937
1197
919
938
1198
920
939
1199
921
940
1200
922
941
1201
923
942
1202
924
943
1203
925
944
1204
926
945
1205
927
946
1206
928
947
1207
929
948
1208
930
949
1209
931
950
1210
932
951
1211
933
952
1212
934
953
1213
954
1214
936
955
1215
937
956
1216
938
957
1217
939
958
1218
940
959
1219
941
960
1220
942
961
1221
943
962
1222
944
963
1223
945
964
1224
946
965
1225
947
966
1226
948
967
1227
949
968
1228
950
969
1229
951
970
1230
952
971
1231
953
972
1232
954
973
1233
974
1234
956
975
1235
957
976
1236
958
977
1237
959
978
1238
960
979
1239
961
980
1240
962
981
1241
963
982
1242
964
983
1243
965
984
1244
966
985
1245
967
986
1246
968
987
1247
969
988
1248
970
989
1249
971
990
1250
972
991
1251
973
992
1252
974
993
1253
994
1254
976
995
1255
977
996
1256
978
997
1257
979
998
1258
980
999
1259
981
1000
1260
982
1001
1261
983
1002
1262
984
1003
1263
985
1004
1264
986
1005
1265
987
1006
1266
988
1007
1267
989
1008
1268
990
1009
1269
991
1010
1270
992
1011
1271
993
1012
1272
994
1013
1273
1014
1274
996
1015
1275
997
1016
1276
998
1017
1277
999
1018
1278
1000
1019
1279
1001
1020
1280
1002
1021
1281
1003
1022
1282
1004
1023
1283
1005
1024
1284
1006
1025
1285
1007
1026
1286
1008
1027
1287
1009
1028
1288
1010
1029
1289
1011
1030
1290
1012
1031
1291
1013
1032
1292
1014
1033
1293
1034
1294
1016
1035
1295
1017
1036
1296
1018
1037
1297
1019
1038
1298
1020
1039
1299
1021
1040
1300
1022
1041
1301
1023
1042
1302
1024
1043
1303
1025
1044
1304
1026
1045
1305
1027
1046
1306
1028
1047
1307
1029
1048
1308
1030
1049
1309
1031
1050
1310
1032
1051
1311
1033
1052
1312
1034
1053
1313
1054
1314
1036
1055
1315
1037
1056
1316
1038
1057
1317
1039
1058
1318
1040
1059
1319
1041
1060
1320
1042
1061
1321
1043
1062
1322
1044
1063
1323
1045
1064
1324
1046
1065
1325
1047
1066
1326
1048
1067
1327
1049
1068
1328
1050
1069
1329
1051
1070
1330
1052
1071
1331
1053
1072
1332
1054
1073
1333
1074
1334
1056
1075
1335
1057
1076
1336
1058
1077
1337
1059
1078
1338
1060
1079
1339
1061
1080
1340
1062
1081
1341
1063
1082
1342
1064
1083
1343
1065
1084
1344
1066
1085
1345
1067
1086
1346
1068
1087
1347
1069
1088
1348
1070
1089
1349
1071
1090
1350
1072
1091
1351
1073
1092
1352
1074
1093
1353
1094
1354
1076
1095
1355
1077
1096
1356
1078
1097
1357
1079
1098
1358
1080
1099
1359
1081
1100
1360
1082
1101
1361
1083
1102
1362
1084
1103
1363
1085
1104
1364
1086
1105
1365
1087
1106
1366
1088
1107
1367
1089
1108
1368
1090
1109
1369
1091
1110
1370
1092
1111
1371
1093
1112
1372
1094
1113
1373
1114
1374
1096
1115
1375
1097
1116
1376
1098
1117
1377
1099
1118
1378
1100
1119
1379
1101
1120
1380
1102
1121
1381
1103
1122
1382
1104
1123
1383
1105
1124
1384
1106
1125
1385
1107
1126
1386
1108
1127
1387
1109
1128
1388
1110
1129
1389
1111
1130
1390
1112
1131
1391
1113
1132
1392
1114
1133
1393
1134
1394
1116
1135
1395
1117
1136
1396
1118
1137
1397
1119
1138
1398
1120
1139
1399
1121
1140
1400
1122
1141
1401
1123
1142
1402
1124
1143
1403
1125
1144
1404
1126
1145
1405
1127
1146
1406
1128
1147
1407
1129
1148
1408
1130
1149
1409
1131
1150
1410
1132
1151
1411
1133
1152
1412
1134
1153
1413
1154
1414
1136
1155
1415
1137
1156
1416
1138
1157
1417
1139
1158
1418
1140
1159
1419
1141
1160
1420
1142
1161
1421
1143
1162
1422
1144
1163
1423
1145
1164
1424
1146
1165
1425
1147
1166
1426
1148
1167
1427
1149
1168
1428
1150
1169
1429
1151
1170
1430
1152
1171
1431
1153
1172
1432
1154
1173
1433
1174
1434
1156
1175
1435
1157
1176
1436
1158
1177
1437
1159
1178
1438
1160
1179
1439
1161
1180
1440
1162
1181
1441
1163
1182
1442
1164
1183
1443
1165
1184
1444
1166
1185
1445
1167
1186
1446
1168
1187
1447
1169
1188
1448
1170
1189
1449
1171
1190
1450
1172
1191
1451
1173
1192
1452
1174
1193
1453
1194
1454
1176
1455
1177
1456
1178
1457
1179
1458
1180
1459
1181
1460
1182
1461
1183
1462
1184
1463
1185
1464
1186
1465
1187
1466
1188
1467
1189
1468
1190
1469
1191
1470
1192
1471
1193
1472
1194
1473
1474
1196
1215
1475
1197
1216
1476
1198
1217
1477
1199
1218
1478
1200
1219
1479
1201
1220
1480
1202
1221
1481
1203
1222
1482
1204
1223
1483
1205
1224
1484
1206
1225
1485
1207
1226
1486
1208
1227
1487
1209
1228
1488
1210
1229
1489
1211
1230
1490
1212
1231
1491
1213
1232
1492
1214
1233
1493
1234
1494
1216
1235
1495
1217
1236
1496
1218
1237
1497
1219
1238
1498
1220
1239
1499
1221
1240
1500
1222
1241
1501
1223
1242
1502
1224
1243
1503
1225
1244
1504
1226
1245
1505
1227
1246
1506
1228
1247
1507
1229
1248
1508
1230
1249
1509
1231
1250
1510
1232
1251
1511
1233
1252
1512
1234
1253
1513
1254
1514
1236
1255
1515
1237
1256
1516
1238
1257
1517
1239
1258
1518
1240
1259
1519
1241
1260
1520
1242
1261
1521
1243
1262
1522
1244
1263
1523
1245
1264
1524
1246
1265
1525
1247
1266
1526
1248
1267
1527
1249
1268
1528
1250
1269
1529
1251
1270
1530
1252
1271
1531
1253
1272
1532
1254
1273
1533
1274
1534
1256
1275
1535
1257
1276
1536
1258
1277
1537
1259
1278
1538
1260
1279
1539
1261
1280
1540
1262
1281
1541
1263
1282
1542
1264
1283
1543
1265
1284
1544
1266
1285
1545
1267
1286
1546
1268
1287
1547
1269
1288
1548
1270
1289
1549
1271
1290
1550
1272
1291
1551
1273
1292
1552
1274
1293
1553
1294
1554
1276
1295
1555
1277
1296
1556
1278
1297
1557
1279
1298
1558
1280
1299
1559
1281
1300
1560
1282
1301
1561
1283
1302
1562
1284
1303
1563
1285
1304
1564
1286
1305
1565
1287
1306
1566
1288
1307
1567
1289
1308
1568
1290
1309
1569
1291
1310
1570
1292
1311
1571
1293
1312
1572
1294
1313
1573
1314
1574
1296
1315
1575
1297
1316
1576
1298
1317
1577
1299
1318
1578
1300
1319
1579
1301
1320
1580
1302
1321
1581
1303
1322
1582
1304
1323
1583
1305
1324
1584
1306
1325
1585
1307
1326
1586
1308
1327
1587
1309
1328
1588
1310
1329
1589
1311
1330
1590
1312
1331
1591
1313
1332
1592
1314
1333
1593
1334
1594
1316
1335
1595
1317
1336
1596
1318
1337
1597
1319
1338
1598
1320
1339
1599
1321
1340
1600
1322
1341
1601
1323
1342
1602
1324
1343
1603
1325
1344
1604
1326
1345
1605
1327
1346
1606
1328
1347
1607
1329
1348
1608
1330
1349
1609
1331
1350
1610
1332
1351
1611
1333
1352
1612
1334
1353
1613
1354
1614
1336
1355
1615
1337
1356
1616
1338
1357
1617
1339
1358
1618
1340
1359
1619
1341
1360
1620
1342
1361
1621
1343
1362
1622
1344
1363
1623
1345
1364
1624
1346
1365
1625
1347
1366
1626
1348
1367
1627
1349
1368
1628
1350
1369
1629
1351
1370
1630
1352
1371
1631
1353
1372
1632
1354
1373
1633
1374
1634
1356
1375
1635
1357
1376
1636
1358
1377
1637
1359
1378
1638
1360
1379
1639
1361
1380
1640
1362
1381
1641
1363
1382
1642
1364
1383
1643
1365
1384
1644
1366
1385
1645
1367
1386
1646
1368
1387
1647
1369
1388
1648
1370
1389
1649
1371
1390
1650
1372
1391
1651
1373
1392
1652
1374
1393
1653
1394
1654
1376
1395
1655
1377
1396
1656
1378
1397
1657
1379
1398
1658
1380
1399
1659
1381
1400
1660
1382
1401
1661
1383
1402
1662
1384
1403
1663
1385
1404
1664
1386
1405
1665
1387
1406
1666
1388
1407
1667
1389
1408
1668
1390
1409
1669
1391
1410
1670
1392
1411
1671
1393
1412
1672
1394
1413
1673
1414
1674
1396
1415
1675
1397
1416
1676
1398
1417
1677
1399
1418
1678
1400
1419
1679
1401
1420
1680
1402
1421
1681
1403
1422
1682
1404
1423
1683
1405
1424
1684
1406
1425
1685
1407
1426
1686
1408
1427
1687
1409
1428
1688
1410
1429
1689
1411
1430
1690
1412
1431
1691
1413
1432
1692
1414
1433
1693
1434
1694
1416
1435
1695
1417
1436
1696
1418
1437
1697
1419
1438
1698
1420
1439
1699
1421
1440
1700
1422
1441
1701
1423
1442
1702
1424
1443
1703
1425
1444
1704
1426
1445
1705
1427
1446
1706
1428
1447
1707
1429
1448
1708
1430
1449
1709
1431
1450
1710
1432
1451
1711
1433
1452
1712
1434
1453
1713
1454
1714
1436
1455
1715
1437
1456
1716
1438
1457
1717
1439
1458
1718
1440
1459
1719
1441
1460
1720
1442
1461
1721
1443
1462
1722
1444
1463
1723
1445
1464
1724
1446
1465
1725
1447
1466
1726
1448
1467
1727
1449
1468
1728
1450
1469
1729
1451
1470
1730
1452
1471
1731
1453
1472
1732
1454
1473
1733
1474
1734
1456
1735
1457
1736
1458
1737
1459
1738
1460
1739
1461
1740
1462
1741
1463
1742
1464
1743
1465
1744
1466
1745
1467
1746
1468
1747
1469
1748
1470
1749
1471
1750
1472
1751
1473
1752
1474
1753
1754
1476
1495
1755
1477
1496
1756
1478
1497
1757
1479
1498
1758
1480
1499
1759
1481
1500
1760
1482
1501
1761
1483
1502
1762
1484
1503
1763
1485
1504
1764
1486
1505
1765
1487
1506
1766
1488
1507
1767
1489
1508
1768
1490
1509
1769
1491
1510
1770
1492
1511
1771
1493
1512
1772
1494
1513
1773
1514
1774
1496
1515
1775
1497
1516
1776
1498
1517
1777
1499
1518
1778
1500
1519
1779
1501
1520
1780
1502
1521
1781
1503
1522
1782
1504
1523
1783
1505
1524
1784
1506
1525
1785
1507
1526
1786
1508
1527
1787
1509
1528
1788
1510
1529
1789
1511
1530
1790
1512
1531
1791
1513
1532
1792
1514
1533
1793
1534
1794
1516
1535
1795
1517
1536
1796
1518
1537
1797
1519
1538
1798
1520
1539
1799
1521
1540
1800
1522
1541
1801
1523
1542
1802
1524
1543
1803
1525
1544
1804
1526
1545
1805
1527
1546
1806
1528
1547
1807
1529
1548
1808
1530
1549
1809
1531
1550
1810
1532
1551
1811
1533
1552
1812
1534
1553
1813
1554
1814
1536
1555
1815
1537
1556
1816
1538
1557
1817
1539
1558
1818
1540
1559
1819
1541
1560
1820
1542
1561
1821
1543
1562
1822
1544
1563
1823
1545
1564
1824
1546
1565
1825
1547
1566
1826
1548
1567
1827
1549
1568
1828
1550
1569
1829
1551
1570
1830
1552
1571
1831
1553
1572
1832
1554
1573
1833
1574
1834
1556
1575
1835
1557
1576
1836
1558
1577
1837
1559
1578
1838
1560
1579
1839
1561
1580
1840
1562
1581
1841
1563
1582
1842
1564
1583
1843
1565
1584
1844
1566
1585
1845
1567
1586
1846
1568
1587
1847
1569
1588
1848
1570
1589
1849
1571
1590
1850
1572
1591
1851
1573
1592
1852
1574
1593
1853
1594
1854
1576
1595
1855
1577
1596
1856
1578
1597
1857
1579
1598
1858
1580
1599
1859
1581
1600
1860
1582
1601
1861
1583
1602
1862
1584
1603
1863
1585
1604
1864
1586
1605
1865
1587
1606
1866
1588
1607
1867
1589
1608
1868
1590
1609
1869
1591
1610
1870
1592
1611
1871
1593
1612
1872
1594
1613
1873
1614
1874
1596
1615
1875
1597
1616
1876
1598
1617
1877
1599
1618
1878
1600
1619
1879
1601
1620
1880
1602
1621
1881
1603
1622
1882
1604
1623
1883
1605
1624
1884
1606
1625
1885
1607
1626
1886
1608
1627
1887
1609
1628
1888
1610
1629
1889
1611
1630
1890
1612
1631
1891
1613
1632
1892
1614
1633
1893
1634
1894
1616
1635
1895
1617
1636
1896
1618
1637
1897
1619
1638
1898
1620
1639
1899
1621
1640
1900
1622
1641
1901
1623
1642
1902
1624
1643
1903
1625
1644
1904
1626
1645
1905
1627
1646
1906
1628
1647
1907
1629
1648
1908
1630
1649
1909
1631
1650
1910
1632
1651
1911
1633
1652
1912
1634
1653
1913
1654
1914
1636
1655
1915
1637
1656
1916
1638
1657
1917
1639
1658
1918
1640
1659
1919
1641
1660
1920
1642
1661
1921
1643
1662
1922
1644
1663
1923
1645
1664
1924
1646
1665
1925
1647
1666
1926
1648
1667
1927
1649
1668
1928
1650
1669
1929
1651
1670
1930
1652
1671
1931
1653
1672
1932
1654
1673
1933
1674
1934
1656
1675
1935
1657
1676
1936
1658
1677
1937
1659
1678
1938
1660
1679
1939
1661
1680
1940
1662
1681
1941
1663
1682
1942
1664
1683
1943
1665
1684
1944
1666
1685
1945
1667
1686
1946
1668
1687
1947
1669
1688
1948
1670
1689
1949
1671
1690
1950
1672
1691
1951
1673
1692
1952
1674
1693
1953
1694
1954
1676
1695
1955
1677
1696
1956
1678
1697
1957
1679
1698
1958
1680
1699
1959
1681
1700
1960
1682
1701
1961
1683
1702
1962
1684
1703
1963
1685
1704
1964
1686
1705
1965
1687
1706
1966
1688
1707
1967
1689
1708
1968
1690
1709
1969
1691
1710
1970
1692
1711
1971
1693
1712
1972
1694
1713
1973
1714
1974
1696
1715
1975
1697
1716
1976
1698
1717
1977
1699
1718
1978
1700
1719
1979
1701
1720
1980
1702
1721
1981
1703
1722
1982
1704
1723
1983
1705
1724
1984
1706
1725
1985
1707
1726
1986
1708
1727
1987
1709
1728
1988
1710
1729
1989
1711
1730
1990
1712
1731
1991
1713
1732
1992
1714
1733
1993
1734
1994
1716
1735
1995
1717
1736
1996
1718
1737
1997
1719
1738
1998
1720
1739
1999
1721
1740
2000
1722
1741
2001
1723
1742
2002
1724
1743
2003
1725
1744
2004
1726
1745
2005
1727
1746
2006
1728
1747
2007
1729
1748
2008
1730
1749
2009
1731
1750
2010
1732
1751
2011
1733
1752
2012
1734
1753
2013
1754
2014
1736
2015
1737
2016
1738
2017
1739
2018
1740
2019
1741
2020
1742
2021
1743
2022
1744
2023
1745
2024
1746
2025
1747
2026
1748
2027
1749
2028
1750
2029
1751
2030
1752
2031
1753
2032
1754
2033
2034
1756
1775
2035
1757
1776
2036
1758
1777
2037
1759
1778
2038
1760
1779
2039
1761
1780
2040
1762
1781
2041
1763
1782
2042
1764
1783
2043
1765
1784
2044
1766
1785
2045
1767
1786
2046
1768
1787
2047
1769
1788
2048
1770
1789
2049
1771
1790
2050
1772
1791
2051
1773
1792
2052
1774
1793
2053
1794
2054
1776
1795
2055
1777
1796
2056
1778
1797
2057
1779
1798
2058
1780
1799
2059
1781
1800
2060
1782
1801
2061
1783
1802
2062
1784
1803
2063
1785
1804
2064
1786
1805
2065
1787
1806
2066
1788
1807
2067
1789
1808
2068
1790
1809
2069
1791
1810
2070
1792
1811
2071
1793
1812
2072
1794
1813
2073
1814
2074
1796
1815
2075
1797
1816
2076
1798
1817
2077
1799
1818
2078
1800
1819
2079
1801
1820
2080
1802
1821
2081
1803
1822
2082
1804
1823
2083
1805
1824
2084
1806
1825
2085
1807
1826
2086
1808
1827
2087
1809
1828
2088
1810
1829
2089
1811
1830
2090
1812
1831
2091
1813
1832
2092
1814
1833
2093
1834
2094
1816
1835
2095
1817
1836
2096
1818
1837
2097
1819
1838
2098
1820
1839
2099
1821
1840
2100
1822
1841
2101
1823
1842
2102
1824
1843
2103
1825
1844
2104
1826
1845
2105
1827
1846
2106
1828
1847
2107
1829
1848
2108
1830
1849
2109
1831
1850
2110
1832
1851
2111
1833
1852
2112
1834
1853
2113
1854
2114
1836
1855
2115
1837
1856
2116
1838
1857
2117
1839
1858
2118
1840
1859
2119
1841
1860
2120
1842
1861
2121
1843
1862
2122
1844
1863
2123
1845
1864
2124
1846
1865
2125
1847
1866
2126
1848
1867
2127
1849
1868
2128
1850
1869
2129
1851
1870
2130
1852
1871
2131
1853
1872
2132
1854
1873
2133
1874
2134
1856
1875
2135
1857
1876
2136
1858
1877
2137
1859
1878
2138
1860
1879
2139
1861
1880
2140
1862
1881
2141
1863
1882
2142
1864
1883
2143
1865
1884
2144
1866
1885
2145
1867
1886
2146
1868
1887
2147
1869
1888
2148
1870
1889
2149
1871
1890
2150
1872
1891
2151
1873
1892
2152
1874
1893
2153
1894
2154
1876
1895
2155
1877
1896
2156
1878
1897
2157
1879
1898
2158
1880
1899
2159
1881
1900
2160
1882
1901
2161
1883
1902
2162
1884
1903
2163
1885
1904
2164
1886
1905
2165
1887
1906
2166
1888
1907
2167
1889
1908
2168
1890
1909
2169
1891
1910
2170
1892
1911
2171
1893
1912
2172
1894
1913
2173
1914
2174
1896
1915
2175
1897
1916
2176
1898
1917
2177
1899
1918
2178
1900
1919
2179
1901
1920
2180
1902
1921
2181
1903
1922
2182
1904
1923
2183
1905
1924
2184
1906
1925
2185
1907
1926
2186
1908
1927
2187
1909
1928
2188
1910
1929
2189
1911
1930
2190
1912
1931
2191
1913
1932
2192
1914
1933
2193
1934
2194
1916
1935
2195
1917
1936
2196
1918
1937
2197
1919
1938
2198
1920
1939
2199
1921
1940
2200
1922
1941
2201
1923
1942
2202
1924
1943
2203
1925
1944
2204
1926
1945
2205
1927
1946
2206
1928
1947
2207
1929
1948
2208
1930
1949
2209
1931
1950
2210
1932
1951
2211
1933
1952
2212
1934
1953
2213
1954
2214
1936
1955
2215
1937
1956
2216
1938
1957
2217
1939
1958
2218
1940
1959
2219
1941
1960
2220
1942
1961
2221
1943
1962
2222
1944
1963
2223
1945
1964
2224
1946
1965
2225
1947
1966
2226
1948
1967
2227
1949
1968
2228
1950
1969
2229
1951
1970
2230
1952
1971
2231
1953
1972
2232
1954
1973
2233
1974
2234
1956
1975
2235
1957
1976
2236
1958
1977
2237
1959
1978
2238
1960
1979
2239
1961
1980
2240
1962
1981
2241
1963
1982
2242
1964
1983
2243
1965
1984
2244
1966
1985
2245
1967
1986
2246
1968
1987
2247
1969
1988
2248
1970
1989
2249
1971
1990
2250
1972
1991
2251
1973
1992
2252
1974
1993
2253
1994
2254
1976
1995
2255
1977
1996
2256
1978
1997
2257
1979
1998
2258
1980
1999
2259
1981
2000
2260
1982
2001
2261
1983
2002
2262
1984
2003
2263
1985
2004
2264
1986
2005
2265
1987
2006
2266
1988
2007
2267
1989
2008
2268
1990
2009
2269
1991
2010
2270
1992
2011
2271
1993
2012
2272
1994
2013
2273
2014
2274
1996
2015
2275
1997
2016
2276
1998
2017
2277
1999
2018
2278
2000
2019
2279
2001
2020
2280
2002
2021
2281
2003
2022
2282
2004
2023
2283
2005
2024
2284
2006
2025
2285
2007
2026
2286
2008
2027
2287
2009
2028
2288
2010
2029
2289
2011
2030
2290
2012
2031
2291
2013
2032
2292
2014
2033
2293
2034
2294
2016
2295
2017
2296
2018
2297
2019
2298
2020
2299
2021
2300
2022
2301
2023
2302
2024
2303
2025
2304
2026
2305
2027
2306
2028
2307
2029
2308
2030
2309
2031
2310
2032
2311
2033
2312
2034
2313
2314
2036
2055
2315
2037
2056
2316
2038
2057
2317
2039
2058
2318
2040
2059
2319
2041
2060
2320
2042
2061
2321
2043
2062
2322
2044
2063
2323
2045
2064
2324
2046
2065
2325
2047
2066
2326
2048
2067
2327
2049
2068
2328
2050
2069
2329
2051
2070
2330
2052
2071
2331
2053
2072
2332
2054
2073
2333
2074
2334
2056
2075
2335
2057
2076
2336
2058
2077
2337
2059
2078
2338
2060
2079
2339
2061
2080
2340
2062
2081
2341
2063
2082
2342
2064
2083
2343
2065
2084
2344
2066
2085
2345
2067
2086
2346
2068
2087
2347
2069
2088
2348
2070
2089
2349
2071
2090
2350
2072
2091
2351
2073
2092
2352
2074
2093
2353
2094
2354
2076
2095
2355
2077
2096
2356
2078
2097
2357
2079
2098
2358
2080
2099
2359
2081
2100
2360
2082
2101
2361
2083
2102
2362
2084
2103
2363
2085
2104
2364
2086
2105
2365
2087
2106
2366
2088
2107
2367
2089
2108
2368
2090
2109
2369
2091
2110
2370
2092
2111
2371
2093
2112
2372
2094
2113
2373
2114
2374
2096
2115
2375
2097
2116
2376
2098
2117
2377
2099
2118
2378
2100
2119
2379
2101
2120
2380
2102
2121
2381
2103
2122
2382
2104
2123
2383
2105
2124
2384
2106
2125
2385
2107
2126
2386
2108
2127
2387
2109
2128
2388
2110
2129
2389
2111
2130
2390
2112
2131
2391
2113
2132
2392
2114
2133
2393
2134
2394
2116
2135
2395
2117
2136
2396
2118
2137
2397
2119
2138
2398
2120
2139
2399
2121
2140
2400
2122
2141
2401
2123
2142
2402
2124
2143
2403
2125
2144
2404
2126
2145
2405
2127
2146
2406
2128
2147
2407
2129
2148
2408
2130
2149
2409
2131
2150
2410
2132
2151
2411
2133
2152
2412
2134
2153
2413
2154
2414
2136
2155
2415
2137
2156
2416
2138
2157
2417
2139
2158
2418
2140
2159
2419
2141
2160
2420
2142
2161
2421
2143
2162
2422
2144
2163
2423
2145
2164
2424
2146
2165
2425
2147
2166
2426
2148
2167
2427
2149
2168
2428
2150
2169
2429
2151
2170
2430
2152
2171
2431
2153
2172
2432
2154
2173
2433
2174
2434
2156
2175
2435
2157
2176
2436
2158
2177
2437
2159
2178
2438
2160
2179
2439
2161
2180
2440
2162
2181
2441
2163
2182
2442
2164
2183
2443
2165
2184
2444
2166
2185
2445
2167
2186
2446
2168
2187
2447
2169
2188
2448
2170
2189
2449
2171
2190
2450
2172
2191
2451
2173
2192
2452
2174
2193
2453
2194
2454
2176
2195
2455
2177
2196
2456
2178
2197
2457
2179
2198
2458
2180
2199
2459
2181
2200
2460
2182
2201
2461
2183
2202
2462
2184
2203
2463
2185
2204
2464
2186
2205
2465
2187
2206
2466
2188
2207
2467
2189
2208
2468
2190
2209
2469
2191
2210
2470
2192
2211
2471
2193
2212
2472
2194
2213
2473
2214
2474
2196
2215
2475
2197
2216
2476
2198
2217
2477
2199
2218
2478
2200
2219
2479
2201
2220
2480
2202
2221
2481
2203
2222
2482
2204
2223
2483
2205
2224
2484
2206
2225
2485
2207
2226
2486
2208
2227
2487
2209
2228
2488
2210
2229
2489
2211
2230
2490
2212
2231
2491
2213
2232
2492
2214
2233
2493
2234
2494
2216
2235
2495
2217
2236
2496
2218
2237
2497
2219
2238
2498
2220
2239
2499
2221
2240
2500
2222
2241
2501
2223
2242
2502
2224
2243
2503
2225
2244
2504
2226
2245
2505
2227
2246
2506
2228
2247
2507
2229
2248
2508
2230
2249
2509
2231
2250
2510
2232
2251
2511
2233
2252
2512
2234
2253
2513
2254
2514
2236
2255
2515
2237
2256
2516
2238
2257
2517
2239
2258
2518
2240
2259
2519
2241
2260
2520
2242
2261
2521
2243
2262
2522
2244
2263
2523
2245
2264
2524
2246
2265
2525
2247
2266
2526
2248
2267
2527
2249
2268
2528
2250
2269
2529
2251
2270
2530
2252
2271
2531
2253
2272
2532
2254
2273
2533
2274
2534
2256
2275
2535
2257
2276
2536
2258
2277
2537
2259
2278
2538
2260
2279
2539
2261
2280
2540
2262
2281
2541
2263
2282
2542
2264
2283
2543
2265
2284
2544
2266
2285
2545
2267
2286
2546
2268
2287
2547
2269
2288
2548
2270
2289
2549
2271
2290
2550
2272
2291
2551
2273
2292
2552
2274
2293
2553
2294
2554
2276
2295
2555
2277
2296
2556
2278
2297
2557
2279
2298
2558
2280
2299
2559
2281
2300
2560
2282
2301
2561
2283
2302
2562
2284
2303
2563
2285
2304
2564
2286
2305
2565
2287
2306
2566
2288
2307
2567
2289
2308
2568
2290
2309
2569
2291
2310
2570
2292
2311
2571
2293
2312
2572
2294
2313
2573
2314
2574
2296
2575
2297
2576
2298
2577
2299
2578
2300
2579
2301
2580
2302
2581
2303
2582
2304
2583
2305
2584
2306
2585
2307
2586
2308
2587
2309
2588
2310
2589
2311
2590
2312
2591
2313
2592
2314
2593
2594
2316
2335
2595
2317
2336
2596
2318
2337
2597
2319
2338
2598
2320
2339
2599
2321
2340
2600
2322
2341
2601
2323
2342
2602
2324
2343
2603
2325
2344
2604
2326
2345
2605
2327
2346
2606
2328
2347
2607
2329
2348
2608
2330
2349
2609
2331
2350
2610
2332
2351
2611
2333
2352
2612
2334
2353
2613
2354
2614
2336
2355
2615
2337
2356
2616
2338
2357
2617
2339
2358
2618
2340
2359
2619
2341
2360
2620
2342
2361
2621
2343
2362
2622
2344
2363
2623
2345
2364
2624
2346
2365
2625
2347
2366
2626
2348
2367
2627
2349
2368
2628
2350
2369
2629
2351
2370
2630
2352
2371
2631
2353
2372
2632
2354
2373
2633
2374
2634
2356
2375
2635
2357
2376
2636
2358
2377
2637
2359
2378
2638
2360
2379
2639
2361
2380
2640
2362
2381
2641
2363
2382
2642
2364
2383
2643
2365
2384
2644
2366
2385
2645
2367
2386
2646
2368
2387
2647
2369
2388
2648
2370
2389
2649
2371
2390
2650
2372
2391
2651
2373
2392
2652
2374
2393
2653
2394
2654
2376
2395
2655
2377
2396
2656
2378
2397
2657
2379
2398
2658
2380
2399
2659
2381
2400
2660
2382
2401
2661
2383
2402
2662
2384
2403
2663
2385
2404
2664
2386
2405
2665
2387
2406
2666
2388
2407
2667
2389
2408
2668
2390
2409
2669
2391
2410
2670
2392
2411
2671
2393
2412
2672
2394
2413
2673
2414
2674
2396
2415
2675
2397
2416
2676
2398
2417
2677
2399
2418
2678
2400
2419
2679
2401
2420
2680
2402
2421
2681
2403
2422
2682
2404
2423
2683
2405
2424
2684
2406
2425
2685
2407
2426
2686
2408
2427
2687
2409
2428
2688
2410
2429
2689
2411
2430
2690
2412
2431
2691
2413
2432
2692
2414
2433
2693
2434
2694
2416
2435
2695
2417
2436
2696
2418
2437
2697
2419
2438
2698
2420
2439
2699
2421
2440
2700
2422
2441
2701
2423
2442
2702
2424
2443
2703
2425
2444
2704
2426
2445
2705
2427
2446
2706
2428
2447
2707
2429
2448
2708
2430
2449
2709
2431
2450
2710
2432
2451
2711
2433
2452
2712
2434
2453
2713
2454
2714
2436
2455
2715
2437
2456
2716
2438
2457
2717
2439
2458
2718
2440
2459
2719
2441
2460
2720
2442
2461
2721
2443
2462
2722
2444
2463
2723
2445
2464
2724
2446
2465
2725
2447
2466
2726
2448
2467
2727
2449
2468
2728
2450
2469
2729
2451
2470
2730
2452
2471
2731
2453
2472
2732
2454
2473
2733
2474
2734
2456
2475
2735
2457
2476
2736
2458
2477
2737
2459
2478
2738
2460
2479
2739
2461
2480
2740
2462
2481
2741
2463
2482
2742
2464
2483
2743
2465
2484
2744
2466
2485
2745
2467
2486
2746
2468
2487
2747
2469
2488
2748
2470
2489
2749
2471
2490
2750
2472
2491
2751
2473
2492
2752
2474
2493
2753
2494
2754
2476
2495
2755
2477
2496
2756
2478
2497
2757
2479
2498
2758
2480
2499
2759
2481
2500
2760
2482
2501
2761
2483
2502
2762
2484
2503
2763
2485
2504
2764
2486
2505
2765
2487
2506
2766
2488
2507
2767
2489
2508
2768
2490
2509
2769
2491
2510
2770
2492
2511
2771
2493
2512
2772
2494
2513
2773
2514
2774
2496
2515
2775
2497
2516
2776
2498
2517
2777
2499
2518
2778
2500
2519
2779
2501
2520
2780
2502
2521
2781
2503
2522
2782
2504
2523
2783
2505
2524
2784
2506
2525
2785
2507
2526
2786
2508
2527
2787
2509
2528
2788
2510
2529
2789
2511
2530
2790
2512
2531
2791
2513
2532
2792
2514
2533
2793
2534
2794
2516
2535
2795
2517
2536
2796
2518
2537
2797
2519
2538
2798
2520
2539
2799
2521
2540
2800
2522
2541
2801
2523
2542
2802
2524
2543
2803
2525
2544
2804
2526
2545
2805
2527
2546
2806
2528
2547
2807
2529
2548
2808
2530
2549
2809
2531
2550
2810
2532
2551
2811
2533
2552
2812
2534
2553
2813
2554
2814
2536
2555
2815
2537
2556
2816
2538
2557
2817
2539
2558
2818
2540
2559
2819
2541
2560
2820
2542
2561
2821
2543
2562
2822
2544
2563
2823
2545
2564
2824
2546
2565
2825
2547
2566
2826
2548
2567
2827
2549
2568
2828
2550
2569
2829
2551
2570
2830
2552
2571
2831
2553
2572
2832
2554
2573
2833
2574
2834
2556
2575
2835
2557
2576
2836
2558
2577
2837
2559
2578
2838
2560
2579
2839
2561
2580
2840
2562
2581
2841
2563
2582
2842
2564
2583
2843
2565
2584
2844
2566
2585
2845
2567
2586
2846
2568
2587
2847
2569
2588
2848
2570
2589
2849
2571
2590
2850
2572
2591
2851
2573
2592
2852
2574
2593
2853
2594
2854
2576
2855
2577
2856
2578
2857
2579
2858
2580
2859
2581
2860
2582
2861
2583
2862
2584
2863
2585
2864
2586
2865
2587
2866
2588
2867
2589
2868
2590
2869
2591
2870
2592
2871
2593
2872
2594
2873
2874
2596
2615
2895
2597
2616
2896
2598
2617
2897
2599
2618
2898
2600
2619
2899
2601
2620
2900
2602
2621
2901
2603
2622
2902
2604
2623
2903
2605
2624
2904
2606
2625
2905
2607
2626
2906
2608
2627
2907
2609
2628
2908
2610
2629
2909
2611
2630
2910
2612
2631
2911
2613
2632
2912
2614
2633
2913
2634
2914
2616
2635
2915
2617
2636
2916
2618
2637
2917
2619
2638
2918
2620
2639
2919
2621
2640
2920
2622
2641
2921
2623
2642
2922
2624
2643
2923
2625
2644
2924
2626
2645
2925
2627
2646
2926
2628
2647
2927
2629
2648
2928
2630
2649
2929
2631
2650
2930
2632
2651
2931
2633
2652
2932
2634
2653
2933
2654
2934
2636
2655
2935
2637
2656
2936
2638
2657
2937
2639
2658
2938
2640
2659
2939
2641
2660
2940
2642
2661
2941
2643
2662
2942
2644
2663
2943
2645
2664
2944
2646
2665
2945
2647
2666
2946
2648
2667
2947
2649
2668
2948
2650
2669
2949
2651
2670
2950
2652
2671
2951
2653
2672
2952
2654
2673
2953
2674
2954
2656
2675
2955
2657
2676
2956
2658
2677
2957
2659
2678
2958
2660
2679
2959
2661
2680
2960
2662
2681
2961
2663
2682
2962
2664
2683
2963
2665
2684
2964
2666
2685
2965
2667
2686
2966
2668
2687
2967
2669
2688
2968
2670
2689
2969
2671
2690
2970
2672
2691
2971
2673
2692
2972
2674
2693
2973
2694
2974
2676
2695
2975
2677
2696
2976
2678
2697
2977
2679
2698
2978
2680
2699
2979
2681
2700
2980
2682
2701
2981
2683
2702
2982
2684
2703
2983
2685
2704
2984
2686
2705
2985
2687
2706
2986
2688
2707
2987
2689
2708
2988
2690
2709
2989
2691
2710
2990
2692
2711
2991
2693
2712
2992
2694
2713
2993
2714
2994
2696
2715
2995
2697
2716
2996
2698
2717
2997
2699
2718
2998
2700
2719
2999
2701
2720
3000
2702
2721
3001
2703
2722
3002
2704
2723
3003
2705
2724
3004
2706
2725
3005
2707
2726
3006
2708
2727
3007
2709
2728
3008
2710
2729
3009
2711
2730
3010
2712
2731
3011
2713
2732
3012
2714
2733
3013
2734
3014
2716
2735
3015
2717
2736
3016
2718
2737
3017
2719
2738
3018
2720
2739
3019
2721
2740
3020
2722
2741
3021
2723
2742
3022
2724
2743
3023
2725
2744
3024
2726
2745
3025
2727
2746
3026
2728
2747
3027
2729
2748
3028
2730
2749
3029
2731
2750
3030
2732
2751
3031
2733
2752
3032
2734
2753
3033
2754
3034
2736
2755
3035
2737
2756
3036
2738
2757
3037
2739
2758
3038
2740
2759
3039
2741
2760
3040
2742
2761
3041
2743
2762
3042
2744
2763
3043
2745
2764
3044
2746
2765
3045
2747
2766
3046
2748
2767
3047
2749
2768
3048
2750
2769
3049
2751
2770
3050
2752
2771
3051
2753
2772
3052
2754
2773
3053
2774
3054
2756
2775
3055
2757
2776
3056
2758
2777
3057
2759
2778
3058
2760
2779
3059
2761
2780
3060
2762
2781
3061
2763
2782
3062
2764
2783
3063
2765
2784
3064
2766
2785
3065
2767
2786
3066
2768
2787
3067
2769
2788
3068
2770
2789
3069
2771
2790
3070
2772
2791
3071
2773
2792
3072
2774
2793
3073
2794
3074
2776
2795
3075
2777
2796
3076
2778
2797
3077
2779
2798
3078
2780
2799
3079
2781
2800
3080
2782
2801
3081
2783
2802
3082
2784
2803
3083
2785
2804
3084
2786
2805
3085
2787
2806
3086
2788
2807
3087
2789
2808
3088
2790
2809
3089
2791
2810
3090
2792
2811
3091
2793
2812
3092
2794
2813
3093
2814
3094
2796
2815
3095
2797
2816
3096
2798
2817
3097
2799
2818
3098
2800
2819
3099
2801
2820
3100
2802
2821
3101
2803
2822
3102
2804
2823
3103
2805
2824
3104
2806
2825
3105
2807
2826
3106
2808
2827
3107
2809
2828
3108
2810
2829
3109
2811
2830
3110
2812
2831
3111
2813
2832
3112
2814
2833
3113
2834
3114
2816
2835
3115
2817
2836
3116
2818
2837
3117
2819
2838
3118
2820
2839
3119
2821
2840
3120
2822
2841
3121
2823
2842
3122
2824
2843
3123
2825
2844
3124
2826
2845
3125
2827
2846
3126
2828
2847
3127
2829
2848
3128
2830
2849
3129
2831
2850
3130
2832
2851
3131
2833
2852
3132
2834
2853
3133
2854
3134
2836
2855
3135
2837
2856
3136
2838
2857
3137
2839
2858
3138
2840
2859
3139
2841
2860
3140
2842
2861
3141
2843
2862
3142
2844
2863
3143
2845
2864
3144
2846
2865
3145
2847
2866
3146
2848
2867
3147
2849
2868
3148
2850
2869
3149
2851
2870
3150
2852
2871
3151
2853
2872
3152
2854
2873
3153
2874
3154
2856
2875
3155
2857
2876
3156
2858
2877
3157
2859
2878
3158
2860
2879
3159
2861
2880
3160
2862
2881
3161
2863
2882
3162
2864
2883
3163
2865
2884
3164
2866
2885
3165
2867
2886
3166
2868
2887
3167
2869
2888
3168
2870
2889
3169
2871
2890
3170
2872
2891
3171
2873
2892
3172
2874
2893
3173
2894
3174
2876
3175
2877
3176
2878
3177
2879
3178
2880
3179
2881
3180
2882
3181
2883
3182
2884
3183
2885
3184
2886
3185
2887
3186
2888
3187
2889
3188
2890
3189
2891
3190
2892
3191
2893
3192
2894
3193
3194
2896
2915
3195
2897
2916
3196
2898
2917
3197
2899
2918
3198
2900
2919
3199
2901
2920
3200
2902
2921
3201
2903
2922
3202
2904
2923
3203
2905
2924
3204
2906
2925
3205
2907
2926
3206
2908
2927
3207
2909
2928
3208
2910
2929
3209
2911
2930
3210
2912
2931
3211
2913
2932
3212
2914
2933
3213
2934
3214
2916
2935
3215
2917
2936
3216
2918
2937
3217
2919
2938
3218
2920
2939
3219
2921
2940
3220
2922
2941
3221
2923
2942
3222
2924
2943
3223
2925
2944
3224
2926
2945
3225
2927
2946
3226
2928
2947
3227
2929
2948
3228
2930
2949
3229
2931
2950
3230
2932
2951
3231
2933
2952
3232
2934
2953
3233
2954
3234
2936
2955
3235
2937
2956
3236
2938
2957
3237
2939
2958
3238
2940
2959
3239
2941
2960
3240
2942
2961
3241
2943
2962
3242
2944
2963
3243
2945
2964
3244
2946
2965
3245
2947
2966
3246
2948
2967
3247
2949
2968
3248
2950
2969
3249
2951
2970
3250
2952
2971
3251
2953
2972
3252
2954
2973
3253
2974
3254
2956
2975
3255
2957
2976
3256
2958
2977
3257
2959
2978
3258
2960
2979
3259
2961
2980
3260
2962
2981
3261
2963
2982
3262
2964
2983
3263
2965
2984
3264
2966
2985
3265
2967
2986
3266
2968
2987
3267
2969
2988
3268
2970
2989
3269
2971
2990
3270
2972
2991
3271
2973
2992
3272
2974
2993
3273
2994
3274
2976
2995
3275
2977
2996
3276
2978
2997
3277
2979
2998
3278
2980
2999
3279
2981
3000
3280
2982
3001
3281
2983
3002
3282
2984
3003
3283
2985
3004
3284
2986
3005
3285
2987
3006
3286
2988
3007
3287
2989
3008
3288
2990
3009
3289
2991
3010
3290
2992
3011
3291
2993
3012
3292
2994
3013
3293
3014
3294
2996
3015
3295
2997
3016
3296
2998
3017
3297
2999
3018
3298
3000
3019
3299
3001
3020
3300
3002
3021
3301
3003
3022
3302
3004
3023
3303
3005
3024
3304
3006
3025
3305
3007
3026
3306
3008
3027
3307
3009
3028
3308
3010
3029
3309
3011
3030
3310
3012
3031
3311
3013
3032
3312
3014
3033
3313
3034
3314
3016
3035
3315
3017
3036
3316
3018
3037
3317
3019
3038
3318
3020
3039
3319
3021
3040
3320
3022
3041
3321
3023
3042
3322
3024
3043
3323
3025
3044
3324
3026
3045
3325
3027
3046
3326
3028
3047
3327
3029
3048
3328
3030
3049
3329
3031
3050
3330
3032
3051
3331
3033
3052
3332
3034
3053
3333
3054
3334
3036
3055
3335
3037
3056
3336
3038
3057
3337
3039
3058
3338
3040
3059
3339
3041
3060
3340
3042
3061
3341
3043
3062
3342
3044
3063
3343
3045
3064
3344
3046
3065
3345
3047
3066
3346
3048
3067
3347
3049
3068
3348
3050
3069
3349
3051
3070
3350
3052
3071
3351
3053
3072
3352
3054
3073
3353
3074
3354
3056
3075
3355
3057
3076
3356
3058
3077
3357
3059
3078
3358
3060
3079
3359
3061
3080
3360
3062
3081
3361
3063
3082
3362
3064
3083
3363
3065
3084
3364
3066
3085
3365
3067
3086
3366
3068
3087
3367
3069
3088
3368
3070
3089
3369
3071
3090
3370
3072
3091
3371
3073
3092
3372
3074
3093
3373
3094
3374
3076
3095
3375
3077
3096
3376
3078
3097
3377
3079
3098
3378
3080
3099
3379
3081
3100
3380
3082
3101
3381
3083
3102
3382
3084
3103
3383
3085
3104
3384
3086
3105
3385
3087
3106
3386
3088
3107
3387
3089
3108
3388
3090
3109
3389
3091
3110
3390
3092
3111
3391
3093
3112
3392
3094
3113
3393
3114
3394
3096
3115
3395
3097
3116
3396
3098
3117
3397
3099
3118
3398
3100
3119
3399
3101
3120
3400
3102
3121
3401
3103
3122
3402
3104
3123
3403
3105
3124
3404
3106
3125
3405
3107
3126
3406
3108
3127
3407
3109
3128
3408
3110
3129
3409
3111
3130
3410
3112
3131
3411
3113
3132
3412
3114
3133
3413
3134
3414
3116
3135
3415
3117
3136
3416
3118
3137
3417
3119
3138
3418
3120
3139
3419
3121
3140
3420
3122
3141
3421
3123
3142
3422
3124
3143
3423
3125
3144
3424
3126
3145
3425
3127
3146
3426
3128
3147
3427
3129
3148
3428
3130
3149
3429
3131
3150
3430
3132
3151
3431
3133
3152
3432
3134
3153
3433
3154
3434
3136
3155
3435
3137
3156
3436
3138
3157
3437
3139
3158
3438
3140
3159
3439
3141
3160
3440
3142
3161
3441
3143
3162
3442
3144
3163
3443
3145
3164
3444
3146
3165
3445
3147
3166
3446
3148
3167
3447
3149
3168
3448
3150
3169
3449
3151
3170
3450
3152
3171
3451
3153
3172
3452
3154
3173
3453
3174
3454
3156
3175
3455
3157
3176
3456
3158
3177
3457
3159
3178
3458
3160
3179
3459
3161
3180
3460
3162
3181
3461
3163
3182
3462
3164
3183
3463
3165
3184
3464
3166
3185
3465
3167
3186
3466
3168
3187
3467
3169
3188
3468
3170
3189
3469
3171
3190
3470
3172
3191
3471
3173
3192
3472
3174
3193
3473
3194
3474
3176
3475
3177
3476
3178
3477
3179
3478
3180
3479
3181
3480
3182
3481
3183
3482
3184
3483
3185
3484
3186
3485
3187
3486
3188
3487
3189
3488
3190
3489
3191
3490
3192
3491
3193
3492
3194
3493
3494
3196
3215
3495
3197
3216
3496
3198
3217
3497
3199
3218
3498
3200
3219
3499
3201
3220
3500
3202
3221
3501
3203
3222
3502
3204
3223
3503
3205
3224
3504
3206
3225
3505
3207
3226
3506
3208
3227
3507
3209
3228
3508
3210
3229
3509
3211
3230
3510
3212
3231
3511
3213
3232
3512
3214
3233
3513
3234
3514
3216
3235
3515
3217
3236
3516
3218
3237
3517
3219
3238
3518
3220
3239
3519
3221
3240
3520
3222
3241
3521
3223
3242
3522
3224
3243
3523
3225
3244
3524
3226
3245
3525
3227
3246
3526
3228
3247
3527
3229
3248
3528
3230
3249
3529
3231
3250
3530
3232
3251
3531
3233
3252
3532
3234
3253
3533
3254
3534
3236
3255
3535
3237
3256
3536
3238
3257
3537
3239
3258
3538
3240
3259
3539
3241
3260
3540
3242
3261
3541
3243
3262
3542
3244
3263
3543
3245
3264
3544
3246
3265
3545
3247
3266
3546
3248
3267
3547
3249
3268
3548
3250
3269
3549
3251
3270
3550
3252
3271
3551
3253
3272
3552
3254
3273
3553
3274
3554
3256
3275
3555
3257
3276
3556
3258
3277
3557
3259
3278
3558
3260
3279
3559
3261
3280
3560
3262
3281
3561
3263
3282
3562
3264
3283
3563
3265
3284
3564
3266
3285
3565
3267
3286
3566
3268
3287
3567
3269
3288
3568
3270
3289
3569
3271
3290
3570
3272
3291
3571
3273
3292
3572
3274
3293
3573
3294
3574
3276
3295
3575
3277
3296
3576
3278
3297
3577
3279
3298
3578
3280
3299
3579
3281
3300
3580
3282
3301
3581
3283
3302
3582
3284
3303
3583
3285
3304
3584
3286
3305
3585
3287
3306
3586
3288
3307
3587
3289
3308
3588
3290
3309
3589
3291
3310
3590
3292
3311
3591
3293
3312
3592
3294
3313
3593
3314
3594
3296
3315
3595
3297
3316
3596
3298
3317
3597
3299
3318
3598
3300
3319
3599
3301
3320
3600
3302
3321
3601
3303
3322
3602
3304
3323
3603
3305
3324
3604
3306
3325
3605
3307
3326
3606
3308
3327
3607
3309
3328
3608
3310
3329
3609
3311
3330
3610
3312
3331
3611
3313
3332
3612
3314
3333
3613
3334
3614
3316
3335
3615
3317
3336
3616
3318
3337
3617
3319
3338
3618
3320
3339
3619
3321
3340
3620
3322
3341
3621
3323
3342
3622
3324
3343
3623
3325
3344
3624
3326
3345
3625
3327
3346
3626
3328
3347
3627
3329
3348
3628
3330
3349
3629
3331
3350
3630
3332
3351
3631
3333
3352
3632
3334
3353
3633
3354
3634
3336
3355
3635
3337
3356
3636
3338
3357
3637
3339
3358
3638
3340
3359
3639
3341
3360
3640
3342
3361
3641
3343
3362
3642
3344
3363
3643
3345
3364
3644
3346
3365
3645
3347
3366
3646
3348
3367
3647
3349
3368
3648
3350
3369
3649
3351
3370
3650
3352
3371
3651
3353
3372
3652
3354
3373
3653
3374
3654
3356
3375
3655
3357
3376
3656
3358
3377
3657
3359
3378
3658
3360
3379
3659
3361
3380
3660
3362
3381
3661
3363
3382
3662
3364
3383
3663
3365
3384
3664
3366
3385
3665
3367
3386
3666
3368
3387
3667
3369
3388
3668
3370
3389
3669
3371
3390
3670
3372
3391
3671
3373
3392
3672
3374
3393
3673
3394
3674
3376
3395
3675
3377
3396
3676
3378
3397
3677
3379
3398
3678
3380
3399
3679
3381
3400
3680
3382
3401
3681
3383
3402
3682
3384
3403
3683
3385
3404
3684
3386
3405
3685
3387
3406
3686
3388
3407
3687
3389
3408
3688
3390
3409
3689
3391
3410
3690
3392
3411
3691
3393
3412
3692
3394
3413
3693
3414
3694
3396
3415
3695
3397
3416
3696
3398
3417
3697
3399
3418
3698
3400
3419
3699
3401
3420
3700
3402
3421
3701
3403
3422
3702
3404
3423
3703
3405
3424
3704
3406
3425
3705
3407
3426
3706
3408
3427
3707
3409
3428
3708
3410
3429
3709
3411
3430
3710
3412
3431
3711
3413
3432
3712
3414
3433
3713
3434
3714
3416
3435
3715
3417
3436
3716
3418
3437
3717
3419
3438
3718
3420
3439
3719
3421
3440
3720
3422
3441
3721
3423
3442
3722
3424
3443
3723
3425
3444
3724
3426
3445
3725
3427
3446
3726
3428
3447
3727
3429
3448
3728
3430
3449
3729
3431
3450
3730
3432
3451
3731
3433
3452
3732
3434
3453
3733
3454
3734
3436
3455
3735
3437
3456
3736
3438
3457
3737
3439
3458
3738
3440
3459
3739
3441
3460
3740
3442
3461
3741
3443
3462
3742
3444
3463
3743
3445
3464
3744
3446
3465
3745
3447
3466
3746
3448
3467
3747
3449
3468
3748
3450
3469
3749
3451
3470
3750
3452
3471
3751
3453
3472
3752
3454
3473
3753
3474
3754
3456
3475
3755
3457
3476
3756
3458
3477
3757
3459
3478
3758
3460
3479
3759
3461
3480
3760
3462
3481
3761
3463
3482
3762
3464
3483
3763
3465
3484
3764
3466
3485
3765
3467
3486
3766
3468
3487
3767
3469
3488
3768
3470
3489
3769
3471
3490
3770
3472
3491
3771
3473
3492
3772
3474
3493
3773
3494
3774
3476
3775
3477
3776
3478
3777
3479
3778
3480
3779
3481
3780
3482
3781
3483
3782
3484
3783
3485
3784
3486
3785
3487
3786
3488
3787
3489
3788
3490
3789
3491
3790
3492
3791
3493
3792
3494
3793
3794
3496
3515
3795
3497
3516
3796
3498
3517
3797
3499
3518
3798
3500
3519
3799
3501
3520
3800
3502
3521
3801
3503
3522
3802
3504
3523
3803
3505
3524
3804
3506
3525
3805
3507
3526
3806
3508
3527
3807
3509
3528
3808
3510
3529
3809
3511
3530
3810
3512
3531
3811
3513
3532
3812
3514
3533
3813
3534
3814
3516
3535
3815
3517
3536
3816
3518
3537
3817
3519
3538
3818
3520
3539
3819
3521
3540
3820
3522
3541
3821
3523
3542
3822
3524
3543
3823
3525
3544
3824
3526
3545
3825
3527
3546
3826
3528
3547
3827
3529
3548
3828
3530
3549
3829
3531
3550
3830
3532
3551
3831
3533
3552
3832
3534
3553
3833
3554
3834
3536
3555
3835
3537
3556
3836
3538
3557
3837
3539
3558
3838
3540
3559
3839
3541
3560
3840
3542
3561
3841
3543
3562
3842
3544
3563
3843
3545
3564
3844
3546
3565
3845
3547
3566
3846
3548
3567
3847
3549
3568
3848
3550
3569
3849
3551
3570
3850
3552
3571
3851
3553
3572
3852
3554
3573
3853
3574
3854
3556
3575
3855
3557
3576
3856
3558
3577
3857
3559
3578
3858
3560
3579
3859
3561
3580
3860
3562
3581
3861
3563
3582
3862
3564
3583
3863
3565
3584
3864
3566
3585
3865
3567
3586
3866
3568
3587
3867
3569
3588
3868
3570
3589
3869
3571
3590
3870
3572
3591
3871
3573
3592
3872
3574
3593
3873
3594
3874
3576
3595
3875
3577
3596
3876
3578
3597
3877
3579
3598
3878
3580
3599
3879
3581
3600
3880
3582
3601
3881
3583
3602
3882
3584
3603
3883
3585
3604
3884
3586
3605
3885
3587
3606
3886
3588
3607
3887
3589
3608
3888
3590
3609
3889
3591
3610
3890
3592
3611
3891
3593
3612
3892
3594
3613
3893
3614
3894
3596
3615
3895
3597
3616
3896
3598
3617
3897
3599
3618
3898
3600
3619
3899
3601
3620
3900
3602
3621
3901
3603
3622
3902
3604
3623
3903
3605
3624
3904
3606
3625
3905
3607
3626
3906
3608
3627
3907
3609
3628
3908
3610
3629
3909
3611
3630
3910
3612
3631
3911
3613
3632
3912
3614
3633
3913
3634
3914
3616
3635
3915
3617
3636
3916
3618
3637
3917
3619
3638
3918
3620
3639
3919
3621
3640
3920
3622
3641
3921
3623
3642
3922
3624
3643
3923
3625
3644
3924
3626
3645
3925
3627
3646
3926
3628
3647
3927
3629
3648
3928
3630
3649
3929
3631
3650
3930
3632
3651
3931
3633
3652
3932
3634
3653
3933
3654
3934
3636
3655
3935
3637
3656
3936
3638
3657
3937
3639
3658
3938
3640
3659
3939
3641
3660
3940
3642
3661
3941
3643
3662
3942
3644
3663
3943
3645
3664
3944
3646
3665
3945
3647
3666
3946
3648
3667
3947
3649
3668
3948
3650
3669
3949
3651
3670
3950
3652
3671
3951
3653
3672
3952
3654
3673
3953
3674
3954
3656
3675
3955
3657
3676
3956
3658
3677
3957
3659
3678
3958
3660
3679
3959
3661
3680
3960
3662
3681
3961
3663
3682
3962
3664
3683
3963
3665
3684
3964
3666
3685
3965
3667
3686
3966
3668
3687
3967
3669
3688
3968
3670
3689
3969
3671
3690
3970
3672
3691
3971
3673
3692
3972
3674
3693
3973
3694
3974
3676
3695
3975
3677
3696
3976
3678
3697
3977
3679
3698
3978
3680
3699
3979
3681
3700
3980
3682
3701
3981
3683
3702
3982
3684
3703
3983
3685
3704
3984
3686
3705
3985
3687
3706
3986
3688
3707
3987
3689
3708
3988
3690
3709
3989
3691
3710
3990
3692
3711
3991
3693
3712
3992
3694
3713
3993
3714
3994
3696
3715
3995
3697
3716
3996
3698
3717
3997
3699
3718
3998
3700
3719
3999
3701
3720
4000
3702
3721
4001
3703
3722
4002
3704
3723
4003
3705
3724
4004
3706
3725
4005
3707
3726
4006
3708
3727
4007
3709
3728
4008
3710
3729
4009
3711
3730
4010
3712
3731
4011
3713
3732
4012
3714
3733
4013
3734
4014
3716
3735
4015
3717
3736
4016
3718
3737
4017
3719
3738
4018
3720
3739
4019
3721
3740
4020
3722
3741
4021
3723
3742
4022
3724
3743
4023
3725
3744
4024
3726
3745
4025
3727
3746
4026
3728
3747
4027
3729
3748
4028
3730
3749
4029
3731
3750
4030
3732
3751
4031
3733
3752
4032
3734
3753
4033
3754
4034
3736
3755
4035
3737
3756
4036
3738
3757
4037
3739
3758
4038
3740
3759
4039
3741
3760
4040
3742
3761
4041
3743
3762
4042
3744
3763
4043
3745
3764
4044
3746
3765
4045
3747
3766
4046
3748
3767
4047
3749
3768
4048
3750
3769
4049
3751
3770
4050
3752
3771
4051
3753
3772
4052
3754
3773
4053
3774
4054
3756
3775
4055
3757
3776
4056
3758
3777
4057
3759
3778
4058
3760
3779
4059
3761
3780
4060
3762
3781
4061
3763
3782
4062
3764
3783
4063
3765
3784
4064
3766
3785
4065
3767
3786
4066
3768
3787
4067
3769
3788
4068
3770
3789
4069
3771
3790
4070
3772
3791
4071
3773
3792
4072
3774
3793
4073
3794
4074
3776
4075
3777
4076
3778
4077
3779
4078
3780
4079
3781
4080
3782
4081
3783
4082
3784
4083
3785
4084
3786
4085
3787
4086
3788
4087
3789
4088
3790
4089
3791
4090
3792
4091
3793
4092
3794
4093
4094
3796
3815
4099
3797
3816
4100
3798
3817
4101
3799
3818
4102
3800
3819
4103
3801
3820
4104
3802
3821
4105
3803
3822
4106
3804
3823
4107
3805
3824
4108
3806
3825
4109
3807
3826
4110
3808
3827
4111
3809
3828
4112
3810
3829
4113
3811
3830
4114
3812
3831
4115
3813
3832
4116
3814
3833
4117
3834
4118
3816
3835
4119
3817
3836
4120
3818
3837
4121
3819
3838
4122
3820
3839
4123
3821
3840
4124
3822
3841
4125
3823
3842
4126
3824
3843
4127
3825
3844
4128
3826
3845
4129
3827
3846
4130
3828
3847
4131
3829
3848
4132
3830
3849
4133
3831
3850
4134
3832
3851
4135
3833
3852
4136
3834
3853
4137
3854
4138
3836
3855
4139
3837
3856
4140
3838
3857
4141
3839
3858
4142
3840
3859
4143
3841
3860
4144
3842
3861
4145
3843
3862
4146
3844
3863
4147
3845
3864
4148
3846
3865
4149
3847
3866
4150
3848
3867
4151
3849
3868
4152
3850
3869
4153
3851
3870
4154
3852
3871
4155
3853
3872
4156
3854
3873
4157
3874
4158
3856
3875
4159
3857
3876
4160
3858
3877
4161
3859
3878
4162
3860
3879
4163
3861
3880
4164
3862
3881
4165
3863
3882
4166
3864
3883
4167
3865
3884
4168
3866
3885
4169
3867
3886
4170
3868
3887
4171
3869
3888
4172
3870
3889
4173
3871
3890
4174
3872
3891
4175
3873
3892
4176
3874
3893
4177
3894
4178
3876
3895
4179
3877
3896
4180
3878
3897
4181
3879
3898
4182
3880
3899
4183
3881
3900
4184
3882
3901
4185
3883
3902
4186
3884
3903
4187
3885
3904
4188
3886
3905
4189
3887
3906
4190
3888
3907
4191
3889
3908
4192
3890
3909
4193
3891
3910
4194
3892
3911
4195
3893
3912
4196
3894
3913
4197
3914
4198
3896
3915
4199
3897
3916
4200
3898
3917
4201
3899
3918
4202
3900
3919
4203
3901
3920
4204
3902
3921
4205
3903
3922
4206
3904
3923
4207
3905
3924
4208
3906
3925
4209
3907
3926
4210
3908
3927
4211
3909
3928
4212
3910
3929
4213
3911
3930
4214
3912
3931
4215
3913
3932
4216
3914
3933
4217
3934
4218
3916
3935
4219
3917
3936
4220
3918
3937
4221
3919
3938
4222
3920
3939
4223
3921
3940
4224
3922
3941
4225
3923
3942
4226
3924
3943
4227
3925
3944
4228
3926
3945
4229
3927
3946
4230
3928
3947
4231
3929
3948
4232
3930
3949
4233
3931
3950
4234
3932
3951
4235
3933
3952
4236
3934
3953
4237
3954
4238
3936
3955
4239
3937
3956
4240
3938
3957
4241
3939
3958
4242
3940
3959
4243
3941
3960
4244
3942
3961
4245
3943
3962
4246
3944
3963
4247
3945
3964
4248
3946
3965
4249
3947
3966
4250
3948
3967
4251
3949
3968
4252
3950
3969
4253
3951
3970
4254
3952
3971
4255
3953
3972
4256
3954
3973
4257
3974
4258
3956
3975
4259
3957
3976
4260
3958
3977
4261
3959
3978
4262
3960
3979
4263
3961
3980
4264
3962
3981
4265
3963
3982
4266
3964
3983
4267
3965
3984
4268
3966
3985
4269
3967
3986
4270
3968
3987
4271
3969
3988
4272
3970
3989
4273
3971
3990
4274
3972
3991
4275
3973
3992
4276
3974
3993
4277
3994
4278
3976
3995
4279
3977
3996
4280
3978
3997
4281
3979
3998
4282
3980
3999
4283
3981
4000
4284
3982
4001
4285
3983
4002
4286
3984
4003
4287
3985
4004
4288
3986
4005
4289
3987
4006
4290
3988
4007
4291
3989
4008
4292
3990
4009
4293
3991
4010
4294
3992
4011
4295
3993
4012
4296
3994
4013
4297
4014
4298
3996
4015
4299
3997
4016
4300
3998
4017
4301
3999
4018
4302
4000
4019
4303
4001
4020
4304
4002
4021
4305
4003
4022
4306
4004
4023
4307
4005
4024
4308
4006
4025
4309
4007
4026
4310
4008
4027
4311
4009
4028
4312
4010
4029
4313
4011
4030
4314
4012
4031
4315
4013
4032
4316
4014
4033
4317
4034
4318
4016
4035
4319
4017
4036
4320
4018
4037
4321
4019
4038
4322
4020
4039
4323
4021
4040
4324
4022
4041
4325
4023
4042
4326
4024
4043
4327
4025
4044
4328
4026
4045
4329
4027
4046
4330
4028
4047
4331
4029
4048
4332
4030
4049
4333
4031
4050
4334
4032
4051
4335
4033
4052
4336
4034
4053
4337
4054
4338
4036
4055
4339
4037
4056
4340
4038
4057
4341
4039
4058
4342
4040
4059
4343
4041
4060
4344
4042
4061
4345
4043
4062
4346
4044
4063
4347
4045
4064
4348
4046
4065
4349
4047
4066
4350
4048
4067
4351
4049
4068
4352
4050
4069
4353
4051
4070
4354
4052
4071
4355
4053
4072
4356
4054
4073
4357
4074
4358
4056
4075
4359
4057
4076
4360
4058
4077
4361
4059
4078
4362
4060
4079
4363
4061
4080
4364
4062
4081
4365
4063
4082
4366
4064
4083
4367
4065
4084
4368
4066
4085
4369
4067
4086
4370
4068
4087
4371
4069
4088
4372
4070
4089
4373
4071
4090
4374
4072
4091
4375
4073
4092
4376
4074
4093
4377
4094
4378
4076
4379
4077
4380
4078
4381
4079
4382
4080
4383
4081
4384
4082
4385
4083
4386
4084
4387
4085
4388
4086
4389
4087
4390
4088
4391
4089
4392
4090
4393
4091
4394
4092
4095
4395
4093
4096
4396
4094
4097
4397
4098
4398
4096
4404
4097
4405
4098
4406
4407
4100
4119
4408
4101
4120
4409
4102
4121
4410
4103
4122
4411
4104
4123
4412
4105
4124
4413
4106
4125
4414
4107
4126
4415
4108
4127
4416
4109
4128
4417
4110
4129
4418
4111
4130
4419
4112
4131
4420
4113
4132
4421
4114
4133
4422
4115
4134
4423
4116
4135
4424
4117
4136
4425
4118
4137
4426
4138
4427
4120
4139
4428
4121
4140
4429
4122
4141
4430
4123
4142
4431
4124
4143
4432
4125
4144
4433
4126
4145
4434
4127
4146
4435
4128
4147
4436
4129
4148
4437
4130
4149
4438
4131
4150
4439
4132
4151
4440
4133
4152
4441
4134
4153
4442
4135
4154
4443
4136
4155
4444
4137
4156
4445
4138
4157
4446
4158
4447
4140
4159
4448
4141
4160
4449
4142
4161
4450
4143
4162
4451
4144
4163
4452
4145
4164
4453
4146
4165
4454
4147
4166
4455
4148
4167
4456
4149
4168
4457
4150
4169
4458
4151
4170
4459
4152
4171
4460
4153
4172
4461
4154
4173
4462
4155
4174
4463
4156
4175
4464
4157
4176
4465
4158
4177
4466
4178
4467
4160
4179
4468
4161
4180
4469
4162
4181
4470
4163
4182
4471
4164
4183
4472
4165
4184
4473
4166
4185
4474
4167
4186
4475
4168
4187
4476
4169
4188
4477
4170
4189
4478
4171
4190
4479
4172
4191
4480
4173
4192
4481
4174
4193
4482
4175
4194
4483
4176
4195
4484
4177
4196
4485
4178
4197
4486
4198
4487
4180
4199
4488
4181
4200
4489
4182
4201
4490
4183
4202
4491
4184
4203
4492
4185
4204
4493
4186
4205
4494
4187
4206
4495
4188
4207
4496
4189
4208
4497
4190
4209
4498
4191
4210
4499
4192
4211
4500
4193
4212
4501
4194
4213
4502
4195
4214
4503
4196
4215
4504
4197
4216
4505
4198
4217
4506
4218
4507
4200
4219
4508
4201
4220
4509
4202
4221
4510
4203
4222
4511
4204
4223
4512
4205
4224
4513
4206
4225
4514
4207
4226
4515
4208
4227
4516
4209
4228
4517
4210
4229
4518
4211
4230
4519
4212
4231
4520
4213
4232
4521
4214
4233
4522
4215
4234
4523
4216
4235
4524
4217
4236
4525
4218
4237
4526
4238
4527
4220
4239
4528
4221
4240
4529
4222
4241
4530
4223
4242
4531
4224
4243
4532
4225
4244
4533
4226
4245
4534
4227
4246
4535
4228
4247
4536
4229
4248
4537
4230
4249
4538
4231
4250
4539
4232
4251
4540
4233
4252
4541
4234
4253
4542
4235
4254
4543
4236
4255
4544
4237
4256
4545
4238
4257
4546
4258
4547
4240
4259
4548
4241
4260
4549
4242
4261
4550
4243
4262
4551
4244
4263
4552
4245
4264
4553
4246
4265
4554
4247
4266
4555
4248
4267
4556
4249
4268
4557
4250
4269
4558
4251
4270
4559
4252
4271
4560
4253
4272
4561
4254
4273
4562
4255
4274
4563
4256
4275
4564
4257
4276
4565
4258
4277
4566
4278
4567
4260
4279
4568
4261
4280
4569
4262
4281
4570
4263
4282
4571
4264
4283
4572
4265
4284
4573
4266
4285
4574
4267
4286
4575
4268
4287
4576
4269
4288
4577
4270
4289
4578
4271
4290
4579
4272
4291
4580
4273
4292
4581
4274
4293
4582
4275
4294
4583
4276
4295
4584
4277
4296
4585
4278
4297
4586
4298
4587
4280
4299
4588
4281
4300
4589
4282
4301
4590
4283
4302
4591
4284
4303
4592
4285
4304
4593
4286
4305
4594
4287
4306
4595
4288
4307
4596
4289
4308
4597
4290
4309
4598
4291
4310
4599
4292
4311
4600
4293
4312
4601
4294
4313
4602
4295
4314
4603
4296
4315
4604
4297
4316
4605
4298
4317
4606
4318
4607
4300
4319
4608
4301
4320
4609
4302
4321
4610
4303
4322
4611
4304
4323
4612
4305
4324
4613
4306
4325
4614
4307
4326
4615
4308
4327
4616
4309
4328
4617
4310
4329
4618
4311
4330
4619
4312
4331
4620
4313
4332
4621
4314
4333
4622
4315
4334
4623
4316
4335
4624
4317
4336
4625
4318
4337
4626
4338
4627
4320
4339
4628
4321
4340
4629
4322
4341
4630
4323
4342
4631
4324
4343
4632
4325
4344
4633
4326
4345
4634
4327
4346
4635
4328
4347
4636
4329
4348
4637
4330
4349
4638
4331
4350
4639
4332
4351
4640
4333
4352
4641
4334
4353
4642
4335
4354
4643
4336
4355
4644
4337
4356
4645
4338
4357
4646
4358
4647
4340
4359
4648
4341
4360
4649
4342
4361
4650
4343
4362
4651
4344
4363
4652
4345
4364
4653
4346
4365
4654
4347
4366
4655
4348
4367
4656
4349
4368
4657
4350
4369
4658
4351
4370
4659
4352
4371
4660
4353
4372
4661
4354
4373
4662
4355
4374
4663
4356
4375
4664
4357
4376
4665
4358
4377
4666
4378
4667
4360
4379
4668
4361
4380
4669
4362
4381
4670
4363
4382
4671
4364
4383
4672
4365
4384
4673
4366
4385
4674
4367
4386
4675
4368
4387
4676
4369
4388
4677
4370
4389
4678
4371
4390
4679
4372
4391
4680
4373
4392
4681
4374
4393
4682
4375
4394
4683
4376
4395
4684
4377
4396
4685
4378
4397
4686
4398
4687
4380
4688
4381
4689
4382
4690
4383
4691
4384
4692
4385
4693
4386
4694
4387
4695
4388
4696
4389
4697
4390
4698
4391
4399
4699
4392
4400
4700
4393
4401
4701
4394
4402
4702
4395
4403
4703
4396
4404
4704
4397
4405
4705
4398
4406
4706
4407
4707
4400
4711
4401
4712
4402
4713
4403
4714
4404
4715
4405
4716
4406
4717
4407
4718
4719
4409
4428
4410
4429
4411
4430
4720
4412
4431
4721
4413
4432
4722
4414
4433
4723
4415
4434
4724
4416
4435
4725
4417
4436
4726
4418
4437
4727
4419
4438
4728
4420
4439
4729
4421
4440
4730
4422
4441
4731
4423
4442
4732
4424
4443
4733
4425
4444
4734
4426
4445
4735
4427
4446
4736
4447
4737
4429
4448
4430
4449
4431
4450
4738
4432
4451
4739
4433
4452
4740
4434
4453
4741
4435
4454
4742
4436
4455
4743
4437
4456
4744
4438
4457
4745
4439
4458
4746
4440
4459
4747
4441
4460
4748
4442
4461
4749
4443
4462
4750
4444
4463
4751
4445
4464
4752
4446
4465
4753
4447
4466
4754
4467
4755
4449
4468
4450
4469
4451
4470
4756
4452
4471
4757
4453
4472
4758
4454
4473
4759
4455
4474
4760
4456
4475
4761
4457
4476
4762
4458
4477
4763
4459
4478
4764
4460
4479
4765
4461
4480
4766
4462
4481
4767
4463
4482
4768
4464
4483
4769
4465
4484
4770
4466
4485
4771
4467
4486
4772
4487
4773
4469
4488
4470
4489
4471
4490
4774
4472
4491
4775
4473
4492
4776
4474
4493
4777
4475
4494
4778
4476
4495
4779
4477
4496
4780
4478
4497
4781
4479
4498
4782
4480
4499
4783
4481
4500
4784
4482
4501
4785
4483
4502
4786
4484
4503
4787
4485
4504
4788
4486
4505
4789
4487
4506
4790
4507
4791
4489
4508
4490
4509
4491
4510
4792
4492
4511
4793
4493
4512
4794
4494
4513
4795
4495
4514
4796
4496
4515
4797
4497
4516
4798
4498
4517
4799
4499
4518
4800
4500
4519
4801
4501
4520
4802
4502
4521
4803
4503
4522
4804
4504
4523
4805
4505
4524
4806
4506
4525
4807
4507
4526
4808
4527
4809
4509
4528
4510
4529
4511
4530
4810
4512
4531
4811
4513
4532
4812
4514
4533
4813
4515
4534
4814
4516
4535
4815
4517
4536
4816
4518
4537
4817
4519
4538
4818
4520
4539
4819
4521
4540
4820
4522
4541
4821
4523
4542
4822
4524
4543
4823
4525
4544
4824
4526
4545
4825
4527
4546
4826
4547
4827
4529
4548
4530
4549
4531
4550
4828
4532
4551
4829
4533
4552
4830
4534
4553
4831
4535
4554
4832
4536
4555
4833
4537
4556
4834
4538
4557
4835
4539
4558
4836
4540
4559
4837
4541
4560
4838
4542
4561
4839
4543
4562
4840
4544
4563
4841
4545
4564
4842
4546
4565
4843
4547
4566
4844
4567
4845
4549
4568
4550
4569
4551
4570
4846
4552
4571
4847
4553
4572
4848
4554
4573
4849
4555
4574
4850
4556
4575
4851
4557
4576
4852
4558
4577
4853
4559
4578
4854
4560
4579
4855
4561
4580
4856
4562
4581
4857
4563
4582
4858
4564
4583
4859
4565
4584
4860
4566
4585
4861
4567
4586
4862
4587
4863
4569
4588
4570
4589
4571
4590
4864
4572
4591
4865
4573
4592
4866
4574
4593
4867
4575
4594
4868
4576
4595
4869
4577
4596
4870
4578
4597
4871
4579
4598
4872
4580
4599
4873
4581
4600
4874
4582
4601
4875
4583
4602
4876
4584
4603
4877
4585
4604
4878
4586
4605
4879
4587
4606
4880
4607
4881
4589
4608
4590
4609
4591
4610
4882
4592
4611
4883
4593
4612
4884
4594
4613
4885
4595
4614
4886
4596
4615
4887
4597
4616
4888
4598
4617
4889
4599
4618
4890
4600
4619
4891
4601
4620
4892
4602
4621
4893
4603
4622
4894
4604
4623
4895
4605
4624
4896
4606
4625
4897
4607
4626
4898
4627
4899
4609
4628
4610
4629
4611
4630
4900
4612
4631
4901
4613
4632
4902
4614
4633
4903
4615
4634
4904
4616
4635
4905
4617
4636
4906
4618
4637
4907
4619
4638
4908
4620
4639
4909
4621
4640
4910
4622
4641
4911
4623
4642
4912
4624
4643
4913
4625
4644
4914
4626
4645
4915
4627
4646
4916
4647
4917
4629
4648
4630
4649
4631
4650
4918
4632
4651
4919
4633
4652
4920
4634
4653
4921
4635
4654
4922
4636
4655
4923
4637
4656
4924
4638
4657
4925
4639
4658
4926
4640
4659
4927
4641
4660
4928
4642
4661
4929
4643
4662
4930
4644
4663
4931
4645
4664
4932
4646
4665
4933
4647
4666
4934
4667
4935
4649
4668
4650
4669
4651
4670
4936
4652
4671
4937
4653
4672
4938
4654
4673
4939
4655
4674
4940
4656
4675
4941
4657
4676
4942
4658
4677
4943
4659
4678
4944
4660
4679
4945
4661
4680
4946
4662
4681
4947
4663
4682
4948
4664
4683
4949
4665
4684
4950
4666
4685
4951
4667
4686
4952
4687
4953
4669
4688
4670
4689
4671
4690
4954
4672
4691
4955
4673
4692
4956
4674
4693
4957
4675
4694
4958
4676
4695
4959
4677
4696
4960
4678
4697
4961
4679
4698
4962
4680
4699
4963
4681
4700
4964
4682
4701
4965
4683
4702
4966
4684
4703
4967
4685
4704
4968
4686
4705
4969
4687
4706
4970
4707
4971
4689
4690
4691
4972
4692
4973
4693
4974
4694
4975
4695
4976
4696
4977
4697
4708
4978
4698
4709
4979
4699
4710
4980
4700
4711
4981
4701
4712
4982
4702
4713
4983
4703
4714
4984
4704
4715
4985
4705
4716
4986
4706
4717
4987
4707
4718
4988
4719
4989
4709
4992
4710
4993
4711
4994
4712
4995
4713
4996
4714
4997
4715
4998
4716
4999
4717
5000
4718
5001
4719
5002
5003
4721
4738
4722
4739
4723
4740
4724
4741
4725
4742
5004
4726
4743
5005
4727
4744
5006
4728
4745
5007
4729
4746
5008
4730
4747
5009
4731
4748
5010
4732
4749
5011
4733
4750
5012
4734
4751
5013
4735
4752
5014
4736
4753
5015
4737
4754
5016
4755
5017
4739
4756
4740
4757
4741
4758
4742
4759
4743
4760
5018
4744
4761
5019
4745
4762
5020
4746
4763
5021
4747
4764
5022
4748
4765
5023
4749
4766
5024
4750
4767
5025
4751
4768
5026
4752
4769
5027
4753
4770
5028
4754
4771
5029
4755
4772
5030
4773
5031
4757
4774
4758
4775
4759
4776
4760
4777
4761
4778
5032
4762
4779
5033
4763
4780
5034
4764
4781
5035
4765
4782
5036
4766
4783
5037
4767
4784
5038
4768
4785
5039
4769
4786
5040
4770
4787
5041
4771
4788
5042
4772
4789
5043
4773
4790
5044
4791
5045
4775
4792
4776
4793
4777
4794
4778
4795
4779
4796
5046
4780
4797
5047
4781
4798
5048
4782
4799
5049
4783
4800
5050
4784
4801
5051
4785
4802
5052
4786
4803
5053
4787
4804
5054
4788
4805
5055
4789
4806
5056
4790
4807
5057
4791
4808
5058
4809
5059
4793
4810
4794
4811
4795
4812
4796
4813
4797
4814
5060
4798
4815
5061
4799
4816
5062
4800
4817
5063
4801
4818
5064
4802
4819
5065
4803
4820
5066
4804
4821
5067
4805
4822
5068
4806
4823
5069
4807
4824
5070
4808
4825
5071
4809
4826
5072
4827
5073
4811
4828
4812
4829
4813
4830
4814
4831
4815
4832
5074
4816
4833
5075
4817
4834
5076
4818
4835
5077
4819
4836
5078
4820
4837
5079
4821
4838
5080
4822
4839
5081
4823
4840
5082
4824
4841
5083
4825
4842
5084
4826
4843
5085
4827
4844
5086
4845
5087
4829
4846
4830
4847
4831
4848
4832
4849
4833
4850
5088
4834
4851
5089
4835
4852
5090
4836
4853
5091
4837
4854
5092
4838
4855
5093
4839
4856
5094
4840
4857
5095
4841
4858
5096
4842
4859
5097
4843
4860
5098
4844
4861
5099
4845
4862
5100
4863
5101
4847
4864
4848
4865
4849
4866
4850
4867
4851
4868
5102
4852
4869
5103
4853
4870
5104
4854
4871
5105
4855
4872
5106
4856
4873
5107
4857
4874
5108
4858
4875
5109
4859
4876
5110
4860
4877
5111
4861
4878
5112
4862
4879
5113
4863
4880
5114
4881
5115
4865
4882
4866
4883
4867
4884
4868
4885
4869
4886
5116
4870
4887
5117
4871
4888
5118
4872
4889
5119
4873
4890
5120
4874
4891
5121
4875
4892
5122
4876
4893
5123
4877
4894
5124
4878
4895
5125
4879
4896
5126
4880
4897
5127
4881
4898
5128
4899
5129
4883
4900
4884
4901
4885
4902
4886
4903
4887
4904
5130
4888
4905
5131
4889
4906
5132
4890
4907
5133
4891
4908
5134
4892
4909
5135
4893
4910
5136
4894
4911
5137
4895
4912
5138
4896
4913
5139
4897
4914
5140
4898
4915
5141
4899
4916
5142
4917
5143
4901
4918
4902
4919
4903
4920
4904
4921
4905
4922
5144
4906
4923
5145
4907
4924
5146
4908
4925
5147
4909
4926
5148
4910
4927
5149
4911
4928
5150
4912
4929
5151
4913
4930
5152
4914
4931
5153
4915
4932
5154
4916
4933
5155
4917
4934
5156
4935
5157
4919
4936
4920
4937
4921
4938
4922
4939
4923
4940
5158
4924
4941
5159
4925
4942
5160
4926
4943
5161
4927
4944
5162
4928
4945
5163
4929
4946
5164
4930
4947
5165
4931
4948
5166
4932
4949
5167
4933
4950
5168
4934
4951
5169
4935
4952
5170
4953
5171
4937
4954
4938
4955
4939
4956
4940
4957
4941
4958
5172
4942
4959
5173
4943
4960
5174
4944
4961
5175
4945
4962
5176
4946
4963
5177
4947
4964
5178
4948
4965
5179
4949
4966
5180
4950
4967
5181
4951
4968
5182
4952
4969
5183
4953
4970
5184
4971
5185
4955
4972
4956
4973
4957
4974
4958
4975
4959
4976
5186
4960
4977
5187
4961
4978
5188
4962
4979
5189
4963
4980
5190
4964
4981
5191
4965
4982
5192
4966
4983
5193
4967
4984
5194
4968
4985
5195
4969
4986
5196
4970
4987
5197
4971
4988
5198
4989
5199
4973
4974
4975
4976
4977
4990
5200
4978
4991
5201
4979
4992
5202
4980
4993
5203
4981
4994
5204
4982
4995
5205
4983
4996
5206
4984
4997
5207
4985
4998
5208
4986
4999
5209
4987
5000
5210
4988
5001
5211
4989
5002
5212
5003
5213
4991
5214
4992
5215
4993
5216
4994
5217
4995
5218
4996
5219
4997
5220
4998
5221
4999
5222
5000
5223
5001
5224
5002
5225
5003
5226
5227
5005
5018
5006
5019
5007
5020
5228
5008
5021
5229
5009
5022
5230
5010
5023
5231
5011
5024
5232
5012
5025
5233
5013
5026
5234
5014
5027
5235
5015
5028
5236
5016
5029
5237
5017
5030
5238
5031
5239
5019
5032
5020
5033
5021
5034
5240
5022
5035
5241
5023
5036
5242
5024
5037
5243
5025
5038
5244
5026
5039
5245
5027
5040
5246
5028
5041
5247
5029
5042
5248
5030
5043
5249
5031
5044
5250
5045
5251
5033
5046
5034
5047
5035
5048
5252
5036
5049
5253
5037
5050
5254
5038
5051
5255
5039
5052
5256
5040
5053
5257
5041
5054
5258
5042
5055
5259
5043
5056
5260
5044
5057
5261
5045
5058
5262
5059
5263
5047
5060
5048
5061
5049
5062
5264
5050
5063
5265
5051
5064
5266
5052
5065
5267
5053
5066
5268
5054
5067
5269
5055
5068
5270
5056
5069
5271
5057
5070
5272
5058
5071
5273
5059
5072
5274
5073
5275
5061
5074
5062
5075
5063
5076
5276
5064
5077
5277
5065
5078
5278
5066
5079
5279
5067
5080
5280
5068
5081
5281
5069
5082
5282
5070
5083
5283
5071
5084
5284
5072
5085
5285
5073
5086
5286
5087
5287
5075
5088
5076
5089
5077
5090
5288
5078
5091
5289
5079
5092
5290
5080
5093
5291
5081
5094
5292
5082
5095
5293
5083
5096
5294
5084
5097
5295
5085
5098
5296
5086
5099
5297
5087
5100
5298
5101
5299
5089
5102
5090
5103
5091
5104
5300
5092
5105
5301
5093
5106
5302
5094
5107
5303
5095
5108
5304
5096
5109
5305
5097
5110
5306
5098
5111
5307
5099
5112
5308
5100
5113
5309
5101
5114
5310
5115
5311
5103
5116
5104
5117
5105
5118
5312
5106
5119
5313
5107
5120
5314
5108
5121
5315
5109
5122
5316
5110
5123
5317
5111
5124
5318
5112
5125
5319
5113
5126
5320
5114
5127
5321
5115
5128
5322
5129
5323
5117
5130
5118
5131
5119
5132
5324
5120
5133
5325
5121
5134
5326
5122
5135
5327
5123
5136
5328
5124
5137
5329
5125
5138
5330
5126
5139
5331
5127
5140
5332
5128
5141
5333
5129
5142
5334
5143
5335
5131
5144
5132
5145
5133
5146
5336
5134
5147
5337
5135
5148
5338
5136
5149
5339
5137
5150
5340
5138
5151
5341
5139
5152
5342
5140
5153
5343
5141
5154
5344
5142
5155
5345
5143
5156
5346
5157
5347
5145
5158
5146
5159
5147
5160
5348
5148
5161
5349
5149
5162
5350
5150
5163
5351
5151
5164
5352
5152
5165
5353
5153
5166
5354
5154
5167
5355
5155
5168
5356
5156
5169
5357
5157
5170
5358
5171
5359
5159
5172
5160
5173
5161
5174
5360
5162
5175
5361
5163
5176
5362
5164
5177
5363
5165
5178
5364
5166
5179
5365
5167
5180
5366
5168
5181
5367
5169
5182
5368
5170
5183
5369
5171
5184
5370
5185
5371
5173
5186
5174
5187
5175
5188
5372
5176
5189
5373
5177
5190
5374
5178
5191
5375
5179
5192
5376
5180
5193
5377
5181
5194
5378
5182
5195
5379
5183
5196
5380
5184
5197
5381
5185
5198
5382
5199
5383
5187
5200
5188
5201
5189
5202
5384
5190
5203
5385
5191
5204
5386
5192
5205
5387
5193
5206
5388
5194
5207
5389
5195
5208
5390
5196
5209
5391
5197
5210
5392
5198
5211
5393
5199
5212
5394
5213
5395
5201
5214
5202
5215
5203
5216
5396
5204
5217
5397
5205
5218
5398
5206
5219
5399
5207
5220
5400
5208
5221
5401
5209
5222
5402
5210
5223
5403
5211
5224
5404
5212
5225
5405
5213
5226
5406
5227
5407
5215
5216
5217
5408
5218
5409
5219
5410
5220
5411
5221
5412
5222
5413
5223
5414
5224
5415
5225
5416
5226
5417
5227
5418
5419
5229
5240
5230
5241
5231
5242
5232
5243
5233
5244
5234
5245
5235
5246
5236
5247
5237
5248
5238
5249
5239
5250
5251
5241
5252
5242
5253
5243
5254
5244
5255
5245
5256
5246
5257
5247
5258
5248
5259
5249
5260
5250
5261
5251
5262
5263
5253
5264
5254
5265
5255
5266
5256
5267
5257
5268
5258
5269
5259
5270
5260
5271
5261
5272
5262
5273
5263
5274
5275
5265
5276
5266
5277
5267
5278
5268
5279
5269
5280
5270
5281
5271
5282
5272
5283
5273
5284
5274
5285
5275
5286
5287
5277
5288
5278
5289
5279
5290
5280
5291
5281
5292
5282
5293
5283
5294
5284
5295
5285
5296
5286
5297
5287
5298
5299
5289
5300
5290
5301
5291
5302
5292
5303
5293
5304
5294
5305
5295
5306
5296
5307
5297
5308
5298
5309
5299
5310
5311
5301
5312
5302
5313
5303
5314
5304
5315
5305
5316
5306
5317
5307
5318
5308
5319
5309
5320
5310
5321
5311
5322
5323
5313
5324
5314
5325
5315
5326
5316
5327
5317
5328
5318
5329
5319
5330
5320
5331
5321
5332
5322
5333
5323
5334
5335
5325
5336
5326
5337
5327
5338
5328
5339
5329
5340
5330
5341
5331
5342
5332
5343
5333
5344
5334
5345
5335
5346
5347
5337
5348
5338
5349
5339
5350
5340
5351
5341
5352
5342
5353
5343
5354
5344
5355
5345
5356
5346
5357
5347
5358
5359
5349
5360
5350
5361
5351
5362
5352
5363
5353
5364
5354
5365
5355
5366
5356
5367
5357
5368
5358
5369
5359
5370
5371
5361
5372
5362
5373
5363
5374
5364
5375
5365
5376
5366
5377
5367
5378
5368
5379
5369
5380
5370
5381
5371
5382
5383
5373
5384
5374
5385
5375
5386
5376
5387
5377
5388
5378
5389
5379
5390
5380
5391
5381
5392
5382
5393
5383
5394
5395
5385
5396
5386
5397
5387
5398
5388
5399
5389
5400
5390
5401
5391
5402
5392
5403
5393
5404
5394
5405
5395
5406
5407
5397
5408
5398
5409
5399
5410
5400
5411
5401
5412
5402
5413
5403
5414
5404
5415
5405
5416
5406
5417
5407
5418
5419
5409
5410
5411
5412
5413
5414
5415
5416
5417
5418
5419
)


// ************************************************************************* //
