/*--------------------------------*- C++ -*----------------------------------*\
| =========                 |                                                 |
| \\      /  F ield         | OpenFOAM: The Open Source CFD Toolbox           |
|  \\    /   O peration     | Version:  2406                                  |
|   \\  /    A nd           | Website:  www.openfoam.com                      |
|    \\/     M anipulation  |                                                 |
\*---------------------------------------------------------------------------*/
FoamFile
{
    version     2.0;
    format      ascii;
    arch        "LSB;label=32;scalar=64";
    class       volScalarField;
    location    "320";
    object      p;
}
// * * * * * * * * * * * * * * * * * * * * * * * * * * * * * * * * * * * * * //

dimensions      [0 2 -2 0 0 0 0];

internalField   nonuniform List<scalar> 
5420
(
1.891629e-06
1.825151e-06
1.758682e-06
1.692222e-06
1.625771e-06
1.891656e-06
1.825177e-06
1.758707e-06
1.692246e-06
1.625793e-06
1.8917e-06
1.82522e-06
1.758748e-06
1.692285e-06
1.625832e-06
1.891766e-06
1.825283e-06
1.758809e-06
1.692344e-06
1.625888e-06
1.891848e-06
1.825362e-06
1.758885e-06
1.692417e-06
1.625958e-06
1.891949e-06
1.825458e-06
1.758977e-06
1.692506e-06
1.626043e-06
1.892065e-06
1.825569e-06
1.759084e-06
1.692608e-06
1.626142e-06
1.892193e-06
1.825692e-06
1.759202e-06
1.692721e-06
1.62625e-06
1.892327e-06
1.825821e-06
1.759325e-06
1.69284e-06
1.626364e-06
1.892462e-06
1.82595e-06
1.759449e-06
1.692959e-06
1.626478e-06
1.892589e-06
1.826072e-06
1.759566e-06
1.693071e-06
1.626587e-06
1.892704e-06
1.826182e-06
1.759672e-06
1.693173e-06
1.626685e-06
1.892801e-06
1.826276e-06
1.759762e-06
1.693259e-06
1.626768e-06
1.892877e-06
1.826348e-06
1.759832e-06
1.693327e-06
1.626832e-06
1.891634e-06
1.825156e-06
1.758687e-06
1.692227e-06
1.625775e-06
1.891663e-06
1.825184e-06
1.758714e-06
1.692252e-06
1.6258e-06
1.891708e-06
1.825227e-06
1.758755e-06
1.692293e-06
1.625838e-06
1.891775e-06
1.825291e-06
1.758817e-06
1.692352e-06
1.625895e-06
1.891857e-06
1.82537e-06
1.758892e-06
1.692424e-06
1.625965e-06
1.891957e-06
1.825466e-06
1.758985e-06
1.692513e-06
1.62605e-06
1.892072e-06
1.825576e-06
1.759091e-06
1.692615e-06
1.626148e-06
1.892199e-06
1.825698e-06
1.759208e-06
1.692727e-06
1.626256e-06
1.892332e-06
1.825826e-06
1.75933e-06
1.692844e-06
1.626369e-06
1.892465e-06
1.825953e-06
1.759452e-06
1.692962e-06
1.626482e-06
1.892592e-06
1.826075e-06
1.759569e-06
1.693074e-06
1.626589e-06
1.892706e-06
1.826184e-06
1.759674e-06
1.693175e-06
1.626686e-06
1.892802e-06
1.826276e-06
1.759763e-06
1.69326e-06
1.626768e-06
1.892877e-06
1.826349e-06
1.759832e-06
1.693327e-06
1.626833e-06
1.891636e-06
1.825158e-06
1.758689e-06
1.692228e-06
1.625777e-06
1.891669e-06
1.82519e-06
1.758719e-06
1.692258e-06
1.625805e-06
1.891715e-06
1.825234e-06
1.758762e-06
1.692299e-06
1.625844e-06
1.891782e-06
1.825298e-06
1.758824e-06
1.692358e-06
1.625901e-06
1.891864e-06
1.825377e-06
1.758899e-06
1.692431e-06
1.625971e-06
1.891964e-06
1.825473e-06
1.758991e-06
1.692519e-06
1.626056e-06
1.892079e-06
1.825583e-06
1.759096e-06
1.69262e-06
1.626153e-06
1.892205e-06
1.825704e-06
1.759213e-06
1.692732e-06
1.62626e-06
1.892337e-06
1.82583e-06
1.759334e-06
1.692849e-06
1.626373e-06
1.892469e-06
1.825957e-06
1.759456e-06
1.692965e-06
1.626485e-06
1.892594e-06
1.826077e-06
1.759571e-06
1.693076e-06
1.626591e-06
1.892707e-06
1.826185e-06
1.759675e-06
1.693176e-06
1.626688e-06
1.892803e-06
1.826277e-06
1.759763e-06
1.693261e-06
1.626769e-06
1.892877e-06
1.826349e-06
1.759832e-06
1.693327e-06
1.626833e-06
1.891635e-06
1.825156e-06
1.758687e-06
1.692227e-06
1.625775e-06
1.891672e-06
1.825192e-06
1.758721e-06
1.69226e-06
1.625807e-06
1.891719e-06
1.825238e-06
1.758765e-06
1.692302e-06
1.625847e-06
1.891786e-06
1.825302e-06
1.758827e-06
1.692362e-06
1.625905e-06
1.891868e-06
1.825381e-06
1.758903e-06
1.692434e-06
1.625975e-06
1.891968e-06
1.825477e-06
1.758995e-06
1.692523e-06
1.626059e-06
1.892082e-06
1.825586e-06
1.7591e-06
1.692624e-06
1.626156e-06
1.892208e-06
1.825707e-06
1.759216e-06
1.692735e-06
1.626263e-06
1.89234e-06
1.825833e-06
1.759337e-06
1.692851e-06
1.626375e-06
1.892471e-06
1.825959e-06
1.759458e-06
1.692967e-06
1.626487e-06
1.892596e-06
1.826079e-06
1.759573e-06
1.693078e-06
1.626593e-06
1.892708e-06
1.826186e-06
1.759676e-06
1.693177e-06
1.626689e-06
1.892803e-06
1.826278e-06
1.759764e-06
1.693262e-06
1.62677e-06
1.892878e-06
1.826349e-06
1.759833e-06
1.693328e-06
1.626833e-06
1.891629e-06
1.825151e-06
1.758682e-06
1.692222e-06
1.62577e-06
1.891671e-06
1.825192e-06
1.758721e-06
1.692259e-06
1.625807e-06
1.89172e-06
1.825239e-06
1.758766e-06
1.692303e-06
1.625848e-06
1.891788e-06
1.825304e-06
1.758829e-06
1.692363e-06
1.625906e-06
1.89187e-06
1.825383e-06
1.758905e-06
1.692436e-06
1.625976e-06
1.89197e-06
1.825479e-06
1.758996e-06
1.692524e-06
1.626061e-06
1.892084e-06
1.825588e-06
1.759101e-06
1.692625e-06
1.626158e-06
1.89221e-06
1.825708e-06
1.759217e-06
1.692736e-06
1.626264e-06
1.892341e-06
1.825834e-06
1.759338e-06
1.692852e-06
1.626376e-06
1.892472e-06
1.82596e-06
1.759459e-06
1.692968e-06
1.626488e-06
1.892597e-06
1.826079e-06
1.759574e-06
1.693078e-06
1.626594e-06
1.892709e-06
1.826187e-06
1.759677e-06
1.693178e-06
1.626689e-06
1.892804e-06
1.826278e-06
1.759765e-06
1.693262e-06
1.62677e-06
1.892878e-06
1.826349e-06
1.759833e-06
1.693328e-06
1.626834e-06
1.891621e-06
1.825143e-06
1.758675e-06
1.692215e-06
1.625763e-06
1.891669e-06
1.825189e-06
1.758719e-06
1.692257e-06
1.625804e-06
1.891719e-06
1.825238e-06
1.758765e-06
1.692302e-06
1.625848e-06
1.891788e-06
1.825304e-06
1.758829e-06
1.692363e-06
1.625906e-06
1.89187e-06
1.825383e-06
1.758904e-06
1.692436e-06
1.625976e-06
1.89197e-06
1.825479e-06
1.758996e-06
1.692524e-06
1.626061e-06
1.892084e-06
1.825588e-06
1.759102e-06
1.692625e-06
1.626158e-06
1.89221e-06
1.825709e-06
1.759217e-06
1.692736e-06
1.626265e-06
1.892342e-06
1.825835e-06
1.759338e-06
1.692852e-06
1.626376e-06
1.892473e-06
1.82596e-06
1.759459e-06
1.692969e-06
1.626488e-06
1.892597e-06
1.82608e-06
1.759574e-06
1.693079e-06
1.626594e-06
1.892709e-06
1.826187e-06
1.759677e-06
1.693178e-06
1.62669e-06
1.892804e-06
1.826279e-06
1.759765e-06
1.693262e-06
1.626771e-06
1.892878e-06
1.82635e-06
1.759833e-06
1.693328e-06
1.626834e-06
1.891611e-06
1.825133e-06
1.758665e-06
1.692205e-06
1.625755e-06
1.891664e-06
1.825185e-06
1.758715e-06
1.692253e-06
1.6258e-06
1.891717e-06
1.825235e-06
1.758763e-06
1.6923e-06
1.625845e-06
1.891786e-06
1.825302e-06
1.758827e-06
1.692361e-06
1.625904e-06
1.891869e-06
1.825381e-06
1.758903e-06
1.692434e-06
1.625974e-06
1.891969e-06
1.825477e-06
1.758995e-06
1.692523e-06
1.626059e-06
1.892083e-06
1.825587e-06
1.7591e-06
1.692624e-06
1.626156e-06
1.892209e-06
1.825708e-06
1.759216e-06
1.692735e-06
1.626264e-06
1.892341e-06
1.825834e-06
1.759338e-06
1.692852e-06
1.626376e-06
1.892472e-06
1.82596e-06
1.759459e-06
1.692968e-06
1.626488e-06
1.892597e-06
1.82608e-06
1.759574e-06
1.693079e-06
1.626594e-06
1.892709e-06
1.826187e-06
1.759677e-06
1.693178e-06
1.62669e-06
1.892804e-06
1.826279e-06
1.759765e-06
1.693263e-06
1.626771e-06
1.892879e-06
1.82635e-06
1.759834e-06
1.693329e-06
1.626835e-06
1.89293e-06
1.826399e-06
1.759881e-06
1.693374e-06
1.626878e-06
1.891598e-06
1.825121e-06
1.758653e-06
1.692194e-06
1.625744e-06
1.891658e-06
1.825179e-06
1.758709e-06
1.692248e-06
1.625795e-06
1.891713e-06
1.825231e-06
1.758759e-06
1.692296e-06
1.625842e-06
1.891783e-06
1.825299e-06
1.758824e-06
1.692358e-06
1.625901e-06
1.891865e-06
1.825378e-06
1.7589e-06
1.692431e-06
1.625971e-06
1.891966e-06
1.825474e-06
1.758992e-06
1.69252e-06
1.626057e-06
1.892081e-06
1.825584e-06
1.759098e-06
1.692621e-06
1.626154e-06
1.892207e-06
1.825706e-06
1.759215e-06
1.692733e-06
1.626262e-06
1.89234e-06
1.825833e-06
1.759336e-06
1.69285e-06
1.626374e-06
1.892472e-06
1.825959e-06
1.759458e-06
1.692967e-06
1.626487e-06
1.892597e-06
1.826079e-06
1.759573e-06
1.693078e-06
1.626593e-06
1.892709e-06
1.826187e-06
1.759677e-06
1.693178e-06
1.62669e-06
1.892804e-06
1.826279e-06
1.759765e-06
1.693263e-06
1.626771e-06
1.892879e-06
1.82635e-06
1.759834e-06
1.693329e-06
1.626835e-06
1.89293e-06
1.826399e-06
1.759881e-06
1.693374e-06
1.626879e-06
1.891585e-06
1.825108e-06
1.758641e-06
1.692182e-06
1.625732e-06
1.891651e-06
1.825172e-06
1.758702e-06
1.692241e-06
1.625789e-06
1.891708e-06
1.825226e-06
1.758754e-06
1.692291e-06
1.625837e-06
1.891779e-06
1.825295e-06
1.75882e-06
1.692354e-06
1.625898e-06
1.891861e-06
1.825374e-06
1.758896e-06
1.692428e-06
1.625968e-06
1.891962e-06
1.825471e-06
1.758989e-06
1.692517e-06
1.626053e-06
1.892077e-06
1.825581e-06
1.759095e-06
1.692618e-06
1.626151e-06
1.892205e-06
1.825703e-06
1.759212e-06
1.692731e-06
1.626259e-06
1.892338e-06
1.825831e-06
1.759334e-06
1.692849e-06
1.626372e-06
1.89247e-06
1.825958e-06
1.759457e-06
1.692966e-06
1.626486e-06
1.892596e-06
1.826078e-06
1.759573e-06
1.693077e-06
1.626593e-06
1.892709e-06
1.826187e-06
1.759677e-06
1.693178e-06
1.626689e-06
1.892804e-06
1.826278e-06
1.759765e-06
1.693263e-06
1.626771e-06
1.892879e-06
1.82635e-06
1.759834e-06
1.693329e-06
1.626835e-06
1.89293e-06
1.826399e-06
1.759881e-06
1.693374e-06
1.626879e-06
1.891571e-06
1.825095e-06
1.758628e-06
1.69217e-06
1.62572e-06
1.891643e-06
1.825165e-06
1.758695e-06
1.692234e-06
1.625782e-06
1.891702e-06
1.825221e-06
1.758749e-06
1.692286e-06
1.625832e-06
1.891774e-06
1.82529e-06
1.758815e-06
1.69235e-06
1.625893e-06
1.891857e-06
1.82537e-06
1.758892e-06
1.692423e-06
1.625964e-06
1.891958e-06
1.825467e-06
1.758985e-06
1.692513e-06
1.626049e-06
1.892074e-06
1.825578e-06
1.759091e-06
1.692615e-06
1.626148e-06
1.892202e-06
1.8257e-06
1.759209e-06
1.692728e-06
1.626256e-06
1.892335e-06
1.825828e-06
1.759332e-06
1.692846e-06
1.62637e-06
1.892469e-06
1.825956e-06
1.759455e-06
1.692965e-06
1.626484e-06
1.892595e-06
1.826077e-06
1.759571e-06
1.693076e-06
1.626592e-06
1.892708e-06
1.826186e-06
1.759676e-06
1.693177e-06
1.626689e-06
1.892804e-06
1.826278e-06
1.759765e-06
1.693262e-06
1.626771e-06
1.892879e-06
1.82635e-06
1.759834e-06
1.693329e-06
1.626835e-06
1.89293e-06
1.826399e-06
1.759881e-06
1.693374e-06
1.626879e-06
1.891556e-06
1.825081e-06
1.758615e-06
1.692157e-06
1.625708e-06
1.891635e-06
1.825157e-06
1.758688e-06
1.692227e-06
1.625775e-06
1.891695e-06
1.825215e-06
1.758743e-06
1.692281e-06
1.625827e-06
1.891768e-06
1.825285e-06
1.75881e-06
1.692345e-06
1.625889e-06
1.891852e-06
1.825365e-06
1.758887e-06
1.692419e-06
1.625959e-06
1.891953e-06
1.825462e-06
1.75898e-06
1.692508e-06
1.626045e-06
1.892069e-06
1.825574e-06
1.759087e-06
1.692611e-06
1.626144e-06
1.892198e-06
1.825697e-06
1.759206e-06
1.692725e-06
1.626253e-06
1.892333e-06
1.825826e-06
1.75933e-06
1.692844e-06
1.626368e-06
1.892467e-06
1.825954e-06
1.759453e-06
1.692963e-06
1.626482e-06
1.892593e-06
1.826076e-06
1.75957e-06
1.693075e-06
1.62659e-06
1.892707e-06
1.826185e-06
1.759675e-06
1.693176e-06
1.626688e-06
1.892803e-06
1.826278e-06
1.759764e-06
1.693262e-06
1.62677e-06
1.892878e-06
1.82635e-06
1.759833e-06
1.693328e-06
1.626835e-06
1.89293e-06
1.826399e-06
1.759881e-06
1.693374e-06
1.626879e-06
1.891542e-06
1.825068e-06
1.758602e-06
1.692145e-06
1.625696e-06
1.891627e-06
1.825149e-06
1.75868e-06
1.69222e-06
1.625769e-06
1.891689e-06
1.825209e-06
1.758737e-06
1.692275e-06
1.625822e-06
1.891763e-06
1.82528e-06
1.758805e-06
1.69234e-06
1.625884e-06
1.891846e-06
1.82536e-06
1.758882e-06
1.692414e-06
1.625955e-06
1.891948e-06
1.825457e-06
1.758976e-06
1.692504e-06
1.626041e-06
1.892065e-06
1.825569e-06
1.759083e-06
1.692607e-06
1.62614e-06
1.892195e-06
1.825694e-06
1.759203e-06
1.692722e-06
1.62625e-06
1.89233e-06
1.825823e-06
1.759327e-06
1.692841e-06
1.626365e-06
1.892465e-06
1.825952e-06
1.759451e-06
1.692961e-06
1.62648e-06
1.892592e-06
1.826075e-06
1.759569e-06
1.693074e-06
1.626589e-06
1.892706e-06
1.826184e-06
1.759674e-06
1.693175e-06
1.626687e-06
1.892803e-06
1.826277e-06
1.759764e-06
1.693261e-06
1.62677e-06
1.892878e-06
1.826349e-06
1.759833e-06
1.693328e-06
1.626834e-06
1.892929e-06
1.826399e-06
1.759881e-06
1.693374e-06
1.626879e-06
1.75859e-06
1.692134e-06
1.625686e-06
1.758673e-06
1.692213e-06
1.625762e-06
1.758732e-06
1.69227e-06
1.625817e-06
1.7588e-06
1.692336e-06
1.62588e-06
1.758878e-06
1.69241e-06
1.625951e-06
1.758972e-06
1.6925e-06
1.626037e-06
1.75908e-06
1.692604e-06
1.626137e-06
1.759199e-06
1.692719e-06
1.626247e-06
1.759325e-06
1.692839e-06
1.626363e-06
1.759449e-06
1.692959e-06
1.626479e-06
1.759567e-06
1.693072e-06
1.626588e-06
1.759673e-06
1.693174e-06
1.626686e-06
1.759763e-06
1.69326e-06
1.626769e-06
1.759832e-06
1.693327e-06
1.626834e-06
1.75988e-06
1.693373e-06
1.626878e-06
1.552683e-06
1.472963e-06
1.393254e-06
1.313556e-06
1.233869e-06
1.154192e-06
1.074525e-06
9.948679e-07
9.152205e-07
8.355826e-07
7.559542e-07
6.76335e-07
5.967255e-07
5.171246e-07
4.37535e-07
3.579518e-07
2.783866e-07
1.988142e-07
1.192918e-07
3.969526e-08
1.552705e-06
1.472984e-06
1.393274e-06
1.313575e-06
1.233886e-06
1.154208e-06
1.074541e-06
9.948828e-07
9.152346e-07
8.355959e-07
7.559667e-07
6.763466e-07
5.967363e-07
5.171345e-07
4.375441e-07
3.579594e-07
2.783939e-07
1.988169e-07
1.192974e-07
3.967912e-08
1.552742e-06
1.473019e-06
1.393307e-06
1.313606e-06
1.233916e-06
1.154237e-06
1.074568e-06
9.949082e-07
9.152585e-07
8.356183e-07
7.559876e-07
6.76366e-07
5.967541e-07
5.171505e-07
4.375585e-07
3.579713e-07
2.784045e-07
1.98822e-07
1.193058e-07
3.966662e-08
1.552796e-06
1.473071e-06
1.393356e-06
1.313653e-06
1.233961e-06
1.154279e-06
1.074608e-06
9.949462e-07
9.152944e-07
8.35652e-07
7.560192e-07
6.763952e-07
5.967808e-07
5.171746e-07
4.375796e-07
3.579888e-07
2.784192e-07
1.988301e-07
1.193148e-07
3.965574e-08
1.552863e-06
1.473135e-06
1.393417e-06
1.313712e-06
1.234017e-06
1.154332e-06
1.074658e-06
9.94994e-07
9.153397e-07
8.356946e-07
7.560591e-07
6.764322e-07
5.968148e-07
5.172052e-07
4.376067e-07
3.580116e-07
2.784379e-07
1.988422e-07
1.193253e-07
3.965043e-08
1.552945e-06
1.473213e-06
1.393492e-06
1.313783e-06
1.234085e-06
1.154397e-06
1.07472e-06
9.95053e-07
9.153956e-07
8.357474e-07
7.561087e-07
6.764785e-07
5.968574e-07
5.17244e-07
4.376411e-07
3.580412e-07
2.784622e-07
1.988603e-07
1.193374e-07
3.965356e-08
1.553039e-06
1.473303e-06
1.393578e-06
1.313865e-06
1.234163e-06
1.154472e-06
1.074792e-06
9.951214e-07
9.154606e-07
8.35809e-07
7.561667e-07
6.765328e-07
5.969077e-07
5.1729e-07
4.376821e-07
3.580774e-07
2.784916e-07
1.988848e-07
1.193509e-07
3.966726e-08
1.553143e-06
1.473402e-06
1.393673e-06
1.313956e-06
1.23425e-06
1.154556e-06
1.074871e-06
9.951974e-07
9.155329e-07
8.358778e-07
7.562316e-07
6.765938e-07
5.969645e-07
5.173423e-07
4.377291e-07
3.581194e-07
2.785256e-07
1.989156e-07
1.193654e-07
3.969235e-08
1.553252e-06
1.473506e-06
1.393773e-06
1.314051e-06
1.234342e-06
1.154643e-06
1.074955e-06
9.952774e-07
9.156093e-07
8.359504e-07
7.563003e-07
6.766585e-07
5.970248e-07
5.173982e-07
4.377794e-07
3.581651e-07
2.785624e-07
1.989509e-07
1.193796e-07
3.972798e-08
1.553361e-06
1.47361e-06
1.393872e-06
1.314147e-06
1.234433e-06
1.154731e-06
1.075039e-06
9.953577e-07
9.156859e-07
8.360235e-07
7.563696e-07
6.76724e-07
5.97086e-07
5.174552e-07
4.378309e-07
3.582123e-07
2.786003e-07
1.989892e-07
1.193931e-07
3.977203e-08
1.553465e-06
1.473709e-06
1.393967e-06
1.314238e-06
1.23452e-06
1.154814e-06
1.075119e-06
9.954342e-07
9.15759e-07
8.360932e-07
7.564357e-07
6.767866e-07
5.971446e-07
5.175099e-07
4.378804e-07
3.582582e-07
2.786368e-07
1.990276e-07
1.19405e-07
3.9821e-08
1.553559e-06
1.473799e-06
1.394053e-06
1.31432e-06
1.234599e-06
1.15489e-06
1.075191e-06
9.955033e-07
9.158252e-07
8.361563e-07
7.564958e-07
6.768436e-07
5.971981e-07
5.1756e-07
4.379258e-07
3.583006e-07
2.786704e-07
1.990643e-07
1.19415e-07
3.987084e-08
1.553638e-06
1.473875e-06
1.394126e-06
1.314389e-06
1.234665e-06
1.154953e-06
1.075252e-06
9.95562e-07
9.158814e-07
8.3621e-07
7.56547e-07
6.768921e-07
5.972437e-07
5.176029e-07
4.379647e-07
3.583371e-07
2.786991e-07
1.990965e-07
1.19423e-07
3.991711e-08
1.5537e-06
1.473934e-06
1.394182e-06
1.314444e-06
1.234718e-06
1.155003e-06
1.0753e-06
9.95608e-07
9.159254e-07
8.362521e-07
7.565871e-07
6.769303e-07
5.972797e-07
5.176368e-07
4.379958e-07
3.583665e-07
2.787221e-07
1.991228e-07
1.194289e-07
3.995574e-08
1.552687e-06
1.472967e-06
1.393258e-06
1.313559e-06
1.233872e-06
1.154195e-06
1.074528e-06
9.948708e-07
9.152232e-07
8.355852e-07
7.559567e-07
6.763373e-07
5.967276e-07
5.171266e-07
4.375369e-07
3.579534e-07
2.783881e-07
1.988152e-07
1.192931e-07
3.969468e-08
1.552711e-06
1.47299e-06
1.393279e-06
1.31358e-06
1.233891e-06
1.154213e-06
1.074545e-06
9.948872e-07
9.152388e-07
8.355998e-07
7.559705e-07
6.763502e-07
5.967397e-07
5.171378e-07
4.375473e-07
3.579623e-07
2.783967e-07
1.988194e-07
1.193002e-07
3.968155e-08
1.552748e-06
1.473025e-06
1.393313e-06
1.313612e-06
1.233922e-06
1.154242e-06
1.074573e-06
9.94913e-07
9.152631e-07
8.356227e-07
7.559919e-07
6.7637e-07
5.967579e-07
5.171542e-07
4.37562e-07
3.579746e-07
2.784077e-07
1.988249e-07
1.193092e-07
3.966967e-08
1.552803e-06
1.473077e-06
1.393362e-06
1.313659e-06
1.233967e-06
1.154285e-06
1.074613e-06
9.949512e-07
9.152991e-07
8.356565e-07
7.560235e-07
6.763993e-07
5.967848e-07
5.171783e-07
4.375832e-07
3.579922e-07
2.784225e-07
1.98833e-07
1.193185e-07
3.965902e-08
1.55287e-06
1.473141e-06
1.393423e-06
1.313717e-06
1.234022e-06
1.154338e-06
1.074663e-06
9.949989e-07
9.153443e-07
8.35699e-07
7.560633e-07
6.764363e-07
5.968187e-07
5.172089e-07
4.376102e-07
3.580149e-07
2.784413e-07
1.988452e-07
1.19329e-07
3.965377e-08
1.552951e-06
1.473219e-06
1.393498e-06
1.313788e-06
1.23409e-06
1.154402e-06
1.074725e-06
9.950576e-07
9.154e-07
8.357517e-07
7.561127e-07
6.764823e-07
5.968611e-07
5.172475e-07
4.376445e-07
3.580444e-07
2.784654e-07
1.988632e-07
1.193411e-07
3.965678e-08
1.553045e-06
1.473308e-06
1.393583e-06
1.31387e-06
1.234168e-06
1.154477e-06
1.074796e-06
9.951256e-07
9.154646e-07
8.358129e-07
7.561704e-07
6.765363e-07
5.969111e-07
5.172932e-07
4.376853e-07
3.580803e-07
2.784945e-07
1.988874e-07
1.193543e-07
3.967019e-08
1.553148e-06
1.473407e-06
1.393678e-06
1.31396e-06
1.234255e-06
1.15456e-06
1.074875e-06
9.952011e-07
9.155365e-07
8.358811e-07
7.562348e-07
6.765969e-07
5.969674e-07
5.173452e-07
4.377318e-07
3.58122e-07
2.785282e-07
1.989179e-07
1.193683e-07
3.969482e-08
1.553256e-06
1.47351e-06
1.393777e-06
1.314055e-06
1.234345e-06
1.154646e-06
1.074958e-06
9.952804e-07
9.156122e-07
8.359532e-07
7.56303e-07
6.766611e-07
5.970272e-07
5.174006e-07
4.377817e-07
3.581672e-07
2.785646e-07
1.989528e-07
1.19382e-07
3.972988e-08
1.553364e-06
1.473613e-06
1.393875e-06
1.31415e-06
1.234436e-06
1.154733e-06
1.075042e-06
9.953601e-07
9.156882e-07
8.360256e-07
7.563717e-07
6.76726e-07
5.970879e-07
5.174571e-07
4.378327e-07
3.58214e-07
2.78602e-07
1.989907e-07
1.193948e-07
3.97733e-08
1.553467e-06
1.473712e-06
1.393969e-06
1.31424e-06
1.234522e-06
1.154816e-06
1.075121e-06
9.954359e-07
9.157607e-07
8.360948e-07
7.564373e-07
6.767881e-07
5.971461e-07
5.175113e-07
4.378818e-07
3.582595e-07
2.78638e-07
1.990289e-07
1.194059e-07
3.982163e-08
1.55356e-06
1.4738e-06
1.394054e-06
1.314321e-06
1.2346e-06
1.154891e-06
1.075192e-06
9.955045e-07
9.158263e-07
8.361575e-07
7.564969e-07
6.768447e-07
5.971991e-07
5.17561e-07
4.379268e-07
3.583016e-07
2.786712e-07
1.990652e-07
1.194153e-07
3.987087e-08
1.553639e-06
1.473876e-06
1.394126e-06
1.31439e-06
1.234666e-06
1.154954e-06
1.075253e-06
9.955628e-07
9.158821e-07
8.362107e-07
7.565477e-07
6.768928e-07
5.972444e-07
5.176036e-07
4.379654e-07
3.583378e-07
2.786997e-07
1.990973e-07
1.194227e-07
3.991661e-08
1.553701e-06
1.473934e-06
1.394183e-06
1.314444e-06
1.234718e-06
1.155004e-06
1.075301e-06
9.956084e-07
9.159258e-07
8.362526e-07
7.565876e-07
6.769308e-07
5.972802e-07
5.176373e-07
4.379962e-07
3.58367e-07
2.787225e-07
1.991234e-07
1.194282e-07
3.995484e-08
1.552689e-06
1.472969e-06
1.393259e-06
1.313561e-06
1.233873e-06
1.154196e-06
1.074529e-06
9.94872e-07
9.152244e-07
8.355863e-07
7.559577e-07
6.763382e-07
5.967285e-07
5.171274e-07
4.375376e-07
3.579539e-07
2.783889e-07
1.988149e-07
1.192949e-07
3.969151e-08
1.552716e-06
1.472994e-06
1.393284e-06
1.313584e-06
1.233895e-06
1.154217e-06
1.074549e-06
9.948907e-07
9.152421e-07
8.35603e-07
7.559735e-07
6.763531e-07
5.967424e-07
5.171403e-07
4.375497e-07
3.579645e-07
2.783992e-07
1.988207e-07
1.193041e-07
3.967994e-08
1.552754e-06
1.47303e-06
1.393318e-06
1.313617e-06
1.233926e-06
1.154247e-06
1.074577e-06
9.94917e-07
9.15267e-07
8.356264e-07
7.559954e-07
6.763734e-07
5.967612e-07
5.171572e-07
4.375649e-07
3.579771e-07
2.784107e-07
1.988265e-07
1.19314e-07
3.966782e-08
1.552809e-06
1.473083e-06
1.393368e-06
1.313664e-06
1.233971e-06
1.154289e-06
1.074617e-06
9.949554e-07
9.153031e-07
8.356603e-07
7.560271e-07
6.764028e-07
5.967881e-07
5.171815e-07
4.375863e-07
3.579949e-07
2.784257e-07
1.988347e-07
1.19324e-07
3.965651e-08
1.552875e-06
1.473146e-06
1.393429e-06
1.313722e-06
1.234027e-06
1.154342e-06
1.074668e-06
9.95003e-07
9.153482e-07
8.357028e-07
7.560669e-07
6.764397e-07
5.968219e-07
5.17212e-07
4.376133e-07
3.580176e-07
2.784444e-07
1.988467e-07
1.193349e-07
3.965067e-08
1.552957e-06
1.473224e-06
1.393503e-06
1.313793e-06
1.234095e-06
1.154407e-06
1.074729e-06
9.950616e-07
9.154037e-07
8.357552e-07
7.561161e-07
6.764856e-07
5.968643e-07
5.172504e-07
4.376474e-07
3.58047e-07
2.784684e-07
1.988646e-07
1.193469e-07
3.965336e-08
1.55305e-06
1.473313e-06
1.393588e-06
1.313875e-06
1.234172e-06
1.154481e-06
1.0748e-06
9.951292e-07
9.15468e-07
8.358162e-07
7.561735e-07
6.765393e-07
5.96914e-07
5.172959e-07
4.37688e-07
3.580826e-07
2.784973e-07
1.988887e-07
1.193598e-07
3.966686e-08
1.553152e-06
1.473411e-06
1.393682e-06
1.313964e-06
1.234258e-06
1.154563e-06
1.074879e-06
9.952042e-07
9.155395e-07
8.35884e-07
7.562376e-07
6.765996e-07
5.9697e-07
5.173476e-07
4.377342e-07
3.581241e-07
2.785307e-07
1.989191e-07
1.193729e-07
3.969209e-08
1.55326e-06
1.473514e-06
1.39378e-06
1.314058e-06
1.234348e-06
1.154649e-06
1.074961e-06
9.952831e-07
9.156147e-07
8.359556e-07
7.563053e-07
6.766634e-07
5.970294e-07
5.174026e-07
4.377838e-07
3.581691e-07
2.785667e-07
1.989541e-07
1.193854e-07
3.972826e-08
1.553367e-06
1.473616e-06
1.393878e-06
1.314152e-06
1.234438e-06
1.154736e-06
1.075044e-06
9.953622e-07
9.156903e-07
8.360276e-07
7.563736e-07
6.767279e-07
5.970897e-07
5.174588e-07
4.378344e-07
3.582156e-07
2.786036e-07
1.98992e-07
1.193968e-07
3.977325e-08
1.553469e-06
1.473714e-06
1.393971e-06
1.314242e-06
1.234524e-06
1.154818e-06
1.075122e-06
9.954376e-07
9.157623e-07
8.360963e-07
7.564388e-07
6.767896e-07
5.971475e-07
5.175127e-07
4.378831e-07
3.582608e-07
2.786392e-07
1.990304e-07
1.194063e-07
3.982346e-08
1.553561e-06
1.473802e-06
1.394056e-06
1.314322e-06
1.234601e-06
1.154892e-06
1.075194e-06
9.955057e-07
9.158275e-07
8.361586e-07
7.564981e-07
6.768458e-07
5.972002e-07
5.175621e-07
4.379278e-07
3.583027e-07
2.786719e-07
1.990669e-07
1.19414e-07
3.987472e-08
1.55364e-06
1.473876e-06
1.394127e-06
1.314391e-06
1.234667e-06
1.154955e-06
1.075254e-06
9.955636e-07
9.158829e-07
8.362115e-07
7.565485e-07
6.768937e-07
5.972453e-07
5.176045e-07
4.379662e-07
3.583389e-07
2.787e-07
1.990993e-07
1.194199e-07
3.992241e-08
1.553701e-06
1.473935e-06
1.394183e-06
1.314445e-06
1.234718e-06
1.155004e-06
1.075301e-06
9.95609e-07
9.159264e-07
8.362531e-07
7.565882e-07
6.769314e-07
5.972808e-07
5.17638e-07
4.379968e-07
3.583679e-07
2.787225e-07
1.991256e-07
1.194242e-07
3.99623e-08
1.552687e-06
1.472967e-06
1.393258e-06
1.31356e-06
1.233872e-06
1.154195e-06
1.074528e-06
9.948708e-07
9.152232e-07
8.355852e-07
7.559566e-07
6.763372e-07
5.967275e-07
5.171264e-07
4.375367e-07
3.579527e-07
2.783882e-07
1.988132e-07
1.192955e-07
3.968693e-08
1.552718e-06
1.472996e-06
1.393285e-06
1.313586e-06
1.233897e-06
1.154219e-06
1.07455e-06
9.948921e-07
9.152434e-07
8.356043e-07
7.559747e-07
6.763542e-07
5.967435e-07
5.171413e-07
4.375507e-07
3.579652e-07
2.784003e-07
1.988208e-07
1.193069e-07
3.967583e-08
1.552757e-06
1.473033e-06
1.393321e-06
1.313619e-06
1.233929e-06
1.154249e-06
1.074579e-06
9.949191e-07
9.152689e-07
8.356282e-07
7.559972e-07
6.763751e-07
5.967628e-07
5.171587e-07
4.375664e-07
3.579784e-07
2.784124e-07
1.988269e-07
1.19318e-07
3.966273e-08
1.552812e-06
1.473086e-06
1.393371e-06
1.313667e-06
1.233974e-06
1.154292e-06
1.07462e-06
9.949577e-07
9.153053e-07
8.356624e-07
7.560291e-07
6.764046e-07
5.967899e-07
5.171831e-07
4.37588e-07
3.579962e-07
2.784276e-07
1.98835e-07
1.193286e-07
3.965e-08
1.552879e-06
1.47315e-06
1.393432e-06
1.313725e-06
1.23403e-06
1.154345e-06
1.07467e-06
9.950052e-07
9.153503e-07
8.357048e-07
7.560688e-07
6.764415e-07
5.968237e-07
5.172136e-07
4.376149e-07
3.580188e-07
2.784463e-07
1.988468e-07
1.193399e-07
3.964301e-08
1.55296e-06
1.473227e-06
1.393506e-06
1.313796e-06
1.234097e-06
1.154409e-06
1.074731e-06
9.950637e-07
9.154057e-07
8.357572e-07
7.561179e-07
6.764873e-07
5.968659e-07
5.17252e-07
4.376489e-07
3.580482e-07
2.784703e-07
1.988646e-07
1.19352e-07
3.964516e-08
1.553053e-06
1.473316e-06
1.393591e-06
1.313877e-06
1.234175e-06
1.154483e-06
1.074802e-06
9.951312e-07
9.154699e-07
8.35818e-07
7.561752e-07
6.765409e-07
5.969155e-07
5.172974e-07
4.376894e-07
3.580838e-07
2.784991e-07
1.988887e-07
1.193646e-07
3.965898e-08
1.553155e-06
1.473414e-06
1.393684e-06
1.313967e-06
1.23426e-06
1.154565e-06
1.074881e-06
9.952061e-07
9.155412e-07
8.358857e-07
7.562392e-07
6.76601e-07
5.969714e-07
5.173489e-07
4.377356e-07
3.581252e-07
2.785323e-07
1.989192e-07
1.193771e-07
3.968553e-08
1.553262e-06
1.473516e-06
1.393782e-06
1.31406e-06
1.23435e-06
1.154651e-06
1.074963e-06
9.952847e-07
9.156163e-07
8.359571e-07
7.563067e-07
6.766647e-07
5.970307e-07
5.174039e-07
4.37785e-07
3.581701e-07
2.78568e-07
1.989545e-07
1.193884e-07
3.972403e-08
1.553369e-06
1.473618e-06
1.39388e-06
1.314154e-06
1.23444e-06
1.154737e-06
1.075045e-06
9.953636e-07
9.156916e-07
8.360289e-07
7.563748e-07
6.767291e-07
5.970909e-07
5.174599e-07
4.378355e-07
3.582167e-07
2.786047e-07
1.989929e-07
1.193983e-07
3.977219e-08
1.553471e-06
1.473715e-06
1.393973e-06
1.314243e-06
1.234525e-06
1.154819e-06
1.075124e-06
9.954387e-07
9.157634e-07
8.360974e-07
7.564399e-07
6.767906e-07
5.971485e-07
5.175138e-07
4.378841e-07
3.582619e-07
2.7864e-07
1.990317e-07
1.194061e-07
3.982615e-08
1.553562e-06
1.473803e-06
1.394056e-06
1.314323e-06
1.234602e-06
1.154893e-06
1.075194e-06
9.955066e-07
9.158284e-07
8.361595e-07
7.56499e-07
6.768467e-07
5.972011e-07
5.175631e-07
4.379287e-07
3.583038e-07
2.786725e-07
1.990688e-07
1.194121e-07
3.988136e-08
1.55364e-06
1.473877e-06
1.394128e-06
1.314392e-06
1.234668e-06
1.154956e-06
1.075255e-06
9.955643e-07
9.158836e-07
8.362123e-07
7.565493e-07
6.768945e-07
5.972461e-07
5.176053e-07
4.37967e-07
3.5834e-07
2.787003e-07
1.991016e-07
1.194163e-07
3.99328e-08
1.553701e-06
1.473935e-06
1.394184e-06
1.314445e-06
1.234719e-06
1.155005e-06
1.075302e-06
9.956095e-07
9.15927e-07
8.362538e-07
7.565889e-07
6.769321e-07
5.972816e-07
5.176388e-07
4.379975e-07
3.583691e-07
2.787226e-07
1.991284e-07
1.194192e-07
3.997587e-08
1.552683e-06
1.472963e-06
1.393254e-06
1.313556e-06
1.233868e-06
1.154191e-06
1.074525e-06
9.948676e-07
9.152202e-07
8.355822e-07
7.559538e-07
6.763345e-07
5.967249e-07
5.171239e-07
4.375343e-07
3.579503e-07
2.783862e-07
1.988105e-07
1.192951e-07
3.968157e-08
1.552718e-06
1.472996e-06
1.393285e-06
1.313585e-06
1.233897e-06
1.154218e-06
1.07455e-06
9.948918e-07
9.152431e-07
8.35604e-07
7.559744e-07
6.763539e-07
5.967433e-07
5.171411e-07
4.375505e-07
3.579649e-07
2.784004e-07
1.988198e-07
1.193088e-07
3.967039e-08
1.552758e-06
1.473034e-06
1.393321e-06
1.31362e-06
1.233929e-06
1.154249e-06
1.07458e-06
9.949196e-07
9.152694e-07
8.356287e-07
7.559976e-07
6.763754e-07
5.967631e-07
5.17159e-07
4.375668e-07
3.579785e-07
2.784131e-07
1.988263e-07
1.19321e-07
3.965579e-08
1.552813e-06
1.473087e-06
1.393372e-06
1.313668e-06
1.233975e-06
1.154293e-06
1.074621e-06
9.949585e-07
9.15306e-07
8.356631e-07
7.560297e-07
6.764052e-07
5.967904e-07
5.171836e-07
4.375885e-07
3.579965e-07
2.784285e-07
1.988343e-07
1.193324e-07
3.96411e-08
1.55288e-06
1.473151e-06
1.393433e-06
1.313726e-06
1.23403e-06
1.154345e-06
1.074671e-06
9.95006e-07
9.15351e-07
8.357054e-07
7.560693e-07
6.76442e-07
5.968242e-07
5.17214e-07
4.376153e-07
3.580191e-07
2.784472e-07
1.988459e-07
1.193441e-07
3.96325e-08
1.552961e-06
1.473229e-06
1.393507e-06
1.313797e-06
1.234098e-06
1.15441e-06
1.074732e-06
9.950645e-07
9.154064e-07
8.357578e-07
7.561185e-07
6.764878e-07
5.968664e-07
5.172524e-07
4.376494e-07
3.580484e-07
2.784711e-07
1.988636e-07
1.193564e-07
3.963387e-08
1.553054e-06
1.473317e-06
1.393592e-06
1.313878e-06
1.234176e-06
1.154484e-06
1.074803e-06
9.95132e-07
9.154706e-07
8.358186e-07
7.561758e-07
6.765414e-07
5.96916e-07
5.172978e-07
4.376899e-07
3.58084e-07
2.784999e-07
1.988878e-07
1.193688e-07
3.964813e-08
1.553156e-06
1.473415e-06
1.393685e-06
1.313968e-06
1.234261e-06
1.154566e-06
1.074881e-06
9.952068e-07
9.155419e-07
8.358863e-07
7.562398e-07
6.766016e-07
5.969719e-07
5.173494e-07
4.377361e-07
3.581255e-07
2.785331e-07
1.989186e-07
1.193807e-07
3.967648e-08
1.553263e-06
1.473517e-06
1.393783e-06
1.314061e-06
1.234351e-06
1.154652e-06
1.074964e-06
9.952855e-07
9.15617e-07
8.359578e-07
7.563074e-07
6.766653e-07
5.970313e-07
5.174044e-07
4.377856e-07
3.581706e-07
2.785688e-07
1.989544e-07
1.19391e-07
3.971814e-08
1.55337e-06
1.473619e-06
1.393881e-06
1.314155e-06
1.234441e-06
1.154738e-06
1.075046e-06
9.953643e-07
9.156923e-07
8.360296e-07
7.563755e-07
6.767298e-07
5.970916e-07
5.174606e-07
4.378362e-07
3.582173e-07
2.786054e-07
1.989933e-07
1.193995e-07
3.977061e-08
1.553471e-06
1.473716e-06
1.393973e-06
1.314244e-06
1.234526e-06
1.15482e-06
1.075124e-06
9.954394e-07
9.157641e-07
8.360981e-07
7.564406e-07
6.767913e-07
5.971492e-07
5.175145e-07
4.378848e-07
3.582627e-07
2.786406e-07
1.990328e-07
1.194056e-07
3.982963e-08
1.553563e-06
1.473803e-06
1.394057e-06
1.314324e-06
1.234603e-06
1.154894e-06
1.075195e-06
9.955072e-07
9.15829e-07
8.361602e-07
7.564996e-07
6.768474e-07
5.972019e-07
5.175639e-07
4.379295e-07
3.583048e-07
2.78673e-07
1.990707e-07
1.194099e-07
3.989016e-08
1.553641e-06
1.473877e-06
1.394128e-06
1.314392e-06
1.234668e-06
1.154956e-06
1.075255e-06
9.955649e-07
9.158842e-07
8.362129e-07
7.5655e-07
6.768952e-07
5.972469e-07
5.176062e-07
4.379678e-07
3.583411e-07
2.787007e-07
1.991042e-07
1.194124e-07
3.994666e-08
1.553702e-06
1.473935e-06
1.394184e-06
1.314445e-06
1.234719e-06
1.155005e-06
1.075302e-06
9.956101e-07
9.159276e-07
8.362544e-07
7.565895e-07
6.769329e-07
5.972824e-07
5.176397e-07
4.379983e-07
3.583703e-07
2.787228e-07
1.991315e-07
1.194139e-07
3.999402e-08
1.552676e-06
1.472956e-06
1.393248e-06
1.31355e-06
1.233863e-06
1.154186e-06
1.07452e-06
9.948627e-07
9.152155e-07
8.355778e-07
7.559496e-07
6.763304e-07
5.96721e-07
5.171201e-07
4.375308e-07
3.579468e-07
2.783832e-07
1.988069e-07
1.19294e-07
3.96756e-08
1.552715e-06
1.472994e-06
1.393283e-06
1.313583e-06
1.233895e-06
1.154216e-06
1.074548e-06
9.948902e-07
9.152416e-07
8.356025e-07
7.55973e-07
6.763526e-07
5.96742e-07
5.171398e-07
4.375494e-07
3.579636e-07
2.783997e-07
1.988181e-07
1.1931e-07
3.966405e-08
1.552757e-06
1.473033e-06
1.393321e-06
1.313619e-06
1.233929e-06
1.154249e-06
1.074579e-06
9.949189e-07
9.152687e-07
8.35628e-07
7.559969e-07
6.763748e-07
5.967625e-07
5.171584e-07
4.375662e-07
3.579778e-07
2.784129e-07
1.988249e-07
1.193234e-07
3.964752e-08
1.552813e-06
1.473087e-06
1.393371e-06
1.313668e-06
1.233975e-06
1.154292e-06
1.07462e-06
9.949581e-07
9.153056e-07
8.356626e-07
7.560293e-07
6.764048e-07
5.9679e-07
5.171831e-07
4.375881e-07
3.57996e-07
2.784285e-07
1.988328e-07
1.193355e-07
3.96304e-08
1.55288e-06
1.473151e-06
1.393432e-06
1.313726e-06
1.23403e-06
1.154345e-06
1.07467e-06
9.950056e-07
9.153506e-07
8.35705e-07
7.560689e-07
6.764415e-07
5.968237e-07
5.172135e-07
4.376149e-07
3.580184e-07
2.784472e-07
1.988442e-07
1.193477e-07
3.961981e-08
1.552961e-06
1.473228e-06
1.393507e-06
1.313797e-06
1.234098e-06
1.15441e-06
1.074732e-06
9.950641e-07
9.154061e-07
8.357574e-07
7.561181e-07
6.764874e-07
5.968659e-07
5.172519e-07
4.37649e-07
3.580477e-07
2.784711e-07
1.988618e-07
1.193602e-07
3.962022e-08
1.553054e-06
1.473317e-06
1.393592e-06
1.313878e-06
1.234175e-06
1.154484e-06
1.074803e-06
9.951317e-07
9.154703e-07
8.358183e-07
7.561754e-07
6.765411e-07
5.969156e-07
5.172974e-07
4.376895e-07
3.580835e-07
2.785e-07
1.988862e-07
1.193725e-07
3.963497e-08
1.553156e-06
1.473415e-06
1.393685e-06
1.313967e-06
1.234261e-06
1.154566e-06
1.074881e-06
9.952067e-07
9.155418e-07
8.358862e-07
7.562396e-07
6.766014e-07
5.969717e-07
5.173492e-07
4.377359e-07
3.581252e-07
2.785333e-07
1.989174e-07
1.193839e-07
3.966551e-08
1.553263e-06
1.473517e-06
1.393783e-06
1.314061e-06
1.234351e-06
1.154652e-06
1.074964e-06
9.952855e-07
9.15617e-07
8.359578e-07
7.563074e-07
6.766653e-07
5.970313e-07
5.174045e-07
4.377856e-07
3.581706e-07
2.785691e-07
1.989537e-07
1.193932e-07
3.971103e-08
1.55337e-06
1.473619e-06
1.393881e-06
1.314155e-06
1.234441e-06
1.154738e-06
1.075046e-06
9.953645e-07
9.156925e-07
8.360298e-07
7.563757e-07
6.7673e-07
5.970918e-07
5.174608e-07
4.378364e-07
3.582176e-07
2.786058e-07
1.989935e-07
1.194003e-07
3.976875e-08
1.553472e-06
1.473716e-06
1.393974e-06
1.314244e-06
1.234526e-06
1.15482e-06
1.075125e-06
9.954397e-07
9.157644e-07
8.360984e-07
7.564409e-07
6.767917e-07
5.971496e-07
5.175149e-07
4.378853e-07
3.582633e-07
2.78641e-07
1.990339e-07
1.194048e-07
3.983395e-08
1.553563e-06
1.473803e-06
1.394057e-06
1.314324e-06
1.234603e-06
1.154894e-06
1.075196e-06
9.955076e-07
9.158294e-07
8.361606e-07
7.565001e-07
6.768479e-07
5.972024e-07
5.175645e-07
4.379301e-07
3.583056e-07
2.786733e-07
1.990726e-07
1.194072e-07
3.990098e-08
1.553641e-06
1.473878e-06
1.394129e-06
1.314392e-06
1.234669e-06
1.154957e-06
1.075256e-06
9.955653e-07
9.158847e-07
8.362134e-07
7.565505e-07
6.768958e-07
5.972475e-07
5.176069e-07
4.379685e-07
3.583422e-07
2.78701e-07
1.991069e-07
1.19408e-07
3.996363e-08
1.553702e-06
1.473936e-06
1.394184e-06
1.314446e-06
1.23472e-06
1.155006e-06
1.075303e-06
9.956106e-07
9.159281e-07
8.36255e-07
7.565902e-07
6.769336e-07
5.972831e-07
5.176406e-07
4.379991e-07
3.583715e-07
2.787231e-07
1.99135e-07
1.194081e-07
4.00162e-08
1.552668e-06
1.472948e-06
1.39324e-06
1.313542e-06
1.233855e-06
1.154179e-06
1.074513e-06
9.948565e-07
9.152096e-07
8.355721e-07
7.559442e-07
6.763253e-07
5.967161e-07
5.171154e-07
4.375263e-07
3.579425e-07
2.783794e-07
1.988026e-07
1.192923e-07
3.966924e-08
1.552712e-06
1.47299e-06
1.39328e-06
1.31358e-06
1.233892e-06
1.154213e-06
1.074546e-06
9.948875e-07
9.15239e-07
8.356e-07
7.559706e-07
6.763503e-07
5.967398e-07
5.171377e-07
4.375474e-07
3.579617e-07
2.783982e-07
1.988158e-07
1.193106e-07
3.965713e-08
1.552755e-06
1.473031e-06
1.393318e-06
1.313617e-06
1.233927e-06
1.154247e-06
1.074577e-06
9.949172e-07
9.15267e-07
8.356263e-07
7.559953e-07
6.763732e-07
5.96761e-07
5.17157e-07
4.375649e-07
3.579764e-07
2.784121e-07
1.988229e-07
1.193252e-07
3.963838e-08
1.552811e-06
1.473085e-06
1.39337e-06
1.313666e-06
1.233973e-06
1.154291e-06
1.074619e-06
9.949567e-07
9.153043e-07
8.356613e-07
7.56028e-07
6.764035e-07
5.967887e-07
5.171819e-07
4.37587e-07
3.579947e-07
2.784278e-07
1.988306e-07
1.19338e-07
3.961847e-08
1.552879e-06
1.473149e-06
1.393431e-06
1.313724e-06
1.234029e-06
1.154344e-06
1.074669e-06
9.950043e-07
9.153493e-07
8.357037e-07
7.560676e-07
6.764402e-07
5.968224e-07
5.172123e-07
4.376138e-07
3.580172e-07
2.784466e-07
1.988417e-07
1.193508e-07
3.960556e-08
1.55296e-06
1.473227e-06
1.393505e-06
1.313795e-06
1.234096e-06
1.154408e-06
1.074731e-06
9.950629e-07
9.154048e-07
8.357561e-07
7.561169e-07
6.764862e-07
5.968648e-07
5.172507e-07
4.376479e-07
3.580465e-07
2.784705e-07
1.988592e-07
1.193636e-07
3.960483e-08
1.553053e-06
1.473316e-06
1.39359e-06
1.313877e-06
1.234174e-06
1.154483e-06
1.074802e-06
9.951306e-07
9.154692e-07
8.358172e-07
7.561744e-07
6.7654e-07
5.969146e-07
5.172964e-07
4.376886e-07
3.580824e-07
2.784995e-07
1.988839e-07
1.193759e-07
3.962013e-08
1.553156e-06
1.473414e-06
1.393684e-06
1.313967e-06
1.23426e-06
1.154565e-06
1.07488e-06
9.952059e-07
9.15541e-07
8.358854e-07
7.562388e-07
6.766006e-07
5.96971e-07
5.173484e-07
4.377352e-07
3.581244e-07
2.78533e-07
1.989156e-07
1.193868e-07
3.965316e-08
1.553263e-06
1.473517e-06
1.393782e-06
1.314061e-06
1.23435e-06
1.154651e-06
1.074963e-06
9.95285e-07
9.156165e-07
8.359573e-07
7.563069e-07
6.766648e-07
5.970309e-07
5.17404e-07
4.377852e-07
3.581701e-07
2.785689e-07
1.989527e-07
1.193952e-07
3.970309e-08
1.55337e-06
1.473619e-06
1.39388e-06
1.314155e-06
1.23444e-06
1.154738e-06
1.075046e-06
9.953642e-07
9.156922e-07
8.360295e-07
7.563755e-07
6.767298e-07
5.970916e-07
5.174607e-07
4.378363e-07
3.582175e-07
2.786058e-07
1.989934e-07
1.194009e-07
3.976681e-08
1.553472e-06
1.473716e-06
1.393974e-06
1.314244e-06
1.234526e-06
1.15482e-06
1.075125e-06
9.954396e-07
9.157644e-07
8.360984e-07
7.564409e-07
6.767918e-07
5.971497e-07
5.175151e-07
4.378854e-07
3.582636e-07
2.786411e-07
1.990348e-07
1.194037e-07
3.983907e-08
1.553563e-06
1.473803e-06
1.394057e-06
1.314324e-06
1.234603e-06
1.154894e-06
1.075196e-06
9.955078e-07
9.158296e-07
8.361608e-07
7.565003e-07
6.768482e-07
5.972028e-07
5.175649e-07
4.379305e-07
3.583063e-07
2.786735e-07
1.990746e-07
1.194043e-07
3.991352e-08
1.553641e-06
1.473878e-06
1.394129e-06
1.314393e-06
1.234669e-06
1.154957e-06
1.075256e-06
9.955656e-07
9.15885e-07
8.362138e-07
7.565509e-07
6.768963e-07
5.97248e-07
5.176075e-07
4.37969e-07
3.583431e-07
2.787012e-07
1.991098e-07
1.194033e-07
3.998321e-08
1.553702e-06
1.473936e-06
1.394184e-06
1.314446e-06
1.23472e-06
1.155006e-06
1.075303e-06
9.956109e-07
9.159285e-07
8.362554e-07
7.565907e-07
6.769341e-07
5.972837e-07
5.176413e-07
4.379998e-07
3.583727e-07
2.787233e-07
1.991387e-07
1.194018e-07
4.004173e-08
1.553744e-06
1.473976e-06
1.394223e-06
1.314483e-06
1.234755e-06
1.15504e-06
1.075336e-06
9.95642e-07
9.159584e-07
8.362841e-07
7.566181e-07
6.769603e-07
5.973085e-07
5.176649e-07
4.380214e-07
3.583936e-07
2.787386e-07
1.991591e-07
1.194004e-07
4.008337e-08
1.552658e-06
1.472939e-06
1.39323e-06
1.313533e-06
1.233847e-06
1.154171e-06
1.074505e-06
9.948493e-07
9.152027e-07
8.355655e-07
7.559379e-07
6.763192e-07
5.967104e-07
5.171099e-07
4.375211e-07
3.579375e-07
2.78375e-07
1.987979e-07
1.192901e-07
3.966266e-08
1.552707e-06
1.472985e-06
1.393275e-06
1.313576e-06
1.233887e-06
1.15421e-06
1.074542e-06
9.948838e-07
9.152355e-07
8.355967e-07
7.559674e-07
6.763472e-07
5.967369e-07
5.171349e-07
4.375448e-07
3.579591e-07
2.783961e-07
1.98813e-07
1.193108e-07
3.964989e-08
1.552751e-06
1.473028e-06
1.393315e-06
1.313614e-06
1.233924e-06
1.154244e-06
1.074574e-06
9.949146e-07
9.152645e-07
8.35624e-07
7.55993e-07
6.76371e-07
5.967589e-07
5.171549e-07
4.37563e-07
3.579745e-07
2.784107e-07
1.988204e-07
1.193266e-07
3.96287e-08
1.552809e-06
1.473083e-06
1.393367e-06
1.313663e-06
1.233971e-06
1.154288e-06
1.074616e-06
9.949545e-07
9.153021e-07
8.356592e-07
7.56026e-07
6.764016e-07
5.967869e-07
5.171801e-07
4.375853e-07
3.579929e-07
2.784266e-07
1.988279e-07
1.193401e-07
3.960573e-08
1.552876e-06
1.473147e-06
1.393428e-06
1.313722e-06
1.234026e-06
1.154341e-06
1.074667e-06
9.950021e-07
9.153472e-07
8.357016e-07
7.560656e-07
6.764383e-07
5.968206e-07
5.172105e-07
4.376121e-07
3.580153e-07
2.784454e-07
1.988387e-07
1.193534e-07
3.959028e-08
1.552958e-06
1.473225e-06
1.393503e-06
1.313793e-06
1.234094e-06
1.154406e-06
1.074729e-06
9.950609e-07
9.154029e-07
8.357542e-07
7.56115e-07
6.764843e-07
5.96863e-07
5.17249e-07
4.376462e-07
3.580447e-07
2.784694e-07
1.988562e-07
1.193667e-07
3.958829e-08
1.553051e-06
1.473314e-06
1.393588e-06
1.313875e-06
1.234172e-06
1.154481e-06
1.0748e-06
9.951288e-07
9.154675e-07
8.358155e-07
7.561727e-07
6.765384e-07
5.96913e-07
5.172948e-07
4.376871e-07
3.580808e-07
2.784985e-07
1.988811e-07
1.193789e-07
3.960418e-08
1.553154e-06
1.473413e-06
1.393683e-06
1.313965e-06
1.234259e-06
1.154564e-06
1.074879e-06
9.952044e-07
9.155396e-07
8.35884e-07
7.562375e-07
6.765993e-07
5.969697e-07
5.173472e-07
4.377341e-07
3.581231e-07
2.785322e-07
1.989133e-07
1.193894e-07
3.963992e-08
1.553262e-06
1.473515e-06
1.393781e-06
1.314059e-06
1.234349e-06
1.15465e-06
1.074962e-06
9.952839e-07
9.156154e-07
8.359563e-07
7.563059e-07
6.766639e-07
5.9703e-07
5.174031e-07
4.377844e-07
3.581693e-07
2.785684e-07
1.989513e-07
1.193969e-07
3.969466e-08
1.553369e-06
1.473618e-06
1.39388e-06
1.314154e-06
1.23444e-06
1.154737e-06
1.075045e-06
9.953635e-07
9.156916e-07
8.360289e-07
7.563749e-07
6.767292e-07
5.970911e-07
5.174602e-07
4.378359e-07
3.582171e-07
2.786055e-07
1.989931e-07
1.194012e-07
3.976495e-08
1.553471e-06
1.473715e-06
1.393973e-06
1.314243e-06
1.234526e-06
1.15482e-06
1.075124e-06
9.954392e-07
9.15764e-07
8.360981e-07
7.564407e-07
6.767915e-07
5.971495e-07
5.17515e-07
4.378854e-07
3.582637e-07
2.786411e-07
1.990357e-07
1.194023e-07
3.984494e-08
1.553563e-06
1.473803e-06
1.394057e-06
1.314324e-06
1.234603e-06
1.154894e-06
1.075195e-06
9.955076e-07
9.158295e-07
8.361607e-07
7.565003e-07
6.768482e-07
5.972029e-07
5.175651e-07
4.379307e-07
3.583068e-07
2.786736e-07
1.990766e-07
1.19401e-07
3.99275e-08
1.553641e-06
1.473877e-06
1.394129e-06
1.314393e-06
1.234669e-06
1.154957e-06
1.075256e-06
9.955656e-07
9.158851e-07
8.362139e-07
7.565511e-07
6.768965e-07
5.972483e-07
5.176079e-07
4.379695e-07
3.583439e-07
2.787013e-07
1.991128e-07
1.193982e-07
4.000487e-08
1.553702e-06
1.473936e-06
1.394184e-06
1.314446e-06
1.23472e-06
1.155006e-06
1.075303e-06
9.956111e-07
9.159287e-07
8.362557e-07
7.56591e-07
6.769345e-07
5.972842e-07
5.176418e-07
4.380003e-07
3.583737e-07
2.787234e-07
1.991425e-07
1.193951e-07
4.006989e-08
1.553744e-06
1.473976e-06
1.394223e-06
1.314483e-06
1.234756e-06
1.15504e-06
1.075336e-06
9.956423e-07
9.159587e-07
8.362844e-07
7.566185e-07
6.769608e-07
5.97309e-07
5.176654e-07
4.38022e-07
3.583947e-07
2.787387e-07
1.991634e-07
1.193925e-07
4.011635e-08
1.552647e-06
1.472928e-06
1.39322e-06
1.313524e-06
1.233838e-06
1.154162e-06
1.074497e-06
9.948413e-07
9.151951e-07
8.355583e-07
7.55931e-07
6.763127e-07
5.967041e-07
5.17104e-07
4.375155e-07
3.579321e-07
2.783702e-07
1.987928e-07
1.192876e-07
3.96561e-08
1.552701e-06
1.47298e-06
1.39327e-06
1.313571e-06
1.233882e-06
1.154205e-06
1.074537e-06
9.948796e-07
9.152315e-07
8.355928e-07
7.559637e-07
6.763437e-07
5.967335e-07
5.171317e-07
4.375418e-07
3.579562e-07
2.783937e-07
1.988099e-07
1.193106e-07
3.964263e-08
1.552747e-06
1.473024e-06
1.393311e-06
1.31361e-06
1.23392e-06
1.15424e-06
1.074571e-06
9.949115e-07
9.152615e-07
8.356211e-07
7.559902e-07
6.763684e-07
5.967564e-07
5.171525e-07
4.375607e-07
3.579723e-07
2.78409e-07
1.988176e-07
1.193276e-07
3.96189e-08
1.552805e-06
1.473079e-06
1.393364e-06
1.31366e-06
1.233967e-06
1.154285e-06
1.074614e-06
9.949517e-07
9.152995e-07
8.356567e-07
7.560235e-07
6.763992e-07
5.967846e-07
5.171779e-07
4.375832e-07
3.579908e-07
2.784251e-07
1.988249e-07
1.193419e-07
3.959273e-08
1.552873e-06
1.473144e-06
1.393425e-06
1.313719e-06
1.234023e-06
1.154338e-06
1.074664e-06
9.949995e-07
9.153446e-07
8.356991e-07
7.560632e-07
6.76436e-07
5.968183e-07
5.172083e-07
4.3761e-07
3.580132e-07
2.784438e-07
1.988354e-07
1.193557e-07
3.957461e-08
1.552954e-06
1.473222e-06
1.3935e-06
1.31379e-06
1.234091e-06
1.154403e-06
1.074726e-06
9.950584e-07
9.154004e-07
8.357519e-07
7.561127e-07
6.764821e-07
5.968608e-07
5.172469e-07
4.376442e-07
3.580426e-07
2.784679e-07
1.988528e-07
1.193693e-07
3.957128e-08
1.553048e-06
1.473312e-06
1.393586e-06
1.313872e-06
1.23417e-06
1.154478e-06
1.074798e-06
9.951266e-07
9.154653e-07
8.358134e-07
7.561707e-07
6.765364e-07
5.969111e-07
5.17293e-07
4.376853e-07
3.580789e-07
2.784972e-07
1.98878e-07
1.193817e-07
3.958776e-08
1.553152e-06
1.47341e-06
1.39368e-06
1.313963e-06
1.234257e-06
1.154562e-06
1.074877e-06
9.952026e-07
9.155378e-07
8.358822e-07
7.562357e-07
6.765977e-07
5.969681e-07
5.173456e-07
4.377326e-07
3.581216e-07
2.785312e-07
1.989109e-07
1.193917e-07
3.962634e-08
1.55326e-06
1.473514e-06
1.39378e-06
1.314058e-06
1.234348e-06
1.154649e-06
1.074961e-06
9.952825e-07
9.15614e-07
8.359549e-07
7.563046e-07
6.766627e-07
5.970288e-07
5.17402e-07
4.377834e-07
3.581682e-07
2.785677e-07
1.989498e-07
1.193983e-07
3.968612e-08
1.553368e-06
1.473617e-06
1.393878e-06
1.314152e-06
1.234439e-06
1.154736e-06
1.075044e-06
9.953625e-07
9.156906e-07
8.36028e-07
7.56374e-07
6.767283e-07
5.970903e-07
5.174594e-07
4.378352e-07
3.582166e-07
2.78605e-07
1.989927e-07
1.194013e-07
3.97633e-08
1.55347e-06
1.473714e-06
1.393972e-06
1.314242e-06
1.234525e-06
1.154819e-06
1.075123e-06
9.954386e-07
9.157634e-07
8.360975e-07
7.564401e-07
6.76791e-07
5.971491e-07
5.175146e-07
4.37885e-07
3.582635e-07
2.786408e-07
1.990364e-07
1.194006e-07
3.985139e-08
1.553563e-06
1.473802e-06
1.394057e-06
1.314324e-06
1.234603e-06
1.154893e-06
1.075195e-06
9.955073e-07
9.158291e-07
8.361604e-07
7.565001e-07
6.76848e-07
5.972027e-07
5.17565e-07
4.379307e-07
3.58307e-07
2.786734e-07
1.990784e-07
1.193975e-07
3.994246e-08
1.553641e-06
1.473877e-06
1.394128e-06
1.314392e-06
1.234669e-06
1.154957e-06
1.075256e-06
9.955654e-07
9.158849e-07
8.362138e-07
7.56551e-07
6.768965e-07
5.972484e-07
5.176081e-07
4.379696e-07
3.583445e-07
2.787012e-07
1.991157e-07
1.193928e-07
4.002789e-08
1.553702e-06
1.473935e-06
1.394184e-06
1.314446e-06
1.23472e-06
1.155006e-06
1.075303e-06
9.956111e-07
9.159287e-07
8.362557e-07
7.565911e-07
6.769346e-07
5.972844e-07
5.176421e-07
4.380007e-07
3.583745e-07
2.787233e-07
1.991462e-07
1.193881e-07
4.009972e-08
1.553744e-06
1.473975e-06
1.394223e-06
1.314483e-06
1.234756e-06
1.15504e-06
1.075336e-06
9.956423e-07
9.159588e-07
8.362845e-07
7.566187e-07
6.76961e-07
5.973093e-07
5.176658e-07
4.380224e-07
3.583956e-07
2.787386e-07
1.991677e-07
1.193843e-07
4.015117e-08
1.552635e-06
1.472917e-06
1.39321e-06
1.313514e-06
1.233828e-06
1.154153e-06
1.074488e-06
9.94833e-07
9.151872e-07
8.355508e-07
7.559238e-07
6.763059e-07
5.966976e-07
5.170978e-07
4.375096e-07
3.579265e-07
2.783651e-07
1.987876e-07
1.192848e-07
3.964972e-08
1.552695e-06
1.472974e-06
1.393264e-06
1.313565e-06
1.233877e-06
1.1542e-06
1.074532e-06
9.94875e-07
9.152271e-07
8.355886e-07
7.559598e-07
6.763399e-07
5.967299e-07
5.171283e-07
4.375386e-07
3.579531e-07
2.78391e-07
1.988067e-07
1.193101e-07
3.963555e-08
1.552742e-06
1.473019e-06
1.393307e-06
1.313606e-06
1.233916e-06
1.154237e-06
1.074567e-06
9.94908e-07
9.152582e-07
8.356179e-07
7.559872e-07
6.763655e-07
5.967536e-07
5.171499e-07
4.375583e-07
3.579698e-07
2.78407e-07
1.988147e-07
1.193282e-07
3.960928e-08
1.552801e-06
1.473075e-06
1.39336e-06
1.313656e-06
1.233964e-06
1.154282e-06
1.07461e-06
9.949487e-07
9.152966e-07
8.356539e-07
7.560208e-07
6.763966e-07
5.967821e-07
5.171755e-07
4.37581e-07
3.579885e-07
2.784233e-07
1.988217e-07
1.193433e-07
3.957988e-08
1.552869e-06
1.47314e-06
1.393422e-06
1.313715e-06
1.23402e-06
1.154335e-06
1.074661e-06
9.949965e-07
9.153417e-07
8.356964e-07
7.560605e-07
6.764334e-07
5.968158e-07
5.172059e-07
4.376077e-07
3.580108e-07
2.78442e-07
1.98832e-07
1.193577e-07
3.955905e-08
1.552951e-06
1.473219e-06
1.393497e-06
1.313787e-06
1.234088e-06
1.1544e-06
1.074723e-06
9.950555e-07
9.153977e-07
8.357492e-07
7.561101e-07
6.764796e-07
5.968584e-07
5.172445e-07
4.37642e-07
3.580403e-07
2.784662e-07
1.988494e-07
1.193717e-07
3.955436e-08
1.553045e-06
1.473309e-06
1.393583e-06
1.313869e-06
1.234167e-06
1.154476e-06
1.074795e-06
9.951241e-07
9.154629e-07
8.35811e-07
7.561683e-07
6.765342e-07
5.969089e-07
5.172909e-07
4.376833e-07
3.580768e-07
2.784957e-07
1.988748e-07
1.193842e-07
3.957144e-08
1.553149e-06
1.473408e-06
1.393678e-06
1.31396e-06
1.234254e-06
1.154559e-06
1.074875e-06
9.952004e-07
9.155357e-07
8.358802e-07
7.562338e-07
6.765958e-07
5.969663e-07
5.173438e-07
4.377309e-07
3.581199e-07
2.785299e-07
1.989083e-07
1.193938e-07
3.961289e-08
1.553258e-06
1.473512e-06
1.393778e-06
1.314056e-06
1.234346e-06
1.154647e-06
1.074959e-06
9.952807e-07
9.156124e-07
8.359533e-07
7.563031e-07
6.766612e-07
5.970273e-07
5.174006e-07
4.377821e-07
3.581669e-07
2.785667e-07
1.989481e-07
1.193996e-07
3.967779e-08
1.553366e-06
1.473615e-06
1.393877e-06
1.314151e-06
1.234437e-06
1.154735e-06
1.075043e-06
9.953612e-07
9.156893e-07
8.360268e-07
7.563728e-07
6.767272e-07
5.970892e-07
5.174585e-07
4.378343e-07
3.582158e-07
2.786044e-07
1.989921e-07
1.194012e-07
3.976195e-08
1.553469e-06
1.473713e-06
1.393971e-06
1.314241e-06
1.234524e-06
1.154818e-06
1.075123e-06
9.954377e-07
9.157625e-07
8.360967e-07
7.564393e-07
6.767903e-07
5.971484e-07
5.17514e-07
4.378845e-07
3.582632e-07
2.786403e-07
1.99037e-07
1.193988e-07
3.985826e-08
1.553562e-06
1.473801e-06
1.394056e-06
1.314323e-06
1.234602e-06
1.154893e-06
1.075194e-06
9.955066e-07
9.158285e-07
8.361599e-07
7.564996e-07
6.768475e-07
5.972023e-07
5.175647e-07
4.379304e-07
3.583071e-07
2.786731e-07
1.990802e-07
1.193938e-07
3.995795e-08
1.553641e-06
1.473876e-06
1.394128e-06
1.314392e-06
1.234668e-06
1.154956e-06
1.075255e-06
9.95565e-07
9.158845e-07
8.362134e-07
7.565507e-07
6.768962e-07
5.972482e-07
5.17608e-07
4.379696e-07
3.583448e-07
2.787009e-07
1.991185e-07
1.193872e-07
4.005155e-08
1.553702e-06
1.473935e-06
1.394184e-06
1.314446e-06
1.23472e-06
1.155006e-06
1.075303e-06
9.956109e-07
9.159285e-07
8.362555e-07
7.565909e-07
6.769345e-07
5.972843e-07
5.176422e-07
4.380008e-07
3.583751e-07
2.787231e-07
1.991498e-07
1.193809e-07
4.01303e-08
1.553744e-06
1.473975e-06
1.394223e-06
1.314483e-06
1.234755e-06
1.15504e-06
1.075336e-06
9.956421e-07
9.159586e-07
8.362843e-07
7.566186e-07
6.769609e-07
5.973093e-07
5.176658e-07
4.380225e-07
3.583962e-07
2.787382e-07
1.991718e-07
1.19376e-07
4.018679e-08
1.552623e-06
1.472906e-06
1.393199e-06
1.313504e-06
1.233819e-06
1.154144e-06
1.07448e-06
9.948247e-07
9.151793e-07
8.355432e-07
7.559167e-07
6.762991e-07
5.966911e-07
5.170916e-07
4.375038e-07
3.579209e-07
2.783601e-07
1.987825e-07
1.192818e-07
3.964374e-08
1.552688e-06
1.472967e-06
1.393258e-06
1.313559e-06
1.233872e-06
1.154195e-06
1.074528e-06
9.948703e-07
9.152226e-07
8.355844e-07
7.559557e-07
6.763361e-07
5.967263e-07
5.171248e-07
4.375353e-07
3.579499e-07
2.783883e-07
1.988036e-07
1.193094e-07
3.962894e-08
1.552737e-06
1.473015e-06
1.393302e-06
1.313602e-06
1.233912e-06
1.154233e-06
1.074564e-06
9.949044e-07
9.152548e-07
8.356146e-07
7.559841e-07
6.763625e-07
5.967508e-07
5.171472e-07
4.375557e-07
3.579674e-07
2.784049e-07
1.988118e-07
1.193286e-07
3.960021e-08
1.552797e-06
1.473071e-06
1.393356e-06
1.313653e-06
1.23396e-06
1.154279e-06
1.074607e-06
9.949455e-07
9.152935e-07
8.35651e-07
7.56018e-07
6.763939e-07
5.967795e-07
5.171731e-07
4.375786e-07
3.579862e-07
2.784214e-07
1.988187e-07
1.193444e-07
3.956767e-08
1.552864e-06
1.473136e-06
1.393418e-06
1.313711e-06
1.234016e-06
1.154332e-06
1.074658e-06
9.949934e-07
9.153388e-07
8.356935e-07
7.560578e-07
6.764308e-07
5.968133e-07
5.172035e-07
4.376054e-07
3.580085e-07
2.784401e-07
1.988287e-07
1.193594e-07
3.954418e-08
1.552947e-06
1.473215e-06
1.393493e-06
1.313783e-06
1.234085e-06
1.154397e-06
1.07472e-06
9.950526e-07
9.153949e-07
8.357465e-07
7.561075e-07
6.764771e-07
5.96856e-07
5.172422e-07
4.376398e-07
3.58038e-07
2.784644e-07
1.98846e-07
1.193738e-07
3.953815e-08
1.553041e-06
1.473305e-06
1.39358e-06
1.313866e-06
1.234164e-06
1.154473e-06
1.074792e-06
9.951214e-07
9.154603e-07
8.358086e-07
7.56166e-07
6.765319e-07
5.969067e-07
5.172887e-07
4.376813e-07
3.580747e-07
2.784941e-07
1.988717e-07
1.193864e-07
3.955581e-08
1.553146e-06
1.473405e-06
1.393675e-06
1.313958e-06
1.234252e-06
1.154557e-06
1.074872e-06
9.951982e-07
9.155335e-07
8.358781e-07
7.562318e-07
6.765938e-07
5.969644e-07
5.17342e-07
4.377292e-07
3.581181e-07
2.785285e-07
1.989058e-07
1.193957e-07
3.960007e-08
1.553255e-06
1.473509e-06
1.393775e-06
1.314054e-06
1.234344e-06
1.154645e-06
1.074957e-06
9.952789e-07
9.156106e-07
8.359516e-07
7.563014e-07
6.766596e-07
5.970258e-07
5.173991e-07
4.377807e-07
3.581656e-07
2.785657e-07
1.989464e-07
1.194006e-07
3.966997e-08
1.553365e-06
1.473613e-06
1.393875e-06
1.314149e-06
1.234436e-06
1.154733e-06
1.075041e-06
9.953598e-07
9.156879e-07
8.360254e-07
7.563715e-07
6.76726e-07
5.97088e-07
5.174573e-07
4.378333e-07
3.582148e-07
2.786035e-07
1.989914e-07
1.194009e-07
3.976097e-08
1.553468e-06
1.473712e-06
1.39397e-06
1.31424e-06
1.234523e-06
1.154817e-06
1.075121e-06
9.954366e-07
9.157614e-07
8.360956e-07
7.564383e-07
6.767894e-07
5.971475e-07
5.175132e-07
4.378838e-07
3.582627e-07
2.786397e-07
1.990374e-07
1.193969e-07
3.986529e-08
1.553561e-06
1.4738e-06
1.394055e-06
1.314322e-06
1.234601e-06
1.154892e-06
1.075194e-06
9.955058e-07
9.158277e-07
8.361591e-07
7.564988e-07
6.768468e-07
5.972017e-07
5.175641e-07
4.379299e-07
3.583069e-07
2.786726e-07
1.990817e-07
1.1939e-07
3.997341e-08
1.55364e-06
1.473875e-06
1.394127e-06
1.314391e-06
1.234668e-06
1.154956e-06
1.075255e-06
9.955644e-07
9.158839e-07
8.362128e-07
7.565502e-07
6.768957e-07
5.972477e-07
5.176076e-07
4.379693e-07
3.583449e-07
2.787005e-07
1.99121e-07
1.193817e-07
4.007498e-08
1.553701e-06
1.473934e-06
1.394183e-06
1.314445e-06
1.234719e-06
1.155006e-06
1.075303e-06
9.956104e-07
9.15928e-07
8.36255e-07
7.565905e-07
6.769341e-07
5.972839e-07
5.176419e-07
4.380005e-07
3.583753e-07
2.787226e-07
1.99153e-07
1.193738e-07
4.016048e-08
1.553744e-06
1.473974e-06
1.394222e-06
1.314482e-06
1.234755e-06
1.15504e-06
1.075335e-06
9.956417e-07
9.159581e-07
8.362839e-07
7.566183e-07
6.769605e-07
5.973089e-07
5.176655e-07
4.380223e-07
3.583964e-07
2.787377e-07
1.991756e-07
1.193677e-07
4.022189e-08
2.787456e-07
1.99187e-07
1.193642e-07
4.025363e-08
1.552612e-06
1.472895e-06
1.393189e-06
1.313494e-06
1.233809e-06
1.154135e-06
1.074471e-06
9.948168e-07
9.151717e-07
8.355361e-07
7.559099e-07
6.762926e-07
5.96685e-07
5.170858e-07
4.374982e-07
3.579157e-07
2.783552e-07
1.987778e-07
1.192789e-07
3.963834e-08
1.552681e-06
1.472961e-06
1.393252e-06
1.313554e-06
1.233866e-06
1.154189e-06
1.074523e-06
9.948658e-07
9.152183e-07
8.355803e-07
7.559519e-07
6.763324e-07
5.967228e-07
5.171215e-07
4.375321e-07
3.57947e-07
2.783856e-07
1.988006e-07
1.193085e-07
3.962298e-08
1.552732e-06
1.47301e-06
1.393298e-06
1.313597e-06
1.233908e-06
1.154229e-06
1.07456e-06
9.94901e-07
9.152516e-07
8.356116e-07
7.559812e-07
6.763597e-07
5.967481e-07
5.171447e-07
4.375534e-07
3.579651e-07
2.784029e-07
1.988093e-07
1.193288e-07
3.959196e-08
1.552792e-06
1.473067e-06
1.393352e-06
1.313649e-06
1.233957e-06
1.154275e-06
1.074604e-06
9.949424e-07
9.152906e-07
8.356482e-07
7.560154e-07
6.763914e-07
5.967771e-07
5.171708e-07
4.375765e-07
3.579841e-07
2.784196e-07
1.98816e-07
1.193453e-07
3.955647e-08
1.55286e-06
1.473132e-06
1.393414e-06
1.313708e-06
1.234013e-06
1.154329e-06
1.074655e-06
9.949905e-07
9.15336e-07
8.356909e-07
7.560552e-07
6.764283e-07
5.96811e-07
5.172012e-07
4.376032e-07
3.580064e-07
2.784383e-07
1.988257e-07
1.193608e-07
3.953049e-08
1.552943e-06
1.473211e-06
1.39349e-06
1.31378e-06
1.234082e-06
1.154394e-06
1.074717e-06
9.950498e-07
9.153922e-07
8.35744e-07
7.56105e-07
6.764747e-07
5.968537e-07
5.1724e-07
4.376376e-07
3.580359e-07
2.784626e-07
1.988429e-07
1.193756e-07
3.952319e-08
1.553038e-06
1.473302e-06
1.393577e-06
1.313863e-06
1.234161e-06
1.15447e-06
1.074789e-06
9.951188e-07
9.154579e-07
8.358062e-07
7.561637e-07
6.765297e-07
5.969046e-07
5.172867e-07
4.376793e-07
3.580728e-07
2.784925e-07
1.988688e-07
1.193882e-07
3.95414e-08
1.553143e-06
1.473402e-06
1.393672e-06
1.313955e-06
1.234249e-06
1.154554e-06
1.07487e-06
9.951959e-07
9.155313e-07
8.35876e-07
7.562297e-07
6.765918e-07
5.969625e-07
5.173402e-07
4.377274e-07
3.581164e-07
2.785272e-07
1.989034e-07
1.193973e-07
3.958831e-08
1.553253e-06
1.473507e-06
1.393773e-06
1.314051e-06
1.234342e-06
1.154643e-06
1.074955e-06
9.95277e-07
9.156087e-07
8.359498e-07
7.562997e-07
6.766579e-07
5.970242e-07
5.173976e-07
4.377792e-07
3.581642e-07
2.785645e-07
1.989448e-07
1.194014e-07
3.966292e-08
1.553363e-06
1.473612e-06
1.393873e-06
1.314148e-06
1.234434e-06
1.154731e-06
1.07504e-06
9.953583e-07
9.156864e-07
8.36024e-07
7.563701e-07
6.767246e-07
5.970867e-07
5.174561e-07
4.378321e-07
3.582138e-07
2.786026e-07
1.989907e-07
1.194004e-07
3.976035e-08
1.553467e-06
1.47371e-06
1.393969e-06
1.314239e-06
1.234521e-06
1.154815e-06
1.07512e-06
9.954353e-07
9.157602e-07
8.360944e-07
7.564372e-07
6.767882e-07
5.971465e-07
5.175122e-07
4.378829e-07
3.582619e-07
2.786389e-07
1.990377e-07
1.193949e-07
3.987223e-08
1.55356e-06
1.473799e-06
1.394054e-06
1.314321e-06
1.2346e-06
1.154891e-06
1.075193e-06
9.955048e-07
9.158267e-07
8.361581e-07
7.564978e-07
6.768459e-07
5.972008e-07
5.175633e-07
4.379292e-07
3.583064e-07
2.786719e-07
1.990829e-07
1.193863e-07
3.998827e-08
1.553639e-06
1.473874e-06
1.394126e-06
1.31439e-06
1.234667e-06
1.154955e-06
1.075254e-06
9.955635e-07
9.15883e-07
8.36212e-07
7.565493e-07
6.768949e-07
5.972469e-07
5.176069e-07
4.379687e-07
3.583446e-07
2.786998e-07
1.99123e-07
1.193763e-07
4.009733e-08
1.553701e-06
1.473933e-06
1.394183e-06
1.314445e-06
1.234719e-06
1.155005e-06
1.075302e-06
9.956096e-07
9.159272e-07
8.362542e-07
7.565897e-07
6.769333e-07
5.972832e-07
5.176413e-07
4.38e-07
3.583751e-07
2.787219e-07
1.991557e-07
1.193669e-07
4.018918e-08
1.553743e-06
1.473973e-06
1.394221e-06
1.314482e-06
1.234754e-06
1.155039e-06
1.075335e-06
9.95641e-07
9.159574e-07
8.362831e-07
7.566175e-07
6.769597e-07
5.973081e-07
5.176648e-07
4.380217e-07
3.583962e-07
2.787369e-07
1.991787e-07
1.193597e-07
4.025522e-08
6.769732e-07
5.973209e-07
5.176768e-07
4.380333e-07
3.584076e-07
2.787445e-07
1.991902e-07
1.193556e-07
4.028955e-08
1.552602e-06
1.472885e-06
1.39318e-06
1.313485e-06
1.233801e-06
1.154127e-06
1.074464e-06
9.948096e-07
9.151649e-07
8.355295e-07
7.559036e-07
6.762867e-07
5.966794e-07
5.170805e-07
4.374932e-07
3.579109e-07
2.783507e-07
1.987736e-07
1.19276e-07
3.963374e-08
1.552675e-06
1.472955e-06
1.393246e-06
1.313548e-06
1.233861e-06
1.154185e-06
1.074518e-06
9.948617e-07
9.152144e-07
8.355766e-07
7.559484e-07
6.763291e-07
5.967197e-07
5.171186e-07
4.375294e-07
3.579444e-07
2.783832e-07
1.987981e-07
1.193075e-07
3.961792e-08
1.552728e-06
1.473006e-06
1.393294e-06
1.313593e-06
1.233904e-06
1.154225e-06
1.074557e-06
9.94898e-07
9.152487e-07
8.356088e-07
7.559786e-07
6.763573e-07
5.967458e-07
5.171426e-07
4.375513e-07
3.579632e-07
2.784012e-07
1.988071e-07
1.193288e-07
3.958487e-08
1.552788e-06
1.473063e-06
1.393349e-06
1.313645e-06
1.233953e-06
1.154272e-06
1.074601e-06
9.949398e-07
9.152881e-07
8.356458e-07
7.56013e-07
6.763892e-07
5.967751e-07
5.171689e-07
4.375746e-07
3.579824e-07
2.78418e-07
1.988137e-07
1.193459e-07
3.954673e-08
1.552857e-06
1.473129e-06
1.393411e-06
1.313705e-06
1.23401e-06
1.154326e-06
1.074652e-06
9.949879e-07
9.153335e-07
8.356885e-07
7.56053e-07
6.764262e-07
5.968089e-07
5.171993e-07
4.376014e-07
3.580046e-07
2.784367e-07
1.988232e-07
1.193619e-07
3.95185e-08
1.552939e-06
1.473208e-06
1.393486e-06
1.313777e-06
1.234079e-06
1.154391e-06
1.074714e-06
9.950474e-07
9.153898e-07
8.357417e-07
7.561029e-07
6.764727e-07
5.968517e-07
5.172381e-07
4.376358e-07
3.580341e-07
2.784611e-07
1.988404e-07
1.193771e-07
3.951006e-08
1.553035e-06
1.473299e-06
1.393574e-06
1.31386e-06
1.234158e-06
1.154467e-06
1.074787e-06
9.951165e-07
9.154556e-07
8.35804e-07
7.561616e-07
6.765277e-07
5.969027e-07
5.172849e-07
4.376776e-07
3.580711e-07
2.78491e-07
1.988664e-07
1.193898e-07
3.952876e-08
1.55314e-06
1.4734e-06
1.39367e-06
1.313952e-06
1.234247e-06
1.154552e-06
1.074868e-06
9.951939e-07
9.155293e-07
8.358741e-07
7.562279e-07
6.765901e-07
5.969608e-07
5.173386e-07
4.377259e-07
3.581149e-07
2.785259e-07
1.989014e-07
1.193985e-07
3.957805e-08
1.553251e-06
1.473505e-06
1.393771e-06
1.314049e-06
1.23434e-06
1.154641e-06
1.074953e-06
9.952752e-07
9.15607e-07
8.359481e-07
7.56298e-07
6.766563e-07
5.970227e-07
5.173962e-07
4.377778e-07
3.581629e-07
2.785634e-07
1.989434e-07
1.194019e-07
3.96569e-08
1.553361e-06
1.47361e-06
1.393871e-06
1.314146e-06
1.234432e-06
1.15473e-06
1.075038e-06
9.953567e-07
9.156849e-07
8.360225e-07
7.563687e-07
6.767232e-07
5.970854e-07
5.174548e-07
4.378309e-07
3.582127e-07
2.786016e-07
1.9899e-07
1.193998e-07
3.976011e-08
1.553465e-06
1.473709e-06
1.393967e-06
1.314237e-06
1.23452e-06
1.154814e-06
1.075119e-06
9.954339e-07
9.157588e-07
8.360931e-07
7.564359e-07
6.76787e-07
5.971453e-07
5.17511e-07
4.378818e-07
3.582611e-07
2.78638e-07
1.990377e-07
1.193929e-07
3.987876e-08
1.553559e-06
1.473798e-06
1.394053e-06
1.31432e-06
1.234599e-06
1.15489e-06
1.075191e-06
9.955036e-07
9.158255e-07
8.361569e-07
7.564967e-07
6.768448e-07
5.971997e-07
5.175623e-07
4.379282e-07
3.583057e-07
2.786711e-07
1.990836e-07
1.193827e-07
4.000189e-08
1.553638e-06
1.473873e-06
1.394125e-06
1.314389e-06
1.234666e-06
1.154954e-06
1.075253e-06
9.955623e-07
9.158818e-07
8.362108e-07
7.565482e-07
6.768938e-07
5.972459e-07
5.176059e-07
4.379678e-07
3.58344e-07
2.78699e-07
1.991244e-07
1.193712e-07
4.011766e-08
1.5537e-06
1.473932e-06
1.394182e-06
1.314444e-06
1.234718e-06
1.155004e-06
1.075301e-06
9.956085e-07
9.159261e-07
8.362531e-07
7.565886e-07
6.769322e-07
5.972822e-07
5.176403e-07
4.379991e-07
3.583745e-07
2.78721e-07
1.991577e-07
1.193606e-07
4.02152e-08
1.553742e-06
1.473972e-06
1.394221e-06
1.314481e-06
1.234753e-06
1.155038e-06
1.075334e-06
9.956398e-07
9.159563e-07
8.362821e-07
7.566165e-07
6.769586e-07
5.97307e-07
5.176638e-07
4.380207e-07
3.583956e-07
2.787359e-07
1.99181e-07
1.193523e-07
4.02854e-08
9.159722e-07
8.362969e-07
7.566305e-07
6.769717e-07
5.973197e-07
5.176757e-07
4.380323e-07
3.584067e-07
2.787434e-07
1.991928e-07
1.193478e-07
4.032204e-08
1.393172e-06
1.313477e-06
1.233794e-06
1.15412e-06
1.074457e-06
9.948033e-07
9.151589e-07
8.355239e-07
7.558983e-07
6.762817e-07
5.966746e-07
5.17076e-07
4.374888e-07
3.579069e-07
2.783468e-07
1.9877e-07
1.192731e-07
3.96301e-08
1.393242e-06
1.313544e-06
1.233857e-06
1.154181e-06
1.074515e-06
9.948582e-07
9.152112e-07
8.355735e-07
7.559455e-07
6.763264e-07
5.967171e-07
5.171162e-07
4.375271e-07
3.579423e-07
2.783811e-07
1.987962e-07
1.193064e-07
3.961395e-08
1.39329e-06
1.31359e-06
1.233901e-06
1.154222e-06
1.074554e-06
9.948955e-07
9.152464e-07
8.356066e-07
7.559765e-07
6.763554e-07
5.967441e-07
5.171409e-07
4.375497e-07
3.579618e-07
2.783997e-07
1.988055e-07
1.193285e-07
3.957918e-08
1.393345e-06
1.313642e-06
1.233951e-06
1.15427e-06
1.074599e-06
9.949377e-07
9.152861e-07
8.356439e-07
7.560113e-07
6.763876e-07
5.967735e-07
5.171675e-07
4.375732e-07
3.579811e-07
2.784167e-07
1.98812e-07
1.193462e-07
3.95388e-08
1.393408e-06
1.313702e-06
1.234007e-06
1.154323e-06
1.07465e-06
9.949859e-07
9.153317e-07
8.356867e-07
7.560512e-07
6.764246e-07
5.968074e-07
5.171979e-07
4.376e-07
3.580033e-07
2.784354e-07
1.988214e-07
1.193626e-07
3.950865e-08
1.393483e-06
1.313774e-06
1.234076e-06
1.154389e-06
1.074712e-06
9.950454e-07
9.15388e-07
8.357399e-07
7.561011e-07
6.76471e-07
5.968502e-07
5.172367e-07
4.376344e-07
3.580328e-07
2.784598e-07
1.988385e-07
1.193781e-07
3.949924e-08
1.393571e-06
1.313858e-06
1.234156e-06
1.154465e-06
1.074785e-06
9.951146e-07
9.154538e-07
8.358023e-07
7.561599e-07
6.765261e-07
5.969012e-07
5.172835e-07
4.376762e-07
3.580698e-07
2.784898e-07
1.988646e-07
1.193909e-07
3.951836e-08
1.393668e-06
1.31395e-06
1.234245e-06
1.15455e-06
1.074866e-06
9.951921e-07
9.155276e-07
8.358725e-07
7.562263e-07
6.765885e-07
5.969593e-07
5.173372e-07
4.377245e-07
3.581136e-07
2.785247e-07
1.988999e-07
1.193994e-07
3.956966e-08
1.393769e-06
1.314047e-06
1.234338e-06
1.154639e-06
1.074951e-06
9.952735e-07
9.156054e-07
8.359466e-07
7.562965e-07
6.766549e-07
5.970213e-07
5.173948e-07
4.377766e-07
3.581617e-07
2.785623e-07
1.989422e-07
1.194022e-07
3.96521e-08
1.39387e-06
1.314144e-06
1.234431e-06
1.154728e-06
1.075037e-06
9.953552e-07
9.156834e-07
8.36021e-07
7.563673e-07
6.767218e-07
5.97084e-07
5.174535e-07
4.378297e-07
3.582116e-07
2.786006e-07
1.989893e-07
1.193992e-07
3.976019e-08
1.393966e-06
1.314236e-06
1.234519e-06
1.154813e-06
1.075117e-06
9.954325e-07
9.157573e-07
8.360917e-07
7.564345e-07
6.767856e-07
5.971439e-07
5.175098e-07
4.378806e-07
3.5826e-07
2.786371e-07
1.990375e-07
1.193911e-07
3.988456e-08
1.394051e-06
1.314318e-06
1.234598e-06
1.154888e-06
1.07519e-06
9.955021e-07
9.15824e-07
8.361555e-07
7.564953e-07
6.768434e-07
5.971983e-07
5.17561e-07
4.379271e-07
3.583047e-07
2.786701e-07
1.99084e-07
1.193797e-07
4.001365e-08
1.394124e-06
1.314388e-06
1.234664e-06
1.154953e-06
1.075252e-06
9.955609e-07
9.158804e-07
8.362094e-07
7.565468e-07
6.768924e-07
5.972445e-07
5.176045e-07
4.379665e-07
3.583429e-07
2.786979e-07
1.991252e-07
1.193669e-07
4.013507e-08
1.394181e-06
1.314443e-06
1.234717e-06
1.155003e-06
1.0753e-06
9.956071e-07
9.159246e-07
8.362517e-07
7.565872e-07
6.769308e-07
5.972807e-07
5.176389e-07
4.379978e-07
3.583735e-07
2.787199e-07
1.991588e-07
1.193552e-07
4.02374e-08
1.394219e-06
1.31448e-06
1.234752e-06
1.155037e-06
1.075332e-06
9.956384e-07
9.159547e-07
8.362806e-07
7.56615e-07
6.769571e-07
5.973055e-07
5.176622e-07
4.380193e-07
3.583944e-07
2.787347e-07
1.991823e-07
1.193461e-07
4.031109e-08
1.07535e-06
9.956552e-07
9.159705e-07
8.362953e-07
7.566287e-07
6.769699e-07
5.973181e-07
5.176742e-07
4.380307e-07
3.584055e-07
2.787423e-07
1.991944e-07
1.193411e-07
4.034971e-08
1.074452e-06
9.947983e-07
9.151542e-07
8.355195e-07
7.558941e-07
6.762777e-07
5.966709e-07
5.170725e-07
4.374854e-07
3.579038e-07
2.783436e-07
1.987674e-07
1.192705e-07
3.962769e-08
1.074512e-06
9.948555e-07
9.152087e-07
8.355712e-07
7.559433e-07
6.763245e-07
5.967153e-07
5.171146e-07
4.375254e-07
3.579409e-07
2.783795e-07
1.98795e-07
1.193052e-07
3.96114e-08
1.074552e-06
9.948937e-07
9.152447e-07
8.356052e-07
7.559752e-07
6.763542e-07
5.96743e-07
5.1714e-07
4.375488e-07
3.57961e-07
2.783988e-07
1.988048e-07
1.193282e-07
3.957533e-08
1.074597e-06
9.94936e-07
9.152847e-07
8.356427e-07
7.560102e-07
6.763866e-07
5.967727e-07
5.171667e-07
4.375725e-07
3.579805e-07
2.784159e-07
1.988113e-07
1.193462e-07
3.95332e-08
1.074648e-06
9.949843e-07
9.153303e-07
8.356856e-07
7.560502e-07
6.764236e-07
5.968066e-07
5.171971e-07
4.375993e-07
3.580027e-07
2.784346e-07
1.988205e-07
1.19363e-07
3.950155e-08
1.07471e-06
9.950438e-07
9.153866e-07
8.357387e-07
7.561e-07
6.7647e-07
5.968492e-07
5.172359e-07
4.376336e-07
3.580321e-07
2.784589e-07
1.988375e-07
1.193786e-07
3.949137e-08
1.074783e-06
9.951131e-07
9.154524e-07
8.358011e-07
7.561588e-07
6.76525e-07
5.969002e-07
5.172825e-07
4.376753e-07
3.58069e-07
2.784889e-07
1.988636e-07
1.193915e-07
3.951078e-08
1.074864e-06
9.951906e-07
9.155262e-07
8.358712e-07
7.562251e-07
6.765874e-07
5.969582e-07
5.173362e-07
4.377235e-07
3.581127e-07
2.785238e-07
1.988989e-07
1.193998e-07
3.956361e-08
1.07495e-06
9.952721e-07
9.15604e-07
8.359453e-07
7.562953e-07
6.766537e-07
5.970201e-07
5.173937e-07
4.377755e-07
3.581608e-07
2.785614e-07
1.989414e-07
1.194021e-07
3.964878e-08
1.075035e-06
9.953538e-07
9.15682e-07
8.360196e-07
7.563659e-07
6.767205e-07
5.970827e-07
5.174523e-07
4.378285e-07
3.582105e-07
2.785996e-07
1.989886e-07
1.193985e-07
3.976058e-08
1.075116e-06
9.954311e-07
9.157559e-07
8.360902e-07
7.564331e-07
6.767842e-07
5.971425e-07
5.175084e-07
4.378793e-07
3.582589e-07
2.78636e-07
1.990371e-07
1.193895e-07
3.988928e-08
1.075189e-06
9.955008e-07
9.158226e-07
8.361539e-07
7.564938e-07
6.768419e-07
5.971968e-07
5.175595e-07
4.379257e-07
3.583034e-07
2.78669e-07
1.990837e-07
1.193771e-07
4.00229e-08
1.07525e-06
9.955595e-07
9.158789e-07
8.362078e-07
7.565452e-07
6.768907e-07
5.972428e-07
5.176029e-07
4.37965e-07
3.583415e-07
2.786968e-07
1.991251e-07
1.193635e-07
4.014858e-08
1.075298e-06
9.956056e-07
9.15923e-07
8.362499e-07
7.565854e-07
6.76929e-07
5.97279e-07
5.176371e-07
4.379962e-07
3.583719e-07
2.787186e-07
1.991588e-07
1.19351e-07
4.025452e-08
1.075331e-06
9.956368e-07
9.159531e-07
8.362788e-07
7.566133e-07
6.769553e-07
5.973035e-07
5.176602e-07
4.380175e-07
3.583927e-07
2.787334e-07
1.991824e-07
1.193413e-07
4.033087e-08
1.075349e-06
9.956535e-07
9.159688e-07
8.362935e-07
7.566267e-07
6.769679e-07
5.973161e-07
5.176721e-07
4.380289e-07
3.584037e-07
2.787409e-07
1.991945e-07
1.19336e-07
4.0371e-08
9.151509e-07
8.355164e-07
7.558913e-07
6.762751e-07
5.966684e-07
5.170702e-07
4.374831e-07
3.579017e-07
2.783412e-07
1.987658e-07
1.192681e-07
3.962661e-08
9.152071e-07
8.355699e-07
7.559422e-07
6.763235e-07
5.967144e-07
5.171138e-07
4.375246e-07
3.579403e-07
2.783785e-07
1.987946e-07
1.19304e-07
3.961038e-08
9.15244e-07
8.356046e-07
7.559748e-07
6.76354e-07
5.967428e-07
5.171399e-07
4.375487e-07
3.579611e-07
2.783983e-07
1.988049e-07
1.193275e-07
3.957351e-08
9.15284e-07
8.356423e-07
7.560099e-07
6.763865e-07
5.967726e-07
5.171668e-07
4.375725e-07
3.579807e-07
2.784156e-07
1.988115e-07
1.193458e-07
3.953024e-08
9.153296e-07
8.356851e-07
7.560499e-07
6.764235e-07
5.968065e-07
5.171972e-07
4.375992e-07
3.580028e-07
2.784343e-07
1.988207e-07
1.193628e-07
3.949761e-08
9.153858e-07
8.357381e-07
7.560996e-07
6.764697e-07
5.96849e-07
5.172357e-07
4.376334e-07
3.580321e-07
2.784585e-07
1.988375e-07
1.193786e-07
3.94869e-08
9.154516e-07
8.358004e-07
7.561582e-07
6.765246e-07
5.968998e-07
5.172822e-07
4.376749e-07
3.580688e-07
2.784883e-07
1.988635e-07
1.193914e-07
3.950648e-08
9.155252e-07
8.358703e-07
7.562243e-07
6.765867e-07
5.969575e-07
5.173356e-07
4.377229e-07
3.581123e-07
2.785231e-07
1.988987e-07
1.193996e-07
3.956026e-08
9.156029e-07
8.359442e-07
7.562943e-07
6.766527e-07
5.970192e-07
5.173929e-07
4.377746e-07
3.581601e-07
2.785606e-07
1.98941e-07
1.194018e-07
3.964713e-08
9.156807e-07
8.360184e-07
7.563646e-07
6.767193e-07
5.970815e-07
5.174511e-07
4.378274e-07
3.582096e-07
2.785987e-07
1.989881e-07
1.193977e-07
3.976124e-08
9.157546e-07
8.360888e-07
7.564316e-07
6.767827e-07
5.97141e-07
5.175069e-07
4.37878e-07
3.582576e-07
2.78635e-07
1.990364e-07
1.193883e-07
3.989264e-08
9.15821e-07
8.361523e-07
7.56492e-07
6.768401e-07
5.97195e-07
5.175577e-07
4.379241e-07
3.583018e-07
2.786678e-07
1.990829e-07
1.193755e-07
4.002906e-08
9.158772e-07
8.36206e-07
7.565433e-07
6.768888e-07
5.972408e-07
5.176008e-07
4.379632e-07
3.583397e-07
2.786955e-07
1.991242e-07
1.193614e-07
4.015737e-08
9.159212e-07
8.362479e-07
7.565833e-07
6.769268e-07
5.972768e-07
5.176349e-07
4.379942e-07
3.583699e-07
2.787173e-07
1.991578e-07
1.193485e-07
4.026555e-08
9.159512e-07
8.362767e-07
7.566112e-07
6.76953e-07
5.97301e-07
5.176577e-07
4.380153e-07
3.583905e-07
2.787319e-07
1.991812e-07
1.193385e-07
4.034352e-08
9.15967e-07
8.362913e-07
7.566242e-07
6.769654e-07
5.973136e-07
5.176696e-07
4.380265e-07
3.584013e-07
2.787394e-07
1.991933e-07
1.193331e-07
4.038463e-08
)
;

boundaryField
{
    inlet
    {
        type            zeroGradient;
    }
    outlet
    {
        type            fixedValue;
        value           uniform 0;
    }
    chip_bases
    {
        type            zeroGradient;
    }
    walls
    {
        type            zeroGradient;
    }
    procBoundary1to0
    {
        type            processor;
        value           nonuniform List<scalar> 
431
(
1.89153e-06
1.825055e-06
1.891619e-06
1.825142e-06
1.891684e-06
1.825203e-06
1.891758e-06
1.825275e-06
1.891842e-06
1.825355e-06
1.891944e-06
1.825453e-06
1.892061e-06
1.825566e-06
1.892191e-06
1.82569e-06
1.892327e-06
1.825821e-06
1.892463e-06
1.82595e-06
1.892591e-06
1.826073e-06
1.892705e-06
1.826183e-06
1.892802e-06
1.826276e-06
1.892877e-06
1.826349e-06
1.892929e-06
1.826398e-06
1.825055e-06
1.75858e-06
1.692124e-06
1.625676e-06
1.825142e-06
1.758667e-06
1.692208e-06
1.625757e-06
1.825203e-06
1.758727e-06
1.692266e-06
1.625812e-06
1.825275e-06
1.758796e-06
1.692332e-06
1.625876e-06
1.825355e-06
1.758874e-06
1.692406e-06
1.625947e-06
1.825453e-06
1.758968e-06
1.692497e-06
1.626034e-06
1.825566e-06
1.759076e-06
1.692601e-06
1.626134e-06
1.82569e-06
1.759197e-06
1.692716e-06
1.626245e-06
1.825821e-06
1.759322e-06
1.692837e-06
1.626361e-06
1.82595e-06
1.759448e-06
1.692957e-06
1.626477e-06
1.826073e-06
1.759566e-06
1.693071e-06
1.626586e-06
1.826183e-06
1.759672e-06
1.693173e-06
1.626685e-06
1.826276e-06
1.759762e-06
1.693259e-06
1.626768e-06
1.826349e-06
1.759832e-06
1.693326e-06
1.626833e-06
1.826398e-06
1.75988e-06
1.693372e-06
1.626877e-06
1.552593e-06
1.472877e-06
1.55267e-06
1.47295e-06
1.552724e-06
1.473002e-06
1.552785e-06
1.47306e-06
1.552853e-06
1.473126e-06
1.552936e-06
1.473205e-06
1.553032e-06
1.473296e-06
1.553138e-06
1.473397e-06
1.553249e-06
1.473503e-06
1.553359e-06
1.473608e-06
1.553464e-06
1.473707e-06
1.553558e-06
1.473797e-06
1.553637e-06
1.473872e-06
1.553699e-06
1.473931e-06
1.553742e-06
1.473971e-06
1.472877e-06
1.393165e-06
1.313471e-06
1.233788e-06
1.154115e-06
1.47295e-06
1.393238e-06
1.31354e-06
1.233854e-06
1.154178e-06
1.473002e-06
1.393288e-06
1.313588e-06
1.233899e-06
1.15422e-06
1.47306e-06
1.393343e-06
1.31364e-06
1.233949e-06
1.154268e-06
1.473126e-06
1.393406e-06
1.3137e-06
1.234005e-06
1.154321e-06
1.473205e-06
1.393481e-06
1.313772e-06
1.234074e-06
1.154387e-06
1.473296e-06
1.393569e-06
1.313856e-06
1.234154e-06
1.154463e-06
1.473397e-06
1.393666e-06
1.313948e-06
1.234243e-06
1.154548e-06
1.473503e-06
1.393768e-06
1.314046e-06
1.234336e-06
1.154638e-06
1.473608e-06
1.393868e-06
1.314143e-06
1.234429e-06
1.154727e-06
1.473707e-06
1.393964e-06
1.314235e-06
1.234517e-06
1.154811e-06
1.473797e-06
1.39405e-06
1.314317e-06
1.234596e-06
1.154887e-06
1.473872e-06
1.394123e-06
1.314387e-06
1.234663e-06
1.154951e-06
1.473931e-06
1.394179e-06
1.314441e-06
1.234715e-06
1.155001e-06
1.473971e-06
1.394218e-06
1.314478e-06
1.234751e-06
1.155035e-06
1.154115e-06
1.074448e-06
9.947947e-07
1.154178e-06
1.07451e-06
9.948538e-07
1.15422e-06
1.074551e-06
9.948927e-07
1.154268e-06
1.074596e-06
9.949352e-07
1.154321e-06
1.074647e-06
9.949835e-07
1.154387e-06
1.074709e-06
9.950429e-07
1.154463e-06
1.074782e-06
9.951121e-07
1.154548e-06
1.074863e-06
9.951895e-07
1.154638e-06
1.074949e-06
9.95271e-07
1.154727e-06
1.075034e-06
9.953525e-07
1.154811e-06
1.075115e-06
9.954298e-07
1.154887e-06
1.075187e-06
9.954993e-07
1.154951e-06
1.075249e-06
9.955579e-07
1.155001e-06
1.075297e-06
9.956039e-07
1.155035e-06
1.075329e-06
9.956351e-07
1.155054e-06
1.075347e-06
9.956517e-07
9.947947e-07
9.15149e-07
8.355148e-07
7.558898e-07
6.762737e-07
5.966671e-07
5.17069e-07
4.37482e-07
3.579008e-07
2.783397e-07
1.987654e-07
1.192658e-07
3.962707e-08
9.948538e-07
9.152065e-07
8.355696e-07
7.55942e-07
6.763234e-07
5.967144e-07
5.171139e-07
4.375246e-07
3.579405e-07
2.783781e-07
1.987953e-07
1.193026e-07
3.961114e-08
9.948927e-07
9.15244e-07
8.35605e-07
7.559753e-07
6.763545e-07
5.967435e-07
5.171407e-07
4.375493e-07
3.57962e-07
2.783986e-07
1.988062e-07
1.193265e-07
3.957403e-08
9.949352e-07
9.152842e-07
8.356427e-07
7.560105e-07
6.763872e-07
5.967735e-07
5.171677e-07
4.375733e-07
3.579818e-07
2.784159e-07
1.988129e-07
1.19345e-07
3.953034e-08
9.949835e-07
9.153298e-07
8.356855e-07
7.560505e-07
6.764242e-07
5.968073e-07
5.171981e-07
4.376001e-07
3.580039e-07
2.784346e-07
1.988221e-07
1.19362e-07
3.949731e-08
9.950429e-07
9.153858e-07
8.357383e-07
7.561e-07
6.764702e-07
5.968496e-07
5.172364e-07
4.37634e-07
3.58033e-07
2.784587e-07
1.988388e-07
1.193778e-07
3.948637e-08
9.951121e-07
9.154514e-07
8.358003e-07
7.561583e-07
6.765247e-07
5.969e-07
5.172826e-07
4.376752e-07
3.580694e-07
2.784883e-07
1.988645e-07
1.193907e-07
3.950595e-08
9.951895e-07
9.155248e-07
8.358699e-07
7.56224e-07
6.765865e-07
5.969574e-07
5.173355e-07
4.377228e-07
3.581124e-07
2.785228e-07
1.988993e-07
1.193989e-07
3.955999e-08
9.95271e-07
9.156022e-07
8.359435e-07
7.562936e-07
6.766521e-07
5.970186e-07
5.173923e-07
4.377741e-07
3.581597e-07
2.7856e-07
1.989412e-07
1.19401e-07
3.964737e-08
9.953525e-07
9.156797e-07
8.360173e-07
7.563636e-07
6.767182e-07
5.970805e-07
5.174501e-07
4.378264e-07
3.582087e-07
2.785979e-07
1.989877e-07
1.19397e-07
3.976216e-08
9.954298e-07
9.157533e-07
8.360874e-07
7.564301e-07
6.767812e-07
5.971396e-07
5.175054e-07
4.378766e-07
3.582562e-07
2.786339e-07
1.990354e-07
1.193876e-07
3.989433e-08
9.954993e-07
9.158195e-07
8.361506e-07
7.564902e-07
6.768382e-07
5.971931e-07
5.175558e-07
4.379223e-07
3.583e-07
2.786666e-07
1.990813e-07
1.193749e-07
4.003153e-08
9.955579e-07
9.158754e-07
8.36204e-07
7.565412e-07
6.768866e-07
5.972386e-07
5.175986e-07
4.379611e-07
3.583375e-07
2.786941e-07
1.991221e-07
1.193609e-07
4.016057e-08
9.956039e-07
9.159193e-07
8.362458e-07
7.56581e-07
6.769244e-07
5.972743e-07
5.176324e-07
4.379919e-07
3.583673e-07
2.787158e-07
1.991553e-07
1.19348e-07
4.026935e-08
9.956351e-07
9.159491e-07
8.362745e-07
7.566088e-07
9.956517e-07
9.15965e-07
)
;
    }
    procBoundary1to2
    {
        type            processor;
        value           nonuniform List<scalar> 
85
(
2.787453e-07
1.991868e-07
1.19364e-07
4.025346e-08
6.769729e-07
5.973206e-07
5.176766e-07
4.38033e-07
3.584072e-07
2.787442e-07
1.991899e-07
1.193553e-07
4.028946e-08
9.159716e-07
8.362965e-07
7.566303e-07
6.769714e-07
5.973192e-07
5.176754e-07
4.380317e-07
3.584063e-07
2.78743e-07
1.991925e-07
1.193475e-07
4.032208e-08
1.075349e-06
9.956544e-07
9.159698e-07
8.362948e-07
7.566285e-07
6.769697e-07
5.973177e-07
5.176739e-07
4.380302e-07
3.584051e-07
2.787419e-07
1.991941e-07
1.193408e-07
4.034991e-08
1.075347e-06
9.956524e-07
9.15968e-07
8.362929e-07
7.566266e-07
6.769677e-07
5.973156e-07
5.176718e-07
4.380282e-07
3.584032e-07
2.787405e-07
1.991943e-07
1.193357e-07
4.037139e-08
6.769505e-07
5.972982e-07
5.176549e-07
4.380127e-07
3.583877e-07
2.787303e-07
1.991784e-07
1.193381e-07
4.03478e-08
9.159659e-07
8.362907e-07
8.362889e-07
7.566242e-07
7.566215e-07
6.769654e-07
6.769626e-07
5.973132e-07
5.973108e-07
5.176692e-07
5.176667e-07
4.380258e-07
4.380239e-07
3.584008e-07
3.583984e-07
2.78739e-07
2.787378e-07
1.99193e-07
1.991903e-07
1.193328e-07
1.193327e-07
4.038517e-08
4.03892e-08
)
;
    }
    procBoundary1to3
    {
        type            processor;
        value           nonuniform List<scalar> 
345
(
1.892929e-06
1.826398e-06
1.75988e-06
1.693373e-06
1.626877e-06
1.892929e-06
1.826398e-06
1.75988e-06
1.693373e-06
1.626877e-06
1.892929e-06
1.826398e-06
1.75988e-06
1.693373e-06
1.626877e-06
1.892929e-06
1.826398e-06
1.75988e-06
1.693373e-06
1.626877e-06
1.892929e-06
1.826399e-06
1.75988e-06
1.693373e-06
1.626878e-06
1.89293e-06
1.826399e-06
1.759881e-06
1.693374e-06
1.626878e-06
1.89293e-06
1.826399e-06
1.759881e-06
1.693374e-06
1.626878e-06
1.892955e-06
1.826423e-06
1.759904e-06
1.693397e-06
1.6269e-06
1.892955e-06
1.826423e-06
1.759905e-06
1.693397e-06
1.6269e-06
1.892955e-06
1.826424e-06
1.759905e-06
1.693397e-06
1.626901e-06
1.892955e-06
1.826424e-06
1.759905e-06
1.693397e-06
1.626901e-06
1.892955e-06
1.826423e-06
1.759905e-06
1.693397e-06
1.626901e-06
1.892955e-06
1.826423e-06
1.759904e-06
1.693397e-06
1.626901e-06
1.759904e-06
1.693396e-06
1.6269e-06
1.553743e-06
1.473975e-06
1.394221e-06
1.314481e-06
1.234753e-06
1.155038e-06
1.075333e-06
9.956396e-07
9.159558e-07
8.362812e-07
7.566149e-07
6.769568e-07
5.973049e-07
5.176606e-07
4.380176e-07
3.583872e-07
2.787383e-07
1.991414e-07
1.19433e-07
3.998329e-08
1.553743e-06
1.473975e-06
1.394221e-06
1.314481e-06
1.234754e-06
1.155038e-06
1.075334e-06
9.956398e-07
9.159559e-07
8.362814e-07
7.566152e-07
6.76957e-07
5.973051e-07
5.176609e-07
4.380179e-07
3.583875e-07
2.787384e-07
1.991419e-07
1.19432e-07
3.998208e-08
1.553743e-06
1.473975e-06
1.394222e-06
1.314481e-06
1.234754e-06
1.155038e-06
1.075334e-06
9.956401e-07
9.159563e-07
8.362818e-07
7.566156e-07
6.769575e-07
5.973056e-07
5.176615e-07
4.380183e-07
3.583884e-07
2.787382e-07
1.991443e-07
1.19427e-07
3.999073e-08
1.553743e-06
1.473975e-06
1.394222e-06
1.314482e-06
1.234754e-06
1.155039e-06
1.075334e-06
9.956406e-07
9.159568e-07
8.362823e-07
7.566162e-07
6.769582e-07
5.973063e-07
5.176623e-07
4.38019e-07
3.583895e-07
2.787382e-07
1.991473e-07
1.19421e-07
4.000654e-08
1.553743e-06
1.473975e-06
1.394222e-06
1.314482e-06
1.234755e-06
1.155039e-06
1.075335e-06
9.956411e-07
9.159574e-07
8.362829e-07
7.566169e-07
6.769589e-07
5.973071e-07
5.176632e-07
4.380198e-07
3.583909e-07
2.787383e-07
1.991509e-07
1.194147e-07
4.002774e-08
1.553744e-06
1.473976e-06
1.394223e-06
1.314483e-06
1.234755e-06
1.15504e-06
1.075335e-06
9.956416e-07
9.159579e-07
8.362835e-07
7.566175e-07
6.769597e-07
5.973079e-07
5.176641e-07
4.380206e-07
3.583922e-07
2.787385e-07
1.991548e-07
1.194077e-07
4.005363e-08
1.553744e-06
1.473976e-06
1.394223e-06
1.314483e-06
1.234755e-06
1.15504e-06
1.075335e-06
9.956416e-07
9.159579e-07
8.362835e-07
7.566175e-07
6.769597e-07
5.973079e-07
5.176641e-07
4.380206e-07
3.583922e-07
2.787385e-07
1.991548e-07
1.194077e-07
4.005363e-08
1.553765e-06
1.473995e-06
1.394242e-06
1.314501e-06
1.234773e-06
1.155057e-06
1.075352e-06
9.956579e-07
9.159737e-07
8.362987e-07
7.566322e-07
6.769737e-07
5.973212e-07
5.176766e-07
4.380323e-07
3.584041e-07
2.787466e-07
1.991693e-07
1.193995e-07
4.010518e-08
1.553765e-06
1.473995e-06
1.394242e-06
1.314501e-06
1.234773e-06
1.155057e-06
1.075353e-06
9.956584e-07
9.159742e-07
8.362991e-07
7.566327e-07
6.769742e-07
5.973218e-07
5.176772e-07
4.380331e-07
3.584056e-07
2.787467e-07
1.99174e-07
1.19391e-07
4.014045e-08
1.553765e-06
1.473995e-06
1.394242e-06
1.314502e-06
1.234773e-06
1.155058e-06
1.075353e-06
9.956586e-07
9.159744e-07
8.362993e-07
7.566331e-07
6.769745e-07
5.973221e-07
5.176777e-07
4.380337e-07
3.584069e-07
2.787468e-07
1.991787e-07
1.193822e-07
4.01778e-08
1.553765e-06
1.473995e-06
1.394242e-06
1.314502e-06
1.234773e-06
1.155058e-06
1.075353e-06
9.956587e-07
9.159744e-07
8.362993e-07
7.566332e-07
6.769746e-07
5.973221e-07
5.176778e-07
4.38034e-07
3.584076e-07
2.787464e-07
1.991831e-07
1.193731e-07
4.021601e-08
2.787464e-07
1.991831e-07
1.193731e-07
4.021601e-08
1.553765e-06
1.473994e-06
1.394242e-06
1.314501e-06
1.234773e-06
1.155058e-06
1.075353e-06
9.956585e-07
9.159742e-07
8.36299e-07
7.566328e-07
6.769741e-07
5.973217e-07
5.176775e-07
4.380338e-07
3.584078e-07
6.769741e-07
5.973217e-07
5.176775e-07
4.380338e-07
3.584078e-07
3.584078e-07
1.553764e-06
1.473994e-06
1.394241e-06
1.314501e-06
1.234773e-06
1.155057e-06
1.075352e-06
9.956579e-07
9.159734e-07
8.362981e-07
7.566318e-07
9.159734e-07
8.362981e-07
7.566318e-07
7.566318e-07
1.553764e-06
1.473993e-06
1.39424e-06
1.3145e-06
1.234772e-06
1.155056e-06
1.075352e-06
9.956567e-07
1.075352e-06
9.956567e-07
9.956567e-07
1.394239e-06
1.314499e-06
1.234771e-06
1.155055e-06
1.155055e-06
)
;
    }
    procBoundary1to4
    {
        type            processor;
        value           nonuniform List<scalar> 
174
(
1.958117e-06
1.958144e-06
1.95819e-06
1.958259e-06
1.958345e-06
1.95845e-06
1.958571e-06
1.958704e-06
1.958845e-06
1.958985e-06
1.959118e-06
1.959238e-06
1.959339e-06
1.959418e-06
1.958122e-06
1.958152e-06
1.958199e-06
1.958268e-06
1.958354e-06
1.958458e-06
1.958578e-06
1.958711e-06
1.95885e-06
1.958989e-06
1.959121e-06
1.959239e-06
1.95934e-06
1.959418e-06
1.958124e-06
1.958158e-06
1.958206e-06
1.958276e-06
1.958361e-06
1.958466e-06
1.958585e-06
1.958717e-06
1.958855e-06
1.958993e-06
1.959123e-06
1.959241e-06
1.959341e-06
1.959418e-06
1.958122e-06
1.958161e-06
1.95821e-06
1.95828e-06
1.958366e-06
1.95847e-06
1.958589e-06
1.95872e-06
1.958858e-06
1.958995e-06
1.959125e-06
1.959242e-06
1.959341e-06
1.959419e-06
1.958117e-06
1.958161e-06
1.958211e-06
1.958282e-06
1.958368e-06
1.958472e-06
1.958591e-06
1.958722e-06
1.958859e-06
1.958996e-06
1.959126e-06
1.959243e-06
1.959342e-06
1.959419e-06
1.958108e-06
1.958158e-06
1.958211e-06
1.958282e-06
1.958368e-06
1.958472e-06
1.958591e-06
1.958723e-06
1.95886e-06
1.958997e-06
1.959126e-06
1.959243e-06
1.959342e-06
1.959419e-06
1.958098e-06
1.958153e-06
1.958208e-06
1.95828e-06
1.958366e-06
1.95847e-06
1.95859e-06
1.958722e-06
1.958859e-06
1.958996e-06
1.959126e-06
1.959243e-06
1.959342e-06
1.95942e-06
1.959473e-06
1.958085e-06
1.958147e-06
1.958204e-06
1.958277e-06
1.958363e-06
1.958468e-06
1.958587e-06
1.95872e-06
1.958858e-06
1.958995e-06
1.959126e-06
1.959243e-06
1.959342e-06
1.95942e-06
1.959473e-06
1.958071e-06
1.95814e-06
1.958198e-06
1.958272e-06
1.958359e-06
1.958464e-06
1.958584e-06
1.958717e-06
1.958856e-06
1.958994e-06
1.959125e-06
1.959243e-06
1.959342e-06
1.95942e-06
1.959473e-06
1.958056e-06
1.958131e-06
1.958192e-06
1.958267e-06
1.958354e-06
1.958459e-06
1.95858e-06
1.958714e-06
1.958853e-06
1.958992e-06
1.959124e-06
1.959242e-06
1.959342e-06
1.95942e-06
1.959473e-06
1.958041e-06
1.958123e-06
1.958186e-06
1.958262e-06
1.958348e-06
1.958454e-06
1.958576e-06
1.95871e-06
1.958851e-06
1.95899e-06
1.959123e-06
1.959241e-06
1.959341e-06
1.959419e-06
1.959473e-06
1.958027e-06
1.958115e-06
1.958179e-06
1.958256e-06
1.958343e-06
1.95845e-06
1.958572e-06
1.958707e-06
1.958848e-06
1.958988e-06
1.959121e-06
1.95924e-06
1.959341e-06
1.959419e-06
1.959473e-06
)
;
    }
}


// ************************************************************************* //
