/*--------------------------------*- C++ -*----------------------------------*\
| =========                 |                                                 |
| \\      /  F ield         | OpenFOAM: The Open Source CFD Toolbox           |
|  \\    /   O peration     | Version:  2406                                  |
|   \\  /    A nd           | Website:  www.openfoam.com                      |
|    \\/     M anipulation  |                                                 |
\*---------------------------------------------------------------------------*/
FoamFile
{
    version     2.0;
    format      ascii;
    arch        "LSB;label=32;scalar=64";
    note        "nPoints:6483  nCells:5426  nFaces:17277  nInternalFaces:15279";
    class       labelList;
    location    "constant/polyMesh";
    object      neighbour;
}
// * * * * * * * * * * * * * * * * * * * * * * * * * * * * * * * * * * * * * //


15279
(
1
20
340
2
21
341
3
22
342
4
23
343
5
24
344
6
25
345
7
26
346
8
27
347
9
28
348
10
29
349
11
30
350
12
31
351
13
32
352
14
33
353
15
34
354
16
35
355
17
36
356
18
37
357
19
38
358
39
359
4456
21
40
360
22
41
361
23
42
362
24
43
363
25
44
364
26
45
365
27
46
366
28
47
367
29
48
368
30
49
369
31
50
370
32
51
371
33
52
372
34
53
373
35
54
374
36
55
375
37
56
376
38
57
377
39
58
378
59
379
4462
41
60
380
42
61
381
43
62
382
44
63
383
45
64
384
46
65
385
47
66
386
48
67
387
49
68
388
50
69
389
51
70
390
52
71
391
53
72
392
54
73
393
55
74
394
56
75
395
57
76
396
58
77
397
59
78
398
79
399
4468
61
80
400
62
81
401
63
82
402
64
83
403
65
84
404
66
85
405
67
86
406
68
87
407
69
88
408
70
89
409
71
90
410
72
91
411
73
92
412
74
93
413
75
94
414
76
95
415
77
96
416
78
97
417
79
98
418
99
419
4474
81
100
420
82
101
421
83
102
422
84
103
423
85
104
424
86
105
425
87
106
426
88
107
427
89
108
428
90
109
429
91
110
430
92
111
431
93
112
432
94
113
433
95
114
434
96
115
435
97
116
436
98
117
437
99
118
438
119
439
4480
101
120
440
102
121
441
103
122
442
104
123
443
105
124
444
106
125
445
107
126
446
108
127
447
109
128
448
110
129
449
111
130
450
112
131
451
113
132
452
114
133
453
115
134
454
116
135
455
117
136
456
118
137
457
119
138
458
139
459
4486
121
140
460
122
141
461
123
142
462
124
143
463
125
144
464
126
145
465
127
146
466
128
147
467
129
148
468
130
149
469
131
150
470
132
151
471
133
152
472
134
153
473
135
154
474
136
155
475
137
156
476
138
157
477
139
158
478
159
479
4492
141
160
480
142
161
481
143
162
482
144
163
483
145
164
484
146
165
485
147
166
486
148
167
487
149
168
488
150
169
489
151
170
490
152
171
491
153
172
492
154
173
493
155
174
494
156
175
495
157
176
496
158
177
497
159
178
498
179
499
4498
161
180
500
162
181
501
163
182
502
164
183
503
165
184
504
166
185
505
167
186
506
168
187
507
169
188
508
170
189
509
171
190
510
172
191
511
173
192
512
174
193
513
175
194
514
176
195
515
177
196
516
178
197
517
179
198
518
199
519
4504
181
200
520
182
201
521
183
202
522
184
203
523
185
204
524
186
205
525
187
206
526
188
207
527
189
208
528
190
209
529
191
210
530
192
211
531
193
212
532
194
213
533
195
214
534
196
215
535
197
216
536
198
217
537
199
218
538
219
539
4510
201
220
540
202
221
541
203
222
542
204
223
543
205
224
544
206
225
545
207
226
546
208
227
547
209
228
548
210
229
549
211
230
550
212
231
551
213
232
552
214
233
553
215
234
554
216
235
555
217
236
556
218
237
557
219
238
558
239
559
4516
221
240
560
222
241
561
223
242
562
224
243
563
225
244
564
226
245
565
227
246
566
228
247
567
229
248
568
230
249
569
231
250
570
232
251
571
233
252
572
234
253
573
235
254
574
236
255
575
237
256
576
238
257
577
239
258
578
259
579
4522
241
260
580
242
261
581
243
262
582
244
263
583
245
264
584
246
265
585
247
266
586
248
267
587
249
268
588
250
269
589
251
270
590
252
271
591
253
272
592
254
273
593
255
274
594
256
275
595
257
276
596
258
277
597
259
278
598
279
599
4528
261
280
600
262
281
601
263
282
602
264
283
603
265
284
604
266
285
605
267
286
606
268
287
607
269
288
608
270
289
609
271
290
610
272
291
611
273
292
612
274
293
613
275
294
614
276
295
615
277
296
616
278
297
617
279
298
618
299
619
4533
281
300
620
282
301
621
283
302
622
284
303
623
285
304
624
286
305
625
287
306
626
288
307
627
289
308
628
290
309
629
291
310
630
292
311
631
293
312
632
294
313
633
295
314
634
296
315
635
297
316
636
298
317
637
299
318
638
319
639
4538
301
320
640
302
321
641
303
322
642
304
323
643
305
324
644
306
325
645
307
326
646
308
327
647
309
328
648
310
329
649
311
330
650
312
331
651
313
332
652
314
333
653
315
334
654
316
335
655
317
336
656
318
337
657
319
338
658
339
659
4543
321
660
322
661
323
662
324
663
325
664
326
665
327
666
328
667
329
668
330
669
331
670
332
671
333
672
334
673
335
674
336
675
337
676
338
677
339
678
679
4548
341
360
680
342
361
681
343
362
682
344
363
683
345
364
684
346
365
685
347
366
686
348
367
687
349
368
688
350
369
689
351
370
690
352
371
691
353
372
692
354
373
693
355
374
694
356
375
695
357
376
696
358
377
697
359
378
698
379
699
4553
361
380
700
362
381
701
363
382
702
364
383
703
365
384
704
366
385
705
367
386
706
368
387
707
369
388
708
370
389
709
371
390
710
372
391
711
373
392
712
374
393
713
375
394
714
376
395
715
377
396
716
378
397
717
379
398
718
399
719
4559
381
400
720
382
401
721
383
402
722
384
403
723
385
404
724
386
405
725
387
406
726
388
407
727
389
408
728
390
409
729
391
410
730
392
411
731
393
412
732
394
413
733
395
414
734
396
415
735
397
416
736
398
417
737
399
418
738
419
739
4565
401
420
740
402
421
741
403
422
742
404
423
743
405
424
744
406
425
745
407
426
746
408
427
747
409
428
748
410
429
749
411
430
750
412
431
751
413
432
752
414
433
753
415
434
754
416
435
755
417
436
756
418
437
757
419
438
758
439
759
4571
421
440
760
422
441
761
423
442
762
424
443
763
425
444
764
426
445
765
427
446
766
428
447
767
429
448
768
430
449
769
431
450
770
432
451
771
433
452
772
434
453
773
435
454
774
436
455
775
437
456
776
438
457
777
439
458
778
459
779
4577
441
460
780
442
461
781
443
462
782
444
463
783
445
464
784
446
465
785
447
466
786
448
467
787
449
468
788
450
469
789
451
470
790
452
471
791
453
472
792
454
473
793
455
474
794
456
475
795
457
476
796
458
477
797
459
478
798
479
799
4583
461
480
800
462
481
801
463
482
802
464
483
803
465
484
804
466
485
805
467
486
806
468
487
807
469
488
808
470
489
809
471
490
810
472
491
811
473
492
812
474
493
813
475
494
814
476
495
815
477
496
816
478
497
817
479
498
818
499
819
4589
481
500
820
482
501
821
483
502
822
484
503
823
485
504
824
486
505
825
487
506
826
488
507
827
489
508
828
490
509
829
491
510
830
492
511
831
493
512
832
494
513
833
495
514
834
496
515
835
497
516
836
498
517
837
499
518
838
519
839
4595
501
520
840
502
521
841
503
522
842
504
523
843
505
524
844
506
525
845
507
526
846
508
527
847
509
528
848
510
529
849
511
530
850
512
531
851
513
532
852
514
533
853
515
534
854
516
535
855
517
536
856
518
537
857
519
538
858
539
859
4601
521
540
860
522
541
861
523
542
862
524
543
863
525
544
864
526
545
865
527
546
866
528
547
867
529
548
868
530
549
869
531
550
870
532
551
871
533
552
872
534
553
873
535
554
874
536
555
875
537
556
876
538
557
877
539
558
878
559
879
4607
541
560
880
542
561
881
543
562
882
544
563
883
545
564
884
546
565
885
547
566
886
548
567
887
549
568
888
550
569
889
551
570
890
552
571
891
553
572
892
554
573
893
555
574
894
556
575
895
557
576
896
558
577
897
559
578
898
579
899
4613
561
580
900
562
581
901
563
582
902
564
583
903
565
584
904
566
585
905
567
586
906
568
587
907
569
588
908
570
589
909
571
590
910
572
591
911
573
592
912
574
593
913
575
594
914
576
595
915
577
596
916
578
597
917
579
598
918
599
919
4619
581
600
920
582
601
921
583
602
922
584
603
923
585
604
924
586
605
925
587
606
926
588
607
927
589
608
928
590
609
929
591
610
930
592
611
931
593
612
932
594
613
933
595
614
934
596
615
935
597
616
936
598
617
937
599
618
938
619
939
4625
601
620
940
602
621
941
603
622
942
604
623
943
605
624
944
606
625
945
607
626
946
608
627
947
609
628
948
610
629
949
611
630
950
612
631
951
613
632
952
614
633
953
615
634
954
616
635
955
617
636
956
618
637
957
619
638
958
639
959
4630
621
640
960
622
641
961
623
642
962
624
643
963
625
644
964
626
645
965
627
646
966
628
647
967
629
648
968
630
649
969
631
650
970
632
651
971
633
652
972
634
653
973
635
654
974
636
655
975
637
656
976
638
657
977
639
658
978
659
979
4635
641
660
980
642
661
981
643
662
982
644
663
983
645
664
984
646
665
985
647
666
986
648
667
987
649
668
988
650
669
989
651
670
990
652
671
991
653
672
992
654
673
993
655
674
994
656
675
995
657
676
996
658
677
997
659
678
998
679
999
4640
661
1000
662
1001
663
1002
664
1003
665
1004
666
1005
667
1006
668
1007
669
1008
670
1009
671
1010
672
1011
673
1012
674
1013
675
1014
676
1015
677
1016
678
1017
679
1018
1019
4645
681
700
1020
682
701
1021
683
702
1022
684
703
1023
685
704
1024
686
705
1025
687
706
1026
688
707
1027
689
708
1028
690
709
1029
691
710
1030
692
711
1031
693
712
1032
694
713
1033
695
714
1034
696
715
1035
697
716
1036
698
717
1037
699
718
1038
719
1039
4650
701
720
1040
702
721
1041
703
722
1042
704
723
1043
705
724
1044
706
725
1045
707
726
1046
708
727
1047
709
728
1048
710
729
1049
711
730
1050
712
731
1051
713
732
1052
714
733
1053
715
734
1054
716
735
1055
717
736
1056
718
737
1057
719
738
1058
739
1059
4656
721
740
1060
722
741
1061
723
742
1062
724
743
1063
725
744
1064
726
745
1065
727
746
1066
728
747
1067
729
748
1068
730
749
1069
731
750
1070
732
751
1071
733
752
1072
734
753
1073
735
754
1074
736
755
1075
737
756
1076
738
757
1077
739
758
1078
759
1079
4662
741
760
1080
742
761
1081
743
762
1082
744
763
1083
745
764
1084
746
765
1085
747
766
1086
748
767
1087
749
768
1088
750
769
1089
751
770
1090
752
771
1091
753
772
1092
754
773
1093
755
774
1094
756
775
1095
757
776
1096
758
777
1097
759
778
1098
779
1099
4668
761
780
1100
762
781
1101
763
782
1102
764
783
1103
765
784
1104
766
785
1105
767
786
1106
768
787
1107
769
788
1108
770
789
1109
771
790
1110
772
791
1111
773
792
1112
774
793
1113
775
794
1114
776
795
1115
777
796
1116
778
797
1117
779
798
1118
799
1119
4674
781
800
1120
782
801
1121
783
802
1122
784
803
1123
785
804
1124
786
805
1125
787
806
1126
788
807
1127
789
808
1128
790
809
1129
791
810
1130
792
811
1131
793
812
1132
794
813
1133
795
814
1134
796
815
1135
797
816
1136
798
817
1137
799
818
1138
819
1139
4680
801
820
1140
802
821
1141
803
822
1142
804
823
1143
805
824
1144
806
825
1145
807
826
1146
808
827
1147
809
828
1148
810
829
1149
811
830
1150
812
831
1151
813
832
1152
814
833
1153
815
834
1154
816
835
1155
817
836
1156
818
837
1157
819
838
1158
839
1159
4686
821
840
1160
822
841
1161
823
842
1162
824
843
1163
825
844
1164
826
845
1165
827
846
1166
828
847
1167
829
848
1168
830
849
1169
831
850
1170
832
851
1171
833
852
1172
834
853
1173
835
854
1174
836
855
1175
837
856
1176
838
857
1177
839
858
1178
859
1179
4692
841
860
1180
842
861
1181
843
862
1182
844
863
1183
845
864
1184
846
865
1185
847
866
1186
848
867
1187
849
868
1188
850
869
1189
851
870
1190
852
871
1191
853
872
1192
854
873
1193
855
874
1194
856
875
1195
857
876
1196
858
877
1197
859
878
1198
879
1199
4698
861
880
1200
862
881
1201
863
882
1202
864
883
1203
865
884
1204
866
885
1205
867
886
1206
868
887
1207
869
888
1208
870
889
1209
871
890
1210
872
891
1211
873
892
1212
874
893
1213
875
894
1214
876
895
1215
877
896
1216
878
897
1217
879
898
1218
899
1219
4704
881
900
1220
882
901
1221
883
902
1222
884
903
1223
885
904
1224
886
905
1225
887
906
1226
888
907
1227
889
908
1228
890
909
1229
891
910
1230
892
911
1231
893
912
1232
894
913
1233
895
914
1234
896
915
1235
897
916
1236
898
917
1237
899
918
1238
919
1239
4710
901
920
1240
902
921
1241
903
922
1242
904
923
1243
905
924
1244
906
925
1245
907
926
1246
908
927
1247
909
928
1248
910
929
1249
911
930
1250
912
931
1251
913
932
1252
914
933
1253
915
934
1254
916
935
1255
917
936
1256
918
937
1257
919
938
1258
939
1259
4716
921
940
1260
922
941
1261
923
942
1262
924
943
1263
925
944
1264
926
945
1265
927
946
1266
928
947
1267
929
948
1268
930
949
1269
931
950
1270
932
951
1271
933
952
1272
934
953
1273
935
954
1274
936
955
1275
937
956
1276
938
957
1277
939
958
1278
959
1279
4722
941
960
1280
942
961
1281
943
962
1282
944
963
1283
945
964
1284
946
965
1285
947
966
1286
948
967
1287
949
968
1288
950
969
1289
951
970
1290
952
971
1291
953
972
1292
954
973
1293
955
974
1294
956
975
1295
957
976
1296
958
977
1297
959
978
1298
979
1299
4727
961
980
1300
962
981
1301
963
982
1302
964
983
1303
965
984
1304
966
985
1305
967
986
1306
968
987
1307
969
988
1308
970
989
1309
971
990
1310
972
991
1311
973
992
1312
974
993
1313
975
994
1314
976
995
1315
977
996
1316
978
997
1317
979
998
1318
999
1319
4732
981
1000
1320
982
1001
1321
983
1002
1322
984
1003
1323
985
1004
1324
986
1005
1325
987
1006
1326
988
1007
1327
989
1008
1328
990
1009
1329
991
1010
1330
992
1011
1331
993
1012
1332
994
1013
1333
995
1014
1334
996
1015
1335
997
1016
1336
998
1017
1337
999
1018
1338
1019
1339
4737
1001
1340
1002
1341
1003
1342
1004
1343
1005
1344
1006
1345
1007
1346
1008
1347
1009
1348
1010
1349
1011
1350
1012
1351
1013
1352
1014
1353
1015
1354
1016
1355
1017
1356
1018
1357
1019
1358
1359
4742
1021
1040
1360
1022
1041
1361
1023
1042
1362
1024
1043
1363
1025
1044
1364
1026
1045
1365
1027
1046
1366
1028
1047
1367
1029
1048
1368
1030
1049
1369
1031
1050
1370
1032
1051
1371
1033
1052
1372
1034
1053
1373
1035
1054
1374
1036
1055
1375
1037
1056
1376
1038
1057
1377
1039
1058
1378
1059
1379
4747
1041
1060
1380
1042
1061
1381
1043
1062
1382
1044
1063
1383
1045
1064
1384
1046
1065
1385
1047
1066
1386
1048
1067
1387
1049
1068
1388
1050
1069
1389
1051
1070
1390
1052
1071
1391
1053
1072
1392
1054
1073
1393
1055
1074
1394
1056
1075
1395
1057
1076
1396
1058
1077
1397
1059
1078
1398
1079
1399
4753
1061
1080
1400
1062
1081
1401
1063
1082
1402
1064
1083
1403
1065
1084
1404
1066
1085
1405
1067
1086
1406
1068
1087
1407
1069
1088
1408
1070
1089
1409
1071
1090
1410
1072
1091
1411
1073
1092
1412
1074
1093
1413
1075
1094
1414
1076
1095
1415
1077
1096
1416
1078
1097
1417
1079
1098
1418
1099
1419
4759
1081
1100
1420
1082
1101
1421
1083
1102
1422
1084
1103
1423
1085
1104
1424
1086
1105
1425
1087
1106
1426
1088
1107
1427
1089
1108
1428
1090
1109
1429
1091
1110
1430
1092
1111
1431
1093
1112
1432
1094
1113
1433
1095
1114
1434
1096
1115
1435
1097
1116
1436
1098
1117
1437
1099
1118
1438
1119
1439
4765
1101
1120
1440
1102
1121
1441
1103
1122
1442
1104
1123
1443
1105
1124
1444
1106
1125
1445
1107
1126
1446
1108
1127
1447
1109
1128
1448
1110
1129
1449
1111
1130
1450
1112
1131
1451
1113
1132
1452
1114
1133
1453
1115
1134
1454
1116
1135
1455
1117
1136
1456
1118
1137
1457
1119
1138
1458
1139
1459
4771
1121
1140
1460
1122
1141
1461
1123
1142
1462
1124
1143
1463
1125
1144
1464
1126
1145
1465
1127
1146
1466
1128
1147
1467
1129
1148
1468
1130
1149
1469
1131
1150
1470
1132
1151
1471
1133
1152
1472
1134
1153
1473
1135
1154
1474
1136
1155
1475
1137
1156
1476
1138
1157
1477
1139
1158
1478
1159
1479
4777
1141
1160
1480
1142
1161
1481
1143
1162
1482
1144
1163
1483
1145
1164
1484
1146
1165
1485
1147
1166
1486
1148
1167
1487
1149
1168
1488
1150
1169
1489
1151
1170
1490
1152
1171
1491
1153
1172
1492
1154
1173
1493
1155
1174
1494
1156
1175
1495
1157
1176
1496
1158
1177
1497
1159
1178
1498
1179
1499
4783
1161
1180
1500
1162
1181
1501
1163
1182
1502
1164
1183
1503
1165
1184
1504
1166
1185
1505
1167
1186
1506
1168
1187
1507
1169
1188
1508
1170
1189
1509
1171
1190
1510
1172
1191
1511
1173
1192
1512
1174
1193
1513
1175
1194
1514
1176
1195
1515
1177
1196
1516
1178
1197
1517
1179
1198
1518
1199
1519
4789
1181
1200
1520
1182
1201
1521
1183
1202
1522
1184
1203
1523
1185
1204
1524
1186
1205
1525
1187
1206
1526
1188
1207
1527
1189
1208
1528
1190
1209
1529
1191
1210
1530
1192
1211
1531
1193
1212
1532
1194
1213
1533
1195
1214
1534
1196
1215
1535
1197
1216
1536
1198
1217
1537
1199
1218
1538
1219
1539
4795
1201
1220
1540
1202
1221
1541
1203
1222
1542
1204
1223
1543
1205
1224
1544
1206
1225
1545
1207
1226
1546
1208
1227
1547
1209
1228
1548
1210
1229
1549
1211
1230
1550
1212
1231
1551
1213
1232
1552
1214
1233
1553
1215
1234
1554
1216
1235
1555
1217
1236
1556
1218
1237
1557
1219
1238
1558
1239
1559
4801
1221
1240
1560
1222
1241
1561
1223
1242
1562
1224
1243
1563
1225
1244
1564
1226
1245
1565
1227
1246
1566
1228
1247
1567
1229
1248
1568
1230
1249
1569
1231
1250
1570
1232
1251
1571
1233
1252
1572
1234
1253
1573
1235
1254
1574
1236
1255
1575
1237
1256
1576
1238
1257
1577
1239
1258
1578
1259
1579
4807
1241
1260
1580
1242
1261
1581
1243
1262
1582
1244
1263
1583
1245
1264
1584
1246
1265
1585
1247
1266
1586
1248
1267
1587
1249
1268
1588
1250
1269
1589
1251
1270
1590
1252
1271
1591
1253
1272
1592
1254
1273
1593
1255
1274
1594
1256
1275
1595
1257
1276
1596
1258
1277
1597
1259
1278
1598
1279
1599
4813
1261
1280
1600
1262
1281
1601
1263
1282
1602
1264
1283
1603
1265
1284
1604
1266
1285
1605
1267
1286
1606
1268
1287
1607
1269
1288
1608
1270
1289
1609
1271
1290
1610
1272
1291
1611
1273
1292
1612
1274
1293
1613
1275
1294
1614
1276
1295
1615
1277
1296
1616
1278
1297
1617
1279
1298
1618
1299
1619
4819
1281
1300
1620
1282
1301
1621
1283
1302
1622
1284
1303
1623
1285
1304
1624
1286
1305
1625
1287
1306
1626
1288
1307
1627
1289
1308
1628
1290
1309
1629
1291
1310
1630
1292
1311
1631
1293
1312
1632
1294
1313
1633
1295
1314
1634
1296
1315
1635
1297
1316
1636
1298
1317
1637
1299
1318
1638
1319
1639
4824
1301
1320
1640
1302
1321
1641
1303
1322
1642
1304
1323
1643
1305
1324
1644
1306
1325
1645
1307
1326
1646
1308
1327
1647
1309
1328
1648
1310
1329
1649
1311
1330
1650
1312
1331
1651
1313
1332
1652
1314
1333
1653
1315
1334
1654
1316
1335
1655
1317
1336
1656
1318
1337
1657
1319
1338
1658
1339
1659
4829
1321
1340
1660
1322
1341
1661
1323
1342
1662
1324
1343
1663
1325
1344
1664
1326
1345
1665
1327
1346
1666
1328
1347
1667
1329
1348
1668
1330
1349
1669
1331
1350
1670
1332
1351
1671
1333
1352
1672
1334
1353
1673
1335
1354
1674
1336
1355
1675
1337
1356
1676
1338
1357
1677
1339
1358
1678
1359
1679
4834
1341
1680
1342
1681
1343
1682
1344
1683
1345
1684
1346
1685
1347
1686
1348
1687
1349
1688
1350
1689
1351
1690
1352
1691
1353
1692
1354
1693
1355
1694
1356
1695
1357
1696
1358
1697
1359
1698
1699
4839
1361
1380
1700
1362
1381
1701
1363
1382
1702
1364
1383
1703
1365
1384
1704
1366
1385
1705
1367
1386
1706
1368
1387
1707
1369
1388
1708
1370
1389
1709
1371
1390
1710
1372
1391
1711
1373
1392
1712
1374
1393
1713
1375
1394
1714
1376
1395
1715
1377
1396
1716
1378
1397
1717
1379
1398
1718
1399
1719
4844
1381
1400
1720
1382
1401
1721
1383
1402
1722
1384
1403
1723
1385
1404
1724
1386
1405
1725
1387
1406
1726
1388
1407
1727
1389
1408
1728
1390
1409
1729
1391
1410
1730
1392
1411
1731
1393
1412
1732
1394
1413
1733
1395
1414
1734
1396
1415
1735
1397
1416
1736
1398
1417
1737
1399
1418
1738
1419
1739
4850
1401
1420
1740
1402
1421
1741
1403
1422
1742
1404
1423
1743
1405
1424
1744
1406
1425
1745
1407
1426
1746
1408
1427
1747
1409
1428
1748
1410
1429
1749
1411
1430
1750
1412
1431
1751
1413
1432
1752
1414
1433
1753
1415
1434
1754
1416
1435
1755
1417
1436
1756
1418
1437
1757
1419
1438
1758
1439
1759
4856
1421
1440
1760
1422
1441
1761
1423
1442
1762
1424
1443
1763
1425
1444
1764
1426
1445
1765
1427
1446
1766
1428
1447
1767
1429
1448
1768
1430
1449
1769
1431
1450
1770
1432
1451
1771
1433
1452
1772
1434
1453
1773
1435
1454
1774
1436
1455
1775
1437
1456
1776
1438
1457
1777
1439
1458
1778
1459
1779
4862
1441
1460
1780
1442
1461
1781
1443
1462
1782
1444
1463
1783
1445
1464
1784
1446
1465
1785
1447
1466
1786
1448
1467
1787
1449
1468
1788
1450
1469
1789
1451
1470
1790
1452
1471
1791
1453
1472
1792
1454
1473
1793
1455
1474
1794
1456
1475
1795
1457
1476
1796
1458
1477
1797
1459
1478
1798
1479
1799
4868
1461
1480
1800
1462
1481
1801
1463
1482
1802
1464
1483
1803
1465
1484
1804
1466
1485
1805
1467
1486
1806
1468
1487
1807
1469
1488
1808
1470
1489
1809
1471
1490
1810
1472
1491
1811
1473
1492
1812
1474
1493
1813
1475
1494
1814
1476
1495
1815
1477
1496
1816
1478
1497
1817
1479
1498
1818
1499
1819
4874
1481
1500
1820
1482
1501
1821
1483
1502
1822
1484
1503
1823
1485
1504
1824
1486
1505
1825
1487
1506
1826
1488
1507
1827
1489
1508
1828
1490
1509
1829
1491
1510
1830
1492
1511
1831
1493
1512
1832
1494
1513
1833
1495
1514
1834
1496
1515
1835
1497
1516
1836
1498
1517
1837
1499
1518
1838
1519
1839
4880
1501
1520
1840
1502
1521
1841
1503
1522
1842
1504
1523
1843
1505
1524
1844
1506
1525
1845
1507
1526
1846
1508
1527
1847
1509
1528
1848
1510
1529
1849
1511
1530
1850
1512
1531
1851
1513
1532
1852
1514
1533
1853
1515
1534
1854
1516
1535
1855
1517
1536
1856
1518
1537
1857
1519
1538
1858
1539
1859
4886
1521
1540
1860
1522
1541
1861
1523
1542
1862
1524
1543
1863
1525
1544
1864
1526
1545
1865
1527
1546
1866
1528
1547
1867
1529
1548
1868
1530
1549
1869
1531
1550
1870
1532
1551
1871
1533
1552
1872
1534
1553
1873
1535
1554
1874
1536
1555
1875
1537
1556
1876
1538
1557
1877
1539
1558
1878
1559
1879
4892
1541
1560
1880
1542
1561
1881
1543
1562
1882
1544
1563
1883
1545
1564
1884
1546
1565
1885
1547
1566
1886
1548
1567
1887
1549
1568
1888
1550
1569
1889
1551
1570
1890
1552
1571
1891
1553
1572
1892
1554
1573
1893
1555
1574
1894
1556
1575
1895
1557
1576
1896
1558
1577
1897
1559
1578
1898
1579
1899
4898
1561
1580
1900
1562
1581
1901
1563
1582
1902
1564
1583
1903
1565
1584
1904
1566
1585
1905
1567
1586
1906
1568
1587
1907
1569
1588
1908
1570
1589
1909
1571
1590
1910
1572
1591
1911
1573
1592
1912
1574
1593
1913
1575
1594
1914
1576
1595
1915
1577
1596
1916
1578
1597
1917
1579
1598
1918
1599
1919
4904
1581
1600
1920
1582
1601
1921
1583
1602
1922
1584
1603
1923
1585
1604
1924
1586
1605
1925
1587
1606
1926
1588
1607
1927
1589
1608
1928
1590
1609
1929
1591
1610
1930
1592
1611
1931
1593
1612
1932
1594
1613
1933
1595
1614
1934
1596
1615
1935
1597
1616
1936
1598
1617
1937
1599
1618
1938
1619
1939
4910
1601
1620
1940
1602
1621
1941
1603
1622
1942
1604
1623
1943
1605
1624
1944
1606
1625
1945
1607
1626
1946
1608
1627
1947
1609
1628
1948
1610
1629
1949
1611
1630
1950
1612
1631
1951
1613
1632
1952
1614
1633
1953
1615
1634
1954
1616
1635
1955
1617
1636
1956
1618
1637
1957
1619
1638
1958
1639
1959
4916
1621
1640
1960
1622
1641
1961
1623
1642
1962
1624
1643
1963
1625
1644
1964
1626
1645
1965
1627
1646
1966
1628
1647
1967
1629
1648
1968
1630
1649
1969
1631
1650
1970
1632
1651
1971
1633
1652
1972
1634
1653
1973
1635
1654
1974
1636
1655
1975
1637
1656
1976
1638
1657
1977
1639
1658
1978
1659
1979
4921
1641
1660
1980
1642
1661
1981
1643
1662
1982
1644
1663
1983
1645
1664
1984
1646
1665
1985
1647
1666
1986
1648
1667
1987
1649
1668
1988
1650
1669
1989
1651
1670
1990
1652
1671
1991
1653
1672
1992
1654
1673
1993
1655
1674
1994
1656
1675
1995
1657
1676
1996
1658
1677
1997
1659
1678
1998
1679
1999
4926
1661
1680
2000
1662
1681
2001
1663
1682
2002
1664
1683
2003
1665
1684
2004
1666
1685
2005
1667
1686
2006
1668
1687
2007
1669
1688
2008
1670
1689
2009
1671
1690
2010
1672
1691
2011
1673
1692
2012
1674
1693
2013
1675
1694
2014
1676
1695
2015
1677
1696
2016
1678
1697
2017
1679
1698
2018
1699
2019
4931
1681
2020
1682
2021
1683
2022
1684
2023
1685
2024
1686
2025
1687
2026
1688
2027
1689
2028
1690
2029
1691
2030
1692
2031
1693
2032
1694
2033
1695
2034
1696
2035
1697
2036
1698
2037
1699
2038
2039
4936
1701
1720
2040
1702
1721
2041
1703
1722
2042
1704
1723
2043
1705
1724
2044
1706
1725
2045
1707
1726
2046
1708
1727
2047
1709
1728
2048
1710
1729
2049
1711
1730
2050
1712
1731
2051
1713
1732
2052
1714
1733
2053
1715
1734
2054
1716
1735
2055
1717
1736
2056
1718
1737
2057
1719
1738
2058
1739
2059
4941
1721
1740
2060
1722
1741
2061
1723
1742
2062
1724
1743
2063
1725
1744
2064
1726
1745
2065
1727
1746
2066
1728
1747
2067
1729
1748
2068
1730
1749
2069
1731
1750
2070
1732
1751
2071
1733
1752
2072
1734
1753
2073
1735
1754
2074
1736
1755
2075
1737
1756
2076
1738
1757
2077
1739
1758
2078
1759
2079
4947
1741
1760
2080
1742
1761
2081
1743
1762
2082
1744
1763
2083
1745
1764
2084
1746
1765
2085
1747
1766
2086
1748
1767
2087
1749
1768
2088
1750
1769
2089
1751
1770
2090
1752
1771
2091
1753
1772
2092
1754
1773
2093
1755
1774
2094
1756
1775
2095
1757
1776
2096
1758
1777
2097
1759
1778
2098
1779
2099
4953
1761
1780
2100
1762
1781
2101
1763
1782
2102
1764
1783
2103
1765
1784
2104
1766
1785
2105
1767
1786
2106
1768
1787
2107
1769
1788
2108
1770
1789
2109
1771
1790
2110
1772
1791
2111
1773
1792
2112
1774
1793
2113
1775
1794
2114
1776
1795
2115
1777
1796
2116
1778
1797
2117
1779
1798
2118
1799
2119
4959
1781
1800
2120
1782
1801
2121
1783
1802
2122
1784
1803
2123
1785
1804
2124
1786
1805
2125
1787
1806
2126
1788
1807
2127
1789
1808
2128
1790
1809
2129
1791
1810
2130
1792
1811
2131
1793
1812
2132
1794
1813
2133
1795
1814
2134
1796
1815
2135
1797
1816
2136
1798
1817
2137
1799
1818
2138
1819
2139
4965
1801
1820
2140
1802
1821
2141
1803
1822
2142
1804
1823
2143
1805
1824
2144
1806
1825
2145
1807
1826
2146
1808
1827
2147
1809
1828
2148
1810
1829
2149
1811
1830
2150
1812
1831
2151
1813
1832
2152
1814
1833
2153
1815
1834
2154
1816
1835
2155
1817
1836
2156
1818
1837
2157
1819
1838
2158
1839
2159
4971
1821
1840
2160
1822
1841
2161
1823
1842
2162
1824
1843
2163
1825
1844
2164
1826
1845
2165
1827
1846
2166
1828
1847
2167
1829
1848
2168
1830
1849
2169
1831
1850
2170
1832
1851
2171
1833
1852
2172
1834
1853
2173
1835
1854
2174
1836
1855
2175
1837
1856
2176
1838
1857
2177
1839
1858
2178
1859
2179
4977
1841
1860
2180
1842
1861
2181
1843
1862
2182
1844
1863
2183
1845
1864
2184
1846
1865
2185
1847
1866
2186
1848
1867
2187
1849
1868
2188
1850
1869
2189
1851
1870
2190
1852
1871
2191
1853
1872
2192
1854
1873
2193
1855
1874
2194
1856
1875
2195
1857
1876
2196
1858
1877
2197
1859
1878
2198
1879
2199
4983
1861
1880
2200
1862
1881
2201
1863
1882
2202
1864
1883
2203
1865
1884
2204
1866
1885
2205
1867
1886
2206
1868
1887
2207
1869
1888
2208
1870
1889
2209
1871
1890
2210
1872
1891
2211
1873
1892
2212
1874
1893
2213
1875
1894
2214
1876
1895
2215
1877
1896
2216
1878
1897
2217
1879
1898
2218
1899
2219
4989
1881
1900
2220
1882
1901
2221
1883
1902
2222
1884
1903
2223
1885
1904
2224
1886
1905
2225
1887
1906
2226
1888
1907
2227
1889
1908
2228
1890
1909
2229
1891
1910
2230
1892
1911
2231
1893
1912
2232
1894
1913
2233
1895
1914
2234
1896
1915
2235
1897
1916
2236
1898
1917
2237
1899
1918
2238
1919
2239
4995
1901
1920
2240
1902
1921
2241
1903
1922
2242
1904
1923
2243
1905
1924
2244
1906
1925
2245
1907
1926
2246
1908
1927
2247
1909
1928
2248
1910
1929
2249
1911
1930
2250
1912
1931
2251
1913
1932
2252
1914
1933
2253
1915
1934
2254
1916
1935
2255
1917
1936
2256
1918
1937
2257
1919
1938
2258
1939
2259
5001
1921
1940
2260
1922
1941
2261
1923
1942
2262
1924
1943
2263
1925
1944
2264
1926
1945
2265
1927
1946
2266
1928
1947
2267
1929
1948
2268
1930
1949
2269
1931
1950
2270
1932
1951
2271
1933
1952
2272
1934
1953
2273
1935
1954
2274
1936
1955
2275
1937
1956
2276
1938
1957
2277
1939
1958
2278
1959
2279
5007
1941
1960
2280
1942
1961
2281
1943
1962
2282
1944
1963
2283
1945
1964
2284
1946
1965
2285
1947
1966
2286
1948
1967
2287
1949
1968
2288
1950
1969
2289
1951
1970
2290
1952
1971
2291
1953
1972
2292
1954
1973
2293
1955
1974
2294
1956
1975
2295
1957
1976
2296
1958
1977
2297
1959
1978
2298
1979
2299
5013
1961
1980
2300
1962
1981
2301
1963
1982
2302
1964
1983
2303
1965
1984
2304
1966
1985
2305
1967
1986
2306
1968
1987
2307
1969
1988
2308
1970
1989
2309
1971
1990
2310
1972
1991
2311
1973
1992
2312
1974
1993
2313
1975
1994
2314
1976
1995
2315
1977
1996
2316
1978
1997
2317
1979
1998
2318
1999
2319
5018
1981
2000
2320
1982
2001
2321
1983
2002
2322
1984
2003
2323
1985
2004
2324
1986
2005
2325
1987
2006
2326
1988
2007
2327
1989
2008
2328
1990
2009
2329
1991
2010
2330
1992
2011
2331
1993
2012
2332
1994
2013
2333
1995
2014
2334
1996
2015
2335
1997
2016
2336
1998
2017
2337
1999
2018
2338
2019
2339
5023
2001
2020
2340
2002
2021
2341
2003
2022
2342
2004
2023
2343
2005
2024
2344
2006
2025
2345
2007
2026
2346
2008
2027
2347
2009
2028
2348
2010
2029
2349
2011
2030
2350
2012
2031
2351
2013
2032
2352
2014
2033
2353
2015
2034
2354
2016
2035
2355
2017
2036
2356
2018
2037
2357
2019
2038
2358
2039
2359
5028
2021
2360
2022
2361
2023
2362
2024
2363
2025
2364
2026
2365
2027
2366
2028
2367
2029
2368
2030
2369
2031
2370
2032
2371
2033
2372
2034
2373
2035
2374
2036
2375
2037
2376
2038
2377
2039
2378
2379
5033
2041
2060
2380
2042
2061
2381
2043
2062
2382
2044
2063
2383
2045
2064
2384
2046
2065
2385
2047
2066
2386
2048
2067
2387
2049
2068
2388
2050
2069
2389
2051
2070
2390
2052
2071
2391
2053
2072
2392
2054
2073
2393
2055
2074
2394
2056
2075
2395
2057
2076
2396
2058
2077
2397
2059
2078
2398
2079
2399
5038
2061
2080
2400
2062
2081
2401
2063
2082
2402
2064
2083
2403
2065
2084
2404
2066
2085
2405
2067
2086
2406
2068
2087
2407
2069
2088
2408
2070
2089
2409
2071
2090
2410
2072
2091
2411
2073
2092
2412
2074
2093
2413
2075
2094
2414
2076
2095
2415
2077
2096
2416
2078
2097
2417
2079
2098
2418
2099
2419
5044
2081
2100
2420
2082
2101
2421
2083
2102
2422
2084
2103
2423
2085
2104
2424
2086
2105
2425
2087
2106
2426
2088
2107
2427
2089
2108
2428
2090
2109
2429
2091
2110
2430
2092
2111
2431
2093
2112
2432
2094
2113
2433
2095
2114
2434
2096
2115
2435
2097
2116
2436
2098
2117
2437
2099
2118
2438
2119
2439
5050
2101
2120
2440
2102
2121
2441
2103
2122
2442
2104
2123
2443
2105
2124
2444
2106
2125
2445
2107
2126
2446
2108
2127
2447
2109
2128
2448
2110
2129
2449
2111
2130
2450
2112
2131
2451
2113
2132
2452
2114
2133
2453
2115
2134
2454
2116
2135
2455
2117
2136
2456
2118
2137
2457
2119
2138
2458
2139
2459
5056
2121
2140
2460
2122
2141
2461
2123
2142
2462
2124
2143
2463
2125
2144
2464
2126
2145
2465
2127
2146
2466
2128
2147
2467
2129
2148
2468
2130
2149
2469
2131
2150
2470
2132
2151
2471
2133
2152
2472
2134
2153
2473
2135
2154
2474
2136
2155
2475
2137
2156
2476
2138
2157
2477
2139
2158
2478
2159
2479
5062
2141
2160
2480
2142
2161
2481
2143
2162
2482
2144
2163
2483
2145
2164
2484
2146
2165
2485
2147
2166
2486
2148
2167
2487
2149
2168
2488
2150
2169
2489
2151
2170
2490
2152
2171
2491
2153
2172
2492
2154
2173
2493
2155
2174
2494
2156
2175
2495
2157
2176
2496
2158
2177
2497
2159
2178
2498
2179
2499
5068
2161
2180
2500
2162
2181
2501
2163
2182
2502
2164
2183
2503
2165
2184
2504
2166
2185
2505
2167
2186
2506
2168
2187
2507
2169
2188
2508
2170
2189
2509
2171
2190
2510
2172
2191
2511
2173
2192
2512
2174
2193
2513
2175
2194
2514
2176
2195
2515
2177
2196
2516
2178
2197
2517
2179
2198
2518
2199
2519
5074
2181
2200
2520
2182
2201
2521
2183
2202
2522
2184
2203
2523
2185
2204
2524
2186
2205
2525
2187
2206
2526
2188
2207
2527
2189
2208
2528
2190
2209
2529
2191
2210
2530
2192
2211
2531
2193
2212
2532
2194
2213
2533
2195
2214
2534
2196
2215
2535
2197
2216
2536
2198
2217
2537
2199
2218
2538
2219
2539
5080
2201
2220
2540
2202
2221
2541
2203
2222
2542
2204
2223
2543
2205
2224
2544
2206
2225
2545
2207
2226
2546
2208
2227
2547
2209
2228
2548
2210
2229
2549
2211
2230
2550
2212
2231
2551
2213
2232
2552
2214
2233
2553
2215
2234
2554
2216
2235
2555
2217
2236
2556
2218
2237
2557
2219
2238
2558
2239
2559
5086
2221
2240
2560
2222
2241
2561
2223
2242
2562
2224
2243
2563
2225
2244
2564
2226
2245
2565
2227
2246
2566
2228
2247
2567
2229
2248
2568
2230
2249
2569
2231
2250
2570
2232
2251
2571
2233
2252
2572
2234
2253
2573
2235
2254
2574
2236
2255
2575
2237
2256
2576
2238
2257
2577
2239
2258
2578
2259
2579
5092
2241
2260
2580
2242
2261
2581
2243
2262
2582
2244
2263
2583
2245
2264
2584
2246
2265
2585
2247
2266
2586
2248
2267
2587
2249
2268
2588
2250
2269
2589
2251
2270
2590
2252
2271
2591
2253
2272
2592
2254
2273
2593
2255
2274
2594
2256
2275
2595
2257
2276
2596
2258
2277
2597
2259
2278
2598
2279
2599
5098
2261
2280
2600
2262
2281
2601
2263
2282
2602
2264
2283
2603
2265
2284
2604
2266
2285
2605
2267
2286
2606
2268
2287
2607
2269
2288
2608
2270
2289
2609
2271
2290
2610
2272
2291
2611
2273
2292
2612
2274
2293
2613
2275
2294
2614
2276
2295
2615
2277
2296
2616
2278
2297
2617
2279
2298
2618
2299
2619
5104
2281
2300
2620
2282
2301
2621
2283
2302
2622
2284
2303
2623
2285
2304
2624
2286
2305
2625
2287
2306
2626
2288
2307
2627
2289
2308
2628
2290
2309
2629
2291
2310
2630
2292
2311
2631
2293
2312
2632
2294
2313
2633
2295
2314
2634
2296
2315
2635
2297
2316
2636
2298
2317
2637
2299
2318
2638
2319
2639
5110
2301
2320
2640
2302
2321
2641
2303
2322
2642
2304
2323
2643
2305
2324
2644
2306
2325
2645
2307
2326
2646
2308
2327
2647
2309
2328
2648
2310
2329
2649
2311
2330
2650
2312
2331
2651
2313
2332
2652
2314
2333
2653
2315
2334
2654
2316
2335
2655
2317
2336
2656
2318
2337
2657
2319
2338
2658
2339
2659
5115
2321
2340
2660
2322
2341
2661
2323
2342
2662
2324
2343
2663
2325
2344
2664
2326
2345
2665
2327
2346
2666
2328
2347
2667
2329
2348
2668
2330
2349
2669
2331
2350
2670
2332
2351
2671
2333
2352
2672
2334
2353
2673
2335
2354
2674
2336
2355
2675
2337
2356
2676
2338
2357
2677
2339
2358
2678
2359
2679
5120
2341
2360
2680
2342
2361
2681
2343
2362
2682
2344
2363
2683
2345
2364
2684
2346
2365
2685
2347
2366
2686
2348
2367
2687
2349
2368
2688
2350
2369
2689
2351
2370
2690
2352
2371
2691
2353
2372
2692
2354
2373
2693
2355
2374
2694
2356
2375
2695
2357
2376
2696
2358
2377
2697
2359
2378
2698
2379
2699
5125
2361
2700
2362
2701
2363
2702
2364
2703
2365
2704
2366
2705
2367
2706
2368
2707
2369
2708
2370
2709
2371
2710
2372
2711
2373
2712
2374
2713
2375
2714
2376
2715
2377
2716
2378
2717
2379
2718
2719
5130
2381
2400
2720
2382
2401
2721
2383
2402
2722
2384
2403
2723
2385
2404
2724
2386
2405
2725
2387
2406
2726
2388
2407
2727
2389
2408
2728
2390
2409
2729
2391
2410
2730
2392
2411
2731
2393
2412
2732
2394
2413
2733
2395
2414
2734
2396
2415
2735
2397
2416
2736
2398
2417
2737
2399
2418
2738
2419
2739
5135
2401
2420
2740
2402
2421
2741
2403
2422
2742
2404
2423
2743
2405
2424
2744
2406
2425
2745
2407
2426
2746
2408
2427
2747
2409
2428
2748
2410
2429
2749
2411
2430
2750
2412
2431
2751
2413
2432
2752
2414
2433
2753
2415
2434
2754
2416
2435
2755
2417
2436
2756
2418
2437
2757
2419
2438
2758
2439
2759
5141
2421
2440
2760
2422
2441
2761
2423
2442
2762
2424
2443
2763
2425
2444
2764
2426
2445
2765
2427
2446
2766
2428
2447
2767
2429
2448
2768
2430
2449
2769
2431
2450
2770
2432
2451
2771
2433
2452
2772
2434
2453
2773
2435
2454
2774
2436
2455
2775
2437
2456
2776
2438
2457
2777
2439
2458
2778
2459
2779
5147
2441
2460
2780
2442
2461
2781
2443
2462
2782
2444
2463
2783
2445
2464
2784
2446
2465
2785
2447
2466
2786
2448
2467
2787
2449
2468
2788
2450
2469
2789
2451
2470
2790
2452
2471
2791
2453
2472
2792
2454
2473
2793
2455
2474
2794
2456
2475
2795
2457
2476
2796
2458
2477
2797
2459
2478
2798
2479
2799
5153
2461
2480
2800
2462
2481
2801
2463
2482
2802
2464
2483
2803
2465
2484
2804
2466
2485
2805
2467
2486
2806
2468
2487
2807
2469
2488
2808
2470
2489
2809
2471
2490
2810
2472
2491
2811
2473
2492
2812
2474
2493
2813
2475
2494
2814
2476
2495
2815
2477
2496
2816
2478
2497
2817
2479
2498
2818
2499
2819
5159
2481
2500
2820
2482
2501
2821
2483
2502
2822
2484
2503
2823
2485
2504
2824
2486
2505
2825
2487
2506
2826
2488
2507
2827
2489
2508
2828
2490
2509
2829
2491
2510
2830
2492
2511
2831
2493
2512
2832
2494
2513
2833
2495
2514
2834
2496
2515
2835
2497
2516
2836
2498
2517
2837
2499
2518
2838
2519
2839
5165
2501
2520
2840
2502
2521
2841
2503
2522
2842
2504
2523
2843
2505
2524
2844
2506
2525
2845
2507
2526
2846
2508
2527
2847
2509
2528
2848
2510
2529
2849
2511
2530
2850
2512
2531
2851
2513
2532
2852
2514
2533
2853
2515
2534
2854
2516
2535
2855
2517
2536
2856
2518
2537
2857
2519
2538
2858
2539
2859
5171
2521
2540
2860
2522
2541
2861
2523
2542
2862
2524
2543
2863
2525
2544
2864
2526
2545
2865
2527
2546
2866
2528
2547
2867
2529
2548
2868
2530
2549
2869
2531
2550
2870
2532
2551
2871
2533
2552
2872
2534
2553
2873
2535
2554
2874
2536
2555
2875
2537
2556
2876
2538
2557
2877
2539
2558
2878
2559
2879
5177
2541
2560
2880
2542
2561
2881
2543
2562
2882
2544
2563
2883
2545
2564
2884
2546
2565
2885
2547
2566
2886
2548
2567
2887
2549
2568
2888
2550
2569
2889
2551
2570
2890
2552
2571
2891
2553
2572
2892
2554
2573
2893
2555
2574
2894
2556
2575
2895
2557
2576
2896
2558
2577
2897
2559
2578
2898
2579
2899
5183
2561
2580
2900
2562
2581
2901
2563
2582
2902
2564
2583
2903
2565
2584
2904
2566
2585
2905
2567
2586
2906
2568
2587
2907
2569
2588
2908
2570
2589
2909
2571
2590
2910
2572
2591
2911
2573
2592
2912
2574
2593
2913
2575
2594
2914
2576
2595
2915
2577
2596
2916
2578
2597
2917
2579
2598
2918
2599
2919
5189
2581
2600
2920
2582
2601
2921
2583
2602
2922
2584
2603
2923
2585
2604
2924
2586
2605
2925
2587
2606
2926
2588
2607
2927
2589
2608
2928
2590
2609
2929
2591
2610
2930
2592
2611
2931
2593
2612
2932
2594
2613
2933
2595
2614
2934
2596
2615
2935
2597
2616
2936
2598
2617
2937
2599
2618
2938
2619
2939
5195
2601
2620
2940
2602
2621
2941
2603
2622
2942
2604
2623
2943
2605
2624
2944
2606
2625
2945
2607
2626
2946
2608
2627
2947
2609
2628
2948
2610
2629
2949
2611
2630
2950
2612
2631
2951
2613
2632
2952
2614
2633
2953
2615
2634
2954
2616
2635
2955
2617
2636
2956
2618
2637
2957
2619
2638
2958
2639
2959
5201
2621
2640
2960
2622
2641
2961
2623
2642
2962
2624
2643
2963
2625
2644
2964
2626
2645
2965
2627
2646
2966
2628
2647
2967
2629
2648
2968
2630
2649
2969
2631
2650
2970
2632
2651
2971
2633
2652
2972
2634
2653
2973
2635
2654
2974
2636
2655
2975
2637
2656
2976
2638
2657
2977
2639
2658
2978
2659
2979
5207
2641
2660
2980
2642
2661
2981
2643
2662
2982
2644
2663
2983
2645
2664
2984
2646
2665
2985
2647
2666
2986
2648
2667
2987
2649
2668
2988
2650
2669
2989
2651
2670
2990
2652
2671
2991
2653
2672
2992
2654
2673
2993
2655
2674
2994
2656
2675
2995
2657
2676
2996
2658
2677
2997
2659
2678
2998
2679
2999
5212
2661
2680
3000
2662
2681
3001
2663
2682
3002
2664
2683
3003
2665
2684
3004
2666
2685
3005
2667
2686
3006
2668
2687
3007
2669
2688
3008
2670
2689
3009
2671
2690
3010
2672
2691
3011
2673
2692
3012
2674
2693
3013
2675
2694
3014
2676
2695
3015
2677
2696
3016
2678
2697
3017
2679
2698
3018
2699
3019
5217
2681
2700
3020
2682
2701
3021
2683
2702
3022
2684
2703
3023
2685
2704
3024
2686
2705
3025
2687
2706
3026
2688
2707
3027
2689
2708
3028
2690
2709
3029
2691
2710
3030
2692
2711
3031
2693
2712
3032
2694
2713
3033
2695
2714
3034
2696
2715
3035
2697
2716
3036
2698
2717
3037
2699
2718
3038
2719
3039
5222
2701
3040
2702
3041
2703
3042
2704
3043
2705
3044
2706
3045
2707
3046
2708
3047
2709
3048
2710
3049
2711
3050
2712
3051
2713
3052
2714
3053
2715
3054
2716
3055
2717
3056
2718
3057
2719
3058
3059
5227
2721
2740
3060
2722
2741
3061
2723
2742
3062
2724
2743
3063
2725
2744
3064
2726
2745
3065
2727
2746
3066
2728
2747
3067
2729
2748
3068
2730
2749
3069
2731
2750
3070
2732
2751
3071
2733
2752
3072
2734
2753
3073
2735
2754
3074
2736
2755
3075
2737
2756
3076
2738
2757
3077
2739
2758
3078
2759
3079
5232
2741
2760
3080
2742
2761
3081
2743
2762
3082
2744
2763
3083
2745
2764
3084
2746
2765
3085
2747
2766
3086
2748
2767
3087
2749
2768
3088
2750
2769
3089
2751
2770
3090
2752
2771
3091
2753
2772
3092
2754
2773
3093
2755
2774
3094
2756
2775
3095
2757
2776
3096
2758
2777
3097
2759
2778
3098
2779
3099
5238
2761
2780
3100
2762
2781
3101
2763
2782
3102
2764
2783
3103
2765
2784
3104
2766
2785
3105
2767
2786
3106
2768
2787
3107
2769
2788
3108
2770
2789
3109
2771
2790
3110
2772
2791
3111
2773
2792
3112
2774
2793
3113
2775
2794
3114
2776
2795
3115
2777
2796
3116
2778
2797
3117
2779
2798
3118
2799
3119
5244
2781
2800
3120
2782
2801
3121
2783
2802
3122
2784
2803
3123
2785
2804
3124
2786
2805
3125
2787
2806
3126
2788
2807
3127
2789
2808
3128
2790
2809
3129
2791
2810
3130
2792
2811
3131
2793
2812
3132
2794
2813
3133
2795
2814
3134
2796
2815
3135
2797
2816
3136
2798
2817
3137
2799
2818
3138
2819
3139
5250
2801
2820
3140
2802
2821
3141
2803
2822
3142
2804
2823
3143
2805
2824
3144
2806
2825
3145
2807
2826
3146
2808
2827
3147
2809
2828
3148
2810
2829
3149
2811
2830
3150
2812
2831
3151
2813
2832
3152
2814
2833
3153
2815
2834
3154
2816
2835
3155
2817
2836
3156
2818
2837
3157
2819
2838
3158
2839
3159
5256
2821
2840
3160
2822
2841
3161
2823
2842
3162
2824
2843
3163
2825
2844
3164
2826
2845
3165
2827
2846
3166
2828
2847
3167
2829
2848
3168
2830
2849
3169
2831
2850
3170
2832
2851
3171
2833
2852
3172
2834
2853
3173
2835
2854
3174
2836
2855
3175
2837
2856
3176
2838
2857
3177
2839
2858
3178
2859
3179
5262
2841
2860
3180
2842
2861
3181
2843
2862
3182
2844
2863
3183
2845
2864
3184
2846
2865
3185
2847
2866
3186
2848
2867
3187
2849
2868
3188
2850
2869
3189
2851
2870
3190
2852
2871
3191
2853
2872
3192
2854
2873
3193
2855
2874
3194
2856
2875
3195
2857
2876
3196
2858
2877
3197
2859
2878
3198
2879
3199
5268
2861
2880
3200
2862
2881
3201
2863
2882
3202
2864
2883
3203
2865
2884
3204
2866
2885
3205
2867
2886
3206
2868
2887
3207
2869
2888
3208
2870
2889
3209
2871
2890
3210
2872
2891
3211
2873
2892
3212
2874
2893
3213
2875
2894
3214
2876
2895
3215
2877
2896
3216
2878
2897
3217
2879
2898
3218
2899
3219
5274
2881
2900
3220
2882
2901
3221
2883
2902
3222
2884
2903
3223
2885
2904
3224
2886
2905
3225
2887
2906
3226
2888
2907
3227
2889
2908
3228
2890
2909
3229
2891
2910
3230
2892
2911
3231
2893
2912
3232
2894
2913
3233
2895
2914
3234
2896
2915
3235
2897
2916
3236
2898
2917
3237
2899
2918
3238
2919
3239
5280
2901
2920
3240
2902
2921
3241
2903
2922
3242
2904
2923
3243
2905
2924
3244
2906
2925
3245
2907
2926
3246
2908
2927
3247
2909
2928
3248
2910
2929
3249
2911
2930
3250
2912
2931
3251
2913
2932
3252
2914
2933
3253
2915
2934
3254
2916
2935
3255
2917
2936
3256
2918
2937
3257
2919
2938
3258
2939
3259
5286
2921
2940
3260
2922
2941
3261
2923
2942
3262
2924
2943
3263
2925
2944
3264
2926
2945
3265
2927
2946
3266
2928
2947
3267
2929
2948
3268
2930
2949
3269
2931
2950
3270
2932
2951
3271
2933
2952
3272
2934
2953
3273
2935
2954
3274
2936
2955
3275
2937
2956
3276
2938
2957
3277
2939
2958
3278
2959
3279
5292
2941
2960
3280
2942
2961
3281
2943
2962
3282
2944
2963
3283
2945
2964
3284
2946
2965
3285
2947
2966
3286
2948
2967
3287
2949
2968
3288
2950
2969
3289
2951
2970
3290
2952
2971
3291
2953
2972
3292
2954
2973
3293
2955
2974
3294
2956
2975
3295
2957
2976
3296
2958
2977
3297
2959
2978
3298
2979
3299
5298
2961
2980
3300
2962
2981
3301
2963
2982
3302
2964
2983
3303
2965
2984
3304
2966
2985
3305
2967
2986
3306
2968
2987
3307
2969
2988
3308
2970
2989
3309
2971
2990
3310
2972
2991
3311
2973
2992
3312
2974
2993
3313
2975
2994
3314
2976
2995
3315
2977
2996
3316
2978
2997
3317
2979
2998
3318
2999
3319
5304
2981
3000
3320
2982
3001
3321
2983
3002
3322
2984
3003
3323
2985
3004
3324
2986
3005
3325
2987
3006
3326
2988
3007
3327
2989
3008
3328
2990
3009
3329
2991
3010
3330
2992
3011
3331
2993
3012
3332
2994
3013
3333
2995
3014
3334
2996
3015
3335
2997
3016
3336
2998
3017
3337
2999
3018
3338
3019
3339
5309
3001
3020
3340
3002
3021
3341
3003
3022
3342
3004
3023
3343
3005
3024
3344
3006
3025
3345
3007
3026
3346
3008
3027
3347
3009
3028
3348
3010
3029
3349
3011
3030
3350
3012
3031
3351
3013
3032
3352
3014
3033
3353
3015
3034
3354
3016
3035
3355
3017
3036
3356
3018
3037
3357
3019
3038
3358
3039
3359
5314
3021
3040
3360
3022
3041
3361
3023
3042
3362
3024
3043
3363
3025
3044
3364
3026
3045
3365
3027
3046
3366
3028
3047
3367
3029
3048
3368
3030
3049
3369
3031
3050
3370
3032
3051
3371
3033
3052
3372
3034
3053
3373
3035
3054
3374
3036
3055
3375
3037
3056
3376
3038
3057
3377
3039
3058
3378
3059
3379
5319
3041
3380
3042
3381
3043
3382
3044
3383
3045
3384
3046
3385
3047
3386
3048
3387
3049
3388
3050
3389
3051
3390
3052
3391
3053
3392
3054
3393
3055
3394
3056
3395
3057
3396
3058
3397
3059
3398
3399
5324
3061
3080
3400
3062
3081
3401
3063
3082
3402
3064
3083
3403
3065
3084
3404
3066
3085
3405
3067
3086
3406
3068
3087
3407
3069
3088
3408
3070
3089
3409
3071
3090
3410
3072
3091
3411
3073
3092
3412
3074
3093
3413
3075
3094
3414
3076
3095
3077
3096
3078
3097
3079
3098
3099
5329
3081
3100
3415
3082
3101
3416
3083
3102
3417
3084
3103
3418
3085
3104
3419
3086
3105
3420
3087
3106
3421
3088
3107
3422
3089
3108
3423
3090
3109
3424
3091
3110
3425
3092
3111
3426
3093
3112
3427
3094
3113
3428
3095
3114
3429
3096
3115
3430
3097
3116
3431
3098
3117
3432
3099
3118
3433
3119
5335
3101
3120
3434
3102
3121
3435
3103
3122
3436
3104
3123
3437
3105
3124
3438
3106
3125
3439
3107
3126
3440
3108
3127
3441
3109
3128
3442
3110
3129
3443
3111
3130
3444
3112
3131
3445
3113
3132
3446
3114
3133
3447
3115
3134
3448
3116
3135
3449
3117
3136
3450
3118
3137
3451
3119
3138
3452
3139
5341
3121
3140
3453
3122
3141
3454
3123
3142
3455
3124
3143
3456
3125
3144
3457
3126
3145
3458
3127
3146
3459
3128
3147
3460
3129
3148
3461
3130
3149
3462
3131
3150
3463
3132
3151
3464
3133
3152
3465
3134
3153
3466
3135
3154
3467
3136
3155
3468
3137
3156
3469
3138
3157
3470
3139
3158
3471
3159
5347
3141
3160
3472
3142
3161
3473
3143
3162
3474
3144
3163
3475
3145
3164
3476
3146
3165
3477
3147
3166
3478
3148
3167
3479
3149
3168
3480
3150
3169
3481
3151
3170
3482
3152
3171
3483
3153
3172
3484
3154
3173
3485
3155
3174
3486
3156
3175
3487
3157
3176
3488
3158
3177
3489
3159
3178
3490
3179
5353
3161
3180
3491
3162
3181
3492
3163
3182
3493
3164
3183
3494
3165
3184
3495
3166
3185
3496
3167
3186
3497
3168
3187
3498
3169
3188
3499
3170
3189
3500
3171
3190
3501
3172
3191
3502
3173
3192
3503
3174
3193
3504
3175
3194
3505
3176
3195
3506
3177
3196
3507
3178
3197
3508
3179
3198
3509
3199
5359
3181
3200
3510
3182
3201
3511
3183
3202
3512
3184
3203
3513
3185
3204
3514
3186
3205
3515
3187
3206
3516
3188
3207
3517
3189
3208
3518
3190
3209
3519
3191
3210
3520
3192
3211
3521
3193
3212
3522
3194
3213
3523
3195
3214
3524
3196
3215
3525
3197
3216
3526
3198
3217
3527
3199
3218
3528
3219
5365
3201
3220
3529
3202
3221
3530
3203
3222
3531
3204
3223
3532
3205
3224
3533
3206
3225
3534
3207
3226
3535
3208
3227
3536
3209
3228
3537
3210
3229
3538
3211
3230
3539
3212
3231
3540
3213
3232
3541
3214
3233
3542
3215
3234
3543
3216
3235
3544
3217
3236
3545
3218
3237
3546
3219
3238
3547
3239
5371
3221
3240
3548
3222
3241
3549
3223
3242
3550
3224
3243
3551
3225
3244
3552
3226
3245
3553
3227
3246
3554
3228
3247
3555
3229
3248
3556
3230
3249
3557
3231
3250
3558
3232
3251
3559
3233
3252
3560
3234
3253
3561
3235
3254
3562
3236
3255
3563
3237
3256
3564
3238
3257
3565
3239
3258
3566
3259
5377
3241
3260
3567
3242
3261
3568
3243
3262
3569
3244
3263
3570
3245
3264
3571
3246
3265
3572
3247
3266
3573
3248
3267
3574
3249
3268
3575
3250
3269
3576
3251
3270
3577
3252
3271
3578
3253
3272
3579
3254
3273
3580
3255
3274
3581
3256
3275
3582
3257
3276
3583
3258
3277
3584
3259
3278
3585
3279
5383
3261
3280
3586
3262
3281
3587
3263
3282
3588
3264
3283
3589
3265
3284
3590
3266
3285
3591
3267
3286
3592
3268
3287
3593
3269
3288
3594
3270
3289
3595
3271
3290
3596
3272
3291
3597
3273
3292
3598
3274
3293
3599
3275
3294
3600
3276
3295
3601
3277
3296
3602
3278
3297
3603
3279
3298
3604
3299
5389
3281
3300
3605
3282
3301
3606
3283
3302
3607
3284
3303
3608
3285
3304
3609
3286
3305
3610
3287
3306
3611
3288
3307
3612
3289
3308
3613
3290
3309
3614
3291
3310
3615
3292
3311
3616
3293
3312
3617
3294
3313
3618
3295
3314
3619
3296
3315
3620
3297
3316
3621
3298
3317
3622
3299
3318
3623
3319
5395
3301
3320
3624
3302
3321
3625
3303
3322
3626
3304
3323
3627
3305
3324
3628
3306
3325
3629
3307
3326
3630
3308
3327
3631
3309
3328
3632
3310
3329
3633
3311
3330
3634
3312
3331
3635
3313
3332
3636
3314
3333
3637
3315
3334
3638
3316
3335
3639
3317
3336
3640
3318
3337
3641
3319
3338
3642
3339
5401
3321
3340
3643
3322
3341
3644
3323
3342
3645
3324
3343
3646
3325
3344
3647
3326
3345
3648
3327
3346
3649
3328
3347
3650
3329
3348
3651
3330
3349
3652
3331
3350
3653
3332
3351
3654
3333
3352
3655
3334
3353
3656
3335
3354
3657
3336
3355
3658
3337
3356
3659
3338
3357
3660
3339
3358
3661
3359
5406
3341
3360
3662
3342
3361
3663
3343
3362
3664
3344
3363
3665
3345
3364
3666
3346
3365
3667
3347
3366
3668
3348
3367
3669
3349
3368
3670
3350
3369
3671
3351
3370
3672
3352
3371
3673
3353
3372
3674
3354
3373
3675
3355
3374
3676
3356
3375
3677
3357
3376
3678
3358
3377
3679
3359
3378
3680
3379
5411
3361
3380
3681
3362
3381
3682
3363
3382
3683
3364
3383
3684
3365
3384
3685
3366
3385
3686
3367
3386
3687
3368
3387
3688
3369
3388
3689
3370
3389
3690
3371
3390
3691
3372
3391
3692
3373
3392
3693
3374
3393
3694
3375
3394
3695
3376
3395
3696
3377
3396
3697
3378
3397
3698
3379
3398
3699
3399
5416
3381
3700
3382
3701
3383
3702
3384
3703
3385
3704
3386
3705
3387
3706
3388
3707
3389
3708
3390
3709
3391
3710
3392
3711
3393
3712
3394
3713
3395
3714
3396
3715
3397
3716
3398
3717
3399
3718
5421
3401
3415
3719
3402
3416
3720
3403
3417
3721
3404
3418
3722
3405
3419
3723
3406
3420
3724
3407
3421
3725
3408
3422
3726
3409
3423
3727
3410
3424
3728
3411
3425
3729
3412
3426
3730
3413
3427
3731
3414
3428
3732
3429
3733
3416
3434
3734
3417
3435
3735
3418
3436
3736
3419
3437
3737
3420
3438
3738
3421
3439
3739
3422
3440
3740
3423
3441
3741
3424
3442
3742
3425
3443
3743
3426
3444
3744
3427
3445
3745
3428
3446
3746
3429
3447
3747
3430
3448
3748
3431
3449
3432
3450
3433
3451
3452
3435
3453
3749
3436
3454
3750
3437
3455
3751
3438
3456
3752
3439
3457
3753
3440
3458
3754
3441
3459
3755
3442
3460
3756
3443
3461
3757
3444
3462
3758
3445
3463
3759
3446
3464
3760
3447
3465
3761
3448
3466
3762
3449
3467
3763
3450
3468
3451
3469
3452
3470
3471
3454
3472
3764
3455
3473
3765
3456
3474
3766
3457
3475
3767
3458
3476
3768
3459
3477
3769
3460
3478
3770
3461
3479
3771
3462
3480
3772
3463
3481
3773
3464
3482
3774
3465
3483
3775
3466
3484
3776
3467
3485
3777
3468
3486
3778
3469
3487
3470
3488
3471
3489
3490
3473
3491
3779
3474
3492
3780
3475
3493
3781
3476
3494
3782
3477
3495
3783
3478
3496
3784
3479
3497
3785
3480
3498
3786
3481
3499
3787
3482
3500
3788
3483
3501
3789
3484
3502
3790
3485
3503
3791
3486
3504
3792
3487
3505
3793
3488
3506
3489
3507
3490
3508
3509
3492
3510
3794
3493
3511
3795
3494
3512
3796
3495
3513
3797
3496
3514
3798
3497
3515
3799
3498
3516
3800
3499
3517
3801
3500
3518
3802
3501
3519
3803
3502
3520
3804
3503
3521
3805
3504
3522
3806
3505
3523
3807
3506
3524
3808
3507
3525
3508
3526
3509
3527
3528
3511
3529
3809
3512
3530
3810
3513
3531
3811
3514
3532
3812
3515
3533
3813
3516
3534
3814
3517
3535
3815
3518
3536
3816
3519
3537
3817
3520
3538
3818
3521
3539
3819
3522
3540
3820
3523
3541
3821
3524
3542
3822
3525
3543
3823
3526
3544
3527
3545
3528
3546
3547
3530
3548
3824
3531
3549
3825
3532
3550
3826
3533
3551
3827
3534
3552
3828
3535
3553
3829
3536
3554
3830
3537
3555
3831
3538
3556
3832
3539
3557
3833
3540
3558
3834
3541
3559
3835
3542
3560
3836
3543
3561
3837
3544
3562
3838
3545
3563
3546
3564
3547
3565
3566
3549
3567
3839
3550
3568
3840
3551
3569
3841
3552
3570
3842
3553
3571
3843
3554
3572
3844
3555
3573
3845
3556
3574
3846
3557
3575
3847
3558
3576
3848
3559
3577
3849
3560
3578
3850
3561
3579
3851
3562
3580
3852
3563
3581
3853
3564
3582
3565
3583
3566
3584
3585
3568
3586
3854
3569
3587
3855
3570
3588
3856
3571
3589
3857
3572
3590
3858
3573
3591
3859
3574
3592
3860
3575
3593
3861
3576
3594
3862
3577
3595
3863
3578
3596
3864
3579
3597
3865
3580
3598
3866
3581
3599
3867
3582
3600
3868
3583
3601
3584
3602
3585
3603
3604
3587
3605
3869
3588
3606
3870
3589
3607
3871
3590
3608
3872
3591
3609
3873
3592
3610
3874
3593
3611
3875
3594
3612
3876
3595
3613
3877
3596
3614
3878
3597
3615
3879
3598
3616
3880
3599
3617
3881
3600
3618
3882
3601
3619
3883
3602
3620
3603
3621
3604
3622
3623
3606
3624
3884
3607
3625
3885
3608
3626
3886
3609
3627
3887
3610
3628
3888
3611
3629
3889
3612
3630
3890
3613
3631
3891
3614
3632
3892
3615
3633
3893
3616
3634
3894
3617
3635
3895
3618
3636
3896
3619
3637
3897
3620
3638
3898
3621
3639
3622
3640
3623
3641
3642
3625
3643
3899
3626
3644
3900
3627
3645
3901
3628
3646
3902
3629
3647
3903
3630
3648
3904
3631
3649
3905
3632
3650
3906
3633
3651
3907
3634
3652
3908
3635
3653
3909
3636
3654
3910
3637
3655
3911
3638
3656
3912
3639
3657
3913
3640
3658
3641
3659
3642
3660
3661
3644
3662
3914
3645
3663
3915
3646
3664
3916
3647
3665
3917
3648
3666
3918
3649
3667
3919
3650
3668
3920
3651
3669
3921
3652
3670
3922
3653
3671
3923
3654
3672
3924
3655
3673
3925
3656
3674
3926
3657
3675
3927
3658
3676
3928
3659
3677
3660
3678
3661
3679
3680
3663
3681
3929
3664
3682
3930
3665
3683
3931
3666
3684
3932
3667
3685
3933
3668
3686
3934
3669
3687
3935
3670
3688
3936
3671
3689
3937
3672
3690
3938
3673
3691
3939
3674
3692
3940
3675
3693
3941
3676
3694
3942
3677
3695
3943
3678
3696
3679
3697
3680
3698
3699
3682
3700
3944
3683
3701
3945
3684
3702
3946
3685
3703
3947
3686
3704
3948
3687
3705
3949
3688
3706
3950
3689
3707
3951
3690
3708
3952
3691
3709
3953
3692
3710
3954
3693
3711
3955
3694
3712
3956
3695
3713
3957
3696
3714
3958
3697
3715
3698
3716
3699
3717
3718
3701
3959
3702
3960
3703
3961
3704
3962
3705
3963
3706
3964
3707
3965
3708
3966
3709
3967
3710
3968
3711
3969
3712
3970
3713
3971
3714
3972
3715
3973
3716
3717
3718
3720
3734
3974
3721
3735
3975
3722
3736
3976
3723
3737
3977
3724
3738
3978
3725
3739
3979
3726
3740
3980
3727
3741
3981
3728
3742
3982
3729
3743
3983
3730
3744
3984
3731
3745
3985
3732
3746
3986
3733
3747
3987
3748
3988
3735
3749
3989
3736
3750
3990
3737
3751
3991
3738
3752
3992
3739
3753
3993
3740
3754
3994
3741
3755
3995
3742
3756
3996
3743
3757
3997
3744
3758
3998
3745
3759
3999
3746
3760
4000
3747
3761
4001
3748
3762
4002
3763
4003
3750
3764
4004
3751
3765
4005
3752
3766
4006
3753
3767
4007
3754
3768
4008
3755
3769
4009
3756
3770
4010
3757
3771
4011
3758
3772
4012
3759
3773
4013
3760
3774
4014
3761
3775
4015
3762
3776
4016
3763
3777
4017
3778
4018
3765
3779
4019
3766
3780
4020
3767
3781
4021
3768
3782
4022
3769
3783
4023
3770
3784
4024
3771
3785
4025
3772
3786
4026
3773
3787
4027
3774
3788
4028
3775
3789
4029
3776
3790
4030
3777
3791
4031
3778
3792
4032
3793
4033
3780
3794
4034
3781
3795
4035
3782
3796
4036
3783
3797
4037
3784
3798
4038
3785
3799
4039
3786
3800
4040
3787
3801
4041
3788
3802
4042
3789
3803
4043
3790
3804
4044
3791
3805
4045
3792
3806
4046
3793
3807
4047
3808
4048
3795
3809
4049
3796
3810
4050
3797
3811
4051
3798
3812
4052
3799
3813
4053
3800
3814
4054
3801
3815
4055
3802
3816
4056
3803
3817
4057
3804
3818
4058
3805
3819
4059
3806
3820
4060
3807
3821
4061
3808
3822
4062
3823
4063
3810
3824
4064
3811
3825
4065
3812
3826
4066
3813
3827
4067
3814
3828
4068
3815
3829
4069
3816
3830
4070
3817
3831
4071
3818
3832
4072
3819
3833
4073
3820
3834
4074
3821
3835
4075
3822
3836
4076
3823
3837
4077
3838
4078
3825
3839
4079
3826
3840
4080
3827
3841
4081
3828
3842
4082
3829
3843
4083
3830
3844
4084
3831
3845
4085
3832
3846
4086
3833
3847
4087
3834
3848
4088
3835
3849
4089
3836
3850
4090
3837
3851
4091
3838
3852
4092
3853
4093
3840
3854
4094
3841
3855
4095
3842
3856
4096
3843
3857
4097
3844
3858
4098
3845
3859
4099
3846
3860
4100
3847
3861
4101
3848
3862
4102
3849
3863
4103
3850
3864
4104
3851
3865
4105
3852
3866
4106
3853
3867
4107
3868
4108
3855
3869
4109
3856
3870
4110
3857
3871
4111
3858
3872
4112
3859
3873
4113
3860
3874
4114
3861
3875
4115
3862
3876
4116
3863
3877
4117
3864
3878
4118
3865
3879
4119
3866
3880
4120
3867
3881
4121
3868
3882
4122
3883
4123
3870
3884
4124
3871
3885
4125
3872
3886
4126
3873
3887
4127
3874
3888
4128
3875
3889
4129
3876
3890
4130
3877
3891
4131
3878
3892
4132
3879
3893
4133
3880
3894
4134
3881
3895
4135
3882
3896
4136
3883
3897
4137
3898
4138
3885
3899
4139
3886
3900
4140
3887
3901
4141
3888
3902
4142
3889
3903
4143
3890
3904
4144
3891
3905
4145
3892
3906
4146
3893
3907
4147
3894
3908
4148
3895
3909
4149
3896
3910
4150
3897
3911
4151
3898
3912
4152
3913
4153
3900
3914
4154
3901
3915
4155
3902
3916
4156
3903
3917
4157
3904
3918
4158
3905
3919
4159
3906
3920
4160
3907
3921
4161
3908
3922
4162
3909
3923
4163
3910
3924
4164
3911
3925
4165
3912
3926
4166
3913
3927
4167
3928
4168
3915
3929
4169
3916
3930
4170
3917
3931
4171
3918
3932
4172
3919
3933
4173
3920
3934
4174
3921
3935
4175
3922
3936
4176
3923
3937
4177
3924
3938
4178
3925
3939
4179
3926
3940
4180
3927
3941
4181
3928
3942
4182
3943
4183
3930
3944
4184
3931
3945
4185
3932
3946
4186
3933
3947
4187
3934
3948
4188
3935
3949
4189
3936
3950
4190
3937
3951
4191
3938
3952
4192
3939
3953
4193
3940
3954
4194
3941
3955
4195
3942
3956
4196
3943
3957
4197
3958
4198
3945
3959
4199
3946
3960
4200
3947
3961
4201
3948
3962
4202
3949
3963
4203
3950
3964
4204
3951
3965
4205
3952
3966
4206
3953
3967
4207
3954
3968
4208
3955
3969
4209
3956
3970
4210
3957
3971
4211
3958
3972
4212
3973
4213
3960
4214
3961
4215
3962
4216
3963
4217
3964
4218
3965
4219
3966
4220
3967
4221
3968
4222
3969
4223
3970
4224
3971
4225
3972
4226
3973
4227
4228
3975
3989
4229
3976
3990
4230
3977
3991
4231
3978
3992
4232
3979
3993
4233
3980
3994
4234
3981
3995
4235
3982
3996
4236
3983
3997
4237
3984
3998
4238
3985
3999
4239
3986
4000
4240
3987
4001
4241
3988
4002
4242
4003
4243
3990
4004
4244
3991
4005
4245
3992
4006
4246
3993
4007
4247
3994
4008
4248
3995
4009
4249
3996
4010
4250
3997
4011
4251
3998
4012
4252
3999
4013
4253
4000
4014
4254
4001
4015
4255
4002
4016
4256
4003
4017
4257
4018
4258
4005
4019
4259
4006
4020
4260
4007
4021
4261
4008
4022
4262
4009
4023
4263
4010
4024
4264
4011
4025
4265
4012
4026
4266
4013
4027
4267
4014
4028
4268
4015
4029
4269
4016
4030
4270
4017
4031
4271
4018
4032
4272
4033
4273
4020
4034
4274
4021
4035
4275
4022
4036
4276
4023
4037
4277
4024
4038
4278
4025
4039
4279
4026
4040
4280
4027
4041
4281
4028
4042
4282
4029
4043
4283
4030
4044
4284
4031
4045
4285
4032
4046
4286
4033
4047
4048
4035
4049
4287
4036
4050
4288
4037
4051
4289
4038
4052
4290
4039
4053
4291
4040
4054
4292
4041
4055
4293
4042
4056
4294
4043
4057
4295
4044
4058
4296
4045
4059
4297
4046
4060
4298
4047
4061
4299
4048
4062
4063
4050
4064
4300
4051
4065
4301
4052
4066
4302
4053
4067
4303
4054
4068
4304
4055
4069
4305
4056
4070
4306
4057
4071
4307
4058
4072
4308
4059
4073
4309
4060
4074
4310
4061
4075
4311
4062
4076
4312
4063
4077
4078
4065
4079
4313
4066
4080
4314
4067
4081
4315
4068
4082
4316
4069
4083
4317
4070
4084
4318
4071
4085
4319
4072
4086
4320
4073
4087
4321
4074
4088
4322
4075
4089
4323
4076
4090
4324
4077
4091
4325
4078
4092
4093
4080
4094
4326
4081
4095
4327
4082
4096
4328
4083
4097
4329
4084
4098
4330
4085
4099
4331
4086
4100
4332
4087
4101
4333
4088
4102
4334
4089
4103
4335
4090
4104
4336
4091
4105
4337
4092
4106
4338
4093
4107
4108
4095
4109
4339
4096
4110
4340
4097
4111
4341
4098
4112
4342
4099
4113
4343
4100
4114
4344
4101
4115
4345
4102
4116
4346
4103
4117
4347
4104
4118
4348
4105
4119
4349
4106
4120
4350
4107
4121
4351
4108
4122
4123
4110
4124
4352
4111
4125
4353
4112
4126
4354
4113
4127
4355
4114
4128
4356
4115
4129
4357
4116
4130
4358
4117
4131
4359
4118
4132
4360
4119
4133
4361
4120
4134
4362
4121
4135
4363
4122
4136
4364
4123
4137
4138
4125
4139
4365
4126
4140
4366
4127
4141
4367
4128
4142
4368
4129
4143
4369
4130
4144
4370
4131
4145
4371
4132
4146
4372
4133
4147
4373
4134
4148
4374
4135
4149
4375
4136
4150
4376
4137
4151
4377
4138
4152
4153
4140
4154
4378
4141
4155
4379
4142
4156
4380
4143
4157
4381
4144
4158
4382
4145
4159
4383
4146
4160
4384
4147
4161
4385
4148
4162
4386
4149
4163
4387
4150
4164
4388
4151
4165
4389
4152
4166
4390
4153
4167
4168
4155
4169
4391
4156
4170
4392
4157
4171
4393
4158
4172
4394
4159
4173
4395
4160
4174
4396
4161
4175
4397
4162
4176
4398
4163
4177
4399
4164
4178
4400
4165
4179
4401
4166
4180
4402
4167
4181
4403
4168
4182
4183
4170
4184
4404
4171
4185
4405
4172
4186
4406
4173
4187
4407
4174
4188
4408
4175
4189
4409
4176
4190
4410
4177
4191
4411
4178
4192
4412
4179
4193
4413
4180
4194
4414
4181
4195
4415
4182
4196
4416
4183
4197
4198
4185
4199
4417
4186
4200
4418
4187
4201
4419
4188
4202
4420
4189
4203
4421
4190
4204
4422
4191
4205
4423
4192
4206
4424
4193
4207
4425
4194
4208
4426
4195
4209
4427
4196
4210
4428
4197
4211
4429
4198
4212
4213
4200
4214
4430
4201
4215
4431
4202
4216
4432
4203
4217
4433
4204
4218
4434
4205
4219
4435
4206
4220
4436
4207
4221
4437
4208
4222
4438
4209
4223
4439
4210
4224
4440
4211
4225
4441
4212
4226
4442
4213
4227
4228
4215
4443
4216
4444
4217
4445
4218
4446
4219
4447
4220
4448
4221
4449
4222
4450
4223
4451
4224
4452
4225
4453
4226
4454
4227
4455
4228
4230
4244
4231
4245
4232
4246
4233
4247
4234
4248
4235
4249
4236
4250
4237
4251
4238
4252
4239
4253
4240
4254
4241
4255
4242
4256
4243
4257
4258
4245
4259
4246
4260
4247
4261
4248
4262
4249
4263
4250
4264
4251
4265
4252
4266
4253
4267
4254
4268
4255
4269
4256
4270
4257
4271
4258
4272
4273
4260
4274
4261
4275
4262
4276
4263
4277
4264
4278
4265
4279
4266
4280
4267
4281
4268
4282
4269
4283
4270
4284
4271
4285
4272
4286
4273
4275
4287
4276
4288
4277
4289
4278
4290
4279
4291
4280
4292
4281
4293
4282
4294
4283
4295
4284
4296
4285
4297
4286
4298
4299
4288
4300
4289
4301
4290
4302
4291
4303
4292
4304
4293
4305
4294
4306
4295
4307
4296
4308
4297
4309
4298
4310
4299
4311
4312
4301
4313
4302
4314
4303
4315
4304
4316
4305
4317
4306
4318
4307
4319
4308
4320
4309
4321
4310
4322
4311
4323
4312
4324
4325
4314
4326
4315
4327
4316
4328
4317
4329
4318
4330
4319
4331
4320
4332
4321
4333
4322
4334
4323
4335
4324
4336
4325
4337
4338
4327
4339
4328
4340
4329
4341
4330
4342
4331
4343
4332
4344
4333
4345
4334
4346
4335
4347
4336
4348
4337
4349
4338
4350
4351
4340
4352
4341
4353
4342
4354
4343
4355
4344
4356
4345
4357
4346
4358
4347
4359
4348
4360
4349
4361
4350
4362
4351
4363
4364
4353
4365
4354
4366
4355
4367
4356
4368
4357
4369
4358
4370
4359
4371
4360
4372
4361
4373
4362
4374
4363
4375
4364
4376
4377
4366
4378
4367
4379
4368
4380
4369
4381
4370
4382
4371
4383
4372
4384
4373
4385
4374
4386
4375
4387
4376
4388
4377
4389
4390
4379
4391
4380
4392
4381
4393
4382
4394
4383
4395
4384
4396
4385
4397
4386
4398
4387
4399
4388
4400
4389
4401
4390
4402
4403
4392
4404
4393
4405
4394
4406
4395
4407
4396
4408
4397
4409
4398
4410
4399
4411
4400
4412
4401
4413
4402
4414
4403
4415
4416
4405
4417
4406
4418
4407
4419
4408
4420
4409
4421
4410
4422
4411
4423
4412
4424
4413
4425
4414
4426
4415
4427
4416
4428
4429
4418
4430
4419
4431
4420
4432
4421
4433
4422
4434
4423
4435
4424
4436
4425
4437
4426
4438
4427
4439
4428
4440
4429
4441
4442
4431
4443
4432
4444
4433
4445
4434
4446
4435
4447
4436
4448
4437
4449
4438
4450
4439
4451
4440
4452
4441
4453
4442
4454
4455
4444
4445
4446
4447
4448
4449
4450
4451
4452
4453
4454
4455
4457
4462
4553
4458
4463
4554
4459
4464
4555
4460
4465
4556
4461
4466
4557
4467
4558
4463
4468
4559
4464
4469
4560
4465
4470
4561
4466
4471
4562
4467
4472
4563
4473
4564
4469
4474
4565
4470
4475
4566
4471
4476
4567
4472
4477
4568
4473
4478
4569
4479
4570
4475
4480
4571
4476
4481
4572
4477
4482
4573
4478
4483
4574
4479
4484
4575
4485
4576
4481
4486
4577
4482
4487
4578
4483
4488
4579
4484
4489
4580
4485
4490
4581
4491
4582
4487
4492
4583
4488
4493
4584
4489
4494
4585
4490
4495
4586
4491
4496
4587
4497
4588
4493
4498
4589
4494
4499
4590
4495
4500
4591
4496
4501
4592
4497
4502
4593
4503
4594
4499
4504
4595
4500
4505
4596
4501
4506
4597
4502
4507
4598
4503
4508
4599
4509
4600
4505
4510
4601
4506
4511
4602
4507
4512
4603
4508
4513
4604
4509
4514
4605
4515
4606
4511
4516
4607
4512
4517
4608
4513
4518
4609
4514
4519
4610
4515
4520
4611
4521
4612
4517
4522
4613
4518
4523
4614
4519
4524
4615
4520
4525
4616
4521
4526
4617
4527
4618
4523
4528
4619
4524
4529
4620
4525
4530
4621
4526
4531
4622
4527
4532
4623
4624
4529
4533
4625
4530
4534
4626
4531
4535
4627
4532
4536
4628
4537
4629
4534
4538
4630
4535
4539
4631
4536
4540
4632
4537
4541
4633
4542
4634
4539
4543
4635
4540
4544
4636
4541
4545
4637
4542
4546
4638
4547
4639
4544
4548
4640
4545
4549
4641
4546
4550
4642
4547
4551
4643
4552
4644
4549
4645
4550
4646
4551
4647
4552
4648
4649
4554
4559
4650
4555
4560
4651
4556
4561
4652
4557
4562
4653
4558
4563
4654
4564
4655
4560
4565
4656
4561
4566
4657
4562
4567
4658
4563
4568
4659
4564
4569
4660
4570
4661
4566
4571
4662
4567
4572
4663
4568
4573
4664
4569
4574
4665
4570
4575
4666
4576
4667
4572
4577
4668
4573
4578
4669
4574
4579
4670
4575
4580
4671
4576
4581
4672
4582
4673
4578
4583
4674
4579
4584
4675
4580
4585
4676
4581
4586
4677
4582
4587
4678
4588
4679
4584
4589
4680
4585
4590
4681
4586
4591
4682
4587
4592
4683
4588
4593
4684
4594
4685
4590
4595
4686
4591
4596
4687
4592
4597
4688
4593
4598
4689
4594
4599
4690
4600
4691
4596
4601
4692
4597
4602
4693
4598
4603
4694
4599
4604
4695
4600
4605
4696
4606
4697
4602
4607
4698
4603
4608
4699
4604
4609
4700
4605
4610
4701
4606
4611
4702
4612
4703
4608
4613
4704
4609
4614
4705
4610
4615
4706
4611
4616
4707
4612
4617
4708
4618
4709
4614
4619
4710
4615
4620
4711
4616
4621
4712
4617
4622
4713
4618
4623
4714
4624
4715
4620
4625
4716
4621
4626
4717
4622
4627
4718
4623
4628
4719
4624
4629
4720
4721
4626
4630
4722
4627
4631
4723
4628
4632
4724
4629
4633
4725
4634
4726
4631
4635
4727
4632
4636
4728
4633
4637
4729
4634
4638
4730
4639
4731
4636
4640
4732
4637
4641
4733
4638
4642
4734
4639
4643
4735
4644
4736
4641
4645
4737
4642
4646
4738
4643
4647
4739
4644
4648
4740
4649
4741
4646
4742
4647
4743
4648
4744
4649
4745
4746
4651
4656
4747
4652
4657
4748
4653
4658
4749
4654
4659
4750
4655
4660
4751
4661
4752
4657
4662
4753
4658
4663
4754
4659
4664
4755
4660
4665
4756
4661
4666
4757
4667
4758
4663
4668
4759
4664
4669
4760
4665
4670
4761
4666
4671
4762
4667
4672
4763
4673
4764
4669
4674
4765
4670
4675
4766
4671
4676
4767
4672
4677
4768
4673
4678
4769
4679
4770
4675
4680
4771
4676
4681
4772
4677
4682
4773
4678
4683
4774
4679
4684
4775
4685
4776
4681
4686
4777
4682
4687
4778
4683
4688
4779
4684
4689
4780
4685
4690
4781
4691
4782
4687
4692
4783
4688
4693
4784
4689
4694
4785
4690
4695
4786
4691
4696
4787
4697
4788
4693
4698
4789
4694
4699
4790
4695
4700
4791
4696
4701
4792
4697
4702
4793
4703
4794
4699
4704
4795
4700
4705
4796
4701
4706
4797
4702
4707
4798
4703
4708
4799
4709
4800
4705
4710
4801
4706
4711
4802
4707
4712
4803
4708
4713
4804
4709
4714
4805
4715
4806
4711
4716
4807
4712
4717
4808
4713
4718
4809
4714
4719
4810
4715
4720
4811
4721
4812
4717
4722
4813
4718
4723
4814
4719
4724
4815
4720
4725
4816
4721
4726
4817
4818
4723
4727
4819
4724
4728
4820
4725
4729
4821
4726
4730
4822
4731
4823
4728
4732
4824
4729
4733
4825
4730
4734
4826
4731
4735
4827
4736
4828
4733
4737
4829
4734
4738
4830
4735
4739
4831
4736
4740
4832
4741
4833
4738
4742
4834
4739
4743
4835
4740
4744
4836
4741
4745
4837
4746
4838
4743
4839
4744
4840
4745
4841
4746
4842
4843
4748
4753
4844
4749
4754
4845
4750
4755
4846
4751
4756
4847
4752
4757
4848
4758
4849
4754
4759
4850
4755
4760
4851
4756
4761
4852
4757
4762
4853
4758
4763
4854
4764
4855
4760
4765
4856
4761
4766
4857
4762
4767
4858
4763
4768
4859
4764
4769
4860
4770
4861
4766
4771
4862
4767
4772
4863
4768
4773
4864
4769
4774
4865
4770
4775
4866
4776
4867
4772
4777
4868
4773
4778
4869
4774
4779
4870
4775
4780
4871
4776
4781
4872
4782
4873
4778
4783
4874
4779
4784
4875
4780
4785
4876
4781
4786
4877
4782
4787
4878
4788
4879
4784
4789
4880
4785
4790
4881
4786
4791
4882
4787
4792
4883
4788
4793
4884
4794
4885
4790
4795
4886
4791
4796
4887
4792
4797
4888
4793
4798
4889
4794
4799
4890
4800
4891
4796
4801
4892
4797
4802
4893
4798
4803
4894
4799
4804
4895
4800
4805
4896
4806
4897
4802
4807
4898
4803
4808
4899
4804
4809
4900
4805
4810
4901
4806
4811
4902
4812
4903
4808
4813
4904
4809
4814
4905
4810
4815
4906
4811
4816
4907
4812
4817
4908
4818
4909
4814
4819
4910
4815
4820
4911
4816
4821
4912
4817
4822
4913
4818
4823
4914
4915
4820
4824
4916
4821
4825
4917
4822
4826
4918
4823
4827
4919
4828
4920
4825
4829
4921
4826
4830
4922
4827
4831
4923
4828
4832
4924
4833
4925
4830
4834
4926
4831
4835
4927
4832
4836
4928
4833
4837
4929
4838
4930
4835
4839
4931
4836
4840
4932
4837
4841
4933
4838
4842
4934
4843
4935
4840
4936
4841
4937
4842
4938
4843
4939
4940
4845
4850
4941
4846
4851
4942
4847
4852
4943
4848
4853
4944
4849
4854
4945
4855
4946
4851
4856
4947
4852
4857
4948
4853
4858
4949
4854
4859
4950
4855
4860
4951
4861
4952
4857
4862
4953
4858
4863
4954
4859
4864
4955
4860
4865
4956
4861
4866
4957
4867
4958
4863
4868
4959
4864
4869
4960
4865
4870
4961
4866
4871
4962
4867
4872
4963
4873
4964
4869
4874
4965
4870
4875
4966
4871
4876
4967
4872
4877
4968
4873
4878
4969
4879
4970
4875
4880
4971
4876
4881
4972
4877
4882
4973
4878
4883
4974
4879
4884
4975
4885
4976
4881
4886
4977
4882
4887
4978
4883
4888
4979
4884
4889
4980
4885
4890
4981
4891
4982
4887
4892
4983
4888
4893
4984
4889
4894
4985
4890
4895
4986
4891
4896
4987
4897
4988
4893
4898
4989
4894
4899
4990
4895
4900
4991
4896
4901
4992
4897
4902
4993
4903
4994
4899
4904
4995
4900
4905
4996
4901
4906
4997
4902
4907
4998
4903
4908
4999
4909
5000
4905
4910
5001
4906
4911
5002
4907
4912
5003
4908
4913
5004
4909
4914
5005
4915
5006
4911
4916
5007
4912
4917
5008
4913
4918
5009
4914
4919
5010
4915
4920
5011
5012
4917
4921
5013
4918
4922
5014
4919
4923
5015
4920
4924
5016
4925
5017
4922
4926
5018
4923
4927
5019
4924
4928
5020
4925
4929
5021
4930
5022
4927
4931
5023
4928
4932
5024
4929
4933
5025
4930
4934
5026
4935
5027
4932
4936
5028
4933
4937
5029
4934
4938
5030
4935
4939
5031
4940
5032
4937
5033
4938
5034
4939
5035
4940
5036
5037
4942
4947
5038
4943
4948
5039
4944
4949
5040
4945
4950
5041
4946
4951
5042
4952
5043
4948
4953
5044
4949
4954
5045
4950
4955
5046
4951
4956
5047
4952
4957
5048
4958
5049
4954
4959
5050
4955
4960
5051
4956
4961
5052
4957
4962
5053
4958
4963
5054
4964
5055
4960
4965
5056
4961
4966
5057
4962
4967
5058
4963
4968
5059
4964
4969
5060
4970
5061
4966
4971
5062
4967
4972
5063
4968
4973
5064
4969
4974
5065
4970
4975
5066
4976
5067
4972
4977
5068
4973
4978
5069
4974
4979
5070
4975
4980
5071
4976
4981
5072
4982
5073
4978
4983
5074
4979
4984
5075
4980
4985
5076
4981
4986
5077
4982
4987
5078
4988
5079
4984
4989
5080
4985
4990
5081
4986
4991
5082
4987
4992
5083
4988
4993
5084
4994
5085
4990
4995
5086
4991
4996
5087
4992
4997
5088
4993
4998
5089
4994
4999
5090
5000
5091
4996
5001
5092
4997
5002
5093
4998
5003
5094
4999
5004
5095
5000
5005
5096
5006
5097
5002
5007
5098
5003
5008
5099
5004
5009
5100
5005
5010
5101
5006
5011
5102
5012
5103
5008
5013
5104
5009
5014
5105
5010
5015
5106
5011
5016
5107
5012
5017
5108
5109
5014
5018
5110
5015
5019
5111
5016
5020
5112
5017
5021
5113
5022
5114
5019
5023
5115
5020
5024
5116
5021
5025
5117
5022
5026
5118
5027
5119
5024
5028
5120
5025
5029
5121
5026
5030
5122
5027
5031
5123
5032
5124
5029
5033
5125
5030
5034
5126
5031
5035
5127
5032
5036
5128
5037
5129
5034
5130
5035
5131
5036
5132
5037
5133
5134
5039
5044
5135
5040
5045
5136
5041
5046
5137
5042
5047
5138
5043
5048
5139
5049
5140
5045
5050
5141
5046
5051
5142
5047
5052
5143
5048
5053
5144
5049
5054
5145
5055
5146
5051
5056
5147
5052
5057
5148
5053
5058
5149
5054
5059
5150
5055
5060
5151
5061
5152
5057
5062
5153
5058
5063
5154
5059
5064
5155
5060
5065
5156
5061
5066
5157
5067
5158
5063
5068
5159
5064
5069
5160
5065
5070
5161
5066
5071
5162
5067
5072
5163
5073
5164
5069
5074
5165
5070
5075
5166
5071
5076
5167
5072
5077
5168
5073
5078
5169
5079
5170
5075
5080
5171
5076
5081
5172
5077
5082
5173
5078
5083
5174
5079
5084
5175
5085
5176
5081
5086
5177
5082
5087
5178
5083
5088
5179
5084
5089
5180
5085
5090
5181
5091
5182
5087
5092
5183
5088
5093
5184
5089
5094
5185
5090
5095
5186
5091
5096
5187
5097
5188
5093
5098
5189
5094
5099
5190
5095
5100
5191
5096
5101
5192
5097
5102
5193
5103
5194
5099
5104
5195
5100
5105
5196
5101
5106
5197
5102
5107
5198
5103
5108
5199
5109
5200
5105
5110
5201
5106
5111
5202
5107
5112
5203
5108
5113
5204
5109
5114
5205
5206
5111
5115
5207
5112
5116
5208
5113
5117
5209
5114
5118
5210
5119
5211
5116
5120
5212
5117
5121
5213
5118
5122
5214
5119
5123
5215
5124
5216
5121
5125
5217
5122
5126
5218
5123
5127
5219
5124
5128
5220
5129
5221
5126
5130
5222
5127
5131
5223
5128
5132
5224
5129
5133
5225
5134
5226
5131
5227
5132
5228
5133
5229
5134
5230
5231
5136
5141
5232
5137
5142
5233
5138
5143
5234
5139
5144
5235
5140
5145
5236
5146
5237
5142
5147
5238
5143
5148
5239
5144
5149
5240
5145
5150
5241
5146
5151
5242
5152
5243
5148
5153
5244
5149
5154
5245
5150
5155
5246
5151
5156
5247
5152
5157
5248
5158
5249
5154
5159
5250
5155
5160
5251
5156
5161
5252
5157
5162
5253
5158
5163
5254
5164
5255
5160
5165
5256
5161
5166
5257
5162
5167
5258
5163
5168
5259
5164
5169
5260
5170
5261
5166
5171
5262
5167
5172
5263
5168
5173
5264
5169
5174
5265
5170
5175
5266
5176
5267
5172
5177
5268
5173
5178
5269
5174
5179
5270
5175
5180
5271
5176
5181
5272
5182
5273
5178
5183
5274
5179
5184
5275
5180
5185
5276
5181
5186
5277
5182
5187
5278
5188
5279
5184
5189
5280
5185
5190
5281
5186
5191
5282
5187
5192
5283
5188
5193
5284
5194
5285
5190
5195
5286
5191
5196
5287
5192
5197
5288
5193
5198
5289
5194
5199
5290
5200
5291
5196
5201
5292
5197
5202
5293
5198
5203
5294
5199
5204
5295
5200
5205
5296
5206
5297
5202
5207
5298
5203
5208
5299
5204
5209
5300
5205
5210
5301
5206
5211
5302
5303
5208
5212
5304
5209
5213
5305
5210
5214
5306
5211
5215
5307
5216
5308
5213
5217
5309
5214
5218
5310
5215
5219
5311
5216
5220
5312
5221
5313
5218
5222
5314
5219
5223
5315
5220
5224
5316
5221
5225
5317
5226
5318
5223
5227
5319
5224
5228
5320
5225
5229
5321
5226
5230
5322
5231
5323
5228
5324
5229
5325
5230
5326
5231
5327
5328
5233
5238
5329
5234
5239
5330
5235
5240
5331
5236
5241
5332
5237
5242
5333
5243
5334
5239
5244
5335
5240
5245
5336
5241
5246
5337
5242
5247
5338
5243
5248
5339
5249
5340
5245
5250
5341
5246
5251
5342
5247
5252
5343
5248
5253
5344
5249
5254
5345
5255
5346
5251
5256
5347
5252
5257
5348
5253
5258
5349
5254
5259
5350
5255
5260
5351
5261
5352
5257
5262
5353
5258
5263
5354
5259
5264
5355
5260
5265
5356
5261
5266
5357
5267
5358
5263
5268
5359
5264
5269
5360
5265
5270
5361
5266
5271
5362
5267
5272
5363
5273
5364
5269
5274
5365
5270
5275
5366
5271
5276
5367
5272
5277
5368
5273
5278
5369
5279
5370
5275
5280
5371
5276
5281
5372
5277
5282
5373
5278
5283
5374
5279
5284
5375
5285
5376
5281
5286
5377
5282
5287
5378
5283
5288
5379
5284
5289
5380
5285
5290
5381
5291
5382
5287
5292
5383
5288
5293
5384
5289
5294
5385
5290
5295
5386
5291
5296
5387
5297
5388
5293
5298
5389
5294
5299
5390
5295
5300
5391
5296
5301
5392
5297
5302
5393
5303
5394
5299
5304
5395
5300
5305
5396
5301
5306
5397
5302
5307
5398
5303
5308
5399
5400
5305
5309
5401
5306
5310
5402
5307
5311
5403
5308
5312
5404
5313
5405
5310
5314
5406
5311
5315
5407
5312
5316
5408
5313
5317
5409
5318
5410
5315
5319
5411
5316
5320
5412
5317
5321
5413
5318
5322
5414
5323
5415
5320
5324
5416
5321
5325
5417
5322
5326
5418
5323
5327
5419
5328
5420
5325
5421
5326
5422
5327
5423
5328
5424
5425
5330
5335
5331
5336
5332
5337
5333
5338
5334
5339
5340
5336
5341
5337
5342
5338
5343
5339
5344
5340
5345
5346
5342
5347
5343
5348
5344
5349
5345
5350
5346
5351
5352
5348
5353
5349
5354
5350
5355
5351
5356
5352
5357
5358
5354
5359
5355
5360
5356
5361
5357
5362
5358
5363
5364
5360
5365
5361
5366
5362
5367
5363
5368
5364
5369
5370
5366
5371
5367
5372
5368
5373
5369
5374
5370
5375
5376
5372
5377
5373
5378
5374
5379
5375
5380
5376
5381
5382
5378
5383
5379
5384
5380
5385
5381
5386
5382
5387
5388
5384
5389
5385
5390
5386
5391
5387
5392
5388
5393
5394
5390
5395
5391
5396
5392
5397
5393
5398
5394
5399
5400
5396
5401
5397
5402
5398
5403
5399
5404
5400
5405
5402
5406
5403
5407
5404
5408
5405
5409
5410
5407
5411
5408
5412
5409
5413
5410
5414
5415
5412
5416
5413
5417
5414
5418
5415
5419
5420
5417
5421
5418
5422
5419
5423
5420
5424
5425
5422
5423
5424
5425
)


// ************************************************************************* //
