/*--------------------------------*- C++ -*----------------------------------*\
| =========                 |                                                 |
| \\      /  F ield         | OpenFOAM: The Open Source CFD Toolbox           |
|  \\    /   O peration     | Version:  2406                                  |
|   \\  /    A nd           | Website:  www.openfoam.com                      |
|    \\/     M anipulation  |                                                 |
\*---------------------------------------------------------------------------*/
FoamFile
{
    version     2.0;
    format      ascii;
    arch        "LSB;label=32;scalar=64";
    note        "nPoints:6460  nCells:5419  nFaces:17240  nInternalFaces:15274";
    class       labelList;
    location    "constant/polyMesh";
    object      neighbour;
}
// * * * * * * * * * * * * * * * * * * * * * * * * * * * * * * * * * * * * * //


15274
(
1
16
128
2
17
129
3
18
130
4
19
131
5
20
132
6
21
133
7
22
134
8
23
135
9
24
136
10
25
137
11
26
138
12
27
139
13
28
140
14
29
141
15
30
142
31
143
2056
17
32
144
18
33
145
19
34
146
20
35
147
21
36
148
22
37
149
23
38
150
24
39
151
25
40
152
26
41
153
27
42
154
28
43
155
29
44
156
30
45
157
31
46
158
47
159
2063
33
48
160
34
49
161
35
50
162
36
51
163
37
52
164
38
53
165
39
54
166
40
55
167
41
56
168
42
57
169
43
58
170
44
59
171
45
60
172
46
61
173
47
62
174
63
175
2070
49
64
176
50
65
177
51
66
178
52
67
179
53
68
180
54
69
181
55
70
182
56
71
183
57
72
184
58
73
185
59
74
186
60
75
187
61
76
188
62
77
189
63
78
190
79
191
2077
65
80
192
66
81
193
67
82
194
68
83
195
69
84
196
70
85
197
71
86
198
72
87
199
73
88
200
74
89
201
75
90
202
76
91
203
77
92
204
78
93
205
79
94
206
95
207
2084
81
96
208
82
97
209
83
98
210
84
99
211
85
100
212
86
101
213
87
102
214
88
103
215
89
104
216
90
105
217
91
106
218
92
107
219
93
108
220
94
109
221
95
110
222
111
223
2091
97
112
224
98
113
225
99
114
226
100
115
227
101
116
228
102
117
229
103
118
230
104
119
231
105
120
232
106
121
233
107
122
234
108
123
235
109
124
236
110
125
237
111
126
238
127
239
2098
113
240
114
241
115
242
116
243
117
244
118
245
119
246
120
247
121
248
122
249
123
250
124
251
125
252
126
253
127
254
255
2105
129
144
400
130
145
401
131
146
402
132
147
403
133
148
404
134
149
405
135
150
406
136
151
407
137
152
408
138
153
409
139
154
410
140
155
411
141
156
412
142
157
413
143
158
414
159
415
2116
145
160
416
146
161
417
147
162
418
148
163
419
149
164
420
150
165
421
151
166
422
152
167
423
153
168
424
154
169
425
155
170
426
156
171
427
157
172
428
158
173
429
159
174
430
175
431
2123
161
176
432
162
177
433
163
178
434
164
179
435
165
180
436
166
181
437
167
182
438
168
183
439
169
184
440
170
185
441
171
186
442
172
187
443
173
188
444
174
189
445
175
190
446
191
447
2130
177
192
448
178
193
449
179
194
450
180
195
451
181
196
452
182
197
453
183
198
454
184
199
455
185
200
456
186
201
457
187
202
458
188
203
459
189
204
460
190
205
461
191
206
462
207
463
2137
193
208
464
194
209
465
195
210
466
196
211
467
197
212
468
198
213
469
199
214
470
200
215
471
201
216
472
202
217
473
203
218
474
204
219
475
205
220
476
206
221
477
207
222
478
223
479
2144
209
224
480
210
225
481
211
226
482
212
227
483
213
228
484
214
229
485
215
230
486
216
231
487
217
232
488
218
233
489
219
234
490
220
235
491
221
236
492
222
237
493
223
238
494
239
495
2151
225
240
496
226
241
497
227
242
498
228
243
499
229
244
500
230
245
501
231
246
502
232
247
503
233
248
504
234
249
505
235
250
506
236
251
507
237
252
508
238
253
509
239
254
510
255
511
2158
241
256
512
242
257
513
243
258
514
244
259
515
245
260
516
246
261
517
247
262
518
248
263
519
249
264
520
250
265
521
251
266
522
252
267
523
253
268
524
254
269
525
255
270
526
271
527
2165
257
272
528
258
273
529
259
274
530
260
275
531
261
276
532
262
277
533
263
278
534
264
279
535
265
280
536
266
281
537
267
282
538
268
283
539
269
284
540
270
285
541
271
286
542
287
543
2172
273
288
544
274
289
545
275
290
546
276
291
547
277
292
548
278
293
549
279
294
550
280
295
551
281
296
552
282
297
553
283
298
554
284
299
555
285
300
556
286
301
557
287
302
558
303
559
2179
289
304
560
290
305
561
291
306
562
292
307
563
293
308
564
294
309
565
295
310
566
296
311
567
297
312
568
298
313
569
299
314
570
300
315
571
301
316
572
302
317
573
303
318
574
319
575
2186
305
320
576
306
321
577
307
322
578
308
323
579
309
324
580
310
325
581
311
326
582
312
327
583
313
328
584
314
329
585
315
330
586
316
331
587
317
332
588
318
333
589
319
334
590
335
591
2193
321
336
592
322
337
593
323
338
594
324
339
595
325
340
596
326
341
597
327
342
598
328
343
599
329
344
600
330
345
601
331
346
602
332
347
603
333
348
604
334
349
605
335
350
606
351
607
2200
337
352
608
338
353
609
339
354
610
340
355
611
341
356
612
342
357
613
343
358
614
344
359
615
345
360
616
346
361
617
347
362
618
348
363
619
349
364
620
350
365
621
351
366
622
367
623
2207
353
368
624
354
369
625
355
370
626
356
371
627
357
372
628
358
373
629
359
374
630
360
375
631
361
376
632
362
377
633
363
378
634
364
379
635
365
380
636
366
381
637
367
382
638
383
639
2214
369
384
640
370
385
641
371
386
642
372
387
643
373
388
644
374
389
645
375
390
646
376
391
647
377
392
648
378
393
649
379
394
650
380
395
651
381
396
652
382
397
653
383
398
654
399
655
2221
385
656
386
657
387
658
388
659
389
660
390
661
391
662
392
663
393
664
394
665
395
666
396
667
397
668
398
669
399
670
671
2228
401
416
672
402
417
673
403
418
674
404
419
675
405
420
676
406
421
677
407
422
678
408
423
679
409
424
680
410
425
681
411
426
682
412
427
683
413
428
684
414
429
685
415
430
686
431
687
2239
417
432
688
418
433
689
419
434
690
420
435
691
421
436
692
422
437
693
423
438
694
424
439
695
425
440
696
426
441
697
427
442
698
428
443
699
429
444
700
430
445
701
431
446
702
447
703
2246
433
448
704
434
449
705
435
450
706
436
451
707
437
452
708
438
453
709
439
454
710
440
455
711
441
456
712
442
457
713
443
458
714
444
459
715
445
460
716
446
461
717
447
462
718
463
719
2253
449
464
720
450
465
721
451
466
722
452
467
723
453
468
724
454
469
725
455
470
726
456
471
727
457
472
728
458
473
729
459
474
730
460
475
731
461
476
732
462
477
733
463
478
734
479
735
2260
465
480
736
466
481
737
467
482
738
468
483
739
469
484
740
470
485
741
471
486
742
472
487
743
473
488
744
474
489
745
475
490
746
476
491
747
477
492
748
478
493
749
479
494
750
495
751
2267
481
496
752
482
497
753
483
498
754
484
499
755
485
500
756
486
501
757
487
502
758
488
503
759
489
504
760
490
505
761
491
506
762
492
507
763
493
508
764
494
509
765
495
510
766
511
767
2274
497
512
768
498
513
769
499
514
770
500
515
771
501
516
772
502
517
773
503
518
774
504
519
775
505
520
776
506
521
777
507
522
778
508
523
779
509
524
780
510
525
781
511
526
782
527
783
2281
513
528
784
514
529
785
515
530
786
516
531
787
517
532
788
518
533
789
519
534
790
520
535
791
521
536
792
522
537
793
523
538
794
524
539
795
525
540
796
526
541
797
527
542
798
543
799
2288
529
544
800
530
545
801
531
546
802
532
547
803
533
548
804
534
549
805
535
550
806
536
551
807
537
552
808
538
553
809
539
554
810
540
555
811
541
556
812
542
557
813
543
558
814
559
815
2295
545
560
816
546
561
817
547
562
818
548
563
819
549
564
820
550
565
821
551
566
822
552
567
823
553
568
824
554
569
825
555
570
826
556
571
827
557
572
828
558
573
829
559
574
830
575
831
2302
561
576
832
562
577
833
563
578
834
564
579
835
565
580
836
566
581
837
567
582
838
568
583
839
569
584
840
570
585
841
571
586
842
572
587
843
573
588
844
574
589
845
575
590
846
591
847
2309
577
592
848
578
593
849
579
594
850
580
595
851
581
596
852
582
597
853
583
598
854
584
599
855
585
600
856
586
601
857
587
602
858
588
603
859
589
604
860
590
605
861
591
606
862
607
863
2316
593
608
864
594
609
865
595
610
866
596
611
867
597
612
868
598
613
869
599
614
870
600
615
871
601
616
872
602
617
873
603
618
874
604
619
875
605
620
876
606
621
877
607
622
878
623
879
2323
609
624
880
610
625
881
611
626
882
612
627
883
613
628
884
614
629
885
615
630
886
616
631
887
617
632
888
618
633
889
619
634
890
620
635
891
621
636
892
622
637
893
623
638
894
639
895
2330
625
640
896
626
641
897
627
642
898
628
643
899
629
644
900
630
645
901
631
646
902
632
647
903
633
648
904
634
649
905
635
650
906
636
651
907
637
652
908
638
653
909
639
654
910
655
911
2337
641
656
912
642
657
913
643
658
914
644
659
915
645
660
916
646
661
917
647
662
918
648
663
919
649
664
920
650
665
921
651
666
922
652
667
923
653
668
924
654
669
925
655
670
926
671
927
2344
657
928
658
929
659
930
660
931
661
932
662
933
663
934
664
935
665
936
666
937
667
938
668
939
669
940
670
941
671
942
943
2351
673
688
944
674
689
945
675
690
946
676
691
947
677
692
948
678
693
949
679
694
950
680
695
951
681
696
952
682
697
953
683
698
954
684
699
955
685
700
956
686
701
957
687
702
958
703
959
2358
689
704
960
690
705
961
691
706
962
692
707
963
693
708
964
694
709
965
695
710
966
696
711
967
697
712
968
698
713
969
699
714
970
700
715
971
701
716
972
702
717
973
703
718
974
719
975
2365
705
720
976
706
721
977
707
722
978
708
723
979
709
724
980
710
725
981
711
726
982
712
727
983
713
728
984
714
729
985
715
730
986
716
731
987
717
732
988
718
733
989
719
734
990
735
991
2372
721
736
992
722
737
993
723
738
994
724
739
995
725
740
996
726
741
997
727
742
998
728
743
999
729
744
1000
730
745
1001
731
746
1002
732
747
1003
733
748
1004
734
749
1005
735
750
1006
751
1007
2379
737
752
1008
738
753
1009
739
754
1010
740
755
1011
741
756
1012
742
757
1013
743
758
1014
744
759
1015
745
760
1016
746
761
1017
747
762
1018
748
763
1019
749
764
1020
750
765
1021
751
766
1022
767
1023
2386
753
768
1024
754
769
1025
755
770
1026
756
771
1027
757
772
1028
758
773
1029
759
774
1030
760
775
1031
761
776
1032
762
777
1033
763
778
1034
764
779
1035
765
780
1036
766
781
1037
767
782
1038
783
1039
2393
769
784
1040
770
785
1041
771
786
1042
772
787
1043
773
788
1044
774
789
1045
775
790
1046
776
791
1047
777
792
1048
778
793
1049
779
794
1050
780
795
1051
781
796
1052
782
797
1053
783
798
1054
799
1055
2400
785
800
1056
786
801
1057
787
802
1058
788
803
1059
789
804
1060
790
805
1061
791
806
1062
792
807
1063
793
808
1064
794
809
1065
795
810
1066
796
811
1067
797
812
1068
798
813
1069
799
814
1070
815
1071
2407
801
816
1072
802
817
1073
803
818
1074
804
819
1075
805
820
1076
806
821
1077
807
822
1078
808
823
1079
809
824
1080
810
825
1081
811
826
1082
812
827
1083
813
828
1084
814
829
1085
815
830
1086
831
1087
2414
817
832
1088
818
833
1089
819
834
1090
820
835
1091
821
836
1092
822
837
1093
823
838
1094
824
839
1095
825
840
1096
826
841
1097
827
842
1098
828
843
1099
829
844
1100
830
845
1101
831
846
1102
847
1103
2421
833
848
1104
834
849
1105
835
850
1106
836
851
1107
837
852
1108
838
853
1109
839
854
1110
840
855
1111
841
856
1112
842
857
1113
843
858
1114
844
859
1115
845
860
1116
846
861
1117
847
862
1118
863
1119
2428
849
864
1120
850
865
1121
851
866
1122
852
867
1123
853
868
1124
854
869
1125
855
870
1126
856
871
1127
857
872
1128
858
873
1129
859
874
1130
860
875
1131
861
876
1132
862
877
1133
863
878
1134
879
1135
2435
865
880
1136
866
881
1137
867
882
1138
868
883
1139
869
884
1140
870
885
1141
871
886
1142
872
887
1143
873
888
1144
874
889
1145
875
890
1146
876
891
1147
877
892
1148
878
893
1149
879
894
1150
895
1151
2442
881
896
1152
882
897
1153
883
898
1154
884
899
1155
885
900
1156
886
901
1157
887
902
1158
888
903
1159
889
904
1160
890
905
1161
891
906
1162
892
907
1163
893
908
1164
894
909
1165
895
910
1166
911
1167
2449
897
912
1168
898
913
1169
899
914
1170
900
915
1171
901
916
1172
902
917
1173
903
918
1174
904
919
1175
905
920
1176
906
921
1177
907
922
1178
908
923
1179
909
924
1180
910
925
1181
911
926
1182
927
1183
2456
913
928
1184
914
929
1185
915
930
1186
916
931
1187
917
932
1188
918
933
1189
919
934
1190
920
935
1191
921
936
1192
922
937
1193
923
938
1194
924
939
1195
925
940
1196
926
941
1197
927
942
1198
943
1199
2463
929
1200
930
1201
931
1202
932
1203
933
1204
934
1205
935
1206
936
1207
937
1208
938
1209
939
1210
940
1211
941
1212
942
1213
943
1214
1215
2470
945
960
1216
946
961
1217
947
962
1218
948
963
1219
949
964
1220
950
965
1221
951
966
1222
952
967
1223
953
968
1224
954
969
1225
955
970
1226
956
971
1227
957
972
1228
958
973
1229
959
974
1230
975
1231
2477
961
976
1232
962
977
1233
963
978
1234
964
979
1235
965
980
1236
966
981
1237
967
982
1238
968
983
1239
969
984
1240
970
985
1241
971
986
1242
972
987
1243
973
988
1244
974
989
1245
975
990
1246
991
1247
2484
977
992
1248
978
993
1249
979
994
1250
980
995
1251
981
996
1252
982
997
1253
983
998
1254
984
999
1255
985
1000
1256
986
1001
1257
987
1002
1258
988
1003
1259
989
1004
1260
990
1005
1261
991
1006
1262
1007
1263
2491
993
1008
1264
994
1009
1265
995
1010
1266
996
1011
1267
997
1012
1268
998
1013
1269
999
1014
1270
1000
1015
1271
1001
1016
1272
1002
1017
1273
1003
1018
1274
1004
1019
1275
1005
1020
1276
1006
1021
1277
1007
1022
1278
1023
1279
2498
1009
1024
1280
1010
1025
1281
1011
1026
1282
1012
1027
1283
1013
1028
1284
1014
1029
1285
1015
1030
1286
1016
1031
1287
1017
1032
1288
1018
1033
1289
1019
1034
1290
1020
1035
1291
1021
1036
1292
1022
1037
1293
1023
1038
1294
1039
1295
2505
1025
1040
1296
1026
1041
1297
1027
1042
1298
1028
1043
1299
1029
1044
1300
1030
1045
1301
1031
1046
1302
1032
1047
1303
1033
1048
1304
1034
1049
1305
1035
1050
1306
1036
1051
1307
1037
1052
1308
1038
1053
1309
1039
1054
1310
1055
1311
2512
1041
1056
1312
1042
1057
1313
1043
1058
1314
1044
1059
1315
1045
1060
1316
1046
1061
1317
1047
1062
1318
1048
1063
1319
1049
1064
1320
1050
1065
1321
1051
1066
1322
1052
1067
1323
1053
1068
1324
1054
1069
1325
1055
1070
1326
1071
1327
2519
1057
1072
1328
1058
1073
1329
1059
1074
1330
1060
1075
1331
1061
1076
1332
1062
1077
1333
1063
1078
1334
1064
1079
1335
1065
1080
1336
1066
1081
1337
1067
1082
1338
1068
1083
1339
1069
1084
1340
1070
1085
1341
1071
1086
1342
1087
1343
2526
1073
1088
1344
1074
1089
1345
1075
1090
1346
1076
1091
1347
1077
1092
1348
1078
1093
1349
1079
1094
1350
1080
1095
1351
1081
1096
1352
1082
1097
1353
1083
1098
1354
1084
1099
1355
1085
1100
1356
1086
1101
1357
1087
1102
1358
1103
1359
2533
1089
1104
1360
1090
1105
1361
1091
1106
1362
1092
1107
1363
1093
1108
1364
1094
1109
1365
1095
1110
1366
1096
1111
1367
1097
1112
1368
1098
1113
1369
1099
1114
1370
1100
1115
1371
1101
1116
1372
1102
1117
1373
1103
1118
1374
1119
1375
2540
1105
1120
1376
1106
1121
1377
1107
1122
1378
1108
1123
1379
1109
1124
1380
1110
1125
1381
1111
1126
1382
1112
1127
1383
1113
1128
1384
1114
1129
1385
1115
1130
1386
1116
1131
1387
1117
1132
1388
1118
1133
1389
1119
1134
1390
1135
1391
2547
1121
1136
1392
1122
1137
1393
1123
1138
1394
1124
1139
1395
1125
1140
1396
1126
1141
1397
1127
1142
1398
1128
1143
1399
1129
1144
1400
1130
1145
1401
1131
1146
1402
1132
1147
1403
1133
1148
1404
1134
1149
1405
1135
1150
1406
1151
1407
2554
1137
1152
1408
1138
1153
1409
1139
1154
1410
1140
1155
1411
1141
1156
1412
1142
1157
1413
1143
1158
1414
1144
1159
1415
1145
1160
1416
1146
1161
1417
1147
1162
1418
1148
1163
1419
1149
1164
1420
1150
1165
1421
1151
1166
1422
1167
1423
2561
1153
1168
1424
1154
1169
1425
1155
1170
1426
1156
1171
1427
1157
1172
1428
1158
1173
1429
1159
1174
1430
1160
1175
1431
1161
1176
1432
1162
1177
1433
1163
1178
1434
1164
1179
1435
1165
1180
1436
1166
1181
1437
1167
1182
1438
1183
1439
2568
1169
1184
1440
1170
1185
1441
1171
1186
1442
1172
1187
1443
1173
1188
1444
1174
1189
1445
1175
1190
1446
1176
1191
1447
1177
1192
1448
1178
1193
1449
1179
1194
1450
1180
1195
1451
1181
1196
1452
1182
1197
1453
1183
1198
1454
1199
1455
2575
1185
1200
1456
1186
1201
1457
1187
1202
1458
1188
1203
1459
1189
1204
1460
1190
1205
1461
1191
1206
1462
1192
1207
1463
1193
1208
1464
1194
1209
1465
1195
1210
1466
1196
1211
1467
1197
1212
1468
1198
1213
1469
1199
1214
1470
1215
1471
2582
1201
1472
1202
1473
1203
1474
1204
1475
1205
1476
1206
1477
1207
1478
1208
1479
1209
1480
1210
1481
1211
1482
1212
1483
1213
1484
1214
1485
1215
1486
1487
2589
1217
1232
1488
1218
1233
1489
1219
1234
1490
1220
1235
1491
1221
1236
1492
1222
1237
1493
1223
1238
1494
1224
1239
1495
1225
1240
1496
1226
1241
1497
1227
1242
1498
1228
1243
1499
1229
1244
1500
1230
1245
1501
1231
1246
1502
1247
1503
2596
1233
1248
1504
1234
1249
1505
1235
1250
1506
1236
1251
1507
1237
1252
1508
1238
1253
1509
1239
1254
1510
1240
1255
1511
1241
1256
1512
1242
1257
1513
1243
1258
1514
1244
1259
1515
1245
1260
1516
1246
1261
1517
1247
1262
1518
1263
1519
2603
1249
1264
1520
1250
1265
1521
1251
1266
1522
1252
1267
1523
1253
1268
1524
1254
1269
1525
1255
1270
1526
1256
1271
1527
1257
1272
1528
1258
1273
1529
1259
1274
1530
1260
1275
1531
1261
1276
1532
1262
1277
1533
1263
1278
1534
1279
1535
2610
1265
1280
1536
1266
1281
1537
1267
1282
1538
1268
1283
1539
1269
1284
1540
1270
1285
1541
1271
1286
1542
1272
1287
1543
1273
1288
1544
1274
1289
1545
1275
1290
1546
1276
1291
1547
1277
1292
1548
1278
1293
1549
1279
1294
1550
1295
1551
2617
1281
1296
1552
1282
1297
1553
1283
1298
1554
1284
1299
1555
1285
1300
1556
1286
1301
1557
1287
1302
1558
1288
1303
1559
1289
1304
1560
1290
1305
1561
1291
1306
1562
1292
1307
1563
1293
1308
1564
1294
1309
1565
1295
1310
1566
1311
1567
2624
1297
1312
1568
1298
1313
1569
1299
1314
1570
1300
1315
1571
1301
1316
1572
1302
1317
1573
1303
1318
1574
1304
1319
1575
1305
1320
1576
1306
1321
1577
1307
1322
1578
1308
1323
1579
1309
1324
1580
1310
1325
1581
1311
1326
1582
1327
1583
2631
1313
1328
1584
1314
1329
1585
1315
1330
1586
1316
1331
1587
1317
1332
1588
1318
1333
1589
1319
1334
1590
1320
1335
1591
1321
1336
1592
1322
1337
1593
1323
1338
1594
1324
1339
1595
1325
1340
1596
1326
1341
1597
1327
1342
1598
1343
1599
2638
1329
1344
1600
1330
1345
1601
1331
1346
1602
1332
1347
1603
1333
1348
1604
1334
1349
1605
1335
1350
1606
1336
1351
1607
1337
1352
1608
1338
1353
1609
1339
1354
1610
1340
1355
1611
1341
1356
1612
1342
1357
1613
1343
1358
1614
1359
1615
2645
1345
1360
1616
1346
1361
1617
1347
1362
1618
1348
1363
1619
1349
1364
1620
1350
1365
1621
1351
1366
1622
1352
1367
1623
1353
1368
1624
1354
1369
1625
1355
1370
1626
1356
1371
1627
1357
1372
1628
1358
1373
1629
1359
1374
1630
1375
1631
2652
1361
1376
1632
1362
1377
1633
1363
1378
1634
1364
1379
1635
1365
1380
1636
1366
1381
1637
1367
1382
1638
1368
1383
1639
1369
1384
1640
1370
1385
1641
1371
1386
1642
1372
1387
1643
1373
1388
1644
1374
1389
1645
1375
1390
1646
1391
1647
2659
1377
1392
1648
1378
1393
1649
1379
1394
1650
1380
1395
1651
1381
1396
1652
1382
1397
1653
1383
1398
1654
1384
1399
1655
1385
1400
1656
1386
1401
1657
1387
1402
1658
1388
1403
1659
1389
1404
1660
1390
1405
1661
1391
1406
1662
1407
1663
2666
1393
1408
1664
1394
1409
1665
1395
1410
1666
1396
1411
1667
1397
1412
1668
1398
1413
1669
1399
1414
1670
1400
1415
1671
1401
1416
1672
1402
1417
1673
1403
1418
1674
1404
1419
1675
1405
1420
1676
1406
1421
1677
1407
1422
1678
1423
1679
2673
1409
1424
1680
1410
1425
1681
1411
1426
1682
1412
1427
1683
1413
1428
1684
1414
1429
1685
1415
1430
1686
1416
1431
1687
1417
1432
1688
1418
1433
1689
1419
1434
1690
1420
1435
1691
1421
1436
1692
1422
1437
1693
1423
1438
1694
1439
1695
2680
1425
1440
1696
1426
1441
1697
1427
1442
1698
1428
1443
1699
1429
1444
1700
1430
1445
1701
1431
1446
1702
1432
1447
1703
1433
1448
1704
1434
1449
1705
1435
1450
1706
1436
1451
1707
1437
1452
1708
1438
1453
1709
1439
1454
1710
1455
1711
2687
1441
1456
1712
1442
1457
1713
1443
1458
1714
1444
1459
1715
1445
1460
1716
1446
1461
1717
1447
1462
1718
1448
1463
1719
1449
1464
1720
1450
1465
1721
1451
1466
1722
1452
1467
1723
1453
1468
1724
1454
1469
1725
1455
1470
1726
1471
1727
2694
1457
1472
1728
1458
1473
1729
1459
1474
1730
1460
1475
1731
1461
1476
1732
1462
1477
1733
1463
1478
1734
1464
1479
1735
1465
1480
1736
1466
1481
1737
1467
1482
1738
1468
1483
1739
1469
1484
1740
1470
1485
1741
1471
1486
1742
1487
1743
2701
1473
1744
1474
1745
1475
1746
1476
1747
1477
1748
1478
1749
1479
1750
1480
1751
1481
1752
1482
1753
1483
1754
1484
1755
1485
1756
1486
1757
1487
1758
1759
2708
1489
1504
1762
1490
1505
1763
1491
1506
1764
1492
1507
1765
1493
1508
1766
1494
1509
1767
1495
1510
1768
1496
1511
1769
1497
1512
1770
1498
1513
1771
1499
1514
1772
1500
1515
1773
1501
1516
1774
1502
1517
1775
1503
1518
1776
1519
1777
2715
1505
1520
1780
1506
1521
1781
1507
1522
1782
1508
1523
1783
1509
1524
1784
1510
1525
1785
1511
1526
1786
1512
1527
1787
1513
1528
1788
1514
1529
1789
1515
1530
1790
1516
1531
1791
1517
1532
1792
1518
1533
1793
1519
1534
1794
1535
1795
2722
1521
1536
1798
1522
1537
1799
1523
1538
1800
1524
1539
1801
1525
1540
1802
1526
1541
1803
1527
1542
1804
1528
1543
1805
1529
1544
1806
1530
1545
1807
1531
1546
1808
1532
1547
1809
1533
1548
1810
1534
1549
1811
1535
1550
1812
1551
1813
2729
1537
1552
1815
1538
1553
1816
1539
1554
1817
1540
1555
1818
1541
1556
1819
1542
1557
1820
1543
1558
1821
1544
1559
1822
1545
1560
1823
1546
1561
1824
1547
1562
1825
1548
1563
1826
1549
1564
1827
1550
1565
1828
1551
1566
1829
1567
1830
2736
1553
1568
1832
1554
1569
1833
1555
1570
1834
1556
1571
1835
1557
1572
1836
1558
1573
1837
1559
1574
1838
1560
1575
1839
1561
1576
1840
1562
1577
1841
1563
1578
1842
1564
1579
1843
1565
1580
1844
1566
1581
1845
1567
1582
1846
1583
1847
2743
1569
1584
1849
1570
1585
1850
1571
1586
1851
1572
1587
1852
1573
1588
1853
1574
1589
1854
1575
1590
1855
1576
1591
1856
1577
1592
1857
1578
1593
1858
1579
1594
1859
1580
1595
1860
1581
1596
1861
1582
1597
1862
1583
1598
1863
1599
1864
2750
1585
1600
1866
1586
1601
1867
1587
1602
1868
1588
1603
1869
1589
1604
1870
1590
1605
1871
1591
1606
1872
1592
1607
1873
1593
1608
1874
1594
1609
1875
1595
1610
1876
1596
1611
1877
1597
1612
1878
1598
1613
1879
1599
1614
1880
1615
1881
2757
1601
1616
1883
1602
1617
1884
1603
1618
1885
1604
1619
1886
1605
1620
1887
1606
1621
1888
1607
1622
1889
1608
1623
1890
1609
1624
1891
1610
1625
1892
1611
1626
1893
1612
1627
1894
1613
1628
1895
1614
1629
1896
1615
1630
1897
1631
1898
2764
1617
1632
1900
1618
1633
1901
1619
1634
1902
1620
1635
1903
1621
1636
1904
1622
1637
1905
1623
1638
1906
1624
1639
1907
1625
1640
1908
1626
1641
1909
1627
1642
1910
1628
1643
1911
1629
1644
1912
1630
1645
1913
1631
1646
1914
1647
1915
2771
1633
1648
1917
1634
1649
1918
1635
1650
1919
1636
1651
1920
1637
1652
1921
1638
1653
1922
1639
1654
1923
1640
1655
1924
1641
1656
1925
1642
1657
1926
1643
1658
1927
1644
1659
1928
1645
1660
1929
1646
1661
1930
1647
1662
1931
1663
1932
2778
1649
1664
1934
1650
1665
1935
1651
1666
1936
1652
1667
1937
1653
1668
1938
1654
1669
1939
1655
1670
1940
1656
1671
1941
1657
1672
1942
1658
1673
1943
1659
1674
1944
1660
1675
1945
1661
1676
1946
1662
1677
1947
1663
1678
1948
1679
1949
2785
1665
1680
1951
1666
1681
1952
1667
1682
1953
1668
1683
1954
1669
1684
1955
1670
1685
1956
1671
1686
1957
1672
1687
1958
1673
1688
1959
1674
1689
1960
1675
1690
1961
1676
1691
1962
1677
1692
1963
1678
1693
1964
1679
1694
1965
1695
1966
2792
1681
1696
1968
1682
1697
1969
1683
1698
1970
1684
1699
1971
1685
1700
1972
1686
1701
1973
1687
1702
1974
1688
1703
1975
1689
1704
1976
1690
1705
1977
1691
1706
1978
1692
1707
1979
1693
1708
1980
1694
1709
1981
1695
1710
1982
1711
1983
2799
1697
1712
1985
1698
1713
1986
1699
1714
1987
1700
1715
1988
1701
1716
1989
1702
1717
1990
1703
1718
1991
1704
1719
1992
1705
1720
1993
1706
1721
1994
1707
1722
1995
1708
1723
1996
1709
1724
1997
1710
1725
1998
1711
1726
1999
1727
2000
2806
1713
1728
2002
1714
1729
2003
1715
1730
2004
1716
1731
2005
1717
1732
2006
1718
1733
2007
1719
1734
2008
1720
1735
2009
1721
1736
2010
1722
1737
2011
1723
1738
2012
1724
1739
2013
1725
1740
2014
1726
1741
2015
1727
1742
2016
1743
2017
2813
1729
1744
2019
1730
1745
2020
1731
1746
2021
1732
1747
2022
1733
1748
2023
1734
1749
2024
1735
1750
2025
1736
1751
2026
1737
1752
2027
1738
1753
2028
1739
1754
2029
1740
1755
2030
1741
1756
2031
1742
1757
2032
1743
1758
2033
1759
2034
2820
1745
2036
1746
2037
1747
2038
1748
2039
1749
2040
1750
2041
1751
2042
1752
2043
1753
2044
1754
2045
1755
2046
1756
2047
1757
2048
1758
2049
1759
2050
2051
2827
1761
1778
2953
1762
1779
2954
1763
1780
2955
1764
1781
2956
1765
1782
2957
1766
1783
2958
1767
1784
2959
1768
1785
2960
1769
1786
2961
1770
1787
2962
1771
1788
2963
1772
1789
2964
1773
1790
2965
1774
1791
2966
1775
1792
2967
1776
1793
2968
1777
1794
2969
1795
2834
2970
1779
1796
2971
1780
1797
2972
1781
1798
2973
1782
1799
2974
1783
1800
2975
1784
1801
2976
1785
1802
2977
1786
1803
2978
1787
1804
2979
1788
1805
2980
1789
1806
2981
1790
1807
2982
1791
1808
2983
1792
1809
2984
1793
1810
2985
1794
1811
2986
1795
1812
2987
1813
2841
2988
1797
2989
1798
1814
2990
1799
1815
2991
1800
1816
2992
1801
1817
2993
1802
1818
2994
1803
1819
2995
1804
1820
2996
1805
1821
2997
1806
1822
2998
1807
1823
2999
1808
1824
3000
1809
1825
3001
1810
1826
3002
1811
1827
3003
1812
1828
3004
1813
1829
3005
1830
2848
3006
1815
1831
3007
1816
1832
3008
1817
1833
3009
1818
1834
3010
1819
1835
3011
1820
1836
3012
1821
1837
3013
1822
1838
3014
1823
1839
3015
1824
1840
3016
1825
1841
3017
1826
1842
3018
1827
1843
3019
1828
1844
3020
1829
1845
3021
1830
1846
3022
1847
2855
3023
1832
1848
3024
1833
1849
3025
1834
1850
3026
1835
1851
3027
1836
1852
3028
1837
1853
3029
1838
1854
3030
1839
1855
3031
1840
1856
3032
1841
1857
3033
1842
1858
3034
1843
1859
3035
1844
1860
3036
1845
1861
3037
1846
1862
3038
1847
1863
3039
1864
2862
3040
1849
1865
3041
1850
1866
3042
1851
1867
3043
1852
1868
3044
1853
1869
3045
1854
1870
3046
1855
1871
3047
1856
1872
3048
1857
1873
3049
1858
1874
3050
1859
1875
3051
1860
1876
3052
1861
1877
3053
1862
1878
3054
1863
1879
3055
1864
1880
3056
1881
2869
3057
1866
1882
3058
1867
1883
3059
1868
1884
3060
1869
1885
3061
1870
1886
3062
1871
1887
3063
1872
1888
3064
1873
1889
3065
1874
1890
3066
1875
1891
3067
1876
1892
3068
1877
1893
3069
1878
1894
3070
1879
1895
3071
1880
1896
3072
1881
1897
3073
1898
2876
3074
1883
1899
3075
1884
1900
3076
1885
1901
3077
1886
1902
3078
1887
1903
3079
1888
1904
3080
1889
1905
3081
1890
1906
3082
1891
1907
3083
1892
1908
3084
1893
1909
3085
1894
1910
3086
1895
1911
3087
1896
1912
3088
1897
1913
3089
1898
1914
3090
1915
2883
3091
1900
1916
3092
1901
1917
3093
1902
1918
3094
1903
1919
3095
1904
1920
3096
1905
1921
3097
1906
1922
3098
1907
1923
3099
1908
1924
3100
1909
1925
3101
1910
1926
3102
1911
1927
3103
1912
1928
3104
1913
1929
3105
1914
1930
3106
1915
1931
3107
1932
2890
3108
1917
1933
3109
1918
1934
3110
1919
1935
3111
1920
1936
3112
1921
1937
3113
1922
1938
3114
1923
1939
3115
1924
1940
3116
1925
1941
3117
1926
1942
3118
1927
1943
3119
1928
1944
3120
1929
1945
3121
1930
1946
3122
1931
1947
3123
1932
1948
3124
1949
2897
3125
1934
1950
3126
1935
1951
3127
1936
1952
3128
1937
1953
3129
1938
1954
3130
1939
1955
3131
1940
1956
3132
1941
1957
3133
1942
1958
3134
1943
1959
3135
1944
1960
3136
1945
1961
3137
1946
1962
3138
1947
1963
3139
1948
1964
3140
1949
1965
3141
1966
2904
3142
1951
1967
3143
1952
1968
3144
1953
1969
3145
1954
1970
3146
1955
1971
3147
1956
1972
3148
1957
1973
3149
1958
1974
3150
1959
1975
3151
1960
1976
3152
1961
1977
3153
1962
1978
3154
1963
1979
3155
1964
1980
3156
1965
1981
3157
1966
1982
3158
1983
2911
3159
1968
1984
3160
1969
1985
3161
1970
1986
3162
1971
1987
3163
1972
1988
3164
1973
1989
3165
1974
1990
3166
1975
1991
3167
1976
1992
3168
1977
1993
3169
1978
1994
3170
1979
1995
3171
1980
1996
3172
1981
1997
3173
1982
1998
3174
1983
1999
3175
2000
2918
3176
1985
2001
3177
1986
2002
3178
1987
2003
3179
1988
2004
3180
1989
2005
3181
1990
2006
3182
1991
2007
3183
1992
2008
3184
1993
2009
3185
1994
2010
3186
1995
2011
3187
1996
2012
3188
1997
2013
3189
1998
2014
3190
1999
2015
3191
2000
2016
3192
2017
2925
3193
2002
2018
3194
2003
2019
3195
2004
2020
3196
2005
2021
3197
2006
2022
3198
2007
2023
3199
2008
2024
3200
2009
2025
3201
2010
2026
3202
2011
2027
3203
2012
2028
3204
2013
2029
3205
2014
2030
3206
2015
2031
3207
2016
2032
3208
2017
2033
3209
2034
2932
3210
2019
2035
3211
2020
2036
3212
2021
2037
3213
2022
2038
3214
2023
2039
3215
2024
2040
3216
2025
2041
3217
2026
2042
3218
2027
2043
3219
2028
2044
3220
2029
2045
3221
2030
2046
3222
2031
2047
3223
2032
2048
3224
2033
2049
3225
2034
2050
3226
2051
2939
3227
2036
3228
2037
3229
2038
3230
2039
3231
2040
3232
2041
3233
2042
3234
2043
3235
2044
3236
2045
3237
2046
3238
2047
3239
2048
3240
2049
3241
2050
3242
2051
3243
2946
3244
2053
2059
2112
2054
2060
2113
2055
2061
2114
2062
2115
2057
2063
2116
2058
2064
2117
2059
2065
2118
2060
2066
2119
2061
2067
2120
2062
2068
2121
2069
2122
2064
2070
2123
2065
2071
2124
2066
2072
2125
2067
2073
2126
2068
2074
2127
2069
2075
2128
2076
2129
2071
2077
2130
2072
2078
2131
2073
2079
2132
2074
2080
2133
2075
2081
2134
2076
2082
2135
2083
2136
2078
2084
2137
2079
2085
2138
2080
2086
2139
2081
2087
2140
2082
2088
2141
2083
2089
2142
2090
2143
2085
2091
2144
2086
2092
2145
2087
2093
2146
2088
2094
2147
2089
2095
2148
2090
2096
2149
2097
2150
2092
2098
2151
2093
2099
2152
2094
2100
2153
2095
2101
2154
2096
2102
2155
2097
2103
2156
2104
2157
2099
2105
2158
2100
2106
2159
2101
2107
2160
2102
2108
2161
2103
2109
2162
2104
2110
2163
2111
2164
2106
2165
2107
2166
2108
2167
2109
2168
2110
2169
2111
2170
2171
2113
2119
2235
2114
2120
2236
2115
2121
2237
2122
2238
2117
2123
2239
2118
2124
2240
2119
2125
2241
2120
2126
2242
2121
2127
2243
2122
2128
2244
2129
2245
2124
2130
2246
2125
2131
2247
2126
2132
2248
2127
2133
2249
2128
2134
2250
2129
2135
2251
2136
2252
2131
2137
2253
2132
2138
2254
2133
2139
2255
2134
2140
2256
2135
2141
2257
2136
2142
2258
2143
2259
2138
2144
2260
2139
2145
2261
2140
2146
2262
2141
2147
2263
2142
2148
2264
2143
2149
2265
2150
2266
2145
2151
2267
2146
2152
2268
2147
2153
2269
2148
2154
2270
2149
2155
2271
2150
2156
2272
2157
2273
2152
2158
2274
2153
2159
2275
2154
2160
2276
2155
2161
2277
2156
2162
2278
2157
2163
2279
2164
2280
2159
2165
2281
2160
2166
2282
2161
2167
2283
2162
2168
2284
2163
2169
2285
2164
2170
2286
2171
2287
2166
2172
2288
2167
2173
2289
2168
2174
2290
2169
2175
2291
2170
2176
2292
2171
2177
2293
2178
2294
2173
2179
2295
2174
2180
2296
2175
2181
2297
2176
2182
2298
2177
2183
2299
2178
2184
2300
2185
2301
2180
2186
2302
2181
2187
2303
2182
2188
2304
2183
2189
2305
2184
2190
2306
2185
2191
2307
2192
2308
2187
2193
2309
2188
2194
2310
2189
2195
2311
2190
2196
2312
2191
2197
2313
2192
2198
2314
2199
2315
2194
2200
2316
2195
2201
2317
2196
2202
2318
2197
2203
2319
2198
2204
2320
2199
2205
2321
2206
2322
2201
2207
2323
2202
2208
2324
2203
2209
2325
2204
2210
2326
2205
2211
2327
2206
2212
2328
2213
2329
2208
2214
2330
2209
2215
2331
2210
2216
2332
2211
2217
2333
2212
2218
2334
2213
2219
2335
2220
2336
2215
2221
2337
2216
2222
2338
2217
2223
2339
2218
2224
2340
2219
2225
2341
2220
2226
2342
2227
2343
2222
2228
2344
2223
2229
2345
2224
2230
2346
2225
2231
2347
2226
2232
2348
2227
2233
2349
2234
2350
2229
2351
2230
2352
2231
2353
2232
2354
2233
2355
2234
2356
2357
2236
2242
2237
2243
2238
2244
2245
2240
2246
2358
2241
2247
2359
2242
2248
2360
2243
2249
2361
2244
2250
2362
2245
2251
2363
2252
2364
2247
2253
2365
2248
2254
2366
2249
2255
2367
2250
2256
2368
2251
2257
2369
2252
2258
2370
2259
2371
2254
2260
2372
2255
2261
2373
2256
2262
2374
2257
2263
2375
2258
2264
2376
2259
2265
2377
2266
2378
2261
2267
2379
2262
2268
2380
2263
2269
2381
2264
2270
2382
2265
2271
2383
2266
2272
2384
2273
2385
2268
2274
2386
2269
2275
2387
2270
2276
2388
2271
2277
2389
2272
2278
2390
2273
2279
2391
2280
2392
2275
2281
2393
2276
2282
2394
2277
2283
2395
2278
2284
2396
2279
2285
2397
2280
2286
2398
2287
2399
2282
2288
2400
2283
2289
2401
2284
2290
2402
2285
2291
2403
2286
2292
2404
2287
2293
2405
2294
2406
2289
2295
2407
2290
2296
2408
2291
2297
2409
2292
2298
2410
2293
2299
2411
2294
2300
2412
2301
2413
2296
2302
2414
2297
2303
2415
2298
2304
2416
2299
2305
2417
2300
2306
2418
2301
2307
2419
2308
2420
2303
2309
2421
2304
2310
2422
2305
2311
2423
2306
2312
2424
2307
2313
2425
2308
2314
2426
2315
2427
2310
2316
2428
2311
2317
2429
2312
2318
2430
2313
2319
2431
2314
2320
2432
2315
2321
2433
2322
2434
2317
2323
2435
2318
2324
2436
2319
2325
2437
2320
2326
2438
2321
2327
2439
2322
2328
2440
2329
2441
2324
2330
2442
2325
2331
2443
2326
2332
2444
2327
2333
2445
2328
2334
2446
2329
2335
2447
2336
2448
2331
2337
2449
2332
2338
2450
2333
2339
2451
2334
2340
2452
2335
2341
2453
2336
2342
2454
2343
2455
2338
2344
2456
2339
2345
2457
2340
2346
2458
2341
2347
2459
2342
2348
2460
2343
2349
2461
2350
2462
2345
2351
2463
2346
2352
2464
2347
2353
2465
2348
2354
2466
2349
2355
2467
2350
2356
2468
2357
2469
2352
2470
2353
2471
2354
2472
2355
2473
2356
2474
2357
2475
2476
2359
2365
2477
2360
2366
2478
2361
2367
2479
2362
2368
2480
2363
2369
2481
2364
2370
2482
2371
2483
2366
2372
2484
2367
2373
2485
2368
2374
2486
2369
2375
2487
2370
2376
2488
2371
2377
2489
2378
2490
2373
2379
2491
2374
2380
2492
2375
2381
2493
2376
2382
2494
2377
2383
2495
2378
2384
2496
2385
2497
2380
2386
2498
2381
2387
2499
2382
2388
2500
2383
2389
2501
2384
2390
2502
2385
2391
2503
2392
2504
2387
2393
2505
2388
2394
2506
2389
2395
2507
2390
2396
2508
2391
2397
2509
2392
2398
2510
2399
2511
2394
2400
2512
2395
2401
2513
2396
2402
2514
2397
2403
2515
2398
2404
2516
2399
2405
2517
2406
2518
2401
2407
2519
2402
2408
2520
2403
2409
2521
2404
2410
2522
2405
2411
2523
2406
2412
2524
2413
2525
2408
2414
2526
2409
2415
2527
2410
2416
2528
2411
2417
2529
2412
2418
2530
2413
2419
2531
2420
2532
2415
2421
2533
2416
2422
2534
2417
2423
2535
2418
2424
2536
2419
2425
2537
2420
2426
2538
2427
2539
2422
2428
2540
2423
2429
2541
2424
2430
2542
2425
2431
2543
2426
2432
2544
2427
2433
2545
2434
2546
2429
2435
2547
2430
2436
2548
2431
2437
2549
2432
2438
2550
2433
2439
2551
2434
2440
2552
2441
2553
2436
2442
2554
2437
2443
2555
2438
2444
2556
2439
2445
2557
2440
2446
2558
2441
2447
2559
2448
2560
2443
2449
2561
2444
2450
2562
2445
2451
2563
2446
2452
2564
2447
2453
2565
2448
2454
2566
2455
2567
2450
2456
2568
2451
2457
2569
2452
2458
2570
2453
2459
2571
2454
2460
2572
2455
2461
2573
2462
2574
2457
2463
2575
2458
2464
2576
2459
2465
2577
2460
2466
2578
2461
2467
2579
2462
2468
2580
2469
2581
2464
2470
2582
2465
2471
2583
2466
2472
2584
2467
2473
2585
2468
2474
2586
2469
2475
2587
2476
2588
2471
2589
2472
2590
2473
2591
2474
2592
2475
2593
2476
2594
2595
2478
2484
2596
2479
2485
2597
2480
2486
2598
2481
2487
2599
2482
2488
2600
2483
2489
2601
2490
2602
2485
2491
2603
2486
2492
2604
2487
2493
2605
2488
2494
2606
2489
2495
2607
2490
2496
2608
2497
2609
2492
2498
2610
2493
2499
2611
2494
2500
2612
2495
2501
2613
2496
2502
2614
2497
2503
2615
2504
2616
2499
2505
2617
2500
2506
2618
2501
2507
2619
2502
2508
2620
2503
2509
2621
2504
2510
2622
2511
2623
2506
2512
2624
2507
2513
2625
2508
2514
2626
2509
2515
2627
2510
2516
2628
2511
2517
2629
2518
2630
2513
2519
2631
2514
2520
2632
2515
2521
2633
2516
2522
2634
2517
2523
2635
2518
2524
2636
2525
2637
2520
2526
2638
2521
2527
2639
2522
2528
2640
2523
2529
2641
2524
2530
2642
2525
2531
2643
2532
2644
2527
2533
2645
2528
2534
2646
2529
2535
2647
2530
2536
2648
2531
2537
2649
2532
2538
2650
2539
2651
2534
2540
2652
2535
2541
2653
2536
2542
2654
2537
2543
2655
2538
2544
2656
2539
2545
2657
2546
2658
2541
2547
2659
2542
2548
2660
2543
2549
2661
2544
2550
2662
2545
2551
2663
2546
2552
2664
2553
2665
2548
2554
2666
2549
2555
2667
2550
2556
2668
2551
2557
2669
2552
2558
2670
2553
2559
2671
2560
2672
2555
2561
2673
2556
2562
2674
2557
2563
2675
2558
2564
2676
2559
2565
2677
2560
2566
2678
2567
2679
2562
2568
2680
2563
2569
2681
2564
2570
2682
2565
2571
2683
2566
2572
2684
2567
2573
2685
2574
2686
2569
2575
2687
2570
2576
2688
2571
2577
2689
2572
2578
2690
2573
2579
2691
2574
2580
2692
2581
2693
2576
2582
2694
2577
2583
2695
2578
2584
2696
2579
2585
2697
2580
2586
2698
2581
2587
2699
2588
2700
2583
2589
2701
2584
2590
2702
2585
2591
2703
2586
2592
2704
2587
2593
2705
2588
2594
2706
2595
2707
2590
2708
2591
2709
2592
2710
2593
2711
2594
2712
2595
2713
2714
2597
2603
2715
2598
2604
2716
2599
2605
2717
2600
2606
2718
2601
2607
2719
2602
2608
2720
2609
2721
2604
2610
2722
2605
2611
2723
2606
2612
2724
2607
2613
2725
2608
2614
2726
2609
2615
2727
2616
2728
2611
2617
2729
2612
2618
2730
2613
2619
2731
2614
2620
2732
2615
2621
2733
2616
2622
2734
2623
2735
2618
2624
2736
2619
2625
2737
2620
2626
2738
2621
2627
2739
2622
2628
2740
2623
2629
2741
2630
2742
2625
2631
2743
2626
2632
2744
2627
2633
2745
2628
2634
2746
2629
2635
2747
2630
2636
2748
2637
2749
2632
2638
2750
2633
2639
2751
2634
2640
2752
2635
2641
2753
2636
2642
2754
2637
2643
2755
2644
2756
2639
2645
2757
2640
2646
2758
2641
2647
2759
2642
2648
2760
2643
2649
2761
2644
2650
2762
2651
2763
2646
2652
2764
2647
2653
2765
2648
2654
2766
2649
2655
2767
2650
2656
2768
2651
2657
2769
2658
2770
2653
2659
2771
2654
2660
2772
2655
2661
2773
2656
2662
2774
2657
2663
2775
2658
2664
2776
2665
2777
2660
2666
2778
2661
2667
2779
2662
2668
2780
2663
2669
2781
2664
2670
2782
2665
2671
2783
2672
2784
2667
2673
2785
2668
2674
2786
2669
2675
2787
2670
2676
2788
2671
2677
2789
2672
2678
2790
2679
2791
2674
2680
2792
2675
2681
2793
2676
2682
2794
2677
2683
2795
2678
2684
2796
2679
2685
2797
2686
2798
2681
2687
2799
2682
2688
2800
2683
2689
2801
2684
2690
2802
2685
2691
2803
2686
2692
2804
2693
2805
2688
2694
2806
2689
2695
2807
2690
2696
2808
2691
2697
2809
2692
2698
2810
2693
2699
2811
2700
2812
2695
2701
2813
2696
2702
2814
2697
2703
2815
2698
2704
2816
2699
2705
2817
2700
2706
2818
2707
2819
2702
2708
2820
2703
2709
2821
2704
2710
2822
2705
2711
2823
2706
2712
2824
2707
2713
2825
2714
2826
2709
2827
2710
2828
2711
2829
2712
2830
2713
2831
2714
2832
2833
2716
2722
2834
2717
2723
2835
2718
2724
2836
2719
2725
2837
2720
2726
2838
2721
2727
2839
2728
2840
2723
2729
2841
2724
2730
2842
2725
2731
2843
2726
2732
2844
2727
2733
2845
2728
2734
2846
2735
2847
2730
2736
2848
2731
2737
2849
2732
2738
2850
2733
2739
2851
2734
2740
2852
2735
2741
2853
2742
2854
2737
2743
2855
2738
2744
2856
2739
2745
2857
2740
2746
2858
2741
2747
2859
2742
2748
2860
2749
2861
2744
2750
2862
2745
2751
2863
2746
2752
2864
2747
2753
2865
2748
2754
2866
2749
2755
2867
2756
2868
2751
2757
2869
2752
2758
2870
2753
2759
2871
2754
2760
2872
2755
2761
2873
2756
2762
2874
2763
2875
2758
2764
2876
2759
2765
2877
2760
2766
2878
2761
2767
2879
2762
2768
2880
2763
2769
2881
2770
2882
2765
2771
2883
2766
2772
2884
2767
2773
2885
2768
2774
2886
2769
2775
2887
2770
2776
2888
2777
2889
2772
2778
2890
2773
2779
2891
2774
2780
2892
2775
2781
2893
2776
2782
2894
2777
2783
2895
2784
2896
2779
2785
2897
2780
2786
2898
2781
2787
2899
2782
2788
2900
2783
2789
2901
2784
2790
2902
2791
2903
2786
2792
2904
2787
2793
2905
2788
2794
2906
2789
2795
2907
2790
2796
2908
2791
2797
2909
2798
2910
2793
2799
2911
2794
2800
2912
2795
2801
2913
2796
2802
2914
2797
2803
2915
2798
2804
2916
2805
2917
2800
2806
2918
2801
2807
2919
2802
2808
2920
2803
2809
2921
2804
2810
2922
2805
2811
2923
2812
2924
2807
2813
2925
2808
2814
2926
2809
2815
2927
2810
2816
2928
2811
2817
2929
2812
2818
2930
2819
2931
2814
2820
2932
2815
2821
2933
2816
2822
2934
2817
2823
2935
2818
2824
2936
2819
2825
2937
2826
2938
2821
2827
2939
2822
2828
2940
2823
2829
2941
2824
2830
2942
2825
2831
2943
2826
2832
2944
2833
2945
2828
2946
2829
2947
2830
2948
2831
2949
2832
2950
2833
2951
2952
2835
2841
4705
2836
2842
4706
2837
2843
4707
2838
2844
4708
2839
2845
4709
2840
2846
4710
2847
4711
2842
2848
4712
2843
2849
4713
2844
2850
4714
2845
2851
4715
2846
2852
4716
2847
2853
4717
2854
4718
2849
2855
4719
2850
2856
4720
2851
2857
4721
2852
2858
4722
2853
2859
4723
2854
2860
4724
2861
4725
2856
2862
4726
2857
2863
4727
2858
2864
4728
2859
2865
4729
2860
2866
4730
2861
2867
4731
2868
4732
2863
2869
4733
2864
2870
4734
2865
2871
4735
2866
2872
4736
2867
2873
4737
2868
2874
4738
2875
4739
2870
2876
4740
2871
2877
4741
2872
2878
4742
2873
2879
4743
2874
2880
4744
2875
2881
4745
2882
4746
2877
2883
4747
2878
2884
4748
2879
2885
4749
2880
2886
4750
2881
2887
4751
2882
2888
4752
2889
4753
2884
2890
4754
2885
2891
4755
2886
2892
4756
2887
2893
4757
2888
2894
4758
2889
2895
4759
2896
4760
2891
2897
4761
2892
2898
4762
2893
2899
4763
2894
2900
4764
2895
2901
4765
2896
2902
4766
2903
4767
2898
2904
4768
2899
2905
4769
2900
2906
4770
2901
2907
4771
2902
2908
4772
2903
2909
4773
2910
4774
2905
2911
4775
2906
2912
4776
2907
2913
4777
2908
2914
4778
2909
2915
4779
2910
2916
4780
2917
4781
2912
2918
4782
2913
2919
4783
2914
2920
4784
2915
2921
4785
2916
2922
4786
2917
2923
4787
2924
4788
2919
2925
4789
2920
2926
4790
2921
2927
4791
2922
2928
4792
2923
2929
4793
2924
2930
4794
2931
4795
2926
2932
4796
2927
2933
4797
2928
2934
4798
2929
2935
4799
2930
2936
4800
2931
2937
4801
2938
4802
2933
2939
4803
2934
2940
4804
2935
2941
4805
2936
2942
4806
2937
2943
4807
2938
2944
4808
2945
4809
2940
2946
4810
2941
2947
4811
2942
2948
4812
2943
2949
4813
2944
2950
4814
2945
2951
4815
2952
4816
2947
4817
2948
4818
2949
4819
2950
4820
2951
4821
2952
4822
4823
2954
2971
3245
2955
2972
3246
2956
2973
3247
2957
2974
3248
2958
2975
3249
2959
2976
3250
2960
2977
3251
2961
2978
3252
2962
2979
3253
2963
2980
3254
2964
2981
3255
2965
2982
3256
2966
2983
3257
2967
2984
3258
2968
2985
3259
2969
2986
3260
2970
2987
3261
2988
3262
4705
2972
2989
3263
2973
2990
3264
2974
2991
3265
2975
2992
3266
2976
2993
3267
2977
2994
3268
2978
2995
3269
2979
2996
3270
2980
2997
3271
2981
2998
3272
2982
2999
3273
2983
3000
3274
2984
3001
3275
2985
3002
3276
2986
3003
3277
2987
3004
3278
2988
3005
3279
3006
3280
4712
2990
3281
2991
3007
3282
2992
3008
3283
2993
3009
3284
2994
3010
3285
2995
3011
3286
2996
3012
3287
2997
3013
3288
2998
3014
3289
2999
3015
3290
3000
3016
3291
3001
3017
3292
3002
3018
3293
3003
3019
3294
3004
3020
3295
3005
3021
3296
3006
3022
3297
3023
3298
4719
3008
3024
3299
3009
3025
3300
3010
3026
3301
3011
3027
3302
3012
3028
3303
3013
3029
3304
3014
3030
3305
3015
3031
3306
3016
3032
3307
3017
3033
3308
3018
3034
3309
3019
3035
3310
3020
3036
3311
3021
3037
3312
3022
3038
3313
3023
3039
3314
3040
3315
4726
3025
3041
3316
3026
3042
3317
3027
3043
3318
3028
3044
3319
3029
3045
3320
3030
3046
3321
3031
3047
3322
3032
3048
3323
3033
3049
3324
3034
3050
3325
3035
3051
3326
3036
3052
3327
3037
3053
3328
3038
3054
3329
3039
3055
3330
3040
3056
3331
3057
3332
4733
3042
3058
3333
3043
3059
3334
3044
3060
3335
3045
3061
3336
3046
3062
3337
3047
3063
3338
3048
3064
3339
3049
3065
3340
3050
3066
3341
3051
3067
3342
3052
3068
3343
3053
3069
3344
3054
3070
3345
3055
3071
3346
3056
3072
3347
3057
3073
3348
3074
3349
4740
3059
3075
3350
3060
3076
3351
3061
3077
3352
3062
3078
3353
3063
3079
3354
3064
3080
3355
3065
3081
3356
3066
3082
3357
3067
3083
3358
3068
3084
3359
3069
3085
3360
3070
3086
3361
3071
3087
3362
3072
3088
3363
3073
3089
3364
3074
3090
3365
3091
3366
4747
3076
3092
3367
3077
3093
3368
3078
3094
3369
3079
3095
3370
3080
3096
3371
3081
3097
3372
3082
3098
3373
3083
3099
3374
3084
3100
3375
3085
3101
3376
3086
3102
3377
3087
3103
3378
3088
3104
3379
3089
3105
3380
3090
3106
3381
3091
3107
3382
3108
3383
4754
3093
3109
3384
3094
3110
3385
3095
3111
3386
3096
3112
3387
3097
3113
3388
3098
3114
3389
3099
3115
3390
3100
3116
3391
3101
3117
3392
3102
3118
3393
3103
3119
3394
3104
3120
3395
3105
3121
3396
3106
3122
3397
3107
3123
3398
3108
3124
3399
3125
3400
4761
3110
3126
3401
3111
3127
3402
3112
3128
3403
3113
3129
3404
3114
3130
3405
3115
3131
3406
3116
3132
3407
3117
3133
3408
3118
3134
3409
3119
3135
3410
3120
3136
3411
3121
3137
3412
3122
3138
3413
3123
3139
3414
3124
3140
3415
3125
3141
3416
3142
3417
4768
3127
3143
3418
3128
3144
3419
3129
3145
3420
3130
3146
3421
3131
3147
3422
3132
3148
3423
3133
3149
3424
3134
3150
3425
3135
3151
3426
3136
3152
3427
3137
3153
3428
3138
3154
3429
3139
3155
3430
3140
3156
3431
3141
3157
3432
3142
3158
3433
3159
3434
4775
3144
3160
3435
3145
3161
3436
3146
3162
3437
3147
3163
3438
3148
3164
3439
3149
3165
3440
3150
3166
3441
3151
3167
3442
3152
3168
3443
3153
3169
3444
3154
3170
3445
3155
3171
3446
3156
3172
3447
3157
3173
3448
3158
3174
3449
3159
3175
3450
3176
3451
4782
3161
3177
3452
3162
3178
3453
3163
3179
3454
3164
3180
3455
3165
3181
3456
3166
3182
3457
3167
3183
3458
3168
3184
3459
3169
3185
3460
3170
3186
3461
3171
3187
3462
3172
3188
3463
3173
3189
3464
3174
3190
3465
3175
3191
3466
3176
3192
3467
3193
3468
4789
3178
3194
3469
3179
3195
3470
3180
3196
3471
3181
3197
3472
3182
3198
3473
3183
3199
3474
3184
3200
3475
3185
3201
3476
3186
3202
3477
3187
3203
3478
3188
3204
3479
3189
3205
3480
3190
3206
3481
3191
3207
3482
3192
3208
3483
3193
3209
3484
3210
3485
4796
3195
3211
3486
3196
3212
3487
3197
3213
3488
3198
3214
3489
3199
3215
3490
3200
3216
3491
3201
3217
3492
3202
3218
3493
3203
3219
3494
3204
3220
3495
3205
3221
3496
3206
3222
3497
3207
3223
3498
3208
3224
3499
3209
3225
3500
3210
3226
3501
3227
3502
4803
3212
3228
3503
3213
3229
3504
3214
3230
3505
3215
3231
3506
3216
3232
3507
3217
3233
3508
3218
3234
3509
3219
3235
3510
3220
3236
3511
3221
3237
3512
3222
3238
3513
3223
3239
3514
3224
3240
3515
3225
3241
3516
3226
3242
3517
3227
3243
3518
3244
3519
4810
3229
3520
3230
3521
3231
3522
3232
3523
3233
3524
3234
3525
3235
3526
3236
3527
3237
3528
3238
3529
3239
3530
3240
3531
3241
3532
3242
3533
3243
3534
3244
3535
3536
4817
3246
3263
3537
3247
3264
3538
3248
3265
3539
3249
3266
3540
3250
3267
3541
3251
3268
3542
3252
3269
3543
3253
3270
3544
3254
3271
3545
3255
3272
3546
3256
3273
3547
3257
3274
3548
3258
3275
3549
3259
3276
3550
3260
3277
3551
3261
3278
3552
3262
3279
3553
3280
3554
4824
3264
3281
3555
3265
3282
3556
3266
3283
3557
3267
3284
3558
3268
3285
3559
3269
3286
3560
3270
3287
3561
3271
3288
3562
3272
3289
3563
3273
3290
3564
3274
3291
3565
3275
3292
3566
3276
3293
3567
3277
3294
3568
3278
3295
3569
3279
3296
3570
3280
3297
3571
3298
3572
4831
3282
3573
3283
3299
3574
3284
3300
3575
3285
3301
3576
3286
3302
3577
3287
3303
3578
3288
3304
3579
3289
3305
3580
3290
3306
3581
3291
3307
3582
3292
3308
3583
3293
3309
3584
3294
3310
3585
3295
3311
3586
3296
3312
3587
3297
3313
3588
3298
3314
3589
3315
3590
4838
3300
3316
3591
3301
3317
3592
3302
3318
3593
3303
3319
3594
3304
3320
3595
3305
3321
3596
3306
3322
3597
3307
3323
3598
3308
3324
3599
3309
3325
3600
3310
3326
3601
3311
3327
3602
3312
3328
3603
3313
3329
3604
3314
3330
3605
3315
3331
3606
3332
3607
4845
3317
3333
3608
3318
3334
3609
3319
3335
3610
3320
3336
3611
3321
3337
3612
3322
3338
3613
3323
3339
3614
3324
3340
3615
3325
3341
3616
3326
3342
3617
3327
3343
3618
3328
3344
3619
3329
3345
3620
3330
3346
3621
3331
3347
3622
3332
3348
3623
3349
3624
4852
3334
3350
3625
3335
3351
3626
3336
3352
3627
3337
3353
3628
3338
3354
3629
3339
3355
3630
3340
3356
3631
3341
3357
3632
3342
3358
3633
3343
3359
3634
3344
3360
3635
3345
3361
3636
3346
3362
3637
3347
3363
3638
3348
3364
3639
3349
3365
3640
3366
3641
4859
3351
3367
3642
3352
3368
3643
3353
3369
3644
3354
3370
3645
3355
3371
3646
3356
3372
3647
3357
3373
3648
3358
3374
3649
3359
3375
3650
3360
3376
3651
3361
3377
3652
3362
3378
3653
3363
3379
3654
3364
3380
3655
3365
3381
3656
3366
3382
3657
3383
3658
4866
3368
3384
3659
3369
3385
3660
3370
3386
3661
3371
3387
3662
3372
3388
3663
3373
3389
3664
3374
3390
3665
3375
3391
3666
3376
3392
3667
3377
3393
3668
3378
3394
3669
3379
3395
3670
3380
3396
3671
3381
3397
3672
3382
3398
3673
3383
3399
3674
3400
3675
4873
3385
3401
3676
3386
3402
3677
3387
3403
3678
3388
3404
3679
3389
3405
3680
3390
3406
3681
3391
3407
3682
3392
3408
3683
3393
3409
3684
3394
3410
3685
3395
3411
3686
3396
3412
3687
3397
3413
3688
3398
3414
3689
3399
3415
3690
3400
3416
3691
3417
3692
4880
3402
3418
3693
3403
3419
3694
3404
3420
3695
3405
3421
3696
3406
3422
3697
3407
3423
3698
3408
3424
3699
3409
3425
3700
3410
3426
3701
3411
3427
3702
3412
3428
3703
3413
3429
3704
3414
3430
3705
3415
3431
3706
3416
3432
3707
3417
3433
3708
3434
3709
4887
3419
3435
3710
3420
3436
3711
3421
3437
3712
3422
3438
3713
3423
3439
3714
3424
3440
3715
3425
3441
3716
3426
3442
3717
3427
3443
3718
3428
3444
3719
3429
3445
3720
3430
3446
3721
3431
3447
3722
3432
3448
3723
3433
3449
3724
3434
3450
3725
3451
3726
4894
3436
3452
3727
3437
3453
3728
3438
3454
3729
3439
3455
3730
3440
3456
3731
3441
3457
3732
3442
3458
3733
3443
3459
3734
3444
3460
3735
3445
3461
3736
3446
3462
3737
3447
3463
3738
3448
3464
3739
3449
3465
3740
3450
3466
3741
3451
3467
3742
3468
3743
4901
3453
3469
3744
3454
3470
3745
3455
3471
3746
3456
3472
3747
3457
3473
3748
3458
3474
3749
3459
3475
3750
3460
3476
3751
3461
3477
3752
3462
3478
3753
3463
3479
3754
3464
3480
3755
3465
3481
3756
3466
3482
3757
3467
3483
3758
3468
3484
3759
3485
3760
4908
3470
3486
3761
3471
3487
3762
3472
3488
3763
3473
3489
3764
3474
3490
3765
3475
3491
3766
3476
3492
3767
3477
3493
3768
3478
3494
3769
3479
3495
3770
3480
3496
3771
3481
3497
3772
3482
3498
3773
3483
3499
3774
3484
3500
3775
3485
3501
3776
3502
3777
4915
3487
3503
3778
3488
3504
3779
3489
3505
3780
3490
3506
3781
3491
3507
3782
3492
3508
3783
3493
3509
3784
3494
3510
3785
3495
3511
3786
3496
3512
3787
3497
3513
3788
3498
3514
3789
3499
3515
3790
3500
3516
3791
3501
3517
3792
3502
3518
3793
3519
3794
4922
3504
3520
3795
3505
3521
3796
3506
3522
3797
3507
3523
3798
3508
3524
3799
3509
3525
3800
3510
3526
3801
3511
3527
3802
3512
3528
3803
3513
3529
3804
3514
3530
3805
3515
3531
3806
3516
3532
3807
3517
3533
3808
3518
3534
3809
3519
3535
3810
3536
3811
4929
3521
3812
3522
3813
3523
3814
3524
3815
3525
3816
3526
3817
3527
3818
3528
3819
3529
3820
3530
3821
3531
3822
3532
3823
3533
3824
3534
3825
3535
3826
3536
3827
3828
4936
3538
3555
3829
3539
3556
3830
3540
3557
3831
3541
3558
3832
3542
3559
3833
3543
3560
3834
3544
3561
3835
3545
3562
3836
3546
3563
3837
3547
3564
3838
3548
3565
3839
3549
3566
3840
3550
3567
3841
3551
3568
3842
3552
3569
3843
3553
3570
3844
3554
3571
3845
3572
3846
4943
3556
3573
3847
3557
3574
3848
3558
3575
3849
3559
3576
3850
3560
3577
3851
3561
3578
3852
3562
3579
3853
3563
3580
3854
3564
3581
3855
3565
3582
3856
3566
3583
3857
3567
3584
3858
3568
3585
3859
3569
3586
3860
3570
3587
3861
3571
3588
3862
3572
3589
3863
3590
3864
4950
3574
3865
3575
3591
3866
3576
3592
3867
3577
3593
3868
3578
3594
3869
3579
3595
3870
3580
3596
3871
3581
3597
3872
3582
3598
3873
3583
3599
3874
3584
3600
3875
3585
3601
3876
3586
3602
3877
3587
3603
3878
3588
3604
3879
3589
3605
3880
3590
3606
3881
3607
3882
4957
3592
3608
3883
3593
3609
3884
3594
3610
3885
3595
3611
3886
3596
3612
3887
3597
3613
3888
3598
3614
3889
3599
3615
3890
3600
3616
3891
3601
3617
3892
3602
3618
3893
3603
3619
3894
3604
3620
3895
3605
3621
3896
3606
3622
3897
3607
3623
3898
3624
3899
4964
3609
3625
3900
3610
3626
3901
3611
3627
3902
3612
3628
3903
3613
3629
3904
3614
3630
3905
3615
3631
3906
3616
3632
3907
3617
3633
3908
3618
3634
3909
3619
3635
3910
3620
3636
3911
3621
3637
3912
3622
3638
3913
3623
3639
3914
3624
3640
3915
3641
3916
4971
3626
3642
3917
3627
3643
3918
3628
3644
3919
3629
3645
3920
3630
3646
3921
3631
3647
3922
3632
3648
3923
3633
3649
3924
3634
3650
3925
3635
3651
3926
3636
3652
3927
3637
3653
3928
3638
3654
3929
3639
3655
3930
3640
3656
3931
3641
3657
3932
3658
3933
4978
3643
3659
3934
3644
3660
3935
3645
3661
3936
3646
3662
3937
3647
3663
3938
3648
3664
3939
3649
3665
3940
3650
3666
3941
3651
3667
3942
3652
3668
3943
3653
3669
3944
3654
3670
3945
3655
3671
3946
3656
3672
3947
3657
3673
3948
3658
3674
3949
3675
3950
4985
3660
3676
3951
3661
3677
3952
3662
3678
3953
3663
3679
3954
3664
3680
3955
3665
3681
3956
3666
3682
3957
3667
3683
3958
3668
3684
3959
3669
3685
3960
3670
3686
3961
3671
3687
3962
3672
3688
3963
3673
3689
3964
3674
3690
3965
3675
3691
3966
3692
3967
4992
3677
3693
3968
3678
3694
3969
3679
3695
3970
3680
3696
3971
3681
3697
3972
3682
3698
3973
3683
3699
3974
3684
3700
3975
3685
3701
3976
3686
3702
3977
3687
3703
3978
3688
3704
3979
3689
3705
3980
3690
3706
3981
3691
3707
3982
3692
3708
3983
3709
3984
4999
3694
3710
3985
3695
3711
3986
3696
3712
3987
3697
3713
3988
3698
3714
3989
3699
3715
3990
3700
3716
3991
3701
3717
3992
3702
3718
3993
3703
3719
3994
3704
3720
3995
3705
3721
3996
3706
3722
3997
3707
3723
3998
3708
3724
3999
3709
3725
4000
3726
4001
5006
3711
3727
4002
3712
3728
4003
3713
3729
4004
3714
3730
4005
3715
3731
4006
3716
3732
4007
3717
3733
4008
3718
3734
4009
3719
3735
4010
3720
3736
4011
3721
3737
4012
3722
3738
4013
3723
3739
4014
3724
3740
4015
3725
3741
4016
3726
3742
4017
3743
4018
5013
3728
3744
4019
3729
3745
4020
3730
3746
4021
3731
3747
4022
3732
3748
4023
3733
3749
4024
3734
3750
4025
3735
3751
4026
3736
3752
4027
3737
3753
4028
3738
3754
4029
3739
3755
4030
3740
3756
4031
3741
3757
4032
3742
3758
4033
3743
3759
4034
3760
4035
5020
3745
3761
4036
3746
3762
4037
3747
3763
4038
3748
3764
4039
3749
3765
4040
3750
3766
4041
3751
3767
4042
3752
3768
4043
3753
3769
4044
3754
3770
4045
3755
3771
4046
3756
3772
4047
3757
3773
4048
3758
3774
4049
3759
3775
4050
3760
3776
4051
3777
4052
5027
3762
3778
4053
3763
3779
4054
3764
3780
4055
3765
3781
4056
3766
3782
4057
3767
3783
4058
3768
3784
4059
3769
3785
4060
3770
3786
4061
3771
3787
4062
3772
3788
4063
3773
3789
4064
3774
3790
4065
3775
3791
4066
3776
3792
4067
3777
3793
4068
3794
4069
5034
3779
3795
4070
3780
3796
4071
3781
3797
4072
3782
3798
4073
3783
3799
4074
3784
3800
4075
3785
3801
4076
3786
3802
4077
3787
3803
4078
3788
3804
4079
3789
3805
4080
3790
3806
4081
3791
3807
4082
3792
3808
4083
3793
3809
4084
3794
3810
4085
3811
4086
5041
3796
3812
4087
3797
3813
4088
3798
3814
4089
3799
3815
4090
3800
3816
4091
3801
3817
4092
3802
3818
4093
3803
3819
4094
3804
3820
4095
3805
3821
4096
3806
3822
4097
3807
3823
4098
3808
3824
4099
3809
3825
4100
3810
3826
4101
3811
3827
4102
3828
4103
5048
3813
4104
3814
4105
3815
4106
3816
4107
3817
4108
3818
4109
3819
4110
3820
4111
3821
4112
3822
4113
3823
4114
3824
4115
3825
4116
3826
4117
3827
4118
3828
4119
4120
5055
3830
3847
4121
3831
3848
4122
3832
3849
4123
3833
3850
4124
3834
3851
4125
3835
3852
4126
3836
3853
4127
3837
3854
4128
3838
3855
4129
3839
3856
4130
3840
3857
4131
3841
3858
4132
3842
3859
4133
3843
3860
4134
3844
3861
4135
3845
3862
4136
3846
3863
4137
3864
4138
5062
3848
3865
4139
3849
3866
4140
3850
3867
4141
3851
3868
4142
3852
3869
4143
3853
3870
4144
3854
3871
4145
3855
3872
4146
3856
3873
4147
3857
3874
4148
3858
3875
4149
3859
3876
4150
3860
3877
4151
3861
3878
4152
3862
3879
4153
3863
3880
4154
3864
3881
4155
3882
4156
5069
3866
4157
3867
3883
4158
3868
3884
4159
3869
3885
4160
3870
3886
4161
3871
3887
4162
3872
3888
4163
3873
3889
4164
3874
3890
4165
3875
3891
4166
3876
3892
4167
3877
3893
4168
3878
3894
4169
3879
3895
4170
3880
3896
4171
3881
3897
4172
3882
3898
4173
3899
4174
5076
3884
3900
4175
3885
3901
4176
3886
3902
4177
3887
3903
4178
3888
3904
4179
3889
3905
4180
3890
3906
4181
3891
3907
4182
3892
3908
4183
3893
3909
4184
3894
3910
4185
3895
3911
4186
3896
3912
4187
3897
3913
4188
3898
3914
4189
3899
3915
4190
3916
4191
5083
3901
3917
4192
3902
3918
4193
3903
3919
4194
3904
3920
4195
3905
3921
4196
3906
3922
4197
3907
3923
4198
3908
3924
4199
3909
3925
4200
3910
3926
4201
3911
3927
4202
3912
3928
4203
3913
3929
4204
3914
3930
4205
3915
3931
4206
3916
3932
4207
3933
4208
5090
3918
3934
4209
3919
3935
4210
3920
3936
4211
3921
3937
4212
3922
3938
4213
3923
3939
4214
3924
3940
4215
3925
3941
4216
3926
3942
4217
3927
3943
4218
3928
3944
4219
3929
3945
4220
3930
3946
4221
3931
3947
4222
3932
3948
4223
3933
3949
4224
3950
4225
5097
3935
3951
4226
3936
3952
4227
3937
3953
4228
3938
3954
4229
3939
3955
4230
3940
3956
4231
3941
3957
4232
3942
3958
4233
3943
3959
4234
3944
3960
4235
3945
3961
4236
3946
3962
4237
3947
3963
4238
3948
3964
4239
3949
3965
4240
3950
3966
4241
3967
4242
5104
3952
3968
4243
3953
3969
4244
3954
3970
4245
3955
3971
4246
3956
3972
4247
3957
3973
4248
3958
3974
4249
3959
3975
4250
3960
3976
4251
3961
3977
4252
3962
3978
4253
3963
3979
4254
3964
3980
4255
3965
3981
4256
3966
3982
4257
3967
3983
4258
3984
4259
5111
3969
3985
4260
3970
3986
4261
3971
3987
4262
3972
3988
4263
3973
3989
4264
3974
3990
4265
3975
3991
4266
3976
3992
4267
3977
3993
4268
3978
3994
4269
3979
3995
4270
3980
3996
4271
3981
3997
4272
3982
3998
4273
3983
3999
4274
3984
4000
4275
4001
4276
5118
3986
4002
4277
3987
4003
4278
3988
4004
4279
3989
4005
4280
3990
4006
4281
3991
4007
4282
3992
4008
4283
3993
4009
4284
3994
4010
4285
3995
4011
4286
3996
4012
4287
3997
4013
4288
3998
4014
4289
3999
4015
4290
4000
4016
4291
4001
4017
4292
4018
4293
5125
4003
4019
4294
4004
4020
4295
4005
4021
4296
4006
4022
4297
4007
4023
4298
4008
4024
4299
4009
4025
4300
4010
4026
4301
4011
4027
4302
4012
4028
4303
4013
4029
4304
4014
4030
4305
4015
4031
4306
4016
4032
4307
4017
4033
4308
4018
4034
4309
4035
4310
5132
4020
4036
4311
4021
4037
4312
4022
4038
4313
4023
4039
4314
4024
4040
4315
4025
4041
4316
4026
4042
4317
4027
4043
4318
4028
4044
4319
4029
4045
4320
4030
4046
4321
4031
4047
4322
4032
4048
4323
4033
4049
4324
4034
4050
4325
4035
4051
4326
4052
4327
5139
4037
4053
4328
4038
4054
4329
4039
4055
4330
4040
4056
4331
4041
4057
4332
4042
4058
4333
4043
4059
4334
4044
4060
4335
4045
4061
4336
4046
4062
4337
4047
4063
4338
4048
4064
4339
4049
4065
4340
4050
4066
4341
4051
4067
4342
4052
4068
4343
4069
4344
5146
4054
4070
4345
4055
4071
4346
4056
4072
4347
4057
4073
4348
4058
4074
4349
4059
4075
4350
4060
4076
4351
4061
4077
4352
4062
4078
4353
4063
4079
4354
4064
4080
4355
4065
4081
4356
4066
4082
4357
4067
4083
4358
4068
4084
4359
4069
4085
4360
4086
4361
5153
4071
4087
4362
4072
4088
4363
4073
4089
4364
4074
4090
4365
4075
4091
4366
4076
4092
4367
4077
4093
4368
4078
4094
4369
4079
4095
4370
4080
4096
4371
4081
4097
4372
4082
4098
4373
4083
4099
4374
4084
4100
4375
4085
4101
4376
4086
4102
4377
4103
4378
5160
4088
4104
4379
4089
4105
4380
4090
4106
4381
4091
4107
4382
4092
4108
4383
4093
4109
4384
4094
4110
4385
4095
4111
4386
4096
4112
4387
4097
4113
4388
4098
4114
4389
4099
4115
4390
4100
4116
4391
4101
4117
4392
4102
4118
4393
4103
4119
4394
4120
4395
5167
4105
4396
4106
4397
4107
4398
4108
4399
4109
4400
4110
4401
4111
4402
4112
4403
4113
4404
4114
4405
4115
4406
4116
4407
4117
4408
4118
4409
4119
4410
4120
4411
4412
5174
4122
4139
4413
4123
4140
4414
4124
4141
4415
4125
4142
4416
4126
4143
4417
4127
4144
4418
4128
4145
4419
4129
4146
4420
4130
4147
4421
4131
4148
4422
4132
4149
4423
4133
4150
4424
4134
4151
4425
4135
4152
4426
4136
4153
4427
4137
4154
4428
4138
4155
4429
4156
4430
5181
4140
4157
4431
4141
4158
4432
4142
4159
4433
4143
4160
4434
4144
4161
4435
4145
4162
4436
4146
4163
4437
4147
4164
4438
4148
4165
4439
4149
4166
4440
4150
4167
4441
4151
4168
4442
4152
4169
4443
4153
4170
4444
4154
4171
4445
4155
4172
4446
4156
4173
4447
4174
4448
5188
4158
4449
4159
4175
4450
4160
4176
4451
4161
4177
4452
4162
4178
4453
4163
4179
4454
4164
4180
4455
4165
4181
4456
4166
4182
4457
4167
4183
4458
4168
4184
4459
4169
4185
4460
4170
4186
4461
4171
4187
4462
4172
4188
4463
4173
4189
4464
4174
4190
4465
4191
4466
5195
4176
4192
4467
4177
4193
4468
4178
4194
4469
4179
4195
4470
4180
4196
4471
4181
4197
4472
4182
4198
4473
4183
4199
4474
4184
4200
4475
4185
4201
4476
4186
4202
4477
4187
4203
4478
4188
4204
4479
4189
4205
4480
4190
4206
4481
4191
4207
4482
4208
4483
5202
4193
4209
4484
4194
4210
4485
4195
4211
4486
4196
4212
4487
4197
4213
4488
4198
4214
4489
4199
4215
4490
4200
4216
4491
4201
4217
4492
4202
4218
4493
4203
4219
4494
4204
4220
4495
4205
4221
4496
4206
4222
4497
4207
4223
4498
4208
4224
4499
4225
4500
5209
4210
4226
4501
4211
4227
4502
4212
4228
4503
4213
4229
4504
4214
4230
4505
4215
4231
4506
4216
4232
4507
4217
4233
4508
4218
4234
4509
4219
4235
4510
4220
4236
4511
4221
4237
4512
4222
4238
4513
4223
4239
4514
4224
4240
4515
4225
4241
4516
4242
4517
5216
4227
4243
4518
4228
4244
4519
4229
4245
4520
4230
4246
4521
4231
4247
4522
4232
4248
4523
4233
4249
4524
4234
4250
4525
4235
4251
4526
4236
4252
4527
4237
4253
4528
4238
4254
4529
4239
4255
4530
4240
4256
4531
4241
4257
4532
4242
4258
4533
4259
4534
5223
4244
4260
4535
4245
4261
4536
4246
4262
4537
4247
4263
4538
4248
4264
4539
4249
4265
4540
4250
4266
4541
4251
4267
4542
4252
4268
4543
4253
4269
4544
4254
4270
4545
4255
4271
4546
4256
4272
4547
4257
4273
4548
4258
4274
4549
4259
4275
4550
4276
4551
5230
4261
4277
4552
4262
4278
4553
4263
4279
4554
4264
4280
4555
4265
4281
4556
4266
4282
4557
4267
4283
4558
4268
4284
4559
4269
4285
4560
4270
4286
4561
4271
4287
4562
4272
4288
4563
4273
4289
4564
4274
4290
4565
4275
4291
4566
4276
4292
4567
4293
4568
5237
4278
4294
4569
4279
4295
4570
4280
4296
4571
4281
4297
4572
4282
4298
4573
4283
4299
4574
4284
4300
4575
4285
4301
4576
4286
4302
4577
4287
4303
4578
4288
4304
4579
4289
4305
4580
4290
4306
4581
4291
4307
4582
4292
4308
4583
4293
4309
4584
4310
4585
5244
4295
4311
4586
4296
4312
4587
4297
4313
4588
4298
4314
4589
4299
4315
4590
4300
4316
4591
4301
4317
4592
4302
4318
4593
4303
4319
4594
4304
4320
4595
4305
4321
4596
4306
4322
4597
4307
4323
4598
4308
4324
4599
4309
4325
4600
4310
4326
4601
4327
4602
5251
4312
4328
4603
4313
4329
4604
4314
4330
4605
4315
4331
4606
4316
4332
4607
4317
4333
4608
4318
4334
4609
4319
4335
4610
4320
4336
4611
4321
4337
4612
4322
4338
4613
4323
4339
4614
4324
4340
4615
4325
4341
4616
4326
4342
4617
4327
4343
4618
4344
4619
5258
4329
4345
4620
4330
4346
4621
4331
4347
4622
4332
4348
4623
4333
4349
4624
4334
4350
4625
4335
4351
4626
4336
4352
4627
4337
4353
4628
4338
4354
4629
4339
4355
4630
4340
4356
4631
4341
4357
4632
4342
4358
4633
4343
4359
4634
4344
4360
4635
4361
4636
5265
4346
4362
4637
4347
4363
4638
4348
4364
4639
4349
4365
4640
4350
4366
4641
4351
4367
4642
4352
4368
4643
4353
4369
4644
4354
4370
4645
4355
4371
4646
4356
4372
4647
4357
4373
4648
4358
4374
4649
4359
4375
4650
4360
4376
4651
4361
4377
4652
4378
4653
5272
4363
4379
4654
4364
4380
4655
4365
4381
4656
4366
4382
4657
4367
4383
4658
4368
4384
4659
4369
4385
4660
4370
4386
4661
4371
4387
4662
4372
4388
4663
4373
4389
4664
4374
4390
4665
4375
4391
4666
4376
4392
4667
4377
4393
4668
4378
4394
4669
4395
4670
5279
4380
4396
4671
4381
4397
4672
4382
4398
4673
4383
4399
4674
4384
4400
4675
4385
4401
4676
4386
4402
4677
4387
4403
4678
4388
4404
4679
4389
4405
4680
4390
4406
4681
4391
4407
4682
4392
4408
4683
4393
4409
4684
4394
4410
4685
4395
4411
4686
4412
4687
5286
4397
4688
4398
4689
4399
4690
4400
4691
4401
4692
4402
4693
4403
4694
4404
4695
4405
4696
4406
4697
4407
4698
4408
4699
4409
4700
4410
4701
4411
4702
4412
4703
4704
5293
4414
4431
4415
4432
4416
4433
4417
4434
4418
4435
4419
4436
4420
4437
4421
4438
4422
4439
4423
4440
4424
4441
4425
4442
4426
4443
4427
4444
4428
4445
4429
4446
4430
4447
4448
5300
4432
4449
4433
4450
4434
4451
4435
4452
4436
4453
4437
4454
4438
4455
4439
4456
4440
4457
4441
4458
4442
4459
4443
4460
4444
4461
4445
4462
4446
4463
4447
4464
4448
4465
4466
5307
4450
4451
4467
4452
4468
4453
4469
4454
4470
4455
4471
4456
4472
4457
4473
4458
4474
4459
4475
4460
4476
4461
4477
4462
4478
4463
4479
4464
4480
4465
4481
4466
4482
4483
5314
4468
4484
4469
4485
4470
4486
4471
4487
4472
4488
4473
4489
4474
4490
4475
4491
4476
4492
4477
4493
4478
4494
4479
4495
4480
4496
4481
4497
4482
4498
4483
4499
4500
5321
4485
4501
4486
4502
4487
4503
4488
4504
4489
4505
4490
4506
4491
4507
4492
4508
4493
4509
4494
4510
4495
4511
4496
4512
4497
4513
4498
4514
4499
4515
4500
4516
4517
5328
4502
4518
4503
4519
4504
4520
4505
4521
4506
4522
4507
4523
4508
4524
4509
4525
4510
4526
4511
4527
4512
4528
4513
4529
4514
4530
4515
4531
4516
4532
4517
4533
4534
5335
4519
4535
4520
4536
4521
4537
4522
4538
4523
4539
4524
4540
4525
4541
4526
4542
4527
4543
4528
4544
4529
4545
4530
4546
4531
4547
4532
4548
4533
4549
4534
4550
4551
5342
4536
4552
4537
4553
4538
4554
4539
4555
4540
4556
4541
4557
4542
4558
4543
4559
4544
4560
4545
4561
4546
4562
4547
4563
4548
4564
4549
4565
4550
4566
4551
4567
4568
5349
4553
4569
4554
4570
4555
4571
4556
4572
4557
4573
4558
4574
4559
4575
4560
4576
4561
4577
4562
4578
4563
4579
4564
4580
4565
4581
4566
4582
4567
4583
4568
4584
4585
5356
4570
4586
4571
4587
4572
4588
4573
4589
4574
4590
4575
4591
4576
4592
4577
4593
4578
4594
4579
4595
4580
4596
4581
4597
4582
4598
4583
4599
4584
4600
4585
4601
4602
5363
4587
4603
4588
4604
4589
4605
4590
4606
4591
4607
4592
4608
4593
4609
4594
4610
4595
4611
4596
4612
4597
4613
4598
4614
4599
4615
4600
4616
4601
4617
4602
4618
4619
5370
4604
4620
4605
4621
4606
4622
4607
4623
4608
4624
4609
4625
4610
4626
4611
4627
4612
4628
4613
4629
4614
4630
4615
4631
4616
4632
4617
4633
4618
4634
4619
4635
4636
5377
4621
4637
4622
4638
4623
4639
4624
4640
4625
4641
4626
4642
4627
4643
4628
4644
4629
4645
4630
4646
4631
4647
4632
4648
4633
4649
4634
4650
4635
4651
4636
4652
4653
5384
4638
4654
4639
4655
4640
4656
4641
4657
4642
4658
4643
4659
4644
4660
4645
4661
4646
4662
4647
4663
4648
4664
4649
4665
4650
4666
4651
4667
4652
4668
4653
4669
4670
5391
4655
4671
4656
4672
4657
4673
4658
4674
4659
4675
4660
4676
4661
4677
4662
4678
4663
4679
4664
4680
4665
4681
4666
4682
4667
4683
4668
4684
4669
4685
4670
4686
4687
5398
4672
4688
4673
4689
4674
4690
4675
4691
4676
4692
4677
4693
4678
4694
4679
4695
4680
4696
4681
4697
4682
4698
4683
4699
4684
4700
4685
4701
4686
4702
4687
4703
4704
5405
4689
4690
4691
4692
4693
4694
4695
4696
4697
4698
4699
4700
4701
4702
4703
4704
5412
4706
4712
4824
4707
4713
4825
4708
4714
4826
4709
4715
4827
4710
4716
4828
4711
4717
4829
4718
4830
4713
4719
4831
4714
4720
4832
4715
4721
4833
4716
4722
4834
4717
4723
4835
4718
4724
4836
4725
4837
4720
4726
4838
4721
4727
4839
4722
4728
4840
4723
4729
4841
4724
4730
4842
4725
4731
4843
4732
4844
4727
4733
4845
4728
4734
4846
4729
4735
4847
4730
4736
4848
4731
4737
4849
4732
4738
4850
4739
4851
4734
4740
4852
4735
4741
4853
4736
4742
4854
4737
4743
4855
4738
4744
4856
4739
4745
4857
4746
4858
4741
4747
4859
4742
4748
4860
4743
4749
4861
4744
4750
4862
4745
4751
4863
4746
4752
4864
4753
4865
4748
4754
4866
4749
4755
4867
4750
4756
4868
4751
4757
4869
4752
4758
4870
4753
4759
4871
4760
4872
4755
4761
4873
4756
4762
4874
4757
4763
4875
4758
4764
4876
4759
4765
4877
4760
4766
4878
4767
4879
4762
4768
4880
4763
4769
4881
4764
4770
4882
4765
4771
4883
4766
4772
4884
4767
4773
4885
4774
4886
4769
4775
4887
4770
4776
4888
4771
4777
4889
4772
4778
4890
4773
4779
4891
4774
4780
4892
4781
4893
4776
4782
4894
4777
4783
4895
4778
4784
4896
4779
4785
4897
4780
4786
4898
4781
4787
4899
4788
4900
4783
4789
4901
4784
4790
4902
4785
4791
4903
4786
4792
4904
4787
4793
4905
4788
4794
4906
4795
4907
4790
4796
4908
4791
4797
4909
4792
4798
4910
4793
4799
4911
4794
4800
4912
4795
4801
4913
4802
4914
4797
4803
4915
4798
4804
4916
4799
4805
4917
4800
4806
4918
4801
4807
4919
4802
4808
4920
4809
4921
4804
4810
4922
4805
4811
4923
4806
4812
4924
4807
4813
4925
4808
4814
4926
4809
4815
4927
4816
4928
4811
4817
4929
4812
4818
4930
4813
4819
4931
4814
4820
4932
4815
4821
4933
4816
4822
4934
4823
4935
4818
4936
4819
4937
4820
4938
4821
4939
4822
4940
4823
4941
4942
4825
4831
4943
4826
4832
4944
4827
4833
4945
4828
4834
4946
4829
4835
4947
4830
4836
4948
4837
4949
4832
4838
4950
4833
4839
4951
4834
4840
4952
4835
4841
4953
4836
4842
4954
4837
4843
4955
4844
4956
4839
4845
4957
4840
4846
4958
4841
4847
4959
4842
4848
4960
4843
4849
4961
4844
4850
4962
4851
4963
4846
4852
4964
4847
4853
4965
4848
4854
4966
4849
4855
4967
4850
4856
4968
4851
4857
4969
4858
4970
4853
4859
4971
4854
4860
4972
4855
4861
4973
4856
4862
4974
4857
4863
4975
4858
4864
4976
4865
4977
4860
4866
4978
4861
4867
4979
4862
4868
4980
4863
4869
4981
4864
4870
4982
4865
4871
4983
4872
4984
4867
4873
4985
4868
4874
4986
4869
4875
4987
4870
4876
4988
4871
4877
4989
4872
4878
4990
4879
4991
4874
4880
4992
4875
4881
4993
4876
4882
4994
4877
4883
4995
4878
4884
4996
4879
4885
4997
4886
4998
4881
4887
4999
4882
4888
5000
4883
4889
5001
4884
4890
5002
4885
4891
5003
4886
4892
5004
4893
5005
4888
4894
5006
4889
4895
5007
4890
4896
5008
4891
4897
5009
4892
4898
5010
4893
4899
5011
4900
5012
4895
4901
5013
4896
4902
5014
4897
4903
5015
4898
4904
5016
4899
4905
5017
4900
4906
5018
4907
5019
4902
4908
5020
4903
4909
5021
4904
4910
5022
4905
4911
5023
4906
4912
5024
4907
4913
5025
4914
5026
4909
4915
5027
4910
4916
5028
4911
4917
5029
4912
4918
5030
4913
4919
5031
4914
4920
5032
4921
5033
4916
4922
5034
4917
4923
5035
4918
4924
5036
4919
4925
5037
4920
4926
5038
4921
4927
5039
4928
5040
4923
4929
5041
4924
4930
5042
4925
4931
5043
4926
4932
5044
4927
4933
5045
4928
4934
5046
4935
5047
4930
4936
5048
4931
4937
5049
4932
4938
5050
4933
4939
5051
4934
4940
5052
4935
4941
5053
4942
5054
4937
5055
4938
5056
4939
5057
4940
5058
4941
5059
4942
5060
5061
4944
4950
5062
4945
4951
5063
4946
4952
5064
4947
4953
5065
4948
4954
5066
4949
4955
5067
4956
5068
4951
4957
5069
4952
4958
5070
4953
4959
5071
4954
4960
5072
4955
4961
5073
4956
4962
5074
4963
5075
4958
4964
5076
4959
4965
5077
4960
4966
5078
4961
4967
5079
4962
4968
5080
4963
4969
5081
4970
5082
4965
4971
5083
4966
4972
5084
4967
4973
5085
4968
4974
5086
4969
4975
5087
4970
4976
5088
4977
5089
4972
4978
5090
4973
4979
5091
4974
4980
5092
4975
4981
5093
4976
4982
5094
4977
4983
5095
4984
5096
4979
4985
5097
4980
4986
5098
4981
4987
5099
4982
4988
5100
4983
4989
5101
4984
4990
5102
4991
5103
4986
4992
5104
4987
4993
5105
4988
4994
5106
4989
4995
5107
4990
4996
5108
4991
4997
5109
4998
5110
4993
4999
5111
4994
5000
5112
4995
5001
5113
4996
5002
5114
4997
5003
5115
4998
5004
5116
5005
5117
5000
5006
5118
5001
5007
5119
5002
5008
5120
5003
5009
5121
5004
5010
5122
5005
5011
5123
5012
5124
5007
5013
5125
5008
5014
5126
5009
5015
5127
5010
5016
5128
5011
5017
5129
5012
5018
5130
5019
5131
5014
5020
5132
5015
5021
5133
5016
5022
5134
5017
5023
5135
5018
5024
5136
5019
5025
5137
5026
5138
5021
5027
5139
5022
5028
5140
5023
5029
5141
5024
5030
5142
5025
5031
5143
5026
5032
5144
5033
5145
5028
5034
5146
5029
5035
5147
5030
5036
5148
5031
5037
5149
5032
5038
5150
5033
5039
5151
5040
5152
5035
5041
5153
5036
5042
5154
5037
5043
5155
5038
5044
5156
5039
5045
5157
5040
5046
5158
5047
5159
5042
5048
5160
5043
5049
5161
5044
5050
5162
5045
5051
5163
5046
5052
5164
5047
5053
5165
5054
5166
5049
5055
5167
5050
5056
5168
5051
5057
5169
5052
5058
5170
5053
5059
5171
5054
5060
5172
5061
5173
5056
5174
5057
5175
5058
5176
5059
5177
5060
5178
5061
5179
5180
5063
5069
5181
5064
5070
5182
5065
5071
5183
5066
5072
5184
5067
5073
5185
5068
5074
5186
5075
5187
5070
5076
5188
5071
5077
5189
5072
5078
5190
5073
5079
5191
5074
5080
5192
5075
5081
5193
5082
5194
5077
5083
5195
5078
5084
5196
5079
5085
5197
5080
5086
5198
5081
5087
5199
5082
5088
5200
5089
5201
5084
5090
5202
5085
5091
5203
5086
5092
5204
5087
5093
5205
5088
5094
5206
5089
5095
5207
5096
5208
5091
5097
5209
5092
5098
5210
5093
5099
5211
5094
5100
5212
5095
5101
5213
5096
5102
5214
5103
5215
5098
5104
5216
5099
5105
5217
5100
5106
5218
5101
5107
5219
5102
5108
5220
5103
5109
5221
5110
5222
5105
5111
5223
5106
5112
5224
5107
5113
5225
5108
5114
5226
5109
5115
5227
5110
5116
5228
5117
5229
5112
5118
5230
5113
5119
5231
5114
5120
5232
5115
5121
5233
5116
5122
5234
5117
5123
5235
5124
5236
5119
5125
5237
5120
5126
5238
5121
5127
5239
5122
5128
5240
5123
5129
5241
5124
5130
5242
5131
5243
5126
5132
5244
5127
5133
5245
5128
5134
5246
5129
5135
5247
5130
5136
5248
5131
5137
5249
5138
5250
5133
5139
5251
5134
5140
5252
5135
5141
5253
5136
5142
5254
5137
5143
5255
5138
5144
5256
5145
5257
5140
5146
5258
5141
5147
5259
5142
5148
5260
5143
5149
5261
5144
5150
5262
5145
5151
5263
5152
5264
5147
5153
5265
5148
5154
5266
5149
5155
5267
5150
5156
5268
5151
5157
5269
5152
5158
5270
5159
5271
5154
5160
5272
5155
5161
5273
5156
5162
5274
5157
5163
5275
5158
5164
5276
5159
5165
5277
5166
5278
5161
5167
5279
5162
5168
5280
5163
5169
5281
5164
5170
5282
5165
5171
5283
5166
5172
5284
5173
5285
5168
5174
5286
5169
5175
5287
5170
5176
5288
5171
5177
5289
5172
5178
5290
5173
5179
5291
5180
5292
5175
5293
5176
5294
5177
5295
5178
5296
5179
5297
5180
5298
5299
5182
5188
5300
5183
5189
5301
5184
5190
5302
5185
5191
5303
5186
5192
5304
5187
5193
5305
5194
5306
5189
5195
5307
5190
5196
5308
5191
5197
5309
5192
5198
5310
5193
5199
5311
5194
5200
5312
5201
5313
5196
5202
5314
5197
5203
5315
5198
5204
5316
5199
5205
5317
5200
5206
5318
5201
5207
5319
5208
5320
5203
5209
5321
5204
5210
5322
5205
5211
5323
5206
5212
5324
5207
5213
5325
5208
5214
5326
5215
5327
5210
5216
5328
5211
5217
5329
5212
5218
5330
5213
5219
5331
5214
5220
5332
5215
5221
5333
5222
5334
5217
5223
5335
5218
5224
5336
5219
5225
5337
5220
5226
5338
5221
5227
5339
5222
5228
5340
5229
5341
5224
5230
5342
5225
5231
5343
5226
5232
5344
5227
5233
5345
5228
5234
5346
5229
5235
5347
5236
5348
5231
5237
5349
5232
5238
5350
5233
5239
5351
5234
5240
5352
5235
5241
5353
5236
5242
5354
5243
5355
5238
5244
5356
5239
5245
5357
5240
5246
5358
5241
5247
5359
5242
5248
5360
5243
5249
5361
5250
5362
5245
5251
5363
5246
5252
5364
5247
5253
5365
5248
5254
5366
5249
5255
5367
5250
5256
5368
5257
5369
5252
5258
5370
5253
5259
5371
5254
5260
5372
5255
5261
5373
5256
5262
5374
5257
5263
5375
5264
5376
5259
5265
5377
5260
5266
5378
5261
5267
5379
5262
5268
5380
5263
5269
5381
5264
5270
5382
5271
5383
5266
5272
5384
5267
5273
5385
5268
5274
5386
5269
5275
5387
5270
5276
5388
5271
5277
5389
5278
5390
5273
5279
5391
5274
5280
5392
5275
5281
5393
5276
5282
5394
5277
5283
5395
5278
5284
5396
5285
5397
5280
5286
5398
5281
5287
5399
5282
5288
5400
5283
5289
5401
5284
5290
5402
5285
5291
5403
5292
5404
5287
5293
5405
5288
5294
5406
5289
5295
5407
5290
5296
5408
5291
5297
5409
5292
5298
5410
5299
5411
5294
5412
5295
5413
5296
5414
5297
5415
5298
5416
5299
5417
5418
5301
5307
5302
5308
5303
5309
5304
5310
5305
5311
5306
5312
5313
5308
5314
5309
5315
5310
5316
5311
5317
5312
5318
5313
5319
5320
5315
5321
5316
5322
5317
5323
5318
5324
5319
5325
5320
5326
5327
5322
5328
5323
5329
5324
5330
5325
5331
5326
5332
5327
5333
5334
5329
5335
5330
5336
5331
5337
5332
5338
5333
5339
5334
5340
5341
5336
5342
5337
5343
5338
5344
5339
5345
5340
5346
5341
5347
5348
5343
5349
5344
5350
5345
5351
5346
5352
5347
5353
5348
5354
5355
5350
5356
5351
5357
5352
5358
5353
5359
5354
5360
5355
5361
5362
5357
5363
5358
5364
5359
5365
5360
5366
5361
5367
5362
5368
5369
5364
5370
5365
5371
5366
5372
5367
5373
5368
5374
5369
5375
5376
5371
5377
5372
5378
5373
5379
5374
5380
5375
5381
5376
5382
5383
5378
5384
5379
5385
5380
5386
5381
5387
5382
5388
5383
5389
5390
5385
5391
5386
5392
5387
5393
5388
5394
5389
5395
5390
5396
5397
5392
5398
5393
5399
5394
5400
5395
5401
5396
5402
5397
5403
5404
5399
5405
5400
5406
5401
5407
5402
5408
5403
5409
5404
5410
5411
5406
5412
5407
5413
5408
5414
5409
5415
5410
5416
5411
5417
5418
5413
5414
5415
5416
5417
5418
)


// ************************************************************************* //
