/*--------------------------------*- C++ -*----------------------------------*\
| =========                 |                                                 |
| \\      /  F ield         | OpenFOAM: The Open Source CFD Toolbox           |
|  \\    /   O peration     | Version:  2406                                  |
|   \\  /    A nd           | Website:  www.openfoam.com                      |
|    \\/     M anipulation  |                                                 |
\*---------------------------------------------------------------------------*/
FoamFile
{
    version     2.0;
    format      ascii;
    arch        "LSB;label=32;scalar=64";
    class       volScalarField;
    location    "320";
    object      p;
}
// * * * * * * * * * * * * * * * * * * * * * * * * * * * * * * * * * * * * * //

dimensions      [0 2 -2 0 0 0 0];

internalField   nonuniform List<scalar> 
5462
(
5.650235e-06
5.581536e-06
5.512993e-06
5.44459e-06
5.376315e-06
5.308155e-06
5.240099e-06
5.17214e-06
5.104268e-06
5.036477e-06
4.968761e-06
4.901114e-06
4.833531e-06
4.766008e-06
4.698541e-06
4.631126e-06
4.563761e-06
4.496442e-06
4.429167e-06
5.650596e-06
5.581867e-06
5.513297e-06
5.444871e-06
5.376574e-06
5.308395e-06
5.240322e-06
5.172347e-06
5.104461e-06
5.036658e-06
4.96893e-06
4.901273e-06
4.833681e-06
4.766149e-06
4.698675e-06
4.631253e-06
4.563881e-06
4.496556e-06
4.429275e-06
5.651616e-06
5.582813e-06
5.514174e-06
5.445684e-06
5.377327e-06
5.309093e-06
5.24097e-06
5.172948e-06
5.105019e-06
5.037176e-06
4.969412e-06
4.901722e-06
4.834099e-06
4.766539e-06
4.699038e-06
4.631593e-06
4.564199e-06
4.496854e-06
4.429554e-06
5.653463e-06
5.584528e-06
5.515766e-06
5.447161e-06
5.378697e-06
5.310364e-06
5.242148e-06
5.174041e-06
5.106034e-06
5.038118e-06
4.970287e-06
4.902534e-06
4.834853e-06
4.767241e-06
4.699691e-06
4.6322e-06
4.564765e-06
4.497381e-06
4.430046e-06
5.656021e-06
5.58691e-06
5.517982e-06
5.449221e-06
5.380612e-06
5.312142e-06
5.2438e-06
5.175575e-06
5.107458e-06
5.03944e-06
4.971514e-06
4.903673e-06
4.835912e-06
4.768224e-06
4.700605e-06
4.63305e-06
4.565555e-06
4.498117e-06
4.43073e-06
5.659224e-06
5.5899e-06
5.520772e-06
5.451822e-06
5.383035e-06
5.314399e-06
5.2459e-06
5.177529e-06
5.109276e-06
5.041131e-06
4.973087e-06
4.905136e-06
4.837272e-06
4.769489e-06
4.701781e-06
4.634144e-06
4.566573e-06
4.499065e-06
4.431613e-06
5.662817e-06
5.593268e-06
5.523924e-06
5.454771e-06
5.385792e-06
5.316974e-06
5.248305e-06
5.179773e-06
5.111369e-06
5.043083e-06
4.974906e-06
4.906832e-06
4.838852e-06
4.770962e-06
4.703154e-06
4.635423e-06
4.567765e-06
4.500176e-06
4.432649e-06
5.666545e-06
5.596776e-06
5.527222e-06
5.457868e-06
5.388698e-06
5.319698e-06
5.250857e-06
5.182163e-06
5.113605e-06
5.045174e-06
4.976862e-06
4.908659e-06
4.84056e-06
4.772557e-06
4.704644e-06
4.636815e-06
4.569065e-06
4.50139e-06
4.433783e-06
5.67015e-06
5.600183e-06
5.530438e-06
5.4609e-06
5.391553e-06
5.322385e-06
5.253383e-06
5.184536e-06
5.115832e-06
5.047264e-06
4.978821e-06
4.910496e-06
4.842281e-06
4.774169e-06
4.706154e-06
4.638229e-06
4.570389e-06
4.502629e-06
4.434943e-06
5.673449e-06
5.603314e-06
5.533405e-06
5.463707e-06
5.394207e-06
5.32489e-06
5.255746e-06
5.186762e-06
5.117929e-06
5.049237e-06
4.980677e-06
4.91224e-06
4.84392e-06
4.775708e-06
4.707598e-06
4.639585e-06
4.571661e-06
4.503822e-06
4.436063e-06
5.676326e-06
5.606055e-06
5.536011e-06
5.466182e-06
5.396553e-06
5.327112e-06
5.257847e-06
5.188748e-06
5.119804e-06
5.051005e-06
4.982344e-06
4.913811e-06
4.845399e-06
4.7771e-06
4.708908e-06
4.640817e-06
4.57282e-06
4.504912e-06
4.437087e-06
5.67873e-06
5.608351e-06
5.538201e-06
5.468266e-06
5.398534e-06
5.328992e-06
5.25963e-06
5.190436e-06
5.121401e-06
5.052516e-06
4.98377e-06
4.915158e-06
4.846669e-06
4.778298e-06
4.710038e-06
4.641881e-06
4.573822e-06
4.505856e-06
4.437976e-06
5.680642e-06
5.610182e-06
5.539951e-06
5.469935e-06
5.400123e-06
5.330504e-06
5.261065e-06
5.191798e-06
5.122692e-06
5.053738e-06
4.984927e-06
4.916251e-06
4.847702e-06
4.779274e-06
4.710959e-06
4.64275e-06
4.574642e-06
4.506628e-06
4.438705e-06
5.682066e-06
5.611547e-06
5.541257e-06
5.471183e-06
5.401313e-06
5.331637e-06
5.262143e-06
5.192822e-06
5.123663e-06
5.054658e-06
4.985799e-06
4.917076e-06
4.848483e-06
4.780012e-06
4.711656e-06
4.643409e-06
4.575264e-06
4.507215e-06
4.439259e-06
5.683009e-06
5.612452e-06
5.542124e-06
5.472012e-06
5.402105e-06
5.332391e-06
5.26286e-06
5.193504e-06
5.124311e-06
5.055273e-06
4.986381e-06
4.917628e-06
4.849005e-06
4.780506e-06
4.712123e-06
4.64385e-06
4.575681e-06
4.507609e-06
4.439631e-06
5.612903e-06
5.542556e-06
5.472425e-06
5.402499e-06
5.332767e-06
5.263219e-06
5.193844e-06
5.124634e-06
5.05558e-06
4.986672e-06
4.917904e-06
4.849266e-06
4.780753e-06
5.612903e-06
5.542556e-06
5.472425e-06
5.402499e-06
5.332767e-06
5.263219e-06
5.193844e-06
5.650369e-06
5.58166e-06
5.513108e-06
5.444697e-06
5.376414e-06
5.308247e-06
5.240185e-06
5.172219e-06
5.104342e-06
5.036546e-06
4.968825e-06
4.901173e-06
4.833586e-06
4.766059e-06
4.698589e-06
4.631171e-06
4.563803e-06
4.496481e-06
4.429203e-06
5.650808e-06
5.582064e-06
5.51348e-06
5.44504e-06
5.376731e-06
5.30854e-06
5.240457e-06
5.172472e-06
5.104578e-06
5.036766e-06
4.969031e-06
4.901366e-06
4.833768e-06
4.76623e-06
4.69875e-06
4.631323e-06
4.563946e-06
4.496617e-06
4.429332e-06
5.651872e-06
5.58305e-06
5.514394e-06
5.445888e-06
5.377517e-06
5.309269e-06
5.241133e-06
5.1731e-06
5.10516e-06
5.037308e-06
4.969534e-06
4.901835e-06
4.834204e-06
4.766637e-06
4.69913e-06
4.631678e-06
4.564278e-06
4.496928e-06
4.429623e-06
5.653728e-06
5.584775e-06
5.515996e-06
5.447375e-06
5.378897e-06
5.310549e-06
5.242321e-06
5.174202e-06
5.106183e-06
5.038257e-06
4.970417e-06
4.902655e-06
4.834966e-06
4.767346e-06
4.699789e-06
4.632292e-06
4.56485e-06
4.497461e-06
4.43012e-06
5.656271e-06
5.587143e-06
5.518199e-06
5.449424e-06
5.380801e-06
5.312319e-06
5.243965e-06
5.175729e-06
5.107602e-06
5.039575e-06
4.97164e-06
4.903791e-06
4.836022e-06
4.768327e-06
4.700701e-06
4.63314e-06
4.565639e-06
4.498195e-06
4.430804e-06
5.659437e-06
5.590099e-06
5.520958e-06
5.451996e-06
5.383199e-06
5.314552e-06
5.246044e-06
5.177664e-06
5.109402e-06
5.04125e-06
4.973198e-06
4.905241e-06
4.83737e-06
4.769581e-06
4.701868e-06
4.634226e-06
4.56665e-06
4.499136e-06
4.431681e-06
5.66298e-06
5.59342e-06
5.524068e-06
5.454906e-06
5.385919e-06
5.317094e-06
5.248418e-06
5.17988e-06
5.111469e-06
5.043177e-06
4.974996e-06
4.906916e-06
4.838932e-06
4.771037e-06
4.703225e-06
4.635491e-06
4.567829e-06
4.500235e-06
4.432706e-06
5.666658e-06
5.596882e-06
5.527322e-06
5.457962e-06
5.388786e-06
5.319782e-06
5.250936e-06
5.182238e-06
5.113676e-06
5.045242e-06
4.976926e-06
4.90872e-06
4.840618e-06
4.772612e-06
4.704696e-06
4.636865e-06
4.569113e-06
4.501435e-06
4.433826e-06
5.670219e-06
5.600248e-06
5.530499e-06
5.460957e-06
5.391607e-06
5.322436e-06
5.253432e-06
5.184582e-06
5.115877e-06
5.047306e-06
4.978862e-06
4.910535e-06
4.842318e-06
4.774205e-06
4.706188e-06
4.638261e-06
4.57042e-06
4.502659e-06
4.434972e-06
5.673487e-06
5.603349e-06
5.533437e-06
5.463737e-06
5.394235e-06
5.324917e-06
5.255771e-06
5.186786e-06
5.117952e-06
5.049259e-06
4.980697e-06
4.91226e-06
4.843939e-06
4.775727e-06
4.707616e-06
4.639602e-06
4.571678e-06
4.503839e-06
4.436079e-06
5.676345e-06
5.60607e-06
5.536025e-06
5.466193e-06
5.396563e-06
5.327121e-06
5.257855e-06
5.188755e-06
5.119811e-06
5.051012e-06
4.982351e-06
4.913818e-06
4.845405e-06
4.777107e-06
4.708915e-06
4.640823e-06
4.572826e-06
4.504918e-06
4.437093e-06
5.678738e-06
5.608356e-06
5.538204e-06
5.468267e-06
5.398534e-06
5.328991e-06
5.259628e-06
5.190434e-06
5.121399e-06
5.052513e-06
4.983768e-06
4.915156e-06
4.846667e-06
4.778297e-06
4.710036e-06
4.64188e-06
4.573821e-06
4.505855e-06
4.437976e-06
5.680646e-06
5.610182e-06
5.539949e-06
5.469931e-06
5.400118e-06
5.330497e-06
5.261058e-06
5.191791e-06
5.122684e-06
5.05373e-06
4.984919e-06
4.916244e-06
4.847695e-06
4.779267e-06
4.710952e-06
4.642744e-06
4.574636e-06
4.506623e-06
4.4387e-06
5.682068e-06
5.611546e-06
5.541253e-06
5.471177e-06
5.401306e-06
5.331628e-06
5.262134e-06
5.192812e-06
5.123653e-06
5.054648e-06
4.985789e-06
4.917067e-06
4.848474e-06
4.780003e-06
4.711647e-06
4.6434e-06
4.575256e-06
4.507208e-06
4.439251e-06
5.68301e-06
5.612451e-06
5.54212e-06
5.472006e-06
5.402097e-06
5.332382e-06
5.262851e-06
5.193493e-06
5.1243e-06
5.055262e-06
4.98637e-06
4.917617e-06
4.848995e-06
4.780495e-06
4.712113e-06
4.64384e-06
4.575672e-06
4.5076e-06
4.439622e-06
5.612902e-06
5.542552e-06
5.472419e-06
5.402491e-06
5.332758e-06
5.263209e-06
5.193834e-06
5.124623e-06
5.055569e-06
4.986661e-06
4.917893e-06
4.849255e-06
4.780742e-06
5.612902e-06
5.542552e-06
5.472419e-06
5.402491e-06
5.332758e-06
5.263209e-06
5.193834e-06
5.65045e-06
5.581736e-06
5.513179e-06
5.444763e-06
5.376476e-06
5.308304e-06
5.240238e-06
5.172269e-06
5.104388e-06
5.036588e-06
4.968864e-06
4.90121e-06
4.833621e-06
4.766091e-06
4.698619e-06
4.631199e-06
4.563828e-06
4.496505e-06
4.429225e-06
5.650985e-06
5.582228e-06
5.513633e-06
5.445182e-06
5.376863e-06
5.308662e-06
5.24057e-06
5.172577e-06
5.104675e-06
5.036857e-06
4.969115e-06
4.901445e-06
4.833841e-06
4.766298e-06
4.698813e-06
4.631382e-06
4.564001e-06
4.496669e-06
4.42938e-06
5.652092e-06
5.583255e-06
5.514584e-06
5.446064e-06
5.377681e-06
5.309422e-06
5.241275e-06
5.173232e-06
5.105283e-06
5.037422e-06
4.969641e-06
4.901934e-06
4.834297e-06
4.766723e-06
4.69921e-06
4.631753e-06
4.564348e-06
4.496993e-06
4.429683e-06
5.653962e-06
5.584993e-06
5.516199e-06
5.447564e-06
5.379073e-06
5.310713e-06
5.242474e-06
5.174344e-06
5.106316e-06
5.038381e-06
4.970532e-06
4.902762e-06
4.835066e-06
4.767439e-06
4.699876e-06
4.632373e-06
4.564926e-06
4.497532e-06
4.430186e-06
5.656492e-06
5.587349e-06
5.518392e-06
5.449604e-06
5.380969e-06
5.312476e-06
5.244112e-06
5.175867e-06
5.10773e-06
5.039695e-06
4.971752e-06
4.903896e-06
4.83612e-06
4.768419e-06
4.700787e-06
4.633221e-06
4.565714e-06
4.498266e-06
4.43087e-06
5.659628e-06
5.590278e-06
5.521125e-06
5.452153e-06
5.383345e-06
5.31469e-06
5.246173e-06
5.177785e-06
5.109516e-06
5.041356e-06
4.973298e-06
4.905335e-06
4.837459e-06
4.769664e-06
4.701946e-06
4.634299e-06
4.566719e-06
4.499201e-06
4.431741e-06
5.66313e-06
5.59356e-06
5.524199e-06
5.455029e-06
5.386035e-06
5.317203e-06
5.248521e-06
5.179977e-06
5.111561e-06
5.043264e-06
4.975077e-06
4.906993e-06
4.839004e-06
4.771105e-06
4.703289e-06
4.635551e-06
4.567886e-06
4.500289e-06
4.432756e-06
5.666765e-06
5.596981e-06
5.527415e-06
5.45805e-06
5.388869e-06
5.31986e-06
5.25101e-06
5.182308e-06
5.113742e-06
5.045304e-06
4.976985e-06
4.908777e-06
4.840671e-06
4.772663e-06
4.704744e-06
4.636911e-06
4.569156e-06
4.501476e-06
4.433865e-06
5.670289e-06
5.600312e-06
5.530559e-06
5.461013e-06
5.39166e-06
5.322486e-06
5.253479e-06
5.184626e-06
5.115919e-06
5.047346e-06
4.9789e-06
4.910571e-06
4.842353e-06
4.774238e-06
4.70622e-06
4.638292e-06
4.570449e-06
4.502686e-06
4.434998e-06
5.673528e-06
5.603386e-06
5.533471e-06
5.463769e-06
5.394264e-06
5.324944e-06
5.255796e-06
5.18681e-06
5.117975e-06
5.04928e-06
4.980718e-06
4.91228e-06
4.843958e-06
4.775745e-06
4.707634e-06
4.639619e-06
4.571695e-06
4.503855e-06
4.436095e-06
5.676368e-06
5.60609e-06
5.536042e-06
5.466208e-06
5.396576e-06
5.327132e-06
5.257866e-06
5.188765e-06
5.11982e-06
5.051021e-06
4.982359e-06
4.913825e-06
4.845413e-06
4.777114e-06
4.708922e-06
4.64083e-06
4.572833e-06
4.504925e-06
4.4371e-06
5.678751e-06
5.608366e-06
5.538211e-06
5.468272e-06
5.398537e-06
5.328993e-06
5.259629e-06
5.190435e-06
5.121399e-06
5.052513e-06
4.983768e-06
4.915155e-06
4.846667e-06
4.778296e-06
4.710036e-06
4.64188e-06
4.573821e-06
4.505855e-06
4.437976e-06
5.680654e-06
5.610187e-06
5.539951e-06
5.469931e-06
5.400116e-06
5.330494e-06
5.261055e-06
5.191786e-06
5.122679e-06
5.053725e-06
4.984914e-06
4.916238e-06
4.84769e-06
4.779262e-06
4.710948e-06
4.642739e-06
4.574632e-06
4.506619e-06
4.438696e-06
5.682074e-06
5.611549e-06
5.541253e-06
5.471175e-06
5.401302e-06
5.331623e-06
5.262127e-06
5.192805e-06
5.123646e-06
5.054641e-06
4.985781e-06
4.917059e-06
4.848466e-06
4.779995e-06
4.71164e-06
4.643393e-06
4.575249e-06
4.507201e-06
4.439245e-06
5.683017e-06
5.612453e-06
5.542119e-06
5.472003e-06
5.402092e-06
5.332375e-06
5.262843e-06
5.193485e-06
5.124291e-06
5.055253e-06
4.986361e-06
4.917608e-06
4.848986e-06
4.780487e-06
4.712104e-06
4.643832e-06
4.575664e-06
4.507593e-06
4.439615e-06
5.612904e-06
5.542551e-06
5.472416e-06
5.402486e-06
5.332751e-06
5.263201e-06
5.193825e-06
5.124614e-06
5.055559e-06
4.986652e-06
4.917883e-06
4.849246e-06
4.780733e-06
5.612904e-06
5.542551e-06
5.472416e-06
5.402486e-06
5.332751e-06
5.263201e-06
5.193825e-06
5.650439e-06
5.581727e-06
5.513172e-06
5.444757e-06
5.376471e-06
5.3083e-06
5.240234e-06
5.172265e-06
5.104385e-06
5.036586e-06
4.968862e-06
4.901208e-06
4.833618e-06
4.766089e-06
4.698616e-06
4.631196e-06
4.563826e-06
4.496502e-06
4.429223e-06
5.651074e-06
5.582311e-06
5.51371e-06
5.445254e-06
5.37693e-06
5.308725e-06
5.240629e-06
5.172632e-06
5.104726e-06
5.036904e-06
4.969159e-06
4.901486e-06
4.833879e-06
4.766334e-06
4.698846e-06
4.631413e-06
4.56403e-06
4.496695e-06
4.429405e-06
5.652218e-06
5.583373e-06
5.514694e-06
5.446167e-06
5.377777e-06
5.309511e-06
5.241358e-06
5.173309e-06
5.105356e-06
5.037489e-06
4.969704e-06
4.901993e-06
4.834351e-06
4.766774e-06
4.699257e-06
4.631797e-06
4.564389e-06
4.497031e-06
4.429719e-06
5.654105e-06
5.585126e-06
5.516323e-06
5.447679e-06
5.37918e-06
5.310814e-06
5.242568e-06
5.174432e-06
5.106398e-06
5.038458e-06
4.970603e-06
4.902829e-06
4.835129e-06
4.767498e-06
4.699931e-06
4.632424e-06
4.564973e-06
4.497576e-06
4.430228e-06
5.656631e-06
5.587478e-06
5.518512e-06
5.449716e-06
5.381075e-06
5.312575e-06
5.244204e-06
5.175953e-06
5.107811e-06
5.03977e-06
4.971823e-06
4.903962e-06
4.836182e-06
4.768477e-06
4.700841e-06
4.633271e-06
4.565762e-06
4.49831e-06
4.430911e-06
5.659752e-06
5.590393e-06
5.521233e-06
5.452253e-06
5.38344e-06
5.314778e-06
5.246256e-06
5.177863e-06
5.109589e-06
5.041425e-06
4.973363e-06
4.905395e-06
4.837515e-06
4.769717e-06
4.701996e-06
4.634346e-06
4.566763e-06
4.499242e-06
4.43178e-06
5.663232e-06
5.593655e-06
5.524288e-06
5.455112e-06
5.386112e-06
5.317275e-06
5.248589e-06
5.18004e-06
5.111621e-06
5.04332e-06
4.97513e-06
4.907043e-06
4.839052e-06
4.77115e-06
4.703331e-06
4.635591e-06
4.567923e-06
4.500324e-06
4.432789e-06
5.666842e-06
5.597053e-06
5.527482e-06
5.458112e-06
5.388927e-06
5.319915e-06
5.251061e-06
5.182356e-06
5.113788e-06
5.045347e-06
4.977026e-06
4.908815e-06
4.840707e-06
4.772697e-06
4.704777e-06
4.636941e-06
4.569185e-06
4.501503e-06
4.433891e-06
5.670344e-06
5.600363e-06
5.530606e-06
5.461056e-06
5.3917e-06
5.322523e-06
5.253514e-06
5.184659e-06
5.11595e-06
5.047376e-06
4.978928e-06
4.910598e-06
4.842378e-06
4.774261e-06
4.706242e-06
4.638313e-06
4.570469e-06
4.502705e-06
4.435017e-06
5.673566e-06
5.60342e-06
5.533502e-06
5.463796e-06
5.394289e-06
5.324967e-06
5.255818e-06
5.18683e-06
5.117993e-06
5.049298e-06
4.980735e-06
4.912296e-06
4.843973e-06
4.775759e-06
4.707648e-06
4.639632e-06
4.571707e-06
4.503867e-06
4.436106e-06
5.676394e-06
5.606112e-06
5.536061e-06
5.466225e-06
5.396591e-06
5.327145e-06
5.257877e-06
5.188775e-06
5.119829e-06
5.051029e-06
4.982367e-06
4.913833e-06
4.84542e-06
4.777121e-06
4.708928e-06
4.640836e-06
4.572839e-06
4.50493e-06
4.437106e-06
5.678769e-06
5.608381e-06
5.538223e-06
5.468282e-06
5.398545e-06
5.328999e-06
5.259634e-06
5.190439e-06
5.121402e-06
5.052516e-06
4.98377e-06
4.915157e-06
4.846669e-06
4.778298e-06
4.710037e-06
4.641881e-06
4.573823e-06
4.505856e-06
4.437977e-06
5.680669e-06
5.610198e-06
5.539959e-06
5.469937e-06
5.40012e-06
5.330497e-06
5.261056e-06
5.191786e-06
5.122679e-06
5.053724e-06
4.984913e-06
4.916237e-06
4.847689e-06
4.77926e-06
4.710946e-06
4.642738e-06
4.57463e-06
4.506618e-06
4.438695e-06
5.682087e-06
5.611558e-06
5.54126e-06
5.471179e-06
5.401304e-06
5.331624e-06
5.262127e-06
5.192803e-06
5.123643e-06
5.054638e-06
4.985778e-06
4.917055e-06
4.848462e-06
4.779991e-06
4.711636e-06
4.643389e-06
4.575245e-06
4.507198e-06
4.439242e-06
5.683029e-06
5.612462e-06
5.542125e-06
5.472006e-06
5.402093e-06
5.332375e-06
5.262842e-06
5.193482e-06
5.124288e-06
5.055249e-06
4.986357e-06
4.917603e-06
4.848981e-06
4.780482e-06
4.7121e-06
4.643827e-06
4.575659e-06
4.507588e-06
4.439611e-06
5.612912e-06
5.542557e-06
5.472419e-06
5.402487e-06
5.332751e-06
5.263199e-06
5.193822e-06
5.124611e-06
5.055555e-06
4.986647e-06
4.917878e-06
4.849241e-06
4.780728e-06
5.612912e-06
5.542557e-06
5.472419e-06
5.402487e-06
5.332751e-06
5.263199e-06
5.193822e-06
5.650348e-06
5.581644e-06
5.513096e-06
5.444688e-06
5.376407e-06
5.308241e-06
5.24018e-06
5.172215e-06
5.104338e-06
5.036542e-06
4.968822e-06
4.90117e-06
4.833583e-06
4.766056e-06
4.698585e-06
4.631167e-06
4.563798e-06
4.496476e-06
4.429198e-06
5.65109e-06
5.582326e-06
5.513724e-06
5.445268e-06
5.376943e-06
5.308738e-06
5.240641e-06
5.172644e-06
5.104737e-06
5.036914e-06
4.969169e-06
4.901495e-06
4.833888e-06
4.766342e-06
4.698854e-06
4.63142e-06
4.564037e-06
4.496701e-06
4.42941e-06
5.652271e-06
5.583422e-06
5.514741e-06
5.446211e-06
5.377818e-06
5.309549e-06
5.241394e-06
5.173343e-06
5.105387e-06
5.037519e-06
4.969732e-06
4.902019e-06
4.834376e-06
4.766797e-06
4.699279e-06
4.631817e-06
4.564408e-06
4.497049e-06
4.429735e-06
5.654175e-06
5.585192e-06
5.516384e-06
5.447737e-06
5.379235e-06
5.310865e-06
5.242615e-06
5.174477e-06
5.10644e-06
5.038497e-06
4.97064e-06
4.902864e-06
4.835161e-06
4.767528e-06
4.699959e-06
4.632451e-06
4.564998e-06
4.497599e-06
4.430249e-06
5.656705e-06
5.587547e-06
5.518577e-06
5.449776e-06
5.381131e-06
5.312627e-06
5.244253e-06
5.175999e-06
5.107854e-06
5.039811e-06
4.971861e-06
4.903998e-06
4.836215e-06
4.768508e-06
4.700871e-06
4.633299e-06
4.565788e-06
4.498334e-06
4.430934e-06
5.659824e-06
5.59046e-06
5.521295e-06
5.452311e-06
5.383493e-06
5.314828e-06
5.246303e-06
5.177907e-06
5.10963e-06
5.041463e-06
4.973399e-06
4.905429e-06
4.837547e-06
4.769747e-06
4.702024e-06
4.634372e-06
4.566787e-06
4.499265e-06
4.431801e-06
5.663298e-06
5.593716e-06
5.524343e-06
5.455163e-06
5.38616e-06
5.31732e-06
5.24863e-06
5.180079e-06
5.111657e-06
5.043354e-06
4.975161e-06
4.907072e-06
4.839079e-06
4.771176e-06
4.703356e-06
4.635614e-06
4.567945e-06
4.500345e-06
4.432808e-06
5.666899e-06
5.597105e-06
5.527529e-06
5.458155e-06
5.388967e-06
5.319951e-06
5.251095e-06
5.182387e-06
5.113817e-06
5.045375e-06
4.977051e-06
4.908839e-06
4.84073e-06
4.772718e-06
4.704797e-06
4.63696e-06
4.569202e-06
4.50152e-06
4.433906e-06
5.67039e-06
5.600404e-06
5.530643e-06
5.46109e-06
5.391731e-06
5.322552e-06
5.25354e-06
5.184683e-06
5.115972e-06
5.047396e-06
4.978947e-06
4.910616e-06
4.842395e-06
4.774277e-06
4.706257e-06
4.638327e-06
4.570482e-06
4.502718e-06
4.435028e-06
5.673603e-06
5.603452e-06
5.53353e-06
5.463822e-06
5.394312e-06
5.324988e-06
5.255836e-06
5.186847e-06
5.118009e-06
5.049312e-06
4.980748e-06
4.912308e-06
4.843985e-06
4.77577e-06
4.707658e-06
4.639642e-06
4.571716e-06
4.503875e-06
4.436114e-06
5.676423e-06
5.606137e-06
5.536082e-06
5.466244e-06
5.396607e-06
5.32716e-06
5.25789e-06
5.188787e-06
5.119839e-06
5.051039e-06
4.982375e-06
4.91384e-06
4.845427e-06
4.777127e-06
4.708934e-06
4.640842e-06
4.572844e-06
4.504935e-06
4.437111e-06
5.678794e-06
5.608401e-06
5.53824e-06
5.468296e-06
5.398557e-06
5.329009e-06
5.259643e-06
5.190446e-06
5.121408e-06
5.052521e-06
4.983775e-06
4.915161e-06
4.846672e-06
4.778301e-06
4.71004e-06
4.641883e-06
4.573825e-06
4.505858e-06
4.43798e-06
5.68069e-06
5.610215e-06
5.539973e-06
5.469948e-06
5.400129e-06
5.330504e-06
5.261061e-06
5.191791e-06
5.122682e-06
5.053727e-06
4.984915e-06
4.916238e-06
4.84769e-06
4.779261e-06
4.710946e-06
4.642738e-06
4.574631e-06
4.506618e-06
4.438695e-06
5.682107e-06
5.611574e-06
5.541272e-06
5.471189e-06
5.401312e-06
5.331629e-06
5.262131e-06
5.192806e-06
5.123645e-06
5.054639e-06
4.985778e-06
4.917055e-06
4.848462e-06
4.779991e-06
4.711635e-06
4.643388e-06
4.575244e-06
4.507197e-06
4.439241e-06
5.683048e-06
5.612477e-06
5.542137e-06
5.472015e-06
5.4021e-06
5.33238e-06
5.262845e-06
5.193485e-06
5.124289e-06
5.055249e-06
4.986357e-06
4.917603e-06
4.84898e-06
4.78048e-06
4.712098e-06
4.643826e-06
4.575657e-06
4.507586e-06
4.439609e-06
5.612927e-06
5.542568e-06
5.472428e-06
5.402494e-06
5.332755e-06
5.263202e-06
5.193824e-06
5.124611e-06
5.055555e-06
4.986646e-06
4.917877e-06
4.849239e-06
4.780726e-06
5.612927e-06
5.542568e-06
5.472428e-06
5.402494e-06
5.332755e-06
5.263202e-06
5.193824e-06
5.650186e-06
5.581495e-06
5.512958e-06
5.444561e-06
5.37629e-06
5.308133e-06
5.24008e-06
5.172123e-06
5.104252e-06
5.036463e-06
4.968747e-06
4.901101e-06
4.833518e-06
4.765996e-06
4.698529e-06
4.631114e-06
4.563749e-06
4.49643e-06
4.429154e-06
5.651044e-06
5.582284e-06
5.513686e-06
5.445234e-06
5.376912e-06
5.308709e-06
5.240615e-06
5.172619e-06
5.104715e-06
5.036894e-06
4.96915e-06
4.901477e-06
4.833871e-06
4.766327e-06
4.69884e-06
4.631407e-06
4.564024e-06
4.49669e-06
4.429399e-06
5.652263e-06
5.583415e-06
5.514735e-06
5.446206e-06
5.377814e-06
5.309547e-06
5.241392e-06
5.173342e-06
5.105386e-06
5.037518e-06
4.969731e-06
4.902019e-06
4.834376e-06
4.766797e-06
4.699279e-06
4.631817e-06
4.564408e-06
4.497049e-06
4.429735e-06
5.654189e-06
5.585205e-06
5.516397e-06
5.447749e-06
5.379246e-06
5.310876e-06
5.242626e-06
5.174487e-06
5.10645e-06
5.038506e-06
4.970649e-06
4.902872e-06
4.835169e-06
4.767535e-06
4.699966e-06
4.632457e-06
4.565005e-06
4.497605e-06
4.430254e-06
5.656729e-06
5.587569e-06
5.518596e-06
5.449794e-06
5.381148e-06
5.312643e-06
5.244268e-06
5.176013e-06
5.107867e-06
5.039823e-06
4.971872e-06
4.904009e-06
4.836226e-06
4.768518e-06
4.70088e-06
4.633307e-06
4.565796e-06
4.498342e-06
4.43094e-06
5.659857e-06
5.59049e-06
5.521321e-06
5.452335e-06
5.383515e-06
5.314848e-06
5.246321e-06
5.177924e-06
5.109646e-06
5.041478e-06
4.973412e-06
4.905441e-06
4.837559e-06
4.769758e-06
4.702034e-06
4.634382e-06
4.566796e-06
4.499274e-06
4.431809e-06
5.663336e-06
5.59375e-06
5.524373e-06
5.45519e-06
5.386184e-06
5.317342e-06
5.24865e-06
5.180097e-06
5.111673e-06
5.043369e-06
4.975176e-06
4.907086e-06
4.839091e-06
4.771187e-06
4.703366e-06
4.635623e-06
4.567954e-06
4.500353e-06
4.432816e-06
5.66694e-06
5.597141e-06
5.527561e-06
5.458183e-06
5.388992e-06
5.319974e-06
5.251116e-06
5.182406e-06
5.113834e-06
5.04539e-06
4.977065e-06
4.908852e-06
4.840742e-06
4.772729e-06
4.704807e-06
4.636969e-06
4.569211e-06
4.501528e-06
4.433914e-06
5.67043e-06
5.600439e-06
5.530673e-06
5.461117e-06
5.391755e-06
5.322573e-06
5.253559e-06
5.1847e-06
5.115987e-06
5.04741e-06
4.978959e-06
4.910627e-06
4.842405e-06
4.774287e-06
4.706266e-06
4.638335e-06
4.57049e-06
4.502725e-06
4.435035e-06
5.67364e-06
5.603484e-06
5.533558e-06
5.463846e-06
5.394333e-06
5.325006e-06
5.255853e-06
5.186862e-06
5.118022e-06
5.049324e-06
4.980759e-06
4.912318e-06
4.843993e-06
4.775778e-06
4.707665e-06
4.639648e-06
4.571722e-06
4.503881e-06
4.43612e-06
5.676457e-06
5.606166e-06
5.536107e-06
5.466265e-06
5.396626e-06
5.327176e-06
5.257904e-06
5.188799e-06
5.11985e-06
5.051048e-06
4.982383e-06
4.913848e-06
4.845433e-06
4.777133e-06
4.70894e-06
4.640847e-06
4.572849e-06
4.504939e-06
4.437115e-06
5.678824e-06
5.608427e-06
5.538262e-06
5.468315e-06
5.398573e-06
5.329023e-06
5.259655e-06
5.190456e-06
5.121417e-06
5.052529e-06
4.983781e-06
4.915167e-06
4.846677e-06
4.778305e-06
4.710044e-06
4.641887e-06
4.573828e-06
4.505861e-06
4.437982e-06
5.680719e-06
5.610239e-06
5.539993e-06
5.469965e-06
5.400143e-06
5.330516e-06
5.261072e-06
5.191799e-06
5.12269e-06
5.053733e-06
4.98492e-06
4.916243e-06
4.847693e-06
4.779264e-06
4.710949e-06
4.64274e-06
4.574632e-06
4.506619e-06
4.438697e-06
5.682135e-06
5.611597e-06
5.541291e-06
5.471204e-06
5.401325e-06
5.33164e-06
5.26214e-06
5.192814e-06
5.123651e-06
5.054644e-06
4.985782e-06
4.917058e-06
4.848464e-06
4.779993e-06
4.711637e-06
4.64339e-06
4.575245e-06
4.507198e-06
4.439242e-06
5.683075e-06
5.612499e-06
5.542155e-06
5.47203e-06
5.402112e-06
5.33239e-06
5.262853e-06
5.193491e-06
5.124295e-06
5.055254e-06
4.98636e-06
4.917605e-06
4.848982e-06
4.780482e-06
4.712099e-06
4.643826e-06
4.575658e-06
4.507587e-06
4.439609e-06
5.612949e-06
5.542586e-06
5.472442e-06
5.402506e-06
5.332765e-06
5.26321e-06
5.193831e-06
5.124617e-06
5.055559e-06
4.986649e-06
4.917879e-06
4.849241e-06
4.780727e-06
5.612949e-06
5.542586e-06
5.472442e-06
5.402506e-06
5.332765e-06
5.26321e-06
5.193831e-06
5.649962e-06
5.581288e-06
5.512767e-06
5.444385e-06
5.376127e-06
5.307982e-06
5.23994e-06
5.171993e-06
5.104132e-06
5.036351e-06
4.968643e-06
4.901004e-06
4.833428e-06
4.765911e-06
4.69845e-06
4.63104e-06
4.563679e-06
4.496365e-06
4.429093e-06
5.650945e-06
5.582194e-06
5.513603e-06
5.445156e-06
5.376841e-06
5.308644e-06
5.240554e-06
5.172563e-06
5.104663e-06
5.036846e-06
4.969106e-06
4.901436e-06
4.833833e-06
4.766291e-06
4.698806e-06
4.631376e-06
4.563995e-06
4.496662e-06
4.429374e-06
5.652205e-06
5.583362e-06
5.514686e-06
5.446161e-06
5.377773e-06
5.309508e-06
5.241357e-06
5.173309e-06
5.105357e-06
5.037491e-06
4.969706e-06
4.901995e-06
4.834354e-06
4.766777e-06
4.699261e-06
4.6318e-06
4.564392e-06
4.497034e-06
4.429721e-06
5.654155e-06
5.585173e-06
5.516367e-06
5.447721e-06
5.379221e-06
5.310852e-06
5.242604e-06
5.174467e-06
5.106432e-06
5.038489e-06
4.970634e-06
4.902858e-06
4.835156e-06
4.767523e-06
4.699955e-06
4.632447e-06
4.564995e-06
4.497596e-06
4.430246e-06
5.656711e-06
5.587551e-06
5.518579e-06
5.449778e-06
5.381132e-06
5.312628e-06
5.244254e-06
5.176e-06
5.107855e-06
5.039811e-06
4.971862e-06
4.903999e-06
4.836217e-06
4.768509e-06
4.700872e-06
4.6333e-06
4.565789e-06
4.498335e-06
4.430934e-06
5.659858e-06
5.590488e-06
5.521318e-06
5.452331e-06
5.38351e-06
5.314843e-06
5.246316e-06
5.177918e-06
5.10964e-06
5.041472e-06
4.973407e-06
4.905436e-06
4.837554e-06
4.769753e-06
4.702029e-06
4.634377e-06
4.566792e-06
4.499269e-06
4.431804e-06
5.663353e-06
5.593762e-06
5.524383e-06
5.455197e-06
5.386189e-06
5.317345e-06
5.248652e-06
5.180099e-06
5.111674e-06
5.043369e-06
4.975175e-06
4.907085e-06
4.83909e-06
4.771186e-06
4.703365e-06
4.635622e-06
4.567952e-06
4.500352e-06
4.432814e-06
5.666969e-06
5.597165e-06
5.52758e-06
5.458199e-06
5.389006e-06
5.319985e-06
5.251125e-06
5.182413e-06
5.11384e-06
5.045395e-06
4.977069e-06
4.908855e-06
4.840745e-06
4.772731e-06
4.704808e-06
4.636971e-06
4.569212e-06
4.501528e-06
4.433914e-06
5.670466e-06
5.600469e-06
5.530699e-06
5.461139e-06
5.391773e-06
5.322589e-06
5.253572e-06
5.184712e-06
5.115997e-06
5.047419e-06
4.978967e-06
4.910633e-06
4.84241e-06
4.774291e-06
4.70627e-06
4.638339e-06
4.570493e-06
4.502727e-06
4.435037e-06
5.673679e-06
5.603517e-06
5.533587e-06
5.46387e-06
5.394354e-06
5.325024e-06
5.255868e-06
5.186875e-06
5.118034e-06
5.049334e-06
4.980767e-06
4.912325e-06
4.844e-06
4.775784e-06
4.70767e-06
4.639653e-06
4.571726e-06
4.503884e-06
4.436123e-06
5.676496e-06
5.606199e-06
5.536136e-06
5.466289e-06
5.396647e-06
5.327194e-06
5.25792e-06
5.188813e-06
5.119862e-06
5.051058e-06
4.982392e-06
4.913855e-06
4.84544e-06
4.777139e-06
4.708945e-06
4.640851e-06
4.572853e-06
4.504943e-06
4.437118e-06
5.678862e-06
5.608459e-06
5.538289e-06
5.468338e-06
5.398593e-06
5.329041e-06
5.25967e-06
5.190469e-06
5.121428e-06
5.052538e-06
4.98379e-06
4.915174e-06
4.846683e-06
4.778311e-06
4.710049e-06
4.641891e-06
4.573832e-06
4.505864e-06
4.437985e-06
5.680755e-06
5.61027e-06
5.540019e-06
5.469988e-06
5.400163e-06
5.330533e-06
5.261086e-06
5.191812e-06
5.1227e-06
5.053742e-06
4.984927e-06
4.916249e-06
4.847699e-06
4.779269e-06
4.710953e-06
4.642744e-06
4.574636e-06
4.506622e-06
4.4387e-06
5.68217e-06
5.611627e-06
5.541317e-06
5.471226e-06
5.401343e-06
5.331656e-06
5.262153e-06
5.192825e-06
5.123661e-06
5.054652e-06
4.985789e-06
4.917064e-06
4.84847e-06
4.779997e-06
4.711641e-06
4.643393e-06
4.575248e-06
4.5072e-06
4.439244e-06
5.68311e-06
5.612529e-06
5.54218e-06
5.472051e-06
5.40213e-06
5.332406e-06
5.262867e-06
5.193503e-06
5.124304e-06
5.055262e-06
4.986367e-06
4.917611e-06
4.848987e-06
4.780486e-06
4.712102e-06
4.643829e-06
4.57566e-06
4.507589e-06
4.439611e-06
5.612979e-06
5.542611e-06
5.472464e-06
5.402524e-06
5.332781e-06
5.263223e-06
5.193842e-06
5.124626e-06
5.055567e-06
4.986656e-06
4.917885e-06
4.849246e-06
4.780731e-06
5.612979e-06
5.542611e-06
5.472464e-06
5.402524e-06
5.332781e-06
5.263223e-06
5.193842e-06
5.649686e-06
5.581033e-06
5.512532e-06
5.444167e-06
5.375925e-06
5.307795e-06
5.239767e-06
5.171832e-06
5.103982e-06
5.036212e-06
4.968514e-06
4.900883e-06
4.833315e-06
4.765806e-06
4.698351e-06
4.630948e-06
4.563593e-06
4.496284e-06
4.429017e-06
5.650802e-06
5.582062e-06
5.513481e-06
5.445044e-06
5.376737e-06
5.308547e-06
5.240465e-06
5.172481e-06
5.104587e-06
5.036775e-06
4.96904e-06
4.901375e-06
4.833776e-06
4.766238e-06
4.698757e-06
4.631329e-06
4.563952e-06
4.496622e-06
4.429336e-06
5.652105e-06
5.583269e-06
5.514601e-06
5.446082e-06
5.3777e-06
5.309441e-06
5.241295e-06
5.173252e-06
5.105303e-06
5.037441e-06
4.96966e-06
4.901953e-06
4.834315e-06
4.766741e-06
4.699226e-06
4.631768e-06
4.564362e-06
4.497006e-06
4.429695e-06
5.654082e-06
5.585105e-06
5.516304e-06
5.447662e-06
5.379166e-06
5.310801e-06
5.242557e-06
5.174423e-06
5.10639e-06
5.038451e-06
4.970598e-06
4.902825e-06
4.835126e-06
4.767495e-06
4.699929e-06
4.632422e-06
4.564972e-06
4.497575e-06
4.430225e-06
5.65666e-06
5.587502e-06
5.518533e-06
5.449734e-06
5.38109e-06
5.312588e-06
5.244217e-06
5.175964e-06
5.107822e-06
5.03978e-06
4.971833e-06
4.903972e-06
4.836191e-06
4.768485e-06
4.70085e-06
4.633279e-06
4.565769e-06
4.498317e-06
4.430916e-06
5.659833e-06
5.590462e-06
5.521292e-06
5.452304e-06
5.383484e-06
5.314817e-06
5.246291e-06
5.177894e-06
5.109617e-06
5.04145e-06
4.973386e-06
4.905416e-06
4.837535e-06
4.769735e-06
4.702012e-06
4.634361e-06
4.566776e-06
4.499255e-06
4.43179e-06
5.663353e-06
5.593759e-06
5.524377e-06
5.455189e-06
5.38618e-06
5.317334e-06
5.248641e-06
5.180087e-06
5.111662e-06
5.043357e-06
4.975163e-06
4.907073e-06
4.839079e-06
4.771174e-06
4.703354e-06
4.635611e-06
4.567942e-06
4.500342e-06
4.432804e-06
5.66699e-06
5.59718e-06
5.527591e-06
5.458207e-06
5.38901e-06
5.319987e-06
5.251125e-06
5.182412e-06
5.113838e-06
5.045392e-06
4.977066e-06
4.908851e-06
4.84074e-06
4.772726e-06
4.704803e-06
4.636965e-06
4.569207e-06
4.501523e-06
4.433909e-06
5.670501e-06
5.600497e-06
5.530722e-06
5.461157e-06
5.391788e-06
5.322601e-06
5.253581e-06
5.184719e-06
5.116003e-06
5.047423e-06
4.978969e-06
4.910635e-06
4.842411e-06
4.774292e-06
4.706269e-06
4.638338e-06
4.570492e-06
4.502726e-06
4.435036e-06
5.67372e-06
5.603552e-06
5.533616e-06
5.463895e-06
5.394375e-06
5.325042e-06
5.255883e-06
5.186887e-06
5.118044e-06
5.049343e-06
4.980775e-06
4.912331e-06
4.844004e-06
4.775787e-06
4.707673e-06
4.639655e-06
4.571728e-06
4.503885e-06
4.436124e-06
5.67654e-06
5.606237e-06
5.536168e-06
5.466317e-06
5.39667e-06
5.327214e-06
5.257937e-06
5.188828e-06
5.119875e-06
5.051069e-06
4.982402e-06
4.913863e-06
4.845447e-06
4.777145e-06
4.70895e-06
4.640855e-06
4.572856e-06
4.504946e-06
4.437121e-06
5.678907e-06
5.608497e-06
5.538322e-06
5.468367e-06
5.398618e-06
5.329062e-06
5.259688e-06
5.190485e-06
5.121442e-06
5.05255e-06
4.9838e-06
4.915183e-06
4.846691e-06
4.778317e-06
4.710054e-06
4.641896e-06
4.573836e-06
4.505868e-06
4.437989e-06
5.680799e-06
5.610308e-06
5.540052e-06
5.470016e-06
5.400187e-06
5.330554e-06
5.261104e-06
5.191827e-06
5.122714e-06
5.053754e-06
4.984938e-06
4.916258e-06
4.847707e-06
4.779276e-06
4.710959e-06
4.642749e-06
4.57464e-06
4.506626e-06
4.438703e-06
5.682214e-06
5.611664e-06
5.541349e-06
5.471254e-06
5.401367e-06
5.331677e-06
5.262171e-06
5.192841e-06
5.123675e-06
5.054664e-06
4.9858e-06
4.917073e-06
4.848477e-06
4.780004e-06
4.711646e-06
4.643398e-06
4.575253e-06
4.507204e-06
4.439248e-06
5.683153e-06
5.612565e-06
5.542212e-06
5.472079e-06
5.402154e-06
5.332426e-06
5.262884e-06
5.193518e-06
5.124317e-06
5.055273e-06
4.986377e-06
4.91762e-06
4.848994e-06
4.780493e-06
4.712108e-06
4.643834e-06
4.575665e-06
4.507593e-06
4.439615e-06
5.613015e-06
5.542643e-06
5.472491e-06
5.402547e-06
5.332801e-06
5.263241e-06
5.193857e-06
5.124639e-06
5.055578e-06
4.986666e-06
4.917893e-06
4.849253e-06
4.780738e-06
5.613015e-06
5.542643e-06
5.472491e-06
5.402547e-06
5.332801e-06
5.263241e-06
5.193857e-06
5.580743e-06
5.512263e-06
5.443918e-06
5.375694e-06
5.307581e-06
5.239568e-06
5.171647e-06
5.103811e-06
5.036052e-06
4.968365e-06
4.900745e-06
4.833186e-06
4.765685e-06
4.698239e-06
4.630843e-06
4.563494e-06
4.496191e-06
4.42893e-06
5.581899e-06
5.51333e-06
5.444905e-06
5.376608e-06
5.308428e-06
5.240354e-06
5.172378e-06
5.104491e-06
5.036686e-06
4.968957e-06
4.901298e-06
4.833704e-06
4.766171e-06
4.698695e-06
4.631271e-06
4.563898e-06
4.496571e-06
4.429288e-06
5.583148e-06
5.514488e-06
5.445977e-06
5.377603e-06
5.309351e-06
5.241211e-06
5.173174e-06
5.105231e-06
5.037375e-06
4.969598e-06
4.901895e-06
4.834261e-06
4.766691e-06
4.69918e-06
4.631725e-06
4.564322e-06
4.496969e-06
4.42966e-06
5.58501e-06
5.516215e-06
5.447579e-06
5.379088e-06
5.310728e-06
5.242489e-06
5.17436e-06
5.106332e-06
5.038397e-06
4.970547e-06
4.902777e-06
4.835081e-06
4.767454e-06
4.69989e-06
4.632387e-06
4.564939e-06
4.497544e-06
4.430196e-06
5.587431e-06
5.518464e-06
5.449668e-06
5.381028e-06
5.31253e-06
5.244161e-06
5.175912e-06
5.107773e-06
5.039734e-06
4.971789e-06
4.903931e-06
4.836153e-06
4.76845e-06
4.700816e-06
4.633248e-06
4.56574e-06
4.498289e-06
4.43089e-06
5.590419e-06
5.521248e-06
5.452262e-06
5.383442e-06
5.314776e-06
5.246251e-06
5.177856e-06
5.109581e-06
5.041416e-06
4.973353e-06
4.905385e-06
4.837505e-06
4.769707e-06
4.701986e-06
4.634336e-06
4.566753e-06
4.499233e-06
4.431769e-06
5.593744e-06
5.524359e-06
5.45517e-06
5.386159e-06
5.317313e-06
5.248619e-06
5.180065e-06
5.11164e-06
5.043335e-06
4.975142e-06
4.907052e-06
4.839059e-06
4.771155e-06
4.703335e-06
4.635594e-06
4.567925e-06
4.500325e-06
4.432789e-06
5.59719e-06
5.527597e-06
5.458208e-06
5.389009e-06
5.319984e-06
5.25112e-06
5.182405e-06
5.11383e-06
5.045383e-06
4.977056e-06
4.908841e-06
4.84073e-06
4.772716e-06
4.704793e-06
4.636955e-06
4.569197e-06
4.501513e-06
4.433899e-06
5.600524e-06
5.530743e-06
5.461174e-06
5.391801e-06
5.32261e-06
5.253588e-06
5.184724e-06
5.116005e-06
5.047424e-06
4.978969e-06
4.910634e-06
4.842409e-06
4.774289e-06
4.706266e-06
4.638334e-06
4.570488e-06
4.502722e-06
4.435031e-06
5.603589e-06
5.533647e-06
5.463921e-06
5.394397e-06
5.32506e-06
5.255898e-06
5.1869e-06
5.118054e-06
5.04935e-06
4.980781e-06
4.912336e-06
4.844008e-06
4.77579e-06
4.707675e-06
4.639656e-06
4.571728e-06
4.503885e-06
4.436124e-06
5.606279e-06
5.536204e-06
5.466348e-06
5.396697e-06
5.327237e-06
5.257957e-06
5.188844e-06
5.119889e-06
5.051081e-06
4.982412e-06
4.913872e-06
4.845454e-06
4.77715e-06
4.708954e-06
4.640859e-06
4.57286e-06
4.504949e-06
4.437123e-06
5.608541e-06
5.53836e-06
5.4684e-06
5.398646e-06
5.329087e-06
5.259709e-06
5.190503e-06
5.121458e-06
5.052564e-06
4.983812e-06
4.915193e-06
4.8467e-06
4.778325e-06
4.710061e-06
4.641902e-06
4.573841e-06
4.505873e-06
4.437993e-06
5.610353e-06
5.54009e-06
5.470049e-06
5.400216e-06
5.330579e-06
5.261126e-06
5.191847e-06
5.12273e-06
5.053768e-06
4.98495e-06
4.916269e-06
4.847716e-06
4.779284e-06
4.710966e-06
4.642755e-06
4.574646e-06
4.506631e-06
4.438708e-06
5.611708e-06
5.541387e-06
5.471287e-06
5.401396e-06
5.331702e-06
5.262193e-06
5.19286e-06
5.123691e-06
5.054678e-06
4.985812e-06
4.917084e-06
4.848487e-06
4.780012e-06
4.711654e-06
4.643405e-06
4.575259e-06
4.507209e-06
4.439253e-06
5.612609e-06
5.54225e-06
5.472112e-06
5.402183e-06
5.332451e-06
5.262906e-06
5.193537e-06
5.124334e-06
5.055288e-06
4.986389e-06
4.917631e-06
4.849004e-06
4.780501e-06
4.712116e-06
4.643841e-06
4.57567e-06
4.507598e-06
4.43962e-06
5.613059e-06
5.542681e-06
5.472524e-06
5.402576e-06
5.332826e-06
5.263263e-06
5.193876e-06
5.124656e-06
5.055593e-06
4.986679e-06
4.917905e-06
4.849263e-06
4.780746e-06
5.613059e-06
5.542681e-06
5.472524e-06
5.402576e-06
5.332826e-06
5.263263e-06
5.193876e-06
5.580431e-06
5.511974e-06
5.443649e-06
5.375445e-06
5.307349e-06
5.239353e-06
5.171447e-06
5.103625e-06
5.035879e-06
4.968204e-06
4.900594e-06
4.833046e-06
4.765554e-06
4.698116e-06
4.630728e-06
4.563387e-06
4.496091e-06
4.428836e-06
5.581716e-06
5.51316e-06
5.444747e-06
5.376461e-06
5.308292e-06
5.240228e-06
5.172261e-06
5.104382e-06
5.036585e-06
4.968863e-06
4.90121e-06
4.833623e-06
4.766095e-06
4.698624e-06
4.631205e-06
4.563836e-06
4.496513e-06
4.429234e-06
5.583007e-06
5.514356e-06
5.445855e-06
5.377489e-06
5.309245e-06
5.241113e-06
5.173083e-06
5.105146e-06
5.037296e-06
4.969525e-06
4.901827e-06
4.834198e-06
4.766632e-06
4.699125e-06
4.631674e-06
4.564274e-06
4.496924e-06
4.429618e-06
5.584897e-06
5.516109e-06
5.447479e-06
5.378995e-06
5.310641e-06
5.242407e-06
5.174284e-06
5.106261e-06
5.03833e-06
4.970485e-06
4.90272e-06
4.835028e-06
4.767404e-06
4.699843e-06
4.632343e-06
4.564898e-06
4.497506e-06
4.43016e-06
5.587344e-06
5.518381e-06
5.449589e-06
5.380953e-06
5.312458e-06
5.244094e-06
5.175849e-06
5.107713e-06
5.039678e-06
4.971737e-06
4.903881e-06
4.836106e-06
4.768406e-06
4.700775e-06
4.633209e-06
4.565703e-06
4.498255e-06
4.430858e-06
5.590365e-06
5.521195e-06
5.452208e-06
5.38339e-06
5.314726e-06
5.246203e-06
5.17781e-06
5.109536e-06
5.041373e-06
4.973312e-06
4.905346e-06
4.837468e-06
4.769672e-06
4.701953e-06
4.634305e-06
4.566723e-06
4.499205e-06
4.431742e-06
5.593723e-06
5.524336e-06
5.455144e-06
5.386132e-06
5.317285e-06
5.248591e-06
5.180036e-06
5.111612e-06
5.043308e-06
4.975115e-06
4.907026e-06
4.839034e-06
4.771131e-06
4.703312e-06
4.635571e-06
4.567903e-06
4.500305e-06
4.432769e-06
5.597197e-06
5.527599e-06
5.458207e-06
5.389004e-06
5.319976e-06
5.25111e-06
5.182395e-06
5.113818e-06
5.04537e-06
4.977043e-06
4.908827e-06
4.840716e-06
4.772702e-06
4.704779e-06
4.636942e-06
4.569184e-06
4.5015e-06
4.433887e-06
5.600552e-06
5.530765e-06
5.46119e-06
5.391813e-06
5.322618e-06
5.253594e-06
5.184726e-06
5.116006e-06
5.047423e-06
4.978967e-06
4.91063e-06
4.842405e-06
4.774284e-06
4.706261e-06
4.638328e-06
4.570482e-06
4.502716e-06
4.435025e-06
5.60363e-06
5.533681e-06
5.463949e-06
5.39442e-06
5.325079e-06
5.255913e-06
5.186912e-06
5.118064e-06
5.049358e-06
4.980786e-06
4.91234e-06
4.844011e-06
4.775792e-06
4.707676e-06
4.639656e-06
4.571728e-06
4.503884e-06
4.436123e-06
5.606326e-06
5.536244e-06
5.466382e-06
5.396726e-06
5.327262e-06
5.257978e-06
5.188862e-06
5.119904e-06
5.051094e-06
4.982422e-06
4.913881e-06
4.845461e-06
4.777156e-06
4.708959e-06
4.640863e-06
4.572863e-06
4.504951e-06
4.437126e-06
5.608591e-06
5.538403e-06
5.468437e-06
5.398678e-06
5.329114e-06
5.259733e-06
5.190524e-06
5.121476e-06
5.052579e-06
4.983825e-06
4.915204e-06
4.84671e-06
4.778333e-06
4.710068e-06
4.641908e-06
4.573846e-06
4.505877e-06
4.437998e-06
5.610403e-06
5.540134e-06
5.470087e-06
5.400249e-06
5.330608e-06
5.261151e-06
5.191869e-06
5.12275e-06
5.053785e-06
4.984965e-06
4.916282e-06
4.847727e-06
4.779294e-06
4.710975e-06
4.642763e-06
4.574652e-06
4.506637e-06
4.438714e-06
5.611758e-06
5.541431e-06
5.471325e-06
5.40143e-06
5.331731e-06
5.262219e-06
5.192882e-06
5.123711e-06
5.054696e-06
4.985827e-06
4.917098e-06
4.848498e-06
4.780023e-06
4.711663e-06
4.643412e-06
4.575266e-06
4.507215e-06
4.439259e-06
5.612659e-06
5.542293e-06
5.47215e-06
5.402216e-06
5.33248e-06
5.262932e-06
5.193559e-06
5.124354e-06
5.055305e-06
4.986405e-06
4.917644e-06
4.849015e-06
4.780511e-06
4.712125e-06
4.643849e-06
4.575678e-06
4.507604e-06
4.439626e-06
5.613109e-06
5.542724e-06
5.472562e-06
5.402609e-06
5.332855e-06
5.263288e-06
5.193898e-06
5.124675e-06
5.05561e-06
4.986694e-06
4.917918e-06
4.849275e-06
4.780756e-06
5.613109e-06
5.542724e-06
5.472562e-06
5.402609e-06
5.332855e-06
5.263288e-06
5.193898e-06
5.580111e-06
5.511676e-06
5.443373e-06
5.375188e-06
5.307111e-06
5.239131e-06
5.171241e-06
5.103433e-06
5.0357e-06
4.968037e-06
4.900439e-06
4.832901e-06
4.765419e-06
4.69799e-06
4.63061e-06
4.563277e-06
4.495988e-06
4.428739e-06
5.581522e-06
5.51298e-06
5.444579e-06
5.376306e-06
5.308147e-06
5.240094e-06
5.172136e-06
5.104266e-06
5.036477e-06
4.968762e-06
4.901117e-06
4.833535e-06
4.766014e-06
4.698548e-06
4.631134e-06
4.56377e-06
4.496451e-06
4.429176e-06
5.582856e-06
5.514216e-06
5.445724e-06
5.377367e-06
5.309131e-06
5.241007e-06
5.172984e-06
5.105055e-06
5.037211e-06
4.969445e-06
4.901753e-06
4.834129e-06
4.766567e-06
4.699065e-06
4.631618e-06
4.564222e-06
4.496875e-06
4.429572e-06
5.584775e-06
5.515994e-06
5.447371e-06
5.378893e-06
5.310546e-06
5.242318e-06
5.1742e-06
5.106182e-06
5.038257e-06
4.970417e-06
4.902656e-06
4.834968e-06
4.767348e-06
4.699792e-06
4.632294e-06
4.564852e-06
4.497463e-06
4.43012e-06
5.587251e-06
5.518291e-06
5.449503e-06
5.380871e-06
5.31238e-06
5.24402e-06
5.175779e-06
5.107647e-06
5.039616e-06
4.971678e-06
4.903826e-06
4.836055e-06
4.768358e-06
4.70073e-06
4.633166e-06
4.565663e-06
4.498218e-06
4.430822e-06
5.590306e-06
5.521136e-06
5.45215e-06
5.383333e-06
5.314671e-06
5.246149e-06
5.177758e-06
5.109486e-06
5.041325e-06
4.973267e-06
4.905303e-06
4.837427e-06
4.769634e-06
4.701916e-06
4.63427e-06
4.56669e-06
4.499173e-06
4.431712e-06
5.5937e-06
5.524309e-06
5.455115e-06
5.386102e-06
5.317254e-06
5.248559e-06
5.180005e-06
5.111581e-06
5.043277e-06
4.975085e-06
4.906997e-06
4.839005e-06
4.771104e-06
4.703285e-06
4.635546e-06
4.567879e-06
4.500282e-06
4.432746e-06
5.597204e-06
5.527601e-06
5.458204e-06
5.388998e-06
5.319967e-06
5.251099e-06
5.182382e-06
5.113804e-06
5.045356e-06
4.977028e-06
4.908812e-06
4.8407e-06
4.772686e-06
4.704764e-06
4.636926e-06
4.569168e-06
4.501486e-06
4.433872e-06
5.600581e-06
5.530787e-06
5.461207e-06
5.391825e-06
5.322627e-06
5.253599e-06
5.184729e-06
5.116007e-06
5.047421e-06
4.978964e-06
4.910626e-06
4.8424e-06
4.774278e-06
4.706254e-06
4.638322e-06
4.570475e-06
4.502708e-06
4.435018e-06
5.603673e-06
5.533716e-06
5.463979e-06
5.394444e-06
5.325099e-06
5.25593e-06
5.186925e-06
5.118074e-06
5.049366e-06
4.980792e-06
4.912344e-06
4.844014e-06
4.775793e-06
4.707676e-06
4.639656e-06
4.571727e-06
4.503883e-06
4.436121e-06
5.606376e-06
5.536287e-06
5.466419e-06
5.396757e-06
5.327289e-06
5.258e-06
5.188881e-06
5.11992e-06
5.051108e-06
4.982434e-06
4.91389e-06
4.845469e-06
4.777163e-06
4.708965e-06
4.640868e-06
4.572866e-06
4.504954e-06
4.437128e-06
5.608644e-06
5.538449e-06
5.468477e-06
5.398713e-06
5.329144e-06
5.259759e-06
5.190547e-06
5.121495e-06
5.052596e-06
4.98384e-06
4.915217e-06
4.84672e-06
4.778343e-06
4.710076e-06
4.641915e-06
4.573852e-06
4.505882e-06
4.438002e-06
5.610458e-06
5.540182e-06
5.470129e-06
5.400286e-06
5.330639e-06
5.261179e-06
5.191893e-06
5.122771e-06
5.053803e-06
4.984981e-06
4.916296e-06
4.84774e-06
4.779305e-06
4.710984e-06
4.642771e-06
4.57466e-06
4.506643e-06
4.43872e-06
5.611813e-06
5.541479e-06
5.471367e-06
5.401466e-06
5.331763e-06
5.262247e-06
5.192907e-06
5.123733e-06
5.054715e-06
4.985844e-06
4.917112e-06
4.848511e-06
4.780034e-06
4.711673e-06
4.643421e-06
4.575273e-06
4.507222e-06
4.439266e-06
5.612714e-06
5.542341e-06
5.472192e-06
5.402253e-06
5.332513e-06
5.26296e-06
5.193584e-06
5.124375e-06
5.055324e-06
4.986421e-06
4.917659e-06
4.849029e-06
4.780523e-06
4.712135e-06
4.643858e-06
4.575686e-06
4.507612e-06
4.439633e-06
5.613163e-06
5.542772e-06
5.472603e-06
5.402646e-06
5.332887e-06
5.263316e-06
5.193923e-06
5.124697e-06
5.055629e-06
4.986711e-06
4.917933e-06
4.849288e-06
4.780768e-06
5.613163e-06
5.542772e-06
5.472603e-06
5.402646e-06
5.332887e-06
5.263316e-06
5.193923e-06
5.579796e-06
5.511384e-06
5.443101e-06
5.374935e-06
5.306876e-06
5.238912e-06
5.171037e-06
5.103243e-06
5.035523e-06
4.967872e-06
4.900285e-06
4.832758e-06
4.765285e-06
4.697865e-06
4.630493e-06
4.563168e-06
4.495885e-06
4.428643e-06
5.581328e-06
5.5128e-06
5.444412e-06
5.37615e-06
5.308002e-06
5.239959e-06
5.17201e-06
5.104149e-06
5.036368e-06
4.968661e-06
4.901022e-06
4.833447e-06
4.765932e-06
4.698471e-06
4.631063e-06
4.563703e-06
4.496389e-06
4.429117e-06
5.582704e-06
5.514074e-06
5.445592e-06
5.377243e-06
5.309016e-06
5.2409e-06
5.172884e-06
5.104961e-06
5.037123e-06
4.969364e-06
4.901678e-06
4.834058e-06
4.766502e-06
4.699004e-06
4.63156e-06
4.564168e-06
4.496825e-06
4.429525e-06
5.584651e-06
5.515877e-06
5.447261e-06
5.37879e-06
5.310449e-06
5.242227e-06
5.174115e-06
5.106103e-06
5.038182e-06
4.970347e-06
4.902591e-06
4.834907e-06
4.767291e-06
4.699738e-06
4.632244e-06
4.564805e-06
4.497419e-06
4.430078e-06
5.587157e-06
5.518201e-06
5.449416e-06
5.380788e-06
5.312301e-06
5.243945e-06
5.175708e-06
5.10758e-06
5.039553e-06
4.971618e-06
4.90377e-06
4.836002e-06
4.768308e-06
4.700683e-06
4.633122e-06
4.565622e-06
4.498179e-06
4.430785e-06
5.590248e-06
5.521077e-06
5.452092e-06
5.383276e-06
5.314615e-06
5.246095e-06
5.177705e-06
5.109436e-06
5.041277e-06
4.973221e-06
4.905259e-06
4.837385e-06
4.769594e-06
4.701878e-06
4.634234e-06
4.566656e-06
4.499141e-06
4.431682e-06
5.593678e-06
5.524284e-06
5.455087e-06
5.386072e-06
5.317223e-06
5.248527e-06
5.179973e-06
5.111549e-06
5.043246e-06
4.975055e-06
4.906967e-06
4.838976e-06
4.771076e-06
4.703258e-06
4.63552e-06
4.567854e-06
4.500258e-06
4.432723e-06
5.597213e-06
5.527604e-06
5.458202e-06
5.388992e-06
5.319959e-06
5.251089e-06
5.18237e-06
5.11379e-06
5.045341e-06
4.977012e-06
4.908796e-06
4.840684e-06
4.77267e-06
4.704748e-06
4.63691e-06
4.569153e-06
4.50147e-06
4.433858e-06
5.600612e-06
5.530811e-06
5.461226e-06
5.391839e-06
5.322636e-06
5.253605e-06
5.184732e-06
5.116007e-06
5.04742e-06
4.978961e-06
4.910622e-06
4.842395e-06
4.774272e-06
4.706248e-06
4.638315e-06
4.570468e-06
4.502701e-06
4.435011e-06
5.603717e-06
5.533754e-06
5.46401e-06
5.39447e-06
5.32512e-06
5.255947e-06
5.186939e-06
5.118085e-06
5.049374e-06
4.980799e-06
4.912349e-06
4.844017e-06
4.775795e-06
4.707677e-06
4.639656e-06
4.571726e-06
4.503882e-06
4.436119e-06
5.606428e-06
5.536332e-06
5.466457e-06
5.39679e-06
5.327317e-06
5.258024e-06
5.188902e-06
5.119938e-06
5.051122e-06
4.982446e-06
4.9139e-06
4.845477e-06
4.77717e-06
4.70897e-06
4.640872e-06
4.57287e-06
4.504956e-06
4.43713e-06
5.6087e-06
5.538498e-06
5.468519e-06
5.39875e-06
5.329176e-06
5.259787e-06
5.190571e-06
5.121516e-06
5.052614e-06
4.983855e-06
4.91523e-06
4.846732e-06
4.778352e-06
4.710085e-06
4.641922e-06
4.573858e-06
4.505887e-06
4.438007e-06
5.610515e-06
5.540232e-06
5.470173e-06
5.400324e-06
5.330673e-06
5.261208e-06
5.191918e-06
5.122793e-06
5.053823e-06
4.984998e-06
4.916311e-06
4.847753e-06
4.779316e-06
4.710994e-06
4.64278e-06
4.574667e-06
4.50665e-06
4.438726e-06
5.611871e-06
5.541529e-06
5.471412e-06
5.401505e-06
5.331797e-06
5.262277e-06
5.192933e-06
5.123756e-06
5.054735e-06
4.985862e-06
4.917128e-06
4.848525e-06
4.780046e-06
4.711683e-06
4.643431e-06
4.575282e-06
4.50723e-06
4.439273e-06
5.612772e-06
5.542392e-06
5.472236e-06
5.402292e-06
5.332547e-06
5.26299e-06
5.193611e-06
5.124399e-06
5.055345e-06
4.98644e-06
4.917675e-06
4.849043e-06
4.780535e-06
4.712146e-06
4.643868e-06
4.575694e-06
4.507619e-06
4.439641e-06
5.613221e-06
5.542822e-06
5.472648e-06
5.402685e-06
5.332921e-06
5.263347e-06
5.19395e-06
5.124721e-06
5.05565e-06
4.986729e-06
4.917949e-06
4.849302e-06
4.780781e-06
5.472648e-06
5.402685e-06
5.332921e-06
5.263347e-06
5.19395e-06
5.5795e-06
5.511109e-06
5.442845e-06
5.374697e-06
5.306654e-06
5.238706e-06
5.170845e-06
5.103064e-06
5.035357e-06
4.967717e-06
4.90014e-06
4.832622e-06
4.765159e-06
4.697747e-06
4.630383e-06
4.563064e-06
4.495789e-06
4.428553e-06
5.581143e-06
5.512628e-06
5.444252e-06
5.376001e-06
5.307863e-06
5.23983e-06
5.17189e-06
5.104037e-06
5.036264e-06
4.968564e-06
4.900932e-06
4.833363e-06
4.765853e-06
4.698397e-06
4.630994e-06
4.563638e-06
4.496329e-06
4.42906e-06
5.582559e-06
5.513938e-06
5.445465e-06
5.377125e-06
5.308906e-06
5.240797e-06
5.172788e-06
5.104872e-06
5.03704e-06
4.969286e-06
4.901605e-06
4.83399e-06
4.766438e-06
4.698944e-06
4.631505e-06
4.564117e-06
4.496777e-06
4.42948e-06
5.584534e-06
5.515766e-06
5.447157e-06
5.378691e-06
5.310356e-06
5.24214e-06
5.174033e-06
5.106026e-06
5.03811e-06
4.97028e-06
4.902527e-06
4.834848e-06
4.767235e-06
4.699686e-06
4.632196e-06
4.56476e-06
4.497376e-06
4.430038e-06
5.587069e-06
5.518116e-06
5.449334e-06
5.380709e-06
5.312226e-06
5.243874e-06
5.17564e-06
5.107515e-06
5.039492e-06
4.971561e-06
4.903716e-06
4.835951e-06
4.768259e-06
4.700637e-06
4.633079e-06
4.565581e-06
4.498141e-06
4.430749e-06
5.590194e-06
5.521023e-06
5.452038e-06
5.383222e-06
5.314562e-06
5.246044e-06
5.177656e-06
5.109388e-06
5.041231e-06
4.973176e-06
4.905217e-06
4.837345e-06
4.769555e-06
4.701842e-06
4.634199e-06
4.566623e-06
4.49911e-06
4.431652e-06
5.593659e-06
5.524261e-06
5.455062e-06
5.386045e-06
5.317195e-06
5.248498e-06
5.179944e-06
5.11152e-06
5.043217e-06
4.975026e-06
4.906939e-06
4.838949e-06
4.771049e-06
4.703233e-06
4.635495e-06
4.56783e-06
4.500235e-06
4.432701e-06
5.597224e-06
5.527609e-06
5.458203e-06
5.388989e-06
5.319953e-06
5.25108e-06
5.182359e-06
5.113778e-06
5.045327e-06
4.976998e-06
4.908781e-06
4.840669e-06
4.772655e-06
4.704733e-06
4.636895e-06
4.569138e-06
4.501456e-06
4.433844e-06
5.600645e-06
5.530837e-06
5.461245e-06
5.391853e-06
5.322647e-06
5.253612e-06
5.184736e-06
5.116009e-06
5.04742e-06
4.978959e-06
4.910619e-06
4.842391e-06
4.774267e-06
4.706242e-06
4.638308e-06
4.570461e-06
4.502694e-06
4.435004e-06
5.603763e-06
5.533792e-06
5.464042e-06
5.394496e-06
5.325142e-06
5.255965e-06
5.186953e-06
5.118096e-06
5.049383e-06
4.980806e-06
4.912354e-06
4.84402e-06
4.775797e-06
4.707678e-06
4.639656e-06
4.571726e-06
4.50388e-06
4.436118e-06
5.606481e-06
5.536377e-06
5.466496e-06
5.396824e-06
5.327346e-06
5.258049e-06
5.188923e-06
5.119955e-06
5.051137e-06
4.982458e-06
4.913911e-06
4.845486e-06
4.777177e-06
4.708976e-06
4.640877e-06
4.572873e-06
4.504959e-06
4.437133e-06
5.608757e-06
5.538547e-06
5.468562e-06
5.398787e-06
5.329209e-06
5.259815e-06
5.190595e-06
5.121537e-06
5.052632e-06
4.983871e-06
4.915244e-06
4.846744e-06
4.778362e-06
4.710093e-06
4.641929e-06
4.573865e-06
4.505893e-06
4.438012e-06
5.610573e-06
5.540282e-06
5.470217e-06
5.400363e-06
5.330707e-06
5.261238e-06
5.191945e-06
5.122816e-06
5.053843e-06
4.985016e-06
4.916326e-06
4.847766e-06
4.779328e-06
4.711004e-06
4.642788e-06
4.574675e-06
4.506657e-06
4.438732e-06
5.611929e-06
5.541581e-06
5.471457e-06
5.401545e-06
5.331832e-06
5.262308e-06
5.19296e-06
5.12378e-06
5.054756e-06
4.98588e-06
4.917144e-06
4.848539e-06
4.780059e-06
4.711694e-06
4.64344e-06
4.57529e-06
4.507237e-06
4.43928e-06
5.61283e-06
5.542443e-06
5.472281e-06
5.402332e-06
5.332582e-06
5.263021e-06
5.193638e-06
5.124423e-06
5.055366e-06
4.986458e-06
4.917691e-06
4.849057e-06
4.780548e-06
4.712157e-06
4.643878e-06
4.575703e-06
4.507627e-06
4.439648e-06
5.613279e-06
5.542874e-06
4.357732e-06
4.282144e-06
4.206602e-06
4.131105e-06
4.055648e-06
3.980232e-06
3.904852e-06
3.829508e-06
3.754199e-06
4.357835e-06
4.282242e-06
4.206696e-06
4.131194e-06
4.055734e-06
3.980313e-06
3.90493e-06
3.829583e-06
3.75427e-06
4.358096e-06
4.282486e-06
4.206923e-06
4.131406e-06
4.055932e-06
3.980499e-06
3.905104e-06
3.829747e-06
3.754424e-06
4.358553e-06
4.28291e-06
4.207316e-06
4.131771e-06
4.056272e-06
3.980815e-06
3.905399e-06
3.830022e-06
3.754681e-06
4.359188e-06
4.283497e-06
4.207859e-06
4.132274e-06
4.056737e-06
3.981247e-06
3.9058e-06
3.830394e-06
3.755027e-06
4.360006e-06
4.284253e-06
4.208558e-06
4.13292e-06
4.057335e-06
3.981801e-06
3.906314e-06
3.830871e-06
3.75547e-06
4.360968e-06
4.285141e-06
4.20938e-06
4.133681e-06
4.05804e-06
3.982454e-06
3.906919e-06
3.831433e-06
3.755992e-06
4.362022e-06
4.286118e-06
4.210284e-06
4.134519e-06
4.058817e-06
3.983175e-06
3.907589e-06
3.832055e-06
3.75657e-06
4.363103e-06
4.28712e-06
4.211215e-06
4.135384e-06
4.05962e-06
3.983921e-06
3.908283e-06
3.8327e-06
4.364149e-06
4.288093e-06
4.21212e-06
4.136226e-06
4.060404e-06
3.984651e-06
3.908962e-06
3.833334e-06
4.365107e-06
4.288985e-06
4.212953e-06
4.137002e-06
4.061128e-06
3.985326e-06
3.909592e-06
3.833922e-06
4.36594e-06
4.289764e-06
4.213679e-06
4.137681e-06
4.061762e-06
3.985919e-06
3.910146e-06
3.834439e-06
4.366624e-06
4.290403e-06
4.214278e-06
4.13824e-06
4.062286e-06
3.986409e-06
3.910604e-06
3.834868e-06
4.367145e-06
4.290891e-06
4.214734e-06
4.138668e-06
4.062686e-06
3.986783e-06
3.910955e-06
3.835197e-06
4.367495e-06
4.291218e-06
4.215041e-06
4.357765e-06
4.282175e-06
4.206632e-06
4.131132e-06
4.055674e-06
3.980255e-06
3.904874e-06
3.829529e-06
3.754218e-06
4.357888e-06
4.282291e-06
4.206741e-06
4.131236e-06
4.055773e-06
3.980349e-06
3.904964e-06
3.829615e-06
3.7543e-06
4.35816e-06
4.282545e-06
4.206978e-06
4.131457e-06
4.055979e-06
3.980543e-06
3.905145e-06
3.829785e-06
3.754459e-06
4.358622e-06
4.282974e-06
4.207376e-06
4.131826e-06
4.056323e-06
3.980862e-06
3.905443e-06
3.830063e-06
3.754719e-06
4.359256e-06
4.283561e-06
4.207918e-06
4.132329e-06
4.056788e-06
3.981294e-06
3.905844e-06
3.830435e-06
3.755066e-06
4.360069e-06
4.284311e-06
4.208613e-06
4.132971e-06
4.057383e-06
3.981845e-06
3.906355e-06
3.83091e-06
3.755506e-06
4.361021e-06
4.285191e-06
4.209426e-06
4.133724e-06
4.058081e-06
3.982492e-06
3.906955e-06
3.831466e-06
3.756023e-06
4.362063e-06
4.286155e-06
4.21032e-06
4.134553e-06
4.058849e-06
3.983205e-06
3.907617e-06
3.832081e-06
3.756595e-06
4.36313e-06
4.287146e-06
4.21124e-06
4.135407e-06
4.059643e-06
3.983943e-06
3.908303e-06
3.832719e-06
4.364164e-06
4.288108e-06
4.212135e-06
4.13624e-06
4.060418e-06
3.984664e-06
3.908975e-06
3.833346e-06
4.365113e-06
4.288992e-06
4.212959e-06
4.137008e-06
4.061134e-06
3.985333e-06
3.909598e-06
3.833928e-06
4.36594e-06
4.289764e-06
4.21368e-06
4.137681e-06
4.061763e-06
3.98592e-06
3.910147e-06
3.834441e-06
4.36662e-06
4.290399e-06
4.214274e-06
4.138237e-06
4.062283e-06
3.986406e-06
3.910602e-06
3.834867e-06
4.367138e-06
4.290885e-06
4.214728e-06
4.138662e-06
4.062681e-06
3.986779e-06
3.910951e-06
3.835193e-06
4.367487e-06
4.291211e-06
4.215034e-06
4.357786e-06
4.282194e-06
4.206649e-06
4.131148e-06
4.055689e-06
3.980269e-06
3.904887e-06
3.829541e-06
3.754229e-06
4.357932e-06
4.282333e-06
4.20678e-06
4.131272e-06
4.055806e-06
3.98038e-06
3.904992e-06
3.829641e-06
3.754324e-06
4.358216e-06
4.282597e-06
4.207026e-06
4.131502e-06
4.056021e-06
3.980581e-06
3.905181e-06
3.829818e-06
3.75449e-06
4.358684e-06
4.283031e-06
4.207429e-06
4.131875e-06
4.056368e-06
3.980905e-06
3.905482e-06
3.830099e-06
3.754753e-06
4.359318e-06
4.283618e-06
4.207971e-06
4.132378e-06
4.056834e-06
3.981337e-06
3.905884e-06
3.830472e-06
3.7551e-06
4.360126e-06
4.284364e-06
4.208662e-06
4.133017e-06
4.057426e-06
3.981885e-06
3.906392e-06
3.830944e-06
3.755539e-06
4.361068e-06
4.285236e-06
4.209468e-06
4.133763e-06
4.058117e-06
3.982526e-06
3.906987e-06
3.831496e-06
3.756052e-06
4.362099e-06
4.28619e-06
4.210353e-06
4.134584e-06
4.058878e-06
3.983232e-06
3.907643e-06
3.832106e-06
3.756618e-06
4.363155e-06
4.28717e-06
4.211263e-06
4.135429e-06
4.059663e-06
3.983962e-06
3.908321e-06
3.832737e-06
4.364179e-06
4.288122e-06
4.212148e-06
4.136253e-06
4.06043e-06
3.984676e-06
3.908986e-06
3.833357e-06
4.36512e-06
4.288998e-06
4.212965e-06
4.137014e-06
4.061141e-06
3.985339e-06
3.909604e-06
3.833934e-06
4.365941e-06
4.289764e-06
4.213681e-06
4.137683e-06
4.061764e-06
3.985921e-06
3.910149e-06
3.834442e-06
4.366617e-06
4.290396e-06
4.214272e-06
4.138235e-06
4.062281e-06
3.986405e-06
3.910601e-06
3.834865e-06
4.367133e-06
4.290879e-06
4.214724e-06
4.138658e-06
4.062677e-06
3.986775e-06
3.910948e-06
3.83519e-06
4.36748e-06
4.291204e-06
4.215028e-06
4.357783e-06
4.282192e-06
4.206646e-06
4.131145e-06
4.055686e-06
3.980266e-06
3.904884e-06
3.829538e-06
3.754226e-06
4.357955e-06
4.282354e-06
4.206799e-06
4.13129e-06
4.055823e-06
3.980396e-06
3.905007e-06
3.829655e-06
3.754337e-06
4.358249e-06
4.282628e-06
4.207055e-06
4.131528e-06
4.056045e-06
3.980604e-06
3.905202e-06
3.829838e-06
3.754509e-06
4.358722e-06
4.283067e-06
4.207462e-06
4.131906e-06
4.056397e-06
3.980931e-06
3.905507e-06
3.830122e-06
3.754774e-06
4.359357e-06
4.283654e-06
4.208005e-06
4.132409e-06
4.056863e-06
3.981364e-06
3.905909e-06
3.830495e-06
3.755122e-06
4.360162e-06
4.284398e-06
4.208693e-06
4.133046e-06
4.057453e-06
3.98191e-06
3.906416e-06
3.830966e-06
3.755559e-06
4.3611e-06
4.285265e-06
4.209495e-06
4.133789e-06
4.058141e-06
3.982548e-06
3.907008e-06
3.831516e-06
3.75607e-06
4.362124e-06
4.286213e-06
4.210374e-06
4.134604e-06
4.058897e-06
3.98325e-06
3.907659e-06
3.832121e-06
3.756633e-06
4.363173e-06
4.287186e-06
4.211278e-06
4.135443e-06
4.059677e-06
3.983975e-06
3.908334e-06
3.832749e-06
4.36419e-06
4.288132e-06
4.212158e-06
4.136262e-06
4.060439e-06
3.984685e-06
3.908995e-06
3.833365e-06
4.365125e-06
4.289003e-06
4.21297e-06
4.137019e-06
4.061145e-06
3.985343e-06
3.909609e-06
3.833938e-06
4.365942e-06
4.289766e-06
4.213682e-06
4.137684e-06
4.061766e-06
3.985923e-06
3.91015e-06
3.834444e-06
4.366615e-06
4.290395e-06
4.21427e-06
4.138234e-06
4.06228e-06
3.986404e-06
3.9106e-06
3.834865e-06
4.367129e-06
4.290876e-06
4.214721e-06
4.138655e-06
4.062675e-06
3.986773e-06
3.910946e-06
3.835189e-06
4.367476e-06
4.2912e-06
4.215024e-06
4.35776e-06
4.28217e-06
4.206626e-06
4.131126e-06
4.055667e-06
3.980249e-06
3.904867e-06
3.829522e-06
3.754211e-06
4.35796e-06
4.282359e-06
4.206804e-06
4.131294e-06
4.055826e-06
3.980399e-06
3.90501e-06
3.829657e-06
3.754339e-06
4.358265e-06
4.282643e-06
4.207068e-06
4.13154e-06
4.056057e-06
3.980614e-06
3.905212e-06
3.829847e-06
3.754517e-06
4.358742e-06
4.283086e-06
4.207479e-06
4.131922e-06
4.056412e-06
3.980945e-06
3.90552e-06
3.830134e-06
3.754785e-06
4.359378e-06
4.283674e-06
4.208023e-06
4.132426e-06
4.056879e-06
3.981378e-06
3.905922e-06
3.830508e-06
3.755133e-06
4.360182e-06
4.284418e-06
4.208711e-06
4.133062e-06
4.057468e-06
3.981924e-06
3.906429e-06
3.830979e-06
3.755571e-06
4.361117e-06
4.285282e-06
4.209511e-06
4.133803e-06
4.058155e-06
3.982561e-06
3.907019e-06
3.831527e-06
3.75608e-06
4.362138e-06
4.286227e-06
4.210387e-06
4.134616e-06
4.058908e-06
3.983261e-06
3.907669e-06
3.832131e-06
3.756642e-06
4.363184e-06
4.287197e-06
4.211288e-06
4.135453e-06
4.059686e-06
3.983983e-06
3.908341e-06
3.832756e-06
4.364197e-06
4.288139e-06
4.212165e-06
4.136268e-06
4.060445e-06
3.98469e-06
3.909e-06
3.83337e-06
4.36513e-06
4.289007e-06
4.212974e-06
4.137023e-06
4.061149e-06
3.985347e-06
3.909612e-06
3.833941e-06
4.365944e-06
4.289767e-06
4.213684e-06
4.137686e-06
4.061767e-06
3.985924e-06
3.910152e-06
3.834445e-06
4.366615e-06
4.290394e-06
4.21427e-06
4.138234e-06
4.06228e-06
3.986404e-06
3.9106e-06
3.834865e-06
4.367128e-06
4.290874e-06
4.214719e-06
4.138654e-06
4.062673e-06
3.986772e-06
3.910945e-06
3.835188e-06
4.367474e-06
4.291198e-06
4.215023e-06
4.357719e-06
4.282131e-06
4.206589e-06
4.131092e-06
4.055635e-06
3.980218e-06
3.904839e-06
3.829495e-06
3.754185e-06
4.35795e-06
4.282349e-06
4.206794e-06
4.131285e-06
4.055818e-06
3.980391e-06
3.905002e-06
3.82965e-06
3.754332e-06
4.358265e-06
4.282643e-06
4.207068e-06
4.13154e-06
4.056057e-06
3.980614e-06
3.905212e-06
3.829846e-06
3.754517e-06
4.358748e-06
4.283092e-06
4.207484e-06
4.131927e-06
4.056416e-06
3.980949e-06
3.905523e-06
3.830137e-06
3.754788e-06
4.359385e-06
4.283681e-06
4.208029e-06
4.132431e-06
4.056883e-06
3.981383e-06
3.905926e-06
3.830512e-06
3.755137e-06
4.36019e-06
4.284425e-06
4.208717e-06
4.133068e-06
4.057473e-06
3.981929e-06
3.906433e-06
3.830983e-06
3.755575e-06
4.361125e-06
4.285289e-06
4.209517e-06
4.133809e-06
4.05816e-06
3.982566e-06
3.907024e-06
3.831531e-06
3.756084e-06
4.362145e-06
4.286234e-06
4.210393e-06
4.134621e-06
4.058913e-06
3.983265e-06
3.907674e-06
3.832135e-06
3.756645e-06
4.36319e-06
4.287202e-06
4.211293e-06
4.135457e-06
4.05969e-06
3.983987e-06
3.908345e-06
3.832759e-06
4.364202e-06
4.288143e-06
4.212169e-06
4.136272e-06
4.060449e-06
3.984694e-06
3.909003e-06
3.833373e-06
4.365133e-06
4.28901e-06
4.212977e-06
4.137026e-06
4.061151e-06
3.985349e-06
3.909614e-06
3.833943e-06
4.365946e-06
4.289768e-06
4.213685e-06
4.137687e-06
4.061769e-06
3.985926e-06
3.910153e-06
3.834447e-06
4.366616e-06
4.290395e-06
4.214271e-06
4.138235e-06
4.062281e-06
3.986404e-06
3.910601e-06
3.834865e-06
4.367129e-06
4.290874e-06
4.214719e-06
4.138654e-06
4.062673e-06
3.986772e-06
3.910945e-06
3.835188e-06
4.367474e-06
4.291197e-06
4.215022e-06
4.357662e-06
4.282078e-06
4.206539e-06
4.131045e-06
4.055591e-06
3.980177e-06
3.9048e-06
3.829458e-06
3.754151e-06
4.357926e-06
4.282327e-06
4.206774e-06
4.131266e-06
4.0558e-06
3.980374e-06
3.904986e-06
3.829635e-06
3.754318e-06
4.358252e-06
4.282631e-06
4.207057e-06
4.13153e-06
4.056047e-06
3.980605e-06
3.905203e-06
3.829838e-06
3.754509e-06
4.35874e-06
4.283085e-06
4.207477e-06
4.13192e-06
4.05641e-06
3.980943e-06
3.905518e-06
3.830132e-06
3.754784e-06
4.359379e-06
4.283676e-06
4.208024e-06
4.132427e-06
4.056879e-06
3.981379e-06
3.905922e-06
3.830508e-06
3.755133e-06
4.360186e-06
4.284422e-06
4.208714e-06
4.133065e-06
4.05747e-06
3.981927e-06
3.906431e-06
3.83098e-06
3.755572e-06
4.361123e-06
4.285288e-06
4.209516e-06
4.133808e-06
4.058158e-06
3.982564e-06
3.907022e-06
3.831529e-06
3.756083e-06
4.362146e-06
4.286234e-06
4.210393e-06
4.134621e-06
4.058913e-06
3.983265e-06
3.907673e-06
3.832134e-06
3.756645e-06
4.363192e-06
4.287204e-06
4.211294e-06
4.135458e-06
4.059691e-06
3.983988e-06
3.908346e-06
3.83276e-06
4.364205e-06
4.288145e-06
4.21217e-06
4.136274e-06
4.06045e-06
3.984695e-06
3.909004e-06
3.833373e-06
4.365136e-06
4.289012e-06
4.212979e-06
4.137027e-06
4.061153e-06
3.98535e-06
3.909615e-06
3.833944e-06
4.365948e-06
4.28977e-06
4.213687e-06
4.137689e-06
4.06177e-06
3.985927e-06
3.910154e-06
3.834448e-06
4.366618e-06
4.290396e-06
4.214272e-06
4.138236e-06
4.062282e-06
3.986405e-06
3.910602e-06
3.834866e-06
4.36713e-06
4.290875e-06
4.21472e-06
4.138655e-06
4.062674e-06
3.986773e-06
3.910946e-06
3.835188e-06
4.367475e-06
4.291198e-06
4.215023e-06
4.357591e-06
4.282012e-06
4.206478e-06
4.130987e-06
4.055537e-06
3.980126e-06
3.904752e-06
3.829413e-06
3.754108e-06
4.357891e-06
4.282295e-06
4.206743e-06
4.131237e-06
4.055773e-06
3.980349e-06
3.904963e-06
3.829613e-06
3.754297e-06
4.358228e-06
4.28261e-06
4.207036e-06
4.131511e-06
4.056029e-06
3.980588e-06
3.905187e-06
3.829824e-06
3.754495e-06
4.358722e-06
4.283068e-06
4.207462e-06
4.131906e-06
4.056396e-06
3.98093e-06
3.905506e-06
3.830121e-06
3.754773e-06
4.359363e-06
4.283662e-06
4.20801e-06
4.132414e-06
4.056867e-06
3.981367e-06
3.905912e-06
3.830498e-06
3.755124e-06
4.360173e-06
4.28441e-06
4.208703e-06
4.133055e-06
4.057461e-06
3.981917e-06
3.906422e-06
3.830972e-06
3.755564e-06
4.361114e-06
4.285279e-06
4.209508e-06
4.1338e-06
4.058151e-06
3.982557e-06
3.907016e-06
3.831523e-06
3.756076e-06
4.362141e-06
4.286229e-06
4.210388e-06
4.134616e-06
4.058909e-06
3.983261e-06
3.907669e-06
3.83213e-06
3.756641e-06
4.36319e-06
4.287201e-06
4.211292e-06
4.135456e-06
4.059689e-06
3.983986e-06
3.908343e-06
3.832758e-06
4.364205e-06
4.288145e-06
4.21217e-06
4.136273e-06
4.06045e-06
3.984694e-06
3.909003e-06
3.833373e-06
4.365138e-06
4.289013e-06
4.21298e-06
4.137028e-06
4.061153e-06
3.985351e-06
3.909616e-06
3.833944e-06
4.365951e-06
4.289772e-06
4.213689e-06
4.13769e-06
4.061771e-06
3.985928e-06
3.910155e-06
3.834448e-06
4.366621e-06
4.290398e-06
4.214274e-06
4.138238e-06
4.062283e-06
3.986407e-06
3.910603e-06
3.834867e-06
4.367133e-06
4.290877e-06
4.214722e-06
4.138657e-06
4.062676e-06
3.986774e-06
3.910947e-06
3.835189e-06
4.367478e-06
4.2912e-06
4.215025e-06
4.35751e-06
4.281936e-06
4.206407e-06
4.130921e-06
4.055475e-06
3.980068e-06
3.904698e-06
3.829362e-06
3.75406e-06
4.357847e-06
4.282254e-06
4.206705e-06
4.131201e-06
4.05574e-06
3.980318e-06
3.904934e-06
3.829585e-06
3.754272e-06
4.358195e-06
4.28258e-06
4.207008e-06
4.131485e-06
4.056005e-06
3.980566e-06
3.905166e-06
3.829804e-06
3.754477e-06
4.358695e-06
4.283044e-06
4.207438e-06
4.131884e-06
4.056376e-06
3.980911e-06
3.905488e-06
3.830104e-06
3.754758e-06
4.359339e-06
4.28364e-06
4.20799e-06
4.132394e-06
4.056849e-06
3.98135e-06
3.905896e-06
3.830483e-06
3.75511e-06
4.360154e-06
4.284392e-06
4.208686e-06
4.133038e-06
4.057445e-06
3.981903e-06
3.906408e-06
3.830959e-06
3.755552e-06
4.361099e-06
4.285266e-06
4.209494e-06
4.133787e-06
4.058139e-06
3.982546e-06
3.907005e-06
3.831513e-06
3.756067e-06
4.362131e-06
4.28622e-06
4.21038e-06
4.134608e-06
4.0589e-06
3.983253e-06
3.907661e-06
3.832123e-06
3.756634e-06
4.363185e-06
4.287196e-06
4.211287e-06
4.135451e-06
4.059684e-06
3.983981e-06
3.908339e-06
3.832753e-06
4.364204e-06
4.288143e-06
4.212169e-06
4.136272e-06
4.060448e-06
3.984692e-06
3.909001e-06
3.833371e-06
4.365139e-06
4.289013e-06
4.21298e-06
4.137029e-06
4.061153e-06
3.985351e-06
3.909615e-06
3.833944e-06
4.365954e-06
4.289773e-06
4.21369e-06
4.137692e-06
4.061773e-06
3.985929e-06
3.910156e-06
3.834449e-06
4.366625e-06
4.2904e-06
4.214276e-06
4.13824e-06
4.062285e-06
3.986408e-06
3.910604e-06
3.834868e-06
4.367137e-06
4.290879e-06
4.214725e-06
4.138659e-06
4.062678e-06
3.986776e-06
3.910949e-06
3.835191e-06
4.367482e-06
4.291202e-06
4.215027e-06
4.357422e-06
4.281855e-06
4.206331e-06
4.13085e-06
4.055409e-06
3.980006e-06
3.904639e-06
3.829308e-06
3.754009e-06
4.357796e-06
4.282207e-06
4.206661e-06
4.13116e-06
4.055701e-06
3.980282e-06
3.9049e-06
3.829554e-06
3.754242e-06
4.358157e-06
4.282544e-06
4.206975e-06
4.131454e-06
4.055976e-06
3.980539e-06
3.905141e-06
3.82978e-06
3.754455e-06
4.358661e-06
4.283013e-06
4.20741e-06
4.131857e-06
4.056351e-06
3.980888e-06
3.905467e-06
3.830084e-06
3.754739e-06
4.359309e-06
4.283613e-06
4.207964e-06
4.13237e-06
4.056827e-06
3.981329e-06
3.905876e-06
3.830465e-06
3.755093e-06
4.360129e-06
4.28437e-06
4.208664e-06
4.133018e-06
4.057426e-06
3.981885e-06
3.906391e-06
3.830943e-06
3.755537e-06
4.361081e-06
4.285248e-06
4.209478e-06
4.133771e-06
4.058124e-06
3.982532e-06
3.906992e-06
3.8315e-06
3.756055e-06
4.362119e-06
4.286208e-06
4.210368e-06
4.134597e-06
4.05889e-06
3.983243e-06
3.907652e-06
3.832114e-06
3.756625e-06
4.363179e-06
4.28719e-06
4.211281e-06
4.135445e-06
4.059678e-06
3.983975e-06
3.908333e-06
3.832747e-06
4.364203e-06
4.28814e-06
4.212166e-06
4.136269e-06
4.060445e-06
3.984689e-06
3.908998e-06
3.833368e-06
4.36514e-06
4.289013e-06
4.21298e-06
4.137028e-06
4.061153e-06
3.98535e-06
3.909615e-06
3.833943e-06
4.365957e-06
4.289775e-06
4.213692e-06
4.137693e-06
4.061774e-06
3.98593e-06
3.910157e-06
3.834449e-06
4.366629e-06
4.290403e-06
4.214279e-06
4.138242e-06
4.062287e-06
3.98641e-06
3.910606e-06
3.83487e-06
4.367142e-06
4.290882e-06
4.214728e-06
4.138662e-06
4.06268e-06
3.986778e-06
3.91095e-06
3.835192e-06
4.367487e-06
4.291205e-06
4.21503e-06
4.357331e-06
4.28177e-06
4.206252e-06
4.130776e-06
4.05534e-06
3.979942e-06
3.904579e-06
3.829251e-06
3.753956e-06
4.357742e-06
4.282157e-06
4.206614e-06
4.131117e-06
4.055661e-06
3.980244e-06
3.904865e-06
3.829521e-06
3.754211e-06
4.358114e-06
4.282505e-06
4.206938e-06
4.13142e-06
4.055944e-06
3.980509e-06
3.905113e-06
3.829754e-06
3.75443e-06
4.358624e-06
4.28298e-06
4.207378e-06
4.131828e-06
4.056324e-06
3.980863e-06
3.905443e-06
3.830062e-06
3.754718e-06
4.359276e-06
4.283583e-06
4.207936e-06
4.132344e-06
4.056802e-06
3.981306e-06
3.905854e-06
3.830444e-06
3.755074e-06
4.360101e-06
4.284344e-06
4.20864e-06
4.132995e-06
4.057405e-06
3.981865e-06
3.906372e-06
3.830925e-06
3.75552e-06
4.36106e-06
4.285229e-06
4.209459e-06
4.133754e-06
4.058107e-06
3.982516e-06
3.906977e-06
3.831486e-06
3.756041e-06
4.362105e-06
4.286195e-06
4.210355e-06
4.134585e-06
4.058878e-06
3.983231e-06
3.907641e-06
3.832103e-06
3.756615e-06
4.363171e-06
4.287182e-06
4.211273e-06
4.135438e-06
4.059671e-06
3.983968e-06
3.908326e-06
3.832741e-06
4.3642e-06
4.288137e-06
4.212163e-06
4.136266e-06
4.060441e-06
3.984686e-06
3.908995e-06
3.833364e-06
4.365142e-06
4.289013e-06
4.21298e-06
4.137028e-06
4.061152e-06
3.985349e-06
3.909614e-06
3.833942e-06
4.365961e-06
4.289777e-06
4.213694e-06
4.137695e-06
4.061775e-06
3.985931e-06
3.910157e-06
3.83445e-06
4.366634e-06
4.290405e-06
4.214282e-06
4.138245e-06
4.062289e-06
3.986412e-06
3.910607e-06
3.834871e-06
4.367147e-06
4.290886e-06
4.214731e-06
4.138665e-06
4.062683e-06
3.986781e-06
3.910953e-06
3.835194e-06
4.367492e-06
4.291209e-06
4.215034e-06
4.357242e-06
4.281687e-06
4.206175e-06
4.130704e-06
4.055273e-06
3.979879e-06
3.90452e-06
3.829196e-06
3.753904e-06
4.357687e-06
4.282106e-06
4.206567e-06
4.131073e-06
4.05562e-06
3.980206e-06
3.904829e-06
3.829487e-06
3.75418e-06
4.358071e-06
4.282465e-06
4.206901e-06
4.131385e-06
4.055911e-06
3.980479e-06
3.905085e-06
3.829728e-06
3.754406e-06
4.358586e-06
4.282945e-06
4.207345e-06
4.131797e-06
4.056295e-06
3.980836e-06
3.905418e-06
3.830038e-06
3.754696e-06
4.359242e-06
4.283551e-06
4.207906e-06
4.132316e-06
4.056776e-06
3.981282e-06
3.905832e-06
3.830423e-06
3.755054e-06
4.360072e-06
4.284318e-06
4.208615e-06
4.132971e-06
4.057382e-06
3.981844e-06
3.906353e-06
3.830907e-06
3.755503e-06
4.361038e-06
4.285208e-06
4.20944e-06
4.133735e-06
4.05809e-06
3.982499e-06
3.906961e-06
3.831471e-06
3.756027e-06
4.362091e-06
4.286181e-06
4.210342e-06
4.134572e-06
4.058866e-06
3.98322e-06
3.90763e-06
3.832093e-06
4.363164e-06
4.287174e-06
4.211265e-06
4.13543e-06
4.059663e-06
3.983961e-06
3.908319e-06
3.832734e-06
4.364198e-06
4.288133e-06
4.212159e-06
4.136262e-06
4.060438e-06
3.984682e-06
3.908991e-06
3.83336e-06
4.365143e-06
4.289012e-06
4.21298e-06
4.137028e-06
4.061152e-06
3.985348e-06
3.909613e-06
3.833941e-06
4.365964e-06
4.289778e-06
4.213696e-06
4.137696e-06
4.061776e-06
3.985932e-06
3.910158e-06
3.83445e-06
4.366638e-06
4.290409e-06
4.214285e-06
4.138247e-06
4.062292e-06
3.986414e-06
3.910609e-06
4.367152e-06
4.290889e-06
4.214735e-06
4.138669e-06
4.062686e-06
3.986783e-06
3.910955e-06
4.367498e-06
4.291213e-06
4.215038e-06
4.357157e-06
4.281608e-06
4.206101e-06
4.130636e-06
4.055209e-06
3.979819e-06
3.904464e-06
3.829144e-06
3.753855e-06
4.357635e-06
4.282057e-06
4.206522e-06
4.13103e-06
4.05558e-06
3.980169e-06
3.904794e-06
3.829455e-06
3.75415e-06
4.358028e-06
4.282426e-06
4.206865e-06
4.131351e-06
4.05588e-06
3.980449e-06
3.905058e-06
3.829702e-06
3.754382e-06
4.358549e-06
4.28291e-06
4.207313e-06
4.131767e-06
4.056267e-06
3.98081e-06
3.905393e-06
3.830016e-06
3.754675e-06
4.359209e-06
4.283521e-06
4.207877e-06
4.132289e-06
4.05675e-06
3.981258e-06
3.905809e-06
3.830402e-06
3.755034e-06
4.360045e-06
4.284292e-06
4.20859e-06
4.132948e-06
4.057361e-06
3.981823e-06
3.906334e-06
3.830889e-06
3.755486e-06
4.361017e-06
4.285189e-06
4.209421e-06
4.133717e-06
4.058073e-06
3.982483e-06
3.906946e-06
3.831457e-06
4.362077e-06
4.286167e-06
4.210329e-06
4.134559e-06
4.058854e-06
3.983208e-06
3.907619e-06
3.832082e-06
4.363156e-06
4.287166e-06
4.211258e-06
4.135423e-06
4.059656e-06
3.983954e-06
3.908312e-06
3.832727e-06
4.364195e-06
4.28813e-06
4.212156e-06
4.136259e-06
4.060434e-06
3.984679e-06
3.908988e-06
3.833357e-06
4.365144e-06
4.289012e-06
4.21298e-06
4.137027e-06
4.061151e-06
3.985347e-06
3.909612e-06
3.833939e-06
4.365968e-06
4.28978e-06
4.213697e-06
4.137698e-06
4.061777e-06
3.985933e-06
3.910159e-06
3.834451e-06
4.366643e-06
4.290412e-06
4.214288e-06
4.13825e-06
4.062294e-06
3.986416e-06
3.910611e-06
4.367158e-06
4.290893e-06
4.214739e-06
4.138672e-06
4.062689e-06
3.986786e-06
3.910957e-06
4.367504e-06
4.291217e-06
4.215042e-06
)
;

boundaryField
{
    inlet
    {
        type            zeroGradient;
    }
    outlet
    {
        type            fixedValue;
        value           nonuniform List<scalar> 0();
    }
    chip_bases
    {
        type            zeroGradient;
    }
    walls
    {
        type            zeroGradient;
    }
    procBoundary9to4
    {
        type            processor;
        value           nonuniform List<scalar> 
167
(
3.678921e-06
3.67899e-06
3.679135e-06
3.679375e-06
3.679698e-06
3.68011e-06
3.680595e-06
3.681132e-06
3.757171e-06
3.757171e-06
3.757762e-06
3.758311e-06
3.758795e-06
3.759196e-06
3.759504e-06
3.678939e-06
3.679017e-06
3.679168e-06
3.679411e-06
3.679734e-06
3.680143e-06
3.680624e-06
3.681156e-06
3.757189e-06
3.757189e-06
3.757773e-06
3.758317e-06
3.758796e-06
3.759195e-06
3.759501e-06
3.678949e-06
3.67904e-06
3.679197e-06
3.679442e-06
3.679765e-06
3.680174e-06
3.680651e-06
3.681177e-06
3.757206e-06
3.757206e-06
3.757784e-06
3.758322e-06
3.758798e-06
3.759194e-06
3.759498e-06
3.678946e-06
3.679052e-06
3.679214e-06
3.679462e-06
3.679786e-06
3.680193e-06
3.680668e-06
3.681191e-06
3.757217e-06
3.757217e-06
3.757791e-06
3.758326e-06
3.7588e-06
3.759193e-06
3.759497e-06
3.678932e-06
3.679054e-06
3.679221e-06
3.679472e-06
3.679796e-06
3.680203e-06
3.680677e-06
3.6812e-06
3.757224e-06
3.757224e-06
3.757796e-06
3.758329e-06
3.758801e-06
3.759194e-06
3.759496e-06
3.678908e-06
3.679048e-06
3.679221e-06
3.679475e-06
3.6798e-06
3.680207e-06
3.680681e-06
3.681203e-06
3.757227e-06
3.757227e-06
3.757799e-06
3.758331e-06
3.758802e-06
3.759194e-06
3.759496e-06
3.678875e-06
3.679034e-06
3.679214e-06
3.679471e-06
3.679796e-06
3.680204e-06
3.680679e-06
3.681202e-06
3.757227e-06
3.757227e-06
3.757799e-06
3.758332e-06
3.758803e-06
3.759195e-06
3.759496e-06
3.678835e-06
3.679015e-06
3.679201e-06
3.679461e-06
3.679788e-06
3.680197e-06
3.680673e-06
3.681198e-06
3.757225e-06
3.757225e-06
3.757799e-06
3.758332e-06
3.758804e-06
3.759196e-06
3.759497e-06
3.67879e-06
3.67899e-06
3.679183e-06
3.679446e-06
3.679774e-06
3.680186e-06
3.680664e-06
3.681192e-06
3.757221e-06
3.757221e-06
3.757796e-06
3.758332e-06
3.758804e-06
3.759197e-06
3.759499e-06
3.678742e-06
3.678963e-06
3.679163e-06
3.679428e-06
3.679758e-06
3.680172e-06
3.680653e-06
3.681184e-06
3.757215e-06
3.757215e-06
3.757794e-06
3.758331e-06
3.758804e-06
3.759198e-06
3.7595e-06
3.835411e-06
3.678692e-06
3.678934e-06
3.67914e-06
3.679409e-06
3.67974e-06
3.680156e-06
3.68064e-06
3.681174e-06
3.757209e-06
3.757209e-06
3.75779e-06
3.758329e-06
3.758805e-06
3.759199e-06
3.759502e-06
3.835413e-06
)
;
    }
    procBoundary9to5
    {
        type            processor;
        value           nonuniform List<scalar> 
36
(
3.756605e-06
3.834872e-06
3.835196e-06
3.678643e-06
3.678904e-06
3.679117e-06
3.679388e-06
3.679722e-06
3.680139e-06
3.680627e-06
3.756605e-06
3.756014e-06
3.756605e-06
3.757202e-06
3.757786e-06
3.758328e-06
3.758805e-06
3.834872e-06
3.834872e-06
3.835196e-06
3.678597e-06
3.678876e-06
3.679095e-06
3.679369e-06
3.679703e-06
3.680124e-06
3.756014e-06
3.756014e-06
3.756595e-06
3.757196e-06
3.757783e-06
3.758327e-06
3.758805e-06
3.834874e-06
3.834874e-06
3.835198e-06
)
;
    }
    procBoundary9to8
    {
        type            processor;
        value           nonuniform List<scalar> 
391
(
5.579236e-06
5.510863e-06
5.442616e-06
5.374484e-06
5.306456e-06
5.238521e-06
5.170673e-06
5.102904e-06
5.035207e-06
4.967577e-06
4.90001e-06
4.832501e-06
4.765046e-06
4.697641e-06
4.630284e-06
4.562971e-06
4.495702e-06
4.428471e-06
5.580977e-06
5.512473e-06
5.444108e-06
5.375866e-06
5.307738e-06
5.239713e-06
5.171781e-06
5.103936e-06
5.036169e-06
4.968475e-06
4.900849e-06
4.833286e-06
4.765781e-06
4.69833e-06
4.630931e-06
4.56358e-06
4.496274e-06
4.429009e-06
5.58243e-06
5.513817e-06
5.445352e-06
5.377019e-06
5.308807e-06
5.240704e-06
5.172701e-06
5.104791e-06
5.036964e-06
4.969215e-06
4.901539e-06
4.833929e-06
4.766381e-06
4.698891e-06
4.631455e-06
4.564069e-06
4.496733e-06
4.429438e-06
5.58443e-06
5.515667e-06
5.447063e-06
5.378602e-06
5.310272e-06
5.242061e-06
5.173959e-06
5.105956e-06
5.038045e-06
4.970218e-06
4.90247e-06
4.834794e-06
4.767185e-06
4.699639e-06
4.632151e-06
4.564718e-06
4.497337e-06
4.430001e-06
5.586991e-06
5.51804e-06
5.449262e-06
5.38064e-06
5.31216e-06
5.24381e-06
5.175579e-06
5.107458e-06
5.039437e-06
4.971509e-06
4.903667e-06
4.835904e-06
4.768216e-06
4.700596e-06
4.633041e-06
4.565545e-06
4.498106e-06
4.430717e-06
5.590149e-06
5.520977e-06
5.451991e-06
5.383176e-06
5.314516e-06
5.245999e-06
5.177612e-06
5.109345e-06
5.04119e-06
4.973137e-06
4.905179e-06
4.837309e-06
4.769521e-06
4.701809e-06
4.634168e-06
4.566593e-06
4.499082e-06
4.431625e-06
5.593646e-06
5.524244e-06
5.455042e-06
5.386022e-06
5.317171e-06
5.248474e-06
5.179918e-06
5.111494e-06
5.043191e-06
4.975001e-06
4.906914e-06
4.838925e-06
4.771025e-06
4.70321e-06
4.635473e-06
4.567809e-06
4.500214e-06
4.432682e-06
5.597237e-06
5.527616e-06
5.458206e-06
5.388988e-06
5.319949e-06
5.251074e-06
5.182351e-06
5.113768e-06
5.045317e-06
4.976986e-06
4.908769e-06
4.840656e-06
4.772642e-06
4.704719e-06
4.636882e-06
4.569125e-06
4.501443e-06
4.433831e-06
5.600677e-06
5.530863e-06
5.461266e-06
5.391869e-06
5.322658e-06
5.25362e-06
5.184742e-06
5.116012e-06
5.047421e-06
4.978959e-06
4.910617e-06
4.842388e-06
4.774263e-06
4.706237e-06
4.638303e-06
4.570455e-06
4.502688e-06
4.434998e-06
5.603808e-06
5.53383e-06
5.464074e-06
5.394523e-06
5.325164e-06
5.255983e-06
5.186968e-06
5.118108e-06
5.049393e-06
4.980813e-06
4.91236e-06
4.844024e-06
4.7758e-06
4.70768e-06
4.639657e-06
4.571726e-06
4.50388e-06
4.436117e-06
5.606533e-06
5.536422e-06
5.466535e-06
5.396857e-06
5.327374e-06
5.258074e-06
5.188944e-06
5.119973e-06
5.051152e-06
4.982471e-06
4.913922e-06
4.845495e-06
4.777184e-06
4.708982e-06
4.640881e-06
4.572877e-06
4.504962e-06
4.437136e-06
5.608812e-06
5.538595e-06
5.468604e-06
5.398823e-06
5.329241e-06
5.259843e-06
5.190619e-06
5.121558e-06
5.052651e-06
4.983887e-06
4.915258e-06
4.846755e-06
4.778373e-06
4.710102e-06
4.641937e-06
4.573871e-06
4.505898e-06
4.438017e-06
5.610629e-06
5.540332e-06
5.47026e-06
5.400401e-06
5.330741e-06
5.261268e-06
5.19197e-06
5.122839e-06
5.053863e-06
4.985033e-06
4.916341e-06
4.847779e-06
4.779339e-06
4.711014e-06
4.642797e-06
4.574683e-06
4.506664e-06
4.438739e-06
5.611986e-06
5.54163e-06
5.471501e-06
5.401584e-06
5.331867e-06
5.262338e-06
5.192987e-06
5.123803e-06
5.054777e-06
4.985898e-06
4.91716e-06
4.848553e-06
4.780071e-06
4.711705e-06
4.64345e-06
4.575299e-06
4.507245e-06
4.439287e-06
5.612887e-06
5.542493e-06
5.472326e-06
5.402371e-06
5.332616e-06
5.263051e-06
5.193665e-06
5.124447e-06
5.055387e-06
4.986477e-06
4.917708e-06
4.849072e-06
4.780561e-06
4.712169e-06
4.643888e-06
4.575712e-06
4.507635e-06
4.439655e-06
5.613336e-06
5.542924e-06
4.357081e-06
4.281538e-06
4.206035e-06
4.130574e-06
4.055151e-06
3.979765e-06
3.904414e-06
3.829097e-06
3.753811e-06
4.357587e-06
4.282013e-06
4.20648e-06
4.130992e-06
4.055544e-06
3.980135e-06
3.904763e-06
3.829426e-06
3.754122e-06
4.35799e-06
4.282391e-06
4.206832e-06
4.13132e-06
4.055851e-06
3.980423e-06
3.905032e-06
3.829679e-06
3.75436e-06
4.358515e-06
4.282879e-06
4.207284e-06
4.131739e-06
4.056241e-06
3.980786e-06
3.905371e-06
3.829995e-06
3.754655e-06
4.359178e-06
4.283493e-06
4.207851e-06
4.132264e-06
4.056727e-06
3.981236e-06
3.905789e-06
3.830383e-06
3.755017e-06
4.360019e-06
4.284269e-06
4.208568e-06
4.132927e-06
4.057341e-06
3.981805e-06
3.906316e-06
3.830872e-06
3.755471e-06
4.360998e-06
4.285171e-06
4.209404e-06
4.133701e-06
4.058057e-06
3.982469e-06
3.906932e-06
3.831444e-06
4.362065e-06
4.286155e-06
4.210317e-06
4.134548e-06
4.058843e-06
3.983198e-06
3.907609e-06
3.832073e-06
4.36315e-06
4.287159e-06
4.211251e-06
4.135416e-06
4.059649e-06
3.983947e-06
3.908306e-06
3.832721e-06
4.364194e-06
4.288127e-06
4.212153e-06
4.136256e-06
4.060431e-06
3.984676e-06
3.908985e-06
3.833354e-06
4.365146e-06
4.289013e-06
4.21298e-06
4.137027e-06
4.061151e-06
3.985347e-06
3.909611e-06
3.833938e-06
4.365971e-06
4.289783e-06
4.213699e-06
4.137699e-06
4.061779e-06
3.985934e-06
3.910159e-06
3.834451e-06
4.366648e-06
4.290415e-06
4.214291e-06
4.138253e-06
4.062296e-06
3.986418e-06
3.910612e-06
4.367164e-06
4.290897e-06
4.214743e-06
4.138676e-06
4.062692e-06
3.986788e-06
3.910959e-06
4.36751e-06
4.291222e-06
4.215046e-06
)
;
    }
    procBoundary9to10
    {
        type            processor;
        value           nonuniform List<scalar> 
343
(
4.712357e-06
4.644071e-06
4.57589e-06
4.507807e-06
4.439817e-06
5.124634e-06
5.05558e-06
4.986672e-06
4.917904e-06
4.849266e-06
4.712357e-06
4.780753e-06
5.612452e-06
5.542124e-06
5.472012e-06
5.402105e-06
5.332391e-06
5.26286e-06
5.124634e-06
5.193504e-06
4.712346e-06
4.644061e-06
4.57588e-06
4.507797e-06
4.439808e-06
5.124623e-06
5.055569e-06
4.986661e-06
4.917893e-06
4.849255e-06
4.712346e-06
4.780742e-06
5.612451e-06
5.54212e-06
5.472006e-06
5.402097e-06
5.332382e-06
5.262851e-06
5.124623e-06
5.193493e-06
4.712337e-06
4.644052e-06
4.575872e-06
4.507789e-06
4.4398e-06
5.124614e-06
5.055559e-06
4.986652e-06
4.917883e-06
4.849246e-06
4.712337e-06
4.780733e-06
5.612453e-06
5.542119e-06
5.472003e-06
5.402092e-06
5.332375e-06
5.262843e-06
5.124614e-06
5.193485e-06
4.712332e-06
4.644047e-06
4.575867e-06
4.507784e-06
4.439796e-06
5.124611e-06
5.055555e-06
4.986647e-06
4.917878e-06
4.849241e-06
4.712332e-06
4.780728e-06
5.612462e-06
5.542125e-06
5.472006e-06
5.402093e-06
5.332375e-06
5.262842e-06
5.124611e-06
5.193482e-06
4.71233e-06
4.644045e-06
4.575864e-06
4.507782e-06
4.439794e-06
5.124611e-06
5.055555e-06
4.986646e-06
4.917877e-06
4.849239e-06
4.71233e-06
4.780726e-06
5.612477e-06
5.542137e-06
5.472015e-06
5.4021e-06
5.33238e-06
5.262845e-06
5.124611e-06
5.193485e-06
4.712331e-06
4.644045e-06
4.575865e-06
4.507782e-06
4.439794e-06
5.124617e-06
5.055559e-06
4.986649e-06
4.917879e-06
4.849241e-06
4.712331e-06
4.780727e-06
5.612499e-06
5.542155e-06
5.47203e-06
5.402112e-06
5.33239e-06
5.262853e-06
5.124617e-06
5.193491e-06
4.712334e-06
4.644048e-06
4.575867e-06
4.507784e-06
4.439796e-06
5.124626e-06
5.055567e-06
4.986656e-06
4.917885e-06
4.849246e-06
4.712334e-06
4.780731e-06
5.612529e-06
5.54218e-06
5.472051e-06
5.40213e-06
5.332406e-06
5.262867e-06
5.124626e-06
5.193503e-06
4.71234e-06
4.644053e-06
4.575871e-06
4.507788e-06
4.4398e-06
5.124639e-06
5.055578e-06
4.986666e-06
4.917893e-06
4.849253e-06
4.71234e-06
4.780738e-06
5.612565e-06
5.542212e-06
5.472079e-06
5.402154e-06
5.332426e-06
5.262884e-06
5.124639e-06
5.193518e-06
4.712347e-06
4.64406e-06
4.575877e-06
4.507793e-06
4.439805e-06
5.124656e-06
5.055593e-06
4.986679e-06
4.917905e-06
4.849263e-06
4.712347e-06
4.780746e-06
5.612609e-06
5.54225e-06
5.472112e-06
5.402183e-06
5.332451e-06
5.262906e-06
5.124656e-06
5.193537e-06
4.712356e-06
4.644068e-06
4.575884e-06
4.5078e-06
4.439811e-06
5.124675e-06
5.05561e-06
4.986694e-06
4.917918e-06
4.849275e-06
4.712356e-06
4.780756e-06
5.612659e-06
5.542293e-06
5.47215e-06
5.402216e-06
5.33248e-06
5.262932e-06
5.124675e-06
5.193559e-06
4.712367e-06
4.644077e-06
4.575893e-06
4.507807e-06
4.439818e-06
5.124697e-06
5.055629e-06
4.986711e-06
4.917933e-06
4.849288e-06
4.712367e-06
4.780768e-06
5.612714e-06
5.542341e-06
5.472192e-06
5.402253e-06
5.332513e-06
5.26296e-06
5.124697e-06
5.193584e-06
4.712378e-06
4.644087e-06
4.575902e-06
4.507815e-06
4.439825e-06
5.124721e-06
5.05565e-06
4.986729e-06
4.917949e-06
4.849302e-06
4.712378e-06
4.780781e-06
5.472236e-06
5.402292e-06
5.332547e-06
5.26299e-06
5.124721e-06
5.193611e-06
4.138955e-06
4.062955e-06
3.987036e-06
3.911192e-06
3.835419e-06
4.36767e-06
4.291383e-06
4.138955e-06
4.215195e-06
4.138949e-06
4.062949e-06
3.98703e-06
3.911187e-06
3.835414e-06
4.367662e-06
4.291375e-06
4.138949e-06
4.215188e-06
4.138943e-06
4.062944e-06
3.987026e-06
3.911182e-06
3.83541e-06
4.367654e-06
4.291368e-06
4.138943e-06
4.215181e-06
4.13894e-06
4.062941e-06
3.987023e-06
3.91118e-06
3.835408e-06
4.36765e-06
4.291363e-06
4.13894e-06
4.215177e-06
4.138938e-06
4.062939e-06
3.987021e-06
3.911178e-06
3.835406e-06
4.367648e-06
4.291361e-06
4.138938e-06
4.215175e-06
4.138938e-06
4.062939e-06
3.987021e-06
3.911178e-06
3.835406e-06
4.367647e-06
4.29136e-06
4.138938e-06
4.215174e-06
4.138938e-06
4.062939e-06
3.987021e-06
3.911178e-06
3.835406e-06
4.367649e-06
4.29136e-06
4.138938e-06
4.215175e-06
4.13894e-06
4.062941e-06
3.987022e-06
3.91118e-06
3.835407e-06
4.367651e-06
4.291362e-06
4.13894e-06
4.215177e-06
4.138942e-06
4.062943e-06
3.987024e-06
3.911181e-06
3.835409e-06
4.367655e-06
4.291364e-06
4.138942e-06
4.215179e-06
4.138946e-06
4.062946e-06
3.987027e-06
3.911183e-06
4.36766e-06
4.291368e-06
4.138946e-06
4.215183e-06
4.138949e-06
4.062949e-06
3.98703e-06
3.911186e-06
4.367666e-06
4.291372e-06
4.138949e-06
4.215186e-06
4.138953e-06
4.062952e-06
3.987032e-06
3.911188e-06
4.367672e-06
4.291376e-06
4.138953e-06
4.215191e-06
)
;
    }
    procBoundary9to11
    {
        type            processor;
        value           nonuniform List<scalar> 
41
(
5.472693e-06
5.402725e-06
5.332957e-06
5.263378e-06
5.193977e-06
5.124745e-06
5.055671e-06
4.986748e-06
4.917966e-06
4.849317e-06
4.780794e-06
5.472693e-06
5.402725e-06
5.332957e-06
5.263378e-06
5.193977e-06
5.472693e-06
5.402725e-06
5.332957e-06
5.263378e-06
5.193977e-06
5.124745e-06
5.055671e-06
4.986748e-06
4.917966e-06
4.849317e-06
4.780794e-06
4.712389e-06
4.644097e-06
4.575911e-06
4.507823e-06
4.439833e-06
5.472693e-06
4.138956e-06
4.062955e-06
3.987035e-06
3.911191e-06
4.367678e-06
4.29138e-06
4.138956e-06
4.215195e-06
)
;
    }
    procBoundary9to12
    {
        type            processor;
        value           nonuniform List<scalar> 
28
(
5.683478e-06
5.683478e-06
5.683478e-06
5.68348e-06
5.68348e-06
5.68348e-06
5.683486e-06
5.683486e-06
5.683486e-06
5.683498e-06
5.683498e-06
5.683498e-06
5.683517e-06
5.683517e-06
5.683517e-06
5.683544e-06
5.683544e-06
5.683544e-06
5.683578e-06
5.683578e-06
5.683578e-06
5.683621e-06
5.683621e-06
5.683621e-06
5.683672e-06
5.683672e-06
5.683729e-06
5.683729e-06
)
;
    }
    procBoundary9to13
    {
        type            processor;
        value           nonuniform List<scalar> 8(5.683792e-06 5.613221e-06 5.542822e-06 5.613221e-06 5.542822e-06 5.542822e-06 5.613279e-06 5.542874e-06);
    }
    procBoundary9to15
    {
        type            processor;
        value           nonuniform List<scalar> 
213
(
5.719108e-06
5.719502e-06
5.720602e-06
5.722589e-06
5.725335e-06
5.728762e-06
5.732592e-06
5.736549e-06
5.740356e-06
5.743826e-06
5.746841e-06
5.749352e-06
5.751345e-06
5.752826e-06
5.753805e-06
5.719252e-06
5.719731e-06
5.720877e-06
5.722875e-06
5.725602e-06
5.728989e-06
5.732766e-06
5.736669e-06
5.740431e-06
5.743869e-06
5.746864e-06
5.749364e-06
5.751352e-06
5.752832e-06
5.753811e-06
5.719339e-06
5.719922e-06
5.721114e-06
5.723126e-06
5.72584e-06
5.729194e-06
5.732926e-06
5.736783e-06
5.740506e-06
5.743915e-06
5.746891e-06
5.749381e-06
5.751365e-06
5.752843e-06
5.753822e-06
5.719326e-06
5.720017e-06
5.72125e-06
5.723279e-06
5.725988e-06
5.729328e-06
5.733036e-06
5.736868e-06
5.740568e-06
5.743958e-06
5.746922e-06
5.749404e-06
5.751384e-06
5.752861e-06
5.753839e-06
5.719226e-06
5.720032e-06
5.721305e-06
5.723354e-06
5.726068e-06
5.729406e-06
5.733109e-06
5.736931e-06
5.74062e-06
5.744e-06
5.746956e-06
5.749433e-06
5.75141e-06
5.752885e-06
5.753863e-06
5.71905e-06
5.719982e-06
5.721296e-06
5.723368e-06
5.726094e-06
5.729443e-06
5.733152e-06
5.736978e-06
5.740666e-06
5.744043e-06
5.746996e-06
5.74947e-06
5.751445e-06
5.752918e-06
5.753896e-06
5.718806e-06
5.719874e-06
5.721232e-06
5.723331e-06
5.726076e-06
5.729446e-06
5.733174e-06
5.737013e-06
5.740709e-06
5.744089e-06
5.747041e-06
5.749514e-06
5.751487e-06
5.75296e-06
5.753937e-06
5.718508e-06
5.649373e-06
5.719719e-06
5.650626e-06
5.721124e-06
5.651974e-06
5.723253e-06
5.653981e-06
5.726024e-06
5.656585e-06
5.729423e-06
5.65979e-06
5.733179e-06
5.663342e-06
5.737041e-06
5.667006e-06
5.740751e-06
5.670535e-06
5.744138e-06
5.673765e-06
5.747093e-06
5.67659e-06
5.749566e-06
5.678958e-06
5.751539e-06
5.680851e-06
5.753011e-06
5.682265e-06
5.753987e-06
5.683203e-06
5.649373e-06
5.650626e-06
5.651974e-06
5.653981e-06
5.656585e-06
5.65979e-06
5.663342e-06
5.667006e-06
5.670535e-06
5.673765e-06
5.67659e-06
5.678958e-06
5.680851e-06
5.682265e-06
5.683203e-06
5.649036e-06
5.650428e-06
5.651822e-06
5.653861e-06
5.656495e-06
5.659737e-06
5.663325e-06
5.66702e-06
5.67057e-06
5.673813e-06
5.676644e-06
5.679015e-06
5.680909e-06
5.682323e-06
5.683261e-06
5.648691e-06
5.65022e-06
5.65166e-06
5.653731e-06
5.656398e-06
5.659679e-06
5.663307e-06
5.667034e-06
5.670608e-06
5.673865e-06
5.676703e-06
5.679078e-06
5.680972e-06
5.682386e-06
5.683324e-06
5.683792e-06
5.648352e-06
5.650011e-06
5.651497e-06
5.653601e-06
5.656301e-06
5.659622e-06
5.66329e-06
5.66705e-06
5.670647e-06
5.673919e-06
5.676765e-06
5.679142e-06
5.681038e-06
5.682452e-06
5.68339e-06
5.683858e-06
5.648034e-06
5.649813e-06
5.651343e-06
5.653477e-06
5.65621e-06
5.65957e-06
5.663276e-06
5.667068e-06
5.670688e-06
5.673973e-06
5.676826e-06
5.679208e-06
5.681104e-06
5.682519e-06
5.683457e-06
5.683924e-06
)
;
    }
}


// ************************************************************************* //
