/*--------------------------------*- C++ -*----------------------------------*\
| =========                 |                                                 |
| \\      /  F ield         | OpenFOAM: The Open Source CFD Toolbox           |
|  \\    /   O peration     | Version:  2406                                  |
|   \\  /    A nd           | Website:  www.openfoam.com                      |
|    \\/     M anipulation  |                                                 |
\*---------------------------------------------------------------------------*/
FoamFile
{
    version     2.0;
    format      ascii;
    arch        "LSB;label=32;scalar=64";
    class       volScalarField;
    location    "320";
    object      p;
}
// * * * * * * * * * * * * * * * * * * * * * * * * * * * * * * * * * * * * * //

dimensions      [0 2 -2 0 0 0 0];

internalField   nonuniform List<scalar> 
5432
(
3.678643e-06
3.603412e-06
3.52821e-06
3.453034e-06
3.377885e-06
3.302761e-06
3.227661e-06
3.678904e-06
3.60366e-06
3.528444e-06
3.453257e-06
3.378097e-06
3.302962e-06
3.227853e-06
3.679117e-06
3.60386e-06
3.528633e-06
3.453435e-06
3.378265e-06
3.303121e-06
3.228004e-06
3.679388e-06
3.604114e-06
3.528872e-06
3.453659e-06
3.378476e-06
3.303319e-06
3.228191e-06
3.679722e-06
3.604425e-06
3.529161e-06
3.45393e-06
3.378729e-06
3.303557e-06
3.228414e-06
3.680139e-06
3.604814e-06
3.529524e-06
3.454268e-06
3.379045e-06
3.303852e-06
3.22869e-06
3.680627e-06
3.605267e-06
3.529946e-06
3.454662e-06
3.379412e-06
3.304195e-06
3.22901e-06
3.756605e-06
3.681164e-06
3.605768e-06
3.530413e-06
3.455097e-06
3.379818e-06
3.304574e-06
3.229364e-06
3.757202e-06
3.681721e-06
3.606286e-06
3.530896e-06
3.455548e-06
3.38024e-06
3.304969e-06
3.229733e-06
3.757786e-06
3.682266e-06
3.606795e-06
3.531371e-06
3.455992e-06
3.380655e-06
3.305357e-06
3.230096e-06
3.758328e-06
3.682772e-06
3.607268e-06
3.531814e-06
3.456406e-06
3.381042e-06
3.30572e-06
3.230436e-06
3.758805e-06
3.683218e-06
3.607685e-06
3.532204e-06
3.456772e-06
3.381385e-06
3.306042e-06
3.230738e-06
3.834872e-06
3.7592e-06
3.683588e-06
3.608032e-06
3.53253e-06
3.457077e-06
3.381671e-06
3.306311e-06
3.23099e-06
3.835196e-06
3.759503e-06
3.683872e-06
3.608299e-06
3.53278e-06
3.457312e-06
3.381892e-06
3.306518e-06
3.231185e-06
3.835415e-06
3.759709e-06
3.684064e-06
3.608479e-06
3.532949e-06
3.457471e-06
3.382041e-06
3.306658e-06
3.231317e-06
3.835525e-06
3.759812e-06
3.684161e-06
3.60857e-06
3.533035e-06
3.457551e-06
3.382117e-06
3.306729e-06
3.231383e-06
3.678597e-06
3.603369e-06
3.528169e-06
3.452996e-06
3.377849e-06
3.302727e-06
3.227629e-06
3.678876e-06
3.603633e-06
3.528419e-06
3.453234e-06
3.378075e-06
3.302941e-06
3.227833e-06
3.679095e-06
3.603839e-06
3.528613e-06
3.453417e-06
3.378248e-06
3.303105e-06
3.227989e-06
3.679369e-06
3.604096e-06
3.528854e-06
3.453643e-06
3.37846e-06
3.303305e-06
3.228177e-06
3.679703e-06
3.604408e-06
3.529145e-06
3.453915e-06
3.378715e-06
3.303544e-06
3.228401e-06
3.680124e-06
3.604799e-06
3.52951e-06
3.454255e-06
3.379032e-06
3.30384e-06
3.228679e-06
3.756014e-06
3.680614e-06
3.605255e-06
3.529935e-06
3.454651e-06
3.379402e-06
3.304185e-06
3.229001e-06
3.756595e-06
3.681155e-06
3.605759e-06
3.530404e-06
3.455088e-06
3.37981e-06
3.304567e-06
3.229357e-06
3.757196e-06
3.681714e-06
3.60628e-06
3.53089e-06
3.455543e-06
3.380234e-06
3.304963e-06
3.229728e-06
3.757783e-06
3.682262e-06
3.606791e-06
3.531368e-06
3.455989e-06
3.380652e-06
3.305354e-06
3.230093e-06
3.758327e-06
3.68277e-06
3.607266e-06
3.531812e-06
3.456405e-06
3.381041e-06
3.305719e-06
3.230434e-06
3.758805e-06
3.683218e-06
3.607685e-06
3.532204e-06
3.456772e-06
3.381385e-06
3.306042e-06
3.230737e-06
3.834874e-06
3.759201e-06
3.683589e-06
3.608033e-06
3.53253e-06
3.457077e-06
3.381672e-06
3.306311e-06
3.23099e-06
3.835198e-06
3.759505e-06
3.683874e-06
3.6083e-06
3.532781e-06
3.457313e-06
3.381893e-06
3.306518e-06
3.231185e-06
3.835417e-06
3.759711e-06
3.684066e-06
3.608481e-06
3.53295e-06
3.457472e-06
3.382042e-06
3.306659e-06
3.231317e-06
3.835528e-06
3.759814e-06
3.684163e-06
3.608572e-06
3.533036e-06
3.457552e-06
3.382118e-06
3.30673e-06
3.231384e-06
3.835528e-06
3.759814e-06
3.684163e-06
3.608572e-06
3.835417e-06
3.75971e-06
3.684066e-06
3.608481e-06
3.678556e-06
3.60333e-06
3.528133e-06
3.452962e-06
3.377817e-06
3.302697e-06
3.2276e-06
3.67885e-06
3.603609e-06
3.528397e-06
3.453212e-06
3.378055e-06
3.302923e-06
3.227816e-06
3.679074e-06
3.60382e-06
3.528595e-06
3.4534e-06
3.378232e-06
3.30309e-06
3.227975e-06
3.67935e-06
3.604078e-06
3.528838e-06
3.453628e-06
3.378446e-06
3.303292e-06
3.228165e-06
3.679687e-06
3.604392e-06
3.529131e-06
3.453901e-06
3.378702e-06
3.303531e-06
3.22839e-06
3.680109e-06
3.604785e-06
3.529497e-06
3.454243e-06
3.379021e-06
3.303829e-06
3.228669e-06
3.756001e-06
3.680602e-06
3.605244e-06
3.529924e-06
3.454641e-06
3.379392e-06
3.304176e-06
3.228993e-06
3.756586e-06
3.681146e-06
3.60575e-06
3.530396e-06
3.455081e-06
3.379803e-06
3.30456e-06
3.229351e-06
3.75719e-06
3.681709e-06
3.606275e-06
3.530885e-06
3.455537e-06
3.380229e-06
3.304959e-06
3.229723e-06
3.75778e-06
3.682259e-06
3.606788e-06
3.531365e-06
3.455986e-06
3.380649e-06
3.305351e-06
3.23009e-06
3.758326e-06
3.682769e-06
3.607265e-06
3.531811e-06
3.456403e-06
3.381039e-06
3.305717e-06
3.230433e-06
3.758805e-06
3.683218e-06
3.607685e-06
3.532204e-06
3.456772e-06
3.381385e-06
3.306041e-06
3.230736e-06
3.834875e-06
3.759202e-06
3.68359e-06
3.608034e-06
3.532531e-06
3.457078e-06
3.381672e-06
3.306311e-06
3.23099e-06
3.8352e-06
3.759507e-06
3.683875e-06
3.608301e-06
3.532782e-06
3.457314e-06
3.381893e-06
3.306519e-06
3.231185e-06
3.83542e-06
3.759712e-06
3.684068e-06
3.608482e-06
3.532952e-06
3.457473e-06
3.382043e-06
3.30666e-06
3.231318e-06
3.83553e-06
3.759816e-06
3.684165e-06
3.608573e-06
3.533037e-06
3.457554e-06
3.382119e-06
3.306731e-06
3.231384e-06
3.83553e-06
3.759816e-06
3.684165e-06
3.608573e-06
3.83542e-06
3.759712e-06
3.684068e-06
3.608482e-06
3.678521e-06
3.603297e-06
3.528102e-06
3.452933e-06
3.37779e-06
3.302671e-06
3.227576e-06
3.678828e-06
3.603588e-06
3.528377e-06
3.453194e-06
3.378038e-06
3.302906e-06
3.2278e-06
3.679057e-06
3.603803e-06
3.52858e-06
3.453386e-06
3.378219e-06
3.303078e-06
3.227963e-06
3.679334e-06
3.604064e-06
3.528824e-06
3.453615e-06
3.378434e-06
3.30328e-06
3.228154e-06
3.679672e-06
3.604379e-06
3.529118e-06
3.453889e-06
3.378691e-06
3.303521e-06
3.22838e-06
3.680097e-06
3.604773e-06
3.529486e-06
3.454232e-06
3.379011e-06
3.30382e-06
3.22866e-06
3.755991e-06
3.680592e-06
3.605234e-06
3.529915e-06
3.454632e-06
3.379384e-06
3.304169e-06
3.228986e-06
3.756578e-06
3.681139e-06
3.605743e-06
3.530389e-06
3.455075e-06
3.379797e-06
3.304554e-06
3.229345e-06
3.757185e-06
3.681704e-06
3.60627e-06
3.530881e-06
3.455533e-06
3.380225e-06
3.304955e-06
3.229719e-06
3.757777e-06
3.682256e-06
3.606786e-06
3.531362e-06
3.455983e-06
3.380646e-06
3.305349e-06
3.230088e-06
3.758325e-06
3.682768e-06
3.607264e-06
3.53181e-06
3.456402e-06
3.381038e-06
3.305716e-06
3.230431e-06
3.758805e-06
3.683218e-06
3.607685e-06
3.532204e-06
3.456771e-06
3.381384e-06
3.306041e-06
3.230736e-06
3.759203e-06
3.68359e-06
3.608034e-06
3.532531e-06
3.457078e-06
3.381672e-06
3.306311e-06
3.23099e-06
3.835202e-06
3.759508e-06
3.683876e-06
3.608302e-06
3.532783e-06
3.457314e-06
3.381894e-06
3.306519e-06
3.231185e-06
3.835422e-06
3.759714e-06
3.684069e-06
3.608484e-06
3.532953e-06
3.457474e-06
3.382044e-06
3.306661e-06
3.231318e-06
3.835532e-06
3.759818e-06
3.684167e-06
3.608575e-06
3.533039e-06
3.457555e-06
3.38212e-06
3.306732e-06
3.231385e-06
3.678494e-06
3.603272e-06
3.528078e-06
3.45291e-06
3.377769e-06
3.302651e-06
3.227558e-06
3.678811e-06
3.603572e-06
3.528362e-06
3.45318e-06
3.378024e-06
3.302894e-06
3.227789e-06
3.679043e-06
3.603791e-06
3.528568e-06
3.453374e-06
3.378208e-06
3.303068e-06
3.227954e-06
3.679322e-06
3.604052e-06
3.528813e-06
3.453605e-06
3.378425e-06
3.303271e-06
3.228146e-06
3.679661e-06
3.604368e-06
3.529109e-06
3.45388e-06
3.378683e-06
3.303513e-06
3.228373e-06
3.680087e-06
3.604764e-06
3.529477e-06
3.454224e-06
3.379004e-06
3.303813e-06
3.228653e-06
3.755983e-06
3.680585e-06
3.605227e-06
3.529908e-06
3.454626e-06
3.379378e-06
3.304163e-06
3.22898e-06
3.756573e-06
3.681133e-06
3.605738e-06
3.530384e-06
3.45507e-06
3.379792e-06
3.30455e-06
3.229341e-06
3.757181e-06
3.6817e-06
3.606267e-06
3.530877e-06
3.45553e-06
3.380222e-06
3.304952e-06
3.229716e-06
3.757775e-06
3.682254e-06
3.606784e-06
3.53136e-06
3.455981e-06
3.380644e-06
3.305347e-06
3.230086e-06
3.758324e-06
3.682767e-06
3.607263e-06
3.531809e-06
3.456401e-06
3.381037e-06
3.305715e-06
3.23043e-06
3.758806e-06
3.683218e-06
3.607685e-06
3.532204e-06
3.456771e-06
3.381384e-06
3.30604e-06
3.230735e-06
3.759204e-06
3.683591e-06
3.608035e-06
3.532532e-06
3.457079e-06
3.381672e-06
3.306311e-06
3.23099e-06
3.75951e-06
3.683877e-06
3.608303e-06
3.532783e-06
3.457315e-06
3.381894e-06
3.30652e-06
3.231185e-06
3.759716e-06
3.684071e-06
3.608485e-06
3.532954e-06
3.457475e-06
3.382045e-06
3.306661e-06
3.231318e-06
3.53304e-06
3.457556e-06
3.38212e-06
3.306732e-06
3.231385e-06
3.678476e-06
3.603255e-06
3.528062e-06
3.452896e-06
3.377755e-06
3.302638e-06
3.227545e-06
3.678799e-06
3.603561e-06
3.528352e-06
3.45317e-06
3.378015e-06
3.302885e-06
3.22778e-06
3.679034e-06
3.603782e-06
3.52856e-06
3.453367e-06
3.378201e-06
3.303061e-06
3.227948e-06
3.679314e-06
3.604044e-06
3.528806e-06
3.453598e-06
3.378418e-06
3.303266e-06
3.22814e-06
3.679654e-06
3.604362e-06
3.529102e-06
3.453874e-06
3.378677e-06
3.303508e-06
3.228368e-06
3.680081e-06
3.604758e-06
3.529472e-06
3.454219e-06
3.378999e-06
3.303808e-06
3.228649e-06
3.755978e-06
3.68058e-06
3.605223e-06
3.529904e-06
3.454622e-06
3.379374e-06
3.304159e-06
3.228977e-06
3.756569e-06
3.68113e-06
3.605735e-06
3.530381e-06
3.455067e-06
3.379789e-06
3.304547e-06
3.229339e-06
3.757179e-06
3.681698e-06
3.606265e-06
3.530875e-06
3.455528e-06
3.38022e-06
3.30495e-06
3.229715e-06
3.757774e-06
3.682253e-06
3.606783e-06
3.531359e-06
3.45598e-06
3.380643e-06
3.305346e-06
3.230085e-06
3.758324e-06
3.682767e-06
3.607263e-06
3.531809e-06
3.456401e-06
3.381037e-06
3.305714e-06
3.23043e-06
3.758807e-06
3.683218e-06
3.607685e-06
3.532204e-06
3.456771e-06
3.381384e-06
3.30604e-06
3.230735e-06
3.759205e-06
3.683592e-06
3.608036e-06
3.532532e-06
3.457079e-06
3.381673e-06
3.306311e-06
3.23099e-06
3.759511e-06
3.683878e-06
3.608304e-06
3.532784e-06
3.457316e-06
3.381895e-06
3.30652e-06
3.231186e-06
3.759717e-06
3.684072e-06
3.608486e-06
3.532955e-06
3.457476e-06
3.382045e-06
3.306661e-06
3.231318e-06
3.53304e-06
3.457556e-06
3.382121e-06
3.306733e-06
3.231386e-06
3.678468e-06
3.603247e-06
3.528055e-06
3.452889e-06
3.377748e-06
3.302632e-06
3.227539e-06
3.678793e-06
3.603556e-06
3.528347e-06
3.453165e-06
3.378011e-06
3.302881e-06
3.227777e-06
3.679031e-06
3.603779e-06
3.528557e-06
3.453364e-06
3.378199e-06
3.303059e-06
3.227945e-06
3.67931e-06
3.604041e-06
3.528803e-06
3.453595e-06
3.378415e-06
3.303263e-06
3.228138e-06
3.679651e-06
3.604359e-06
3.5291e-06
3.453872e-06
3.378675e-06
3.303506e-06
3.228366e-06
3.680078e-06
3.604756e-06
3.52947e-06
3.454217e-06
3.378997e-06
3.303807e-06
3.228647e-06
3.755976e-06
3.680578e-06
3.605221e-06
3.529902e-06
3.45462e-06
3.379373e-06
3.304158e-06
3.228975e-06
3.756568e-06
3.681129e-06
3.605734e-06
3.53038e-06
3.455066e-06
3.379788e-06
3.304546e-06
3.229338e-06
3.757179e-06
3.681698e-06
3.606264e-06
3.530875e-06
3.455527e-06
3.38022e-06
3.304949e-06
3.229714e-06
3.757775e-06
3.682254e-06
3.606783e-06
3.531359e-06
3.45598e-06
3.380643e-06
3.305345e-06
3.230084e-06
3.758325e-06
3.682768e-06
3.607263e-06
3.531809e-06
3.456401e-06
3.381037e-06
3.305714e-06
3.23043e-06
3.758807e-06
3.683219e-06
3.607686e-06
3.532204e-06
3.456771e-06
3.381384e-06
3.30604e-06
3.230735e-06
3.759206e-06
3.683593e-06
3.608036e-06
3.532533e-06
3.457079e-06
3.381673e-06
3.306312e-06
3.23099e-06
3.759512e-06
3.683879e-06
3.608305e-06
3.532785e-06
3.457316e-06
3.381895e-06
3.30652e-06
3.231186e-06
3.759718e-06
3.684073e-06
3.608486e-06
3.532955e-06
3.457476e-06
3.382045e-06
3.306662e-06
3.231319e-06
3.533041e-06
3.457557e-06
3.382121e-06
3.306733e-06
3.231386e-06
3.678469e-06
3.603248e-06
3.528056e-06
3.45289e-06
3.377749e-06
3.302633e-06
3.22754e-06
3.678794e-06
3.603556e-06
3.528347e-06
3.453166e-06
3.378011e-06
3.302882e-06
3.227777e-06
3.679032e-06
3.603781e-06
3.528559e-06
3.453366e-06
3.3782e-06
3.30306e-06
3.227947e-06
3.679312e-06
3.604042e-06
3.528804e-06
3.453596e-06
3.378417e-06
3.303264e-06
3.228139e-06
3.679653e-06
3.604361e-06
3.529101e-06
3.453873e-06
3.378676e-06
3.303507e-06
3.228367e-06
3.68008e-06
3.604758e-06
3.529471e-06
3.454218e-06
3.378998e-06
3.303808e-06
3.228648e-06
3.755978e-06
3.68058e-06
3.605223e-06
3.529904e-06
3.454622e-06
3.379374e-06
3.304159e-06
3.228976e-06
3.75657e-06
3.68113e-06
3.605735e-06
3.530381e-06
3.455067e-06
3.37979e-06
3.304547e-06
3.229339e-06
3.75718e-06
3.681699e-06
3.606265e-06
3.530876e-06
3.455528e-06
3.380221e-06
3.30495e-06
3.229715e-06
3.757776e-06
3.682255e-06
3.606784e-06
3.53136e-06
3.455981e-06
3.380644e-06
3.305346e-06
3.230085e-06
3.758326e-06
3.682769e-06
3.607264e-06
3.531809e-06
3.456401e-06
3.381037e-06
3.305715e-06
3.23043e-06
3.758808e-06
3.68322e-06
3.607687e-06
3.532205e-06
3.456772e-06
3.381384e-06
3.306041e-06
3.230735e-06
3.759207e-06
3.683593e-06
3.608037e-06
3.532533e-06
3.45708e-06
3.381673e-06
3.306312e-06
3.23099e-06
3.759512e-06
3.68388e-06
3.608305e-06
3.532785e-06
3.457316e-06
3.381895e-06
3.30652e-06
3.231186e-06
3.759719e-06
3.684073e-06
3.608487e-06
3.532955e-06
3.457476e-06
3.382046e-06
3.306662e-06
3.231319e-06
3.533041e-06
3.457557e-06
3.382121e-06
3.306733e-06
3.231386e-06
3.67848e-06
3.603259e-06
3.528066e-06
3.452899e-06
3.377758e-06
3.302641e-06
3.227548e-06
3.678798e-06
3.60356e-06
3.52835e-06
3.453169e-06
3.378014e-06
3.302884e-06
3.22778e-06
3.679038e-06
3.603786e-06
3.528564e-06
3.45337e-06
3.378204e-06
3.303064e-06
3.227951e-06
3.679316e-06
3.604046e-06
3.528808e-06
3.453599e-06
3.37842e-06
3.303267e-06
3.228142e-06
3.679657e-06
3.604364e-06
3.529105e-06
3.453877e-06
3.378679e-06
3.30351e-06
3.22837e-06
3.680084e-06
3.604761e-06
3.529474e-06
3.454221e-06
3.379001e-06
3.30381e-06
3.228651e-06
3.755981e-06
3.680583e-06
3.605225e-06
3.529907e-06
3.454624e-06
3.379376e-06
3.304161e-06
3.228979e-06
3.756572e-06
3.681133e-06
3.605737e-06
3.530384e-06
3.455069e-06
3.379791e-06
3.304549e-06
3.22934e-06
3.757183e-06
3.681701e-06
3.606267e-06
3.530878e-06
3.45553e-06
3.380222e-06
3.304951e-06
3.229716e-06
3.757777e-06
3.682256e-06
3.606785e-06
3.531361e-06
3.455982e-06
3.380645e-06
3.305347e-06
3.230086e-06
3.758327e-06
3.68277e-06
3.607265e-06
3.53181e-06
3.456402e-06
3.381038e-06
3.305715e-06
3.230431e-06
3.758809e-06
3.683221e-06
3.607687e-06
3.532205e-06
3.456772e-06
3.381385e-06
3.306041e-06
3.230736e-06
3.759208e-06
3.683594e-06
3.608037e-06
3.532533e-06
3.45708e-06
3.381673e-06
3.306312e-06
3.23099e-06
3.759513e-06
3.68388e-06
3.608305e-06
3.532785e-06
3.457316e-06
3.381895e-06
3.30652e-06
3.231186e-06
3.759719e-06
3.684074e-06
3.608487e-06
3.532956e-06
3.457476e-06
3.382046e-06
3.306662e-06
3.231319e-06
3.533041e-06
3.457557e-06
3.382121e-06
3.306733e-06
3.231386e-06
3.156755e-06
3.090037e-06
3.023336e-06
2.956652e-06
2.889983e-06
2.82333e-06
2.756692e-06
2.690068e-06
2.623458e-06
2.556862e-06
2.490278e-06
3.156937e-06
3.090211e-06
3.023504e-06
2.956813e-06
2.890138e-06
2.823478e-06
2.756834e-06
2.690205e-06
2.623589e-06
2.556987e-06
2.490399e-06
3.15708e-06
3.090347e-06
3.023633e-06
2.956937e-06
2.890256e-06
2.823592e-06
2.756943e-06
2.690308e-06
2.623688e-06
2.557082e-06
2.49049e-06
3.157257e-06
3.090514e-06
3.023792e-06
2.957088e-06
2.8904e-06
2.823729e-06
2.757073e-06
2.690433e-06
2.623807e-06
2.557196e-06
2.490598e-06
3.157466e-06
3.090712e-06
3.02398e-06
2.957266e-06
2.890569e-06
2.823889e-06
2.757226e-06
2.690578e-06
2.623945e-06
2.557327e-06
2.490723e-06
3.157726e-06
3.090957e-06
3.024212e-06
2.957485e-06
2.890777e-06
2.824086e-06
2.757413e-06
2.690755e-06
2.624114e-06
2.557488e-06
2.490876e-06
3.158027e-06
3.091242e-06
3.024481e-06
2.957739e-06
2.891017e-06
2.824314e-06
2.757629e-06
2.69096e-06
2.624309e-06
2.557673e-06
2.491052e-06
3.158361e-06
3.091558e-06
3.024779e-06
2.958021e-06
2.891284e-06
2.824566e-06
2.757868e-06
2.691187e-06
2.624524e-06
2.557877e-06
2.491247e-06
3.158708e-06
3.091886e-06
3.025089e-06
2.958314e-06
2.891561e-06
2.824829e-06
2.758117e-06
2.691424e-06
2.624749e-06
2.558091e-06
2.49145e-06
3.159051e-06
3.092212e-06
3.025396e-06
2.958605e-06
2.891836e-06
2.82509e-06
2.758364e-06
2.691658e-06
2.624972e-06
2.558303e-06
2.491652e-06
3.159372e-06
3.092516e-06
3.025684e-06
2.958877e-06
2.892095e-06
2.825335e-06
2.758597e-06
2.691879e-06
2.625182e-06
2.558503e-06
2.491842e-06
3.159657e-06
3.092787e-06
3.02594e-06
2.95912e-06
2.892325e-06
2.825553e-06
2.758804e-06
2.692076e-06
2.625369e-06
2.558681e-06
2.492012e-06
3.159895e-06
3.093013e-06
3.026154e-06
2.959323e-06
2.892518e-06
2.825736e-06
2.758978e-06
2.692242e-06
2.625527e-06
2.558831e-06
2.492155e-06
3.160079e-06
3.093188e-06
3.02632e-06
2.95948e-06
2.892667e-06
2.825878e-06
2.759113e-06
2.69237e-06
2.625649e-06
2.558948e-06
2.492266e-06
3.160204e-06
3.093306e-06
3.026432e-06
2.959587e-06
2.892768e-06
2.825974e-06
2.759205e-06
2.692457e-06
2.625732e-06
2.559027e-06
2.492342e-06
3.160267e-06
3.093366e-06
3.026489e-06
2.959641e-06
2.892819e-06
2.826023e-06
2.759251e-06
2.692502e-06
2.625774e-06
2.559067e-06
2.49238e-06
3.156724e-06
3.090008e-06
3.023308e-06
2.956625e-06
2.889958e-06
2.823307e-06
2.756669e-06
2.690047e-06
2.623438e-06
2.556842e-06
2.490259e-06
2.423688e-06
2.35713e-06
2.290583e-06
2.224048e-06
2.157524e-06
3.156919e-06
3.090194e-06
3.023487e-06
2.956797e-06
2.890122e-06
2.823464e-06
2.756821e-06
2.690192e-06
2.623577e-06
2.556975e-06
2.490387e-06
2.423812e-06
2.357249e-06
2.290697e-06
2.224158e-06
2.157629e-06
3.157066e-06
3.090333e-06
3.02362e-06
2.956924e-06
2.890244e-06
2.82358e-06
2.756932e-06
2.690298e-06
2.623679e-06
2.557073e-06
2.490481e-06
2.423901e-06
2.357335e-06
2.29078e-06
2.224236e-06
2.157705e-06
3.157244e-06
3.090501e-06
3.023781e-06
2.957077e-06
2.89039e-06
2.823719e-06
2.757064e-06
2.690424e-06
2.623799e-06
2.557188e-06
2.49059e-06
2.424006e-06
2.357435e-06
2.290876e-06
2.224328e-06
2.157792e-06
3.157454e-06
3.0907e-06
3.023969e-06
2.957255e-06
2.890559e-06
2.82388e-06
2.757217e-06
2.690569e-06
2.623937e-06
2.55732e-06
2.490716e-06
2.424126e-06
2.357549e-06
2.290985e-06
2.224433e-06
2.157892e-06
3.157715e-06
3.090947e-06
3.024202e-06
2.957476e-06
2.890768e-06
2.824078e-06
2.757405e-06
2.690748e-06
2.624107e-06
2.557481e-06
2.49087e-06
2.424272e-06
2.357689e-06
2.291118e-06
2.22456e-06
2.158014e-06
3.158019e-06
3.091233e-06
3.024473e-06
2.957732e-06
2.89101e-06
2.824307e-06
2.757622e-06
2.690954e-06
2.624302e-06
2.557667e-06
2.491047e-06
2.424441e-06
2.357849e-06
2.291271e-06
2.224706e-06
2.158154e-06
3.158354e-06
3.091551e-06
3.024772e-06
2.958015e-06
2.891278e-06
2.824561e-06
2.757862e-06
2.691182e-06
2.624519e-06
2.557873e-06
2.491242e-06
2.424627e-06
2.358027e-06
2.291441e-06
2.224868e-06
2.158308e-06
3.158703e-06
3.091882e-06
3.025085e-06
2.95831e-06
2.891557e-06
2.824825e-06
2.758113e-06
2.69142e-06
2.624745e-06
2.558088e-06
2.491447e-06
2.424822e-06
2.358213e-06
2.291618e-06
2.225037e-06
2.15847e-06
3.159048e-06
3.092209e-06
3.025393e-06
2.958602e-06
2.891834e-06
2.825087e-06
2.758362e-06
2.691656e-06
2.624969e-06
2.558301e-06
2.49165e-06
2.425015e-06
2.358397e-06
2.291794e-06
2.225205e-06
2.158631e-06
3.15937e-06
3.092515e-06
3.025682e-06
2.958876e-06
2.892093e-06
2.825333e-06
2.758595e-06
2.691878e-06
2.62518e-06
2.558501e-06
2.491841e-06
2.425197e-06
2.358571e-06
2.29196e-06
2.225364e-06
2.158782e-06
3.159656e-06
3.092786e-06
3.025939e-06
2.959119e-06
2.892324e-06
2.825552e-06
2.758803e-06
2.692076e-06
2.625368e-06
2.558681e-06
2.492011e-06
2.42536e-06
2.358726e-06
2.292108e-06
2.225506e-06
2.158918e-06
3.159895e-06
3.093013e-06
3.026154e-06
2.959323e-06
2.892517e-06
2.825736e-06
2.758978e-06
2.692242e-06
2.625526e-06
2.558831e-06
2.492155e-06
2.425497e-06
2.358857e-06
2.292233e-06
2.225625e-06
2.159033e-06
3.16008e-06
3.093189e-06
3.02632e-06
2.95948e-06
2.892667e-06
2.825878e-06
2.759113e-06
2.69237e-06
2.625649e-06
2.558948e-06
2.492266e-06
2.425603e-06
2.358958e-06
2.29233e-06
2.225718e-06
2.159121e-06
3.160205e-06
3.093307e-06
3.026433e-06
2.959587e-06
2.892769e-06
2.825975e-06
2.759205e-06
2.692458e-06
2.625732e-06
2.559027e-06
2.492342e-06
2.425676e-06
2.359027e-06
2.292396e-06
2.225781e-06
2.159182e-06
3.160268e-06
3.093367e-06
3.02649e-06
2.959641e-06
2.89282e-06
2.826024e-06
2.759251e-06
2.692502e-06
2.625774e-06
2.559067e-06
2.49238e-06
2.425712e-06
2.359062e-06
2.292429e-06
2.225813e-06
2.159213e-06
3.156697e-06
3.089982e-06
3.023284e-06
2.956602e-06
2.889936e-06
2.823285e-06
2.756649e-06
2.690027e-06
2.623419e-06
2.556824e-06
2.490242e-06
2.423672e-06
2.357115e-06
2.290569e-06
2.224034e-06
2.15751e-06
3.156902e-06
3.090178e-06
3.023472e-06
2.956782e-06
2.890109e-06
2.823451e-06
2.756808e-06
2.69018e-06
2.623565e-06
2.556965e-06
2.490377e-06
2.423802e-06
2.357239e-06
2.290689e-06
2.224149e-06
2.157621e-06
3.157053e-06
3.090321e-06
3.023608e-06
2.956913e-06
2.890234e-06
2.82357e-06
2.756922e-06
2.690289e-06
2.62367e-06
2.557065e-06
2.490473e-06
2.423894e-06
2.357327e-06
2.290773e-06
2.22423e-06
2.157698e-06
3.157232e-06
3.09049e-06
3.02377e-06
2.957067e-06
2.89038e-06
2.82371e-06
2.757055e-06
2.690416e-06
2.623791e-06
2.557181e-06
2.490584e-06
2.424e-06
2.357429e-06
2.29087e-06
2.224323e-06
2.157787e-06
3.157444e-06
3.09069e-06
3.023959e-06
2.957246e-06
2.89055e-06
2.823871e-06
2.757209e-06
2.690562e-06
2.62393e-06
2.557313e-06
2.49071e-06
2.42412e-06
2.357543e-06
2.290979e-06
2.224427e-06
2.157887e-06
3.157706e-06
3.090937e-06
3.024193e-06
2.957468e-06
2.89076e-06
2.82407e-06
2.757397e-06
2.690741e-06
2.6241e-06
2.557475e-06
2.490864e-06
2.424267e-06
2.357683e-06
2.291113e-06
2.224555e-06
2.158009e-06
3.158011e-06
3.091225e-06
3.024465e-06
2.957725e-06
2.891003e-06
2.824301e-06
2.757616e-06
2.690948e-06
2.624297e-06
2.557662e-06
2.491041e-06
2.424436e-06
2.357845e-06
2.291267e-06
2.224702e-06
2.15815e-06
3.158348e-06
3.091545e-06
3.024767e-06
2.958009e-06
2.891273e-06
2.824556e-06
2.757857e-06
2.691177e-06
2.624515e-06
2.557868e-06
2.491238e-06
2.424623e-06
2.358023e-06
2.291437e-06
2.224865e-06
2.158305e-06
3.158699e-06
3.091878e-06
3.02508e-06
2.958306e-06
2.891553e-06
2.824821e-06
2.758109e-06
2.691417e-06
2.624742e-06
2.558084e-06
2.491444e-06
2.424819e-06
2.35821e-06
2.291615e-06
2.225034e-06
2.158467e-06
3.159045e-06
3.092206e-06
3.025391e-06
2.958599e-06
2.891831e-06
2.825085e-06
2.758359e-06
2.691654e-06
2.624967e-06
2.558299e-06
2.491647e-06
2.425013e-06
2.358395e-06
2.291792e-06
2.225203e-06
2.158629e-06
3.159369e-06
3.092514e-06
3.025681e-06
2.958874e-06
2.892092e-06
2.825332e-06
2.758594e-06
2.691876e-06
2.625179e-06
2.5585e-06
2.491839e-06
2.425196e-06
2.358569e-06
2.291958e-06
2.225362e-06
2.158781e-06
3.159656e-06
3.092786e-06
3.025939e-06
2.959118e-06
2.892323e-06
2.825552e-06
2.758803e-06
2.692075e-06
2.625368e-06
2.55868e-06
2.492011e-06
2.425359e-06
2.358725e-06
2.292107e-06
2.225505e-06
2.158917e-06
3.159895e-06
3.093014e-06
3.026154e-06
2.959323e-06
2.892517e-06
2.825736e-06
2.758978e-06
2.692241e-06
2.625526e-06
2.558831e-06
2.492155e-06
2.425497e-06
2.358856e-06
2.292232e-06
2.225625e-06
2.159032e-06
3.16008e-06
3.093189e-06
3.026321e-06
2.959481e-06
2.892667e-06
2.825878e-06
2.759113e-06
2.69237e-06
2.625649e-06
2.558948e-06
2.492266e-06
2.425603e-06
2.358958e-06
2.29233e-06
2.225717e-06
2.159121e-06
3.160205e-06
3.093308e-06
3.026434e-06
2.959588e-06
2.892769e-06
2.825975e-06
2.759205e-06
2.692458e-06
2.625732e-06
2.559027e-06
2.492342e-06
2.425676e-06
2.359027e-06
2.292396e-06
2.225781e-06
2.159182e-06
3.160269e-06
3.093369e-06
3.026491e-06
2.959642e-06
2.892821e-06
2.826024e-06
2.759252e-06
2.692502e-06
2.625774e-06
2.559067e-06
2.49238e-06
2.425712e-06
2.359062e-06
2.292429e-06
2.225813e-06
2.159212e-06
3.156674e-06
3.08996e-06
3.023263e-06
2.956582e-06
2.889917e-06
2.823267e-06
2.756632e-06
2.690011e-06
2.623404e-06
2.556809e-06
2.490228e-06
2.423659e-06
2.357102e-06
2.290557e-06
2.224022e-06
2.157499e-06
3.156888e-06
3.090164e-06
3.023459e-06
2.95677e-06
2.890097e-06
2.82344e-06
2.756798e-06
2.69017e-06
2.623556e-06
2.556956e-06
2.490368e-06
2.423794e-06
2.357232e-06
2.290681e-06
2.224142e-06
2.157614e-06
3.157041e-06
3.09031e-06
3.023598e-06
2.956903e-06
2.890225e-06
2.823562e-06
2.756914e-06
2.690281e-06
2.623663e-06
2.557058e-06
2.490466e-06
2.423888e-06
2.357321e-06
2.290767e-06
2.224225e-06
2.157693e-06
3.157222e-06
3.090481e-06
3.023761e-06
2.957058e-06
2.890372e-06
2.823702e-06
2.757048e-06
2.690409e-06
2.623785e-06
2.557174e-06
2.490578e-06
2.423994e-06
2.357423e-06
2.290865e-06
2.224318e-06
2.157782e-06
3.157434e-06
3.090681e-06
3.023951e-06
2.957238e-06
2.890543e-06
2.823864e-06
2.757202e-06
2.690556e-06
2.623924e-06
2.557307e-06
2.490704e-06
2.424115e-06
2.357538e-06
2.290975e-06
2.224423e-06
2.157883e-06
3.157697e-06
3.090929e-06
3.024186e-06
2.957461e-06
2.890753e-06
2.824064e-06
2.757391e-06
2.690735e-06
2.624095e-06
2.55747e-06
2.490859e-06
2.424262e-06
2.357679e-06
2.291109e-06
2.224551e-06
2.158005e-06
3.158004e-06
3.091219e-06
3.024459e-06
2.957719e-06
2.890998e-06
2.824295e-06
2.757611e-06
2.690943e-06
2.624292e-06
2.557657e-06
2.491037e-06
2.424432e-06
2.357841e-06
2.291263e-06
2.224698e-06
2.158146e-06
3.158343e-06
3.09154e-06
3.024762e-06
2.958005e-06
2.891268e-06
2.824551e-06
2.757853e-06
2.691173e-06
2.624511e-06
2.557865e-06
2.491235e-06
2.42462e-06
2.35802e-06
2.291434e-06
2.224862e-06
2.158302e-06
3.158695e-06
3.091874e-06
3.025077e-06
2.958303e-06
2.89155e-06
2.824818e-06
2.758107e-06
2.691414e-06
2.624739e-06
2.558082e-06
2.491441e-06
2.424817e-06
2.358207e-06
2.291613e-06
2.225032e-06
2.158465e-06
3.159043e-06
3.092204e-06
3.025388e-06
2.958597e-06
2.891829e-06
2.825083e-06
2.758357e-06
2.691652e-06
2.624965e-06
2.558297e-06
2.491646e-06
2.425011e-06
2.358393e-06
2.29179e-06
2.225202e-06
2.158627e-06
3.159368e-06
3.092513e-06
3.02568e-06
2.958873e-06
2.89209e-06
2.825331e-06
2.758592e-06
2.691875e-06
2.625177e-06
2.558499e-06
2.491838e-06
2.425195e-06
2.358568e-06
2.291957e-06
2.225361e-06
2.15878e-06
3.159655e-06
3.092786e-06
3.025938e-06
2.959118e-06
2.892323e-06
2.825551e-06
2.758802e-06
2.692074e-06
2.625367e-06
2.558679e-06
2.49201e-06
2.425359e-06
2.358724e-06
2.292106e-06
2.225504e-06
2.158916e-06
3.159895e-06
3.093014e-06
3.026154e-06
2.959323e-06
2.892517e-06
2.825736e-06
2.758977e-06
2.692241e-06
2.625526e-06
2.55883e-06
2.492154e-06
2.425496e-06
2.358856e-06
2.292232e-06
2.225624e-06
2.159031e-06
3.16008e-06
3.09319e-06
3.026321e-06
2.959481e-06
2.892667e-06
2.825878e-06
2.759113e-06
2.69237e-06
2.625649e-06
2.558947e-06
2.492266e-06
2.425603e-06
2.358957e-06
2.292329e-06
2.225717e-06
2.159121e-06
3.160206e-06
3.093309e-06
3.026434e-06
2.959588e-06
2.892769e-06
2.825975e-06
2.759205e-06
2.692458e-06
2.625732e-06
2.559027e-06
2.492342e-06
2.425675e-06
2.359027e-06
2.292395e-06
2.225781e-06
2.159181e-06
3.160269e-06
3.093369e-06
3.026491e-06
2.959642e-06
2.892821e-06
2.826024e-06
2.759252e-06
2.692502e-06
2.625774e-06
2.559067e-06
2.49238e-06
2.425712e-06
2.359062e-06
2.292429e-06
2.225813e-06
2.159212e-06
3.156656e-06
3.089943e-06
3.023247e-06
2.956567e-06
2.889903e-06
2.823254e-06
2.756619e-06
2.689999e-06
2.623392e-06
2.556798e-06
2.490217e-06
2.423649e-06
2.357092e-06
2.290547e-06
2.224013e-06
2.157491e-06
3.156877e-06
3.090153e-06
3.023449e-06
2.95676e-06
2.890088e-06
2.823431e-06
2.756789e-06
2.690162e-06
2.623549e-06
2.556949e-06
2.490362e-06
2.423788e-06
2.357226e-06
2.290675e-06
2.224137e-06
2.157609e-06
3.157033e-06
3.090302e-06
3.023591e-06
2.956896e-06
2.890218e-06
2.823555e-06
2.756908e-06
2.690275e-06
2.623657e-06
2.557053e-06
2.490461e-06
2.423883e-06
2.357317e-06
2.290763e-06
2.224221e-06
2.15769e-06
3.157214e-06
3.090473e-06
3.023754e-06
2.957052e-06
2.890366e-06
2.823696e-06
2.757043e-06
2.690404e-06
2.62378e-06
2.55717e-06
2.490573e-06
2.42399e-06
2.357419e-06
2.290861e-06
2.224314e-06
2.157779e-06
3.157427e-06
3.090674e-06
3.023945e-06
2.957232e-06
2.890537e-06
2.823859e-06
2.757197e-06
2.690551e-06
2.62392e-06
2.557303e-06
2.4907e-06
2.424111e-06
2.357535e-06
2.290971e-06
2.22442e-06
2.15788e-06
3.157691e-06
3.090923e-06
3.02418e-06
2.957455e-06
2.890748e-06
2.824059e-06
2.757387e-06
2.690731e-06
2.624091e-06
2.557466e-06
2.490855e-06
2.424259e-06
2.357675e-06
2.291105e-06
2.224548e-06
2.158003e-06
3.157998e-06
3.091214e-06
3.024454e-06
2.957714e-06
2.890993e-06
2.824291e-06
2.757607e-06
2.690939e-06
2.624289e-06
2.557654e-06
2.491034e-06
2.424429e-06
2.357838e-06
2.29126e-06
2.224696e-06
2.158144e-06
3.158339e-06
3.091536e-06
3.024758e-06
2.958001e-06
2.891265e-06
2.824548e-06
2.75785e-06
2.69117e-06
2.624508e-06
2.557862e-06
2.491232e-06
2.424618e-06
2.358018e-06
2.291432e-06
2.224859e-06
2.1583e-06
3.158692e-06
3.091871e-06
3.025074e-06
2.9583e-06
2.891548e-06
2.824816e-06
2.758104e-06
2.691411e-06
2.624737e-06
2.55808e-06
2.491439e-06
2.424815e-06
2.358205e-06
2.291611e-06
2.22503e-06
2.158464e-06
3.159041e-06
3.092202e-06
3.025387e-06
2.958596e-06
2.891827e-06
2.825081e-06
2.758356e-06
2.69165e-06
2.624964e-06
2.558295e-06
2.491644e-06
2.42501e-06
2.358392e-06
2.291789e-06
2.2252e-06
2.158626e-06
3.159367e-06
3.092512e-06
3.025679e-06
2.958872e-06
2.892089e-06
2.82533e-06
2.758591e-06
2.691874e-06
2.625177e-06
2.558498e-06
2.491837e-06
2.425194e-06
2.358567e-06
2.291956e-06
2.22536e-06
2.158779e-06
3.159655e-06
3.092786e-06
3.025938e-06
2.959117e-06
2.892322e-06
2.825551e-06
2.758801e-06
2.692074e-06
2.625366e-06
2.558678e-06
2.492009e-06
2.425358e-06
2.358724e-06
2.292106e-06
2.225503e-06
2.158916e-06
3.159895e-06
3.093014e-06
3.026155e-06
2.959323e-06
2.892517e-06
2.825735e-06
2.758977e-06
2.692241e-06
2.625525e-06
2.55883e-06
2.492154e-06
2.425496e-06
2.358855e-06
2.292231e-06
2.225623e-06
2.159031e-06
3.160081e-06
3.09319e-06
3.026321e-06
2.959481e-06
2.892667e-06
2.825878e-06
2.759113e-06
2.69237e-06
2.625648e-06
2.558947e-06
2.492265e-06
2.425602e-06
2.358957e-06
2.292329e-06
2.225716e-06
2.15912e-06
3.160206e-06
3.09331e-06
3.026435e-06
2.959588e-06
2.892769e-06
2.825975e-06
2.759205e-06
2.692458e-06
2.625732e-06
2.559027e-06
2.492342e-06
2.425675e-06
2.359026e-06
2.292395e-06
2.22578e-06
2.159181e-06
3.16027e-06
3.09337e-06
3.026492e-06
2.959643e-06
2.892821e-06
2.826024e-06
2.759252e-06
2.692502e-06
2.625774e-06
2.559067e-06
2.49238e-06
2.425712e-06
2.359062e-06
2.292429e-06
2.225812e-06
2.159211e-06
3.156645e-06
3.089932e-06
3.023237e-06
2.956557e-06
2.889893e-06
2.823245e-06
2.756611e-06
2.68999e-06
2.623384e-06
2.556791e-06
2.49021e-06
2.423642e-06
2.357086e-06
2.290541e-06
2.224008e-06
2.157485e-06
3.156869e-06
3.090146e-06
3.023442e-06
2.956754e-06
2.890082e-06
2.823426e-06
2.756784e-06
2.690157e-06
2.623544e-06
2.556944e-06
2.490358e-06
2.423783e-06
2.357222e-06
2.290672e-06
2.224133e-06
2.157606e-06
3.157027e-06
3.090296e-06
3.023586e-06
2.956891e-06
2.890213e-06
2.823551e-06
2.756904e-06
2.690272e-06
2.623654e-06
2.557049e-06
2.490458e-06
2.42388e-06
2.357314e-06
2.290761e-06
2.224218e-06
2.157687e-06
3.157209e-06
3.090468e-06
3.023749e-06
2.957047e-06
2.890362e-06
2.823692e-06
2.757039e-06
2.6904e-06
2.623777e-06
2.557167e-06
2.49057e-06
2.423987e-06
2.357417e-06
2.290859e-06
2.224312e-06
2.157777e-06
3.157423e-06
3.09067e-06
3.02394e-06
2.957228e-06
2.890534e-06
2.823856e-06
2.757194e-06
2.690548e-06
2.623917e-06
2.5573e-06
2.490698e-06
2.424109e-06
2.357533e-06
2.290969e-06
2.224418e-06
2.157878e-06
3.157687e-06
3.090919e-06
3.024176e-06
2.957452e-06
2.890745e-06
2.824056e-06
2.757384e-06
2.690728e-06
2.624088e-06
2.557463e-06
2.490853e-06
2.424256e-06
2.357673e-06
2.291104e-06
2.224546e-06
2.158001e-06
3.157995e-06
3.091211e-06
3.024451e-06
2.957711e-06
2.890991e-06
2.824288e-06
2.757604e-06
2.690937e-06
2.624287e-06
2.557652e-06
2.491032e-06
2.424427e-06
2.357836e-06
2.291259e-06
2.224694e-06
2.158142e-06
3.158336e-06
3.091533e-06
3.024756e-06
2.957999e-06
2.891263e-06
2.824546e-06
2.757848e-06
2.691169e-06
2.624506e-06
2.55786e-06
2.491231e-06
2.424616e-06
2.358016e-06
2.29143e-06
2.224858e-06
2.158299e-06
3.158691e-06
3.09187e-06
3.025073e-06
2.958299e-06
2.891546e-06
2.824815e-06
2.758103e-06
2.69141e-06
2.624736e-06
2.558078e-06
2.491438e-06
2.424813e-06
2.358204e-06
2.29161e-06
2.225029e-06
2.158463e-06
3.15904e-06
3.092201e-06
3.025386e-06
2.958594e-06
2.891826e-06
2.82508e-06
2.758355e-06
2.691649e-06
2.624963e-06
2.558294e-06
2.491643e-06
2.425009e-06
2.358391e-06
2.291788e-06
2.225199e-06
2.158625e-06
3.159366e-06
3.092511e-06
3.025678e-06
2.958871e-06
2.892089e-06
2.825329e-06
2.758591e-06
2.691873e-06
2.625176e-06
2.558497e-06
2.491836e-06
2.425193e-06
2.358566e-06
2.291955e-06
2.225359e-06
2.158778e-06
3.159655e-06
3.092786e-06
3.025938e-06
2.959117e-06
2.892322e-06
2.82555e-06
2.758801e-06
2.692073e-06
2.625366e-06
2.558678e-06
2.492009e-06
2.425357e-06
2.358723e-06
2.292105e-06
2.225502e-06
2.158915e-06
3.159895e-06
3.093014e-06
3.026155e-06
2.959323e-06
2.892517e-06
2.825735e-06
2.758977e-06
2.69224e-06
2.625525e-06
2.558829e-06
2.492153e-06
2.425495e-06
2.358855e-06
2.292231e-06
2.225623e-06
2.15903e-06
3.160081e-06
3.093191e-06
3.026322e-06
2.959481e-06
2.892667e-06
2.825878e-06
2.759113e-06
2.69237e-06
2.625648e-06
2.558947e-06
2.492265e-06
2.425602e-06
2.358956e-06
2.292328e-06
2.225716e-06
2.159119e-06
3.160207e-06
3.09331e-06
3.026435e-06
2.959589e-06
2.892769e-06
2.825975e-06
2.759205e-06
2.692458e-06
2.625732e-06
2.559027e-06
2.492341e-06
2.425675e-06
2.359026e-06
2.292394e-06
2.225779e-06
2.15918e-06
3.16027e-06
3.09337e-06
3.026492e-06
2.959643e-06
2.892821e-06
2.826024e-06
2.759252e-06
2.692502e-06
2.625774e-06
2.559067e-06
2.49238e-06
2.425711e-06
2.359061e-06
2.292428e-06
2.225812e-06
2.159211e-06
3.156639e-06
3.089927e-06
3.023232e-06
2.956553e-06
2.889889e-06
2.823241e-06
2.756607e-06
2.689987e-06
2.623381e-06
2.556788e-06
2.490207e-06
2.423639e-06
2.357083e-06
2.290539e-06
2.224005e-06
2.157483e-06
3.156866e-06
3.090143e-06
3.023439e-06
2.956751e-06
2.890079e-06
2.823423e-06
2.756782e-06
2.690155e-06
2.623542e-06
2.556942e-06
2.490356e-06
2.423782e-06
2.35722e-06
2.29067e-06
2.224132e-06
2.157605e-06
3.157025e-06
3.090294e-06
3.023584e-06
2.956889e-06
2.890212e-06
2.823549e-06
2.756903e-06
2.69027e-06
2.623653e-06
2.557048e-06
2.490457e-06
2.423879e-06
2.357314e-06
2.29076e-06
2.224218e-06
2.157687e-06
3.157207e-06
3.090466e-06
3.023747e-06
2.957045e-06
2.89036e-06
2.823691e-06
2.757037e-06
2.690399e-06
2.623775e-06
2.557166e-06
2.49057e-06
2.423986e-06
2.357416e-06
2.290858e-06
2.224312e-06
2.157777e-06
3.157421e-06
3.090668e-06
3.023939e-06
2.957227e-06
2.890532e-06
2.823854e-06
2.757193e-06
2.690547e-06
2.623916e-06
2.557299e-06
2.490697e-06
2.424108e-06
2.357532e-06
2.290969e-06
2.224417e-06
2.157878e-06
3.157685e-06
3.090918e-06
3.024175e-06
2.95745e-06
2.890744e-06
2.824055e-06
2.757383e-06
2.690727e-06
2.624087e-06
2.557462e-06
2.490852e-06
2.424256e-06
2.357673e-06
2.291103e-06
2.224546e-06
2.158001e-06
3.157994e-06
3.091209e-06
3.02445e-06
2.95771e-06
2.89099e-06
2.824288e-06
2.757603e-06
2.690936e-06
2.624286e-06
2.557651e-06
2.491032e-06
2.424427e-06
2.357836e-06
2.291258e-06
2.224694e-06
2.158142e-06
3.158335e-06
3.091533e-06
3.024755e-06
2.957998e-06
2.891262e-06
2.824545e-06
2.757848e-06
2.691168e-06
2.624506e-06
2.55786e-06
2.49123e-06
2.424616e-06
2.358016e-06
2.29143e-06
2.224858e-06
2.158299e-06
3.15869e-06
3.091869e-06
3.025072e-06
2.958298e-06
2.891546e-06
2.824814e-06
2.758102e-06
2.69141e-06
2.624735e-06
2.558078e-06
2.491437e-06
2.424813e-06
2.358204e-06
2.291609e-06
2.225029e-06
2.158462e-06
3.15904e-06
3.092201e-06
3.025385e-06
2.958594e-06
2.891826e-06
2.82508e-06
2.758354e-06
2.691649e-06
2.624962e-06
2.558294e-06
2.491643e-06
2.425009e-06
2.35839e-06
2.291787e-06
2.225199e-06
2.158625e-06
3.159366e-06
3.092511e-06
3.025678e-06
2.958871e-06
2.892089e-06
2.825329e-06
2.758591e-06
2.691873e-06
2.625176e-06
2.558497e-06
2.491836e-06
2.425193e-06
2.358566e-06
2.291955e-06
2.225359e-06
2.158778e-06
3.159655e-06
3.092786e-06
3.025938e-06
2.959117e-06
2.892322e-06
2.82555e-06
2.758801e-06
2.692073e-06
2.625365e-06
2.558678e-06
2.492008e-06
2.425357e-06
2.358723e-06
2.292104e-06
2.225502e-06
2.158914e-06
3.159895e-06
3.093014e-06
3.026155e-06
2.959322e-06
2.892517e-06
2.825735e-06
2.758977e-06
2.69224e-06
2.625525e-06
2.558829e-06
2.492153e-06
2.425495e-06
2.358854e-06
2.29223e-06
2.225622e-06
2.159029e-06
3.160081e-06
3.093191e-06
3.026322e-06
2.959481e-06
2.892667e-06
2.825878e-06
2.759112e-06
2.692369e-06
2.625648e-06
2.558946e-06
2.492265e-06
2.425601e-06
2.358956e-06
2.292327e-06
2.225715e-06
2.159118e-06
3.160207e-06
3.09331e-06
3.026435e-06
2.959588e-06
2.892769e-06
2.825975e-06
2.759205e-06
2.692457e-06
2.625731e-06
2.559026e-06
2.492341e-06
2.425674e-06
2.359025e-06
2.292394e-06
2.225779e-06
2.159179e-06
3.16027e-06
3.09337e-06
3.026492e-06
2.959643e-06
2.892821e-06
2.826024e-06
2.759252e-06
2.692502e-06
2.625774e-06
2.559067e-06
2.492379e-06
2.425711e-06
2.35906e-06
2.292427e-06
2.225811e-06
2.15921e-06
3.15664e-06
3.089928e-06
3.023233e-06
2.956553e-06
2.88989e-06
2.823241e-06
2.756608e-06
2.689988e-06
2.623382e-06
2.556788e-06
2.490208e-06
2.42364e-06
2.357084e-06
2.29054e-06
2.224006e-06
3.156866e-06
3.090143e-06
3.023439e-06
2.956752e-06
2.89008e-06
2.823423e-06
2.756782e-06
2.690155e-06
2.623542e-06
2.556943e-06
2.490356e-06
2.423783e-06
2.357221e-06
2.290671e-06
2.224133e-06
3.157026e-06
3.090296e-06
3.023585e-06
2.956891e-06
2.890213e-06
2.823551e-06
2.756904e-06
2.690272e-06
2.623654e-06
2.55705e-06
2.490459e-06
2.423881e-06
2.357315e-06
2.290761e-06
2.224219e-06
3.157208e-06
3.090467e-06
3.023748e-06
2.957046e-06
2.890361e-06
2.823692e-06
2.757038e-06
2.6904e-06
2.623776e-06
2.557167e-06
2.490571e-06
2.423988e-06
2.357417e-06
2.290859e-06
2.224313e-06
3.157422e-06
3.090669e-06
3.02394e-06
2.957228e-06
2.890533e-06
2.823855e-06
2.757194e-06
2.690548e-06
2.623917e-06
2.557301e-06
2.490698e-06
2.424109e-06
2.357533e-06
2.29097e-06
2.224419e-06
3.157687e-06
3.090919e-06
3.024176e-06
2.957451e-06
2.890745e-06
2.824056e-06
2.757384e-06
2.690728e-06
2.624088e-06
2.557463e-06
2.490853e-06
2.424257e-06
2.357674e-06
2.291104e-06
2.224547e-06
3.157995e-06
3.09121e-06
3.024451e-06
2.957711e-06
2.890991e-06
2.824289e-06
2.757604e-06
2.690937e-06
2.624287e-06
2.557652e-06
2.491032e-06
2.424428e-06
2.357837e-06
2.291259e-06
2.224695e-06
3.158336e-06
3.091534e-06
3.024756e-06
2.957999e-06
2.891263e-06
2.824546e-06
2.757848e-06
2.691169e-06
2.624506e-06
2.557861e-06
2.491231e-06
2.424616e-06
2.358016e-06
2.291431e-06
2.224858e-06
3.158691e-06
3.09187e-06
3.025073e-06
2.958299e-06
2.891546e-06
2.824815e-06
2.758103e-06
2.69141e-06
2.624736e-06
2.558078e-06
2.491438e-06
2.424813e-06
2.358204e-06
2.29161e-06
2.225029e-06
3.15904e-06
3.092202e-06
3.025386e-06
2.958595e-06
2.891826e-06
2.82508e-06
2.758355e-06
2.691649e-06
2.624963e-06
2.558294e-06
2.491643e-06
2.425009e-06
2.358391e-06
2.291787e-06
2.225199e-06
3.159366e-06
3.092511e-06
3.025679e-06
2.958871e-06
2.892089e-06
2.825329e-06
2.758591e-06
2.691873e-06
2.625176e-06
2.558497e-06
2.491836e-06
2.425193e-06
2.358566e-06
2.291955e-06
2.225359e-06
3.159655e-06
3.092786e-06
3.025938e-06
2.959117e-06
2.892322e-06
2.82555e-06
2.758801e-06
2.692073e-06
2.625365e-06
2.558677e-06
2.492008e-06
2.425357e-06
2.358722e-06
2.292104e-06
2.225502e-06
3.159895e-06
3.093014e-06
3.026155e-06
2.959322e-06
2.892517e-06
2.825735e-06
2.758976e-06
2.69224e-06
2.625524e-06
2.558829e-06
2.492152e-06
2.425494e-06
2.358854e-06
2.292229e-06
2.225621e-06
3.160081e-06
3.093191e-06
3.026322e-06
2.959481e-06
2.892667e-06
2.825878e-06
2.759112e-06
2.692369e-06
2.625647e-06
2.558946e-06
2.492264e-06
2.425601e-06
2.358955e-06
2.292327e-06
2.225714e-06
3.160206e-06
3.09331e-06
3.026435e-06
2.959588e-06
2.892769e-06
2.825975e-06
2.759204e-06
2.692457e-06
2.625731e-06
2.559026e-06
2.49234e-06
2.425673e-06
2.359025e-06
2.292393e-06
2.225778e-06
3.16027e-06
3.09337e-06
3.026492e-06
2.959643e-06
2.892821e-06
2.826024e-06
2.759251e-06
2.692501e-06
2.625773e-06
2.559066e-06
2.492379e-06
2.42571e-06
2.35906e-06
2.292426e-06
2.22581e-06
3.156648e-06
3.089935e-06
3.023239e-06
2.95656e-06
2.889896e-06
2.823248e-06
2.756613e-06
2.689993e-06
2.623387e-06
2.556794e-06
2.490213e-06
2.423645e-06
2.357089e-06
2.290544e-06
2.224011e-06
3.156869e-06
3.090146e-06
3.023442e-06
2.956754e-06
2.890082e-06
2.823426e-06
2.756784e-06
2.690157e-06
2.623544e-06
2.556945e-06
2.490358e-06
2.423785e-06
2.357223e-06
2.290673e-06
2.224135e-06
3.15703e-06
3.090299e-06
3.023588e-06
2.956894e-06
2.890216e-06
2.823554e-06
2.756907e-06
2.690275e-06
2.623657e-06
2.557052e-06
2.490462e-06
2.423883e-06
2.357318e-06
2.290764e-06
2.224222e-06
3.15721e-06
3.09047e-06
3.023751e-06
2.957049e-06
2.890363e-06
2.823694e-06
2.757041e-06
2.690402e-06
2.623779e-06
2.557169e-06
2.490573e-06
2.42399e-06
2.357419e-06
2.290861e-06
2.224315e-06
3.157425e-06
3.090672e-06
3.023942e-06
2.957231e-06
2.890536e-06
2.823858e-06
2.757196e-06
2.69055e-06
2.623919e-06
2.557303e-06
2.4907e-06
2.424111e-06
2.357536e-06
2.290972e-06
2.224421e-06
3.157689e-06
3.090921e-06
3.024178e-06
2.957454e-06
2.890747e-06
2.824058e-06
2.757386e-06
2.69073e-06
2.62409e-06
2.557465e-06
2.490855e-06
2.424259e-06
2.357676e-06
2.291106e-06
2.224549e-06
3.157997e-06
3.091213e-06
3.024453e-06
2.957713e-06
2.890992e-06
2.82429e-06
2.757606e-06
2.690939e-06
2.624288e-06
2.557654e-06
2.491034e-06
2.424429e-06
2.357838e-06
2.291261e-06
2.224696e-06
3.158338e-06
3.091535e-06
3.024757e-06
2.958001e-06
2.891264e-06
2.824548e-06
2.75785e-06
2.69117e-06
2.624508e-06
2.557862e-06
2.491232e-06
2.424618e-06
2.358018e-06
2.291432e-06
2.22486e-06
3.158692e-06
3.091871e-06
3.025074e-06
2.9583e-06
2.891547e-06
2.824816e-06
2.758104e-06
2.691411e-06
2.624737e-06
2.558079e-06
2.491439e-06
2.424814e-06
2.358205e-06
2.291611e-06
2.22503e-06
3.159041e-06
3.092202e-06
3.025387e-06
2.958595e-06
2.891827e-06
2.825081e-06
2.758355e-06
2.69165e-06
2.624963e-06
2.558295e-06
2.491644e-06
2.425009e-06
2.358391e-06
2.291788e-06
2.225199e-06
3.159367e-06
3.092512e-06
3.025679e-06
2.958872e-06
2.892089e-06
2.825329e-06
2.758591e-06
2.691874e-06
2.625176e-06
2.558497e-06
2.491836e-06
2.425193e-06
2.358566e-06
2.291955e-06
2.225359e-06
3.159655e-06
3.092786e-06
3.025938e-06
2.959117e-06
2.892322e-06
2.82555e-06
2.758801e-06
2.692073e-06
2.625365e-06
2.558677e-06
2.492008e-06
2.425356e-06
2.358722e-06
2.292104e-06
2.225501e-06
3.159895e-06
3.093014e-06
3.026155e-06
2.959322e-06
2.892516e-06
2.825735e-06
2.758976e-06
2.69224e-06
2.625524e-06
2.558828e-06
2.492152e-06
2.425494e-06
2.358853e-06
2.292229e-06
2.225621e-06
3.160081e-06
3.09319e-06
3.026322e-06
2.959481e-06
2.892667e-06
2.825878e-06
2.759112e-06
2.692369e-06
2.625647e-06
2.558946e-06
2.492264e-06
2.4256e-06
2.358955e-06
2.292326e-06
2.225714e-06
3.160206e-06
3.09331e-06
3.026435e-06
2.959588e-06
2.892769e-06
2.825975e-06
2.759204e-06
2.692456e-06
2.62573e-06
2.559025e-06
2.49234e-06
2.425673e-06
2.359024e-06
2.292392e-06
2.225777e-06
3.16027e-06
3.09337e-06
3.026492e-06
2.959642e-06
2.89282e-06
2.826024e-06
2.759251e-06
2.692501e-06
2.625773e-06
2.559065e-06
2.492378e-06
2.425709e-06
2.359059e-06
2.292426e-06
2.225809e-06
3.678521e-06
3.603297e-06
3.528102e-06
3.452933e-06
3.37779e-06
3.302671e-06
3.227577e-06
3.678807e-06
3.603568e-06
3.528359e-06
3.453177e-06
3.378021e-06
3.302891e-06
3.227786e-06
3.679047e-06
3.603794e-06
3.528572e-06
3.453378e-06
3.378212e-06
3.303072e-06
3.227957e-06
3.679319e-06
3.604049e-06
3.52881e-06
3.453602e-06
3.378422e-06
3.30327e-06
3.228144e-06
3.679659e-06
3.604366e-06
3.529106e-06
3.453878e-06
3.378681e-06
3.303512e-06
3.228371e-06
3.680083e-06
3.604761e-06
3.529474e-06
3.454221e-06
3.379001e-06
3.303811e-06
3.228651e-06
3.75598e-06
3.680582e-06
3.605225e-06
3.529906e-06
3.454624e-06
3.379376e-06
3.304161e-06
3.228978e-06
3.756571e-06
3.681132e-06
3.605736e-06
3.530382e-06
3.455068e-06
3.379791e-06
3.304548e-06
3.229339e-06
3.757182e-06
3.6817e-06
3.606266e-06
3.530877e-06
3.455529e-06
3.380221e-06
3.304951e-06
3.229715e-06
3.757777e-06
3.682256e-06
3.606785e-06
3.531361e-06
3.455981e-06
3.380644e-06
3.305346e-06
3.230085e-06
3.758327e-06
3.68277e-06
3.607265e-06
3.53181e-06
3.456402e-06
3.381038e-06
3.305715e-06
3.230431e-06
3.75881e-06
3.683221e-06
3.607688e-06
3.532206e-06
3.456773e-06
3.381385e-06
3.306041e-06
3.230736e-06
3.759209e-06
3.683595e-06
3.608038e-06
3.532534e-06
3.457081e-06
3.381674e-06
3.306312e-06
3.230991e-06
3.759515e-06
3.683882e-06
3.608307e-06
3.532786e-06
3.457317e-06
3.381896e-06
3.306521e-06
3.231187e-06
3.759721e-06
3.684075e-06
3.608488e-06
3.532957e-06
3.457477e-06
3.382047e-06
3.306662e-06
3.23132e-06
3.533043e-06
3.457558e-06
3.382123e-06
3.306734e-06
3.231387e-06
3.678635e-06
3.603404e-06
3.528202e-06
3.453027e-06
3.377879e-06
3.302755e-06
3.227656e-06
3.678883e-06
3.60364e-06
3.528425e-06
3.453239e-06
3.37808e-06
3.302947e-06
3.227838e-06
3.679112e-06
3.603856e-06
3.528629e-06
3.453432e-06
3.378262e-06
3.303119e-06
3.228002e-06
3.679379e-06
3.604105e-06
3.528863e-06
3.453651e-06
3.378468e-06
3.303313e-06
3.228185e-06
3.679716e-06
3.60442e-06
3.529156e-06
3.453925e-06
3.378725e-06
3.303553e-06
3.22841e-06
3.680135e-06
3.604809e-06
3.52952e-06
3.454264e-06
3.379041e-06
3.303848e-06
3.228686e-06
3.756027e-06
3.680626e-06
3.605266e-06
3.529945e-06
3.45466e-06
3.37941e-06
3.304193e-06
3.229009e-06
3.756608e-06
3.681166e-06
3.605769e-06
3.530413e-06
3.455097e-06
3.379818e-06
3.304574e-06
3.229364e-06
3.757207e-06
3.681725e-06
3.606289e-06
3.530899e-06
3.45555e-06
3.380241e-06
3.30497e-06
3.229734e-06
3.757793e-06
3.682271e-06
3.6068e-06
3.531375e-06
3.455995e-06
3.380657e-06
3.305359e-06
3.230098e-06
3.758336e-06
3.682779e-06
3.607274e-06
3.531818e-06
3.45641e-06
3.381046e-06
3.305723e-06
3.230438e-06
3.758814e-06
3.683225e-06
3.607691e-06
3.53221e-06
3.456776e-06
3.381389e-06
3.306045e-06
3.23074e-06
3.759209e-06
3.683596e-06
3.608039e-06
3.532535e-06
3.457081e-06
3.381675e-06
3.306313e-06
3.230992e-06
3.759513e-06
3.68388e-06
3.608305e-06
3.532785e-06
3.457316e-06
3.381895e-06
3.30652e-06
3.231187e-06
3.759718e-06
3.684072e-06
3.608486e-06
3.532954e-06
3.457475e-06
3.382045e-06
3.30666e-06
3.231319e-06
3.53304e-06
3.457555e-06
3.38212e-06
3.306731e-06
3.231385e-06
3.678771e-06
3.603532e-06
3.528323e-06
3.453141e-06
3.377986e-06
3.302856e-06
3.227751e-06
3.67897e-06
3.603721e-06
3.528502e-06
3.453311e-06
3.378147e-06
3.30301e-06
3.227898e-06
3.679179e-06
3.603918e-06
3.528687e-06
3.453486e-06
3.378313e-06
3.303167e-06
3.228047e-06
3.679438e-06
3.60416e-06
3.528915e-06
3.4537e-06
3.378514e-06
3.303356e-06
3.228225e-06
3.679771e-06
3.60447e-06
3.529204e-06
3.45397e-06
3.378767e-06
3.303593e-06
3.228447e-06
3.680183e-06
3.604854e-06
3.529562e-06
3.454304e-06
3.379078e-06
3.303884e-06
3.228719e-06
3.756069e-06
3.680666e-06
3.605303e-06
3.52998e-06
3.454693e-06
3.379442e-06
3.304223e-06
3.229036e-06
3.75664e-06
3.681196e-06
3.605797e-06
3.53044e-06
3.455122e-06
3.379842e-06
3.304597e-06
3.229386e-06
3.75723e-06
3.681746e-06
3.60631e-06
3.530918e-06
3.455568e-06
3.380259e-06
3.304986e-06
3.22975e-06
3.757807e-06
3.682285e-06
3.606812e-06
3.531387e-06
3.456007e-06
3.380669e-06
3.30537e-06
3.230108e-06
3.758344e-06
3.682786e-06
3.607281e-06
3.531825e-06
3.456417e-06
3.381052e-06
3.305729e-06
3.230445e-06
3.758816e-06
3.683228e-06
3.607694e-06
3.532212e-06
3.456779e-06
3.381392e-06
3.306047e-06
3.230743e-06
3.759209e-06
3.683595e-06
3.608039e-06
3.532535e-06
3.457082e-06
3.381675e-06
3.306314e-06
3.230993e-06
3.759511e-06
3.683878e-06
3.608304e-06
3.532784e-06
3.457315e-06
3.381894e-06
3.306519e-06
3.231186e-06
3.759715e-06
3.68407e-06
3.608483e-06
3.532952e-06
3.457473e-06
3.382043e-06
3.306659e-06
3.231318e-06
3.533037e-06
3.457553e-06
3.382118e-06
3.306729e-06
3.231384e-06
3.678894e-06
3.603648e-06
3.528432e-06
3.453244e-06
3.378083e-06
3.302949e-06
3.227839e-06
3.679041e-06
3.603788e-06
3.528565e-06
3.453371e-06
3.378204e-06
3.303063e-06
3.227948e-06
3.679229e-06
3.603965e-06
3.528732e-06
3.453528e-06
3.378353e-06
3.303204e-06
3.228082e-06
3.679481e-06
3.604201e-06
3.528953e-06
3.453735e-06
3.378547e-06
3.303387e-06
3.228254e-06
3.67981e-06
3.604507e-06
3.529239e-06
3.454003e-06
3.378797e-06
3.303621e-06
3.228474e-06
3.680218e-06
3.604887e-06
3.529593e-06
3.454333e-06
3.379106e-06
3.303909e-06
3.228743e-06
3.680695e-06
3.605331e-06
3.530006e-06
3.454718e-06
3.379465e-06
3.304245e-06
3.229057e-06
3.681218e-06
3.605818e-06
3.53046e-06
3.455141e-06
3.37986e-06
3.304614e-06
3.229402e-06
3.681761e-06
3.606324e-06
3.530931e-06
3.455581e-06
3.380271e-06
3.304998e-06
3.229761e-06
3.682293e-06
3.606821e-06
3.531396e-06
3.456015e-06
3.380676e-06
3.305377e-06
3.230116e-06
3.68279e-06
3.607285e-06
3.531829e-06
3.456421e-06
3.381056e-06
3.305733e-06
3.230449e-06
3.683229e-06
3.607696e-06
3.532214e-06
3.456781e-06
3.381393e-06
3.306049e-06
3.230745e-06
3.683595e-06
3.608038e-06
3.532535e-06
3.457081e-06
3.381675e-06
3.306314e-06
3.230994e-06
3.683877e-06
3.608302e-06
3.532782e-06
3.457314e-06
3.381893e-06
3.306518e-06
3.231186e-06
3.684068e-06
3.608481e-06
3.53295e-06
3.457471e-06
3.382041e-06
3.306657e-06
3.231317e-06
3.533035e-06
3.457551e-06
3.382116e-06
3.306728e-06
3.231383e-06
3.678965e-06
3.603716e-06
3.528496e-06
3.453305e-06
3.378141e-06
3.303003e-06
3.227891e-06
3.679065e-06
3.60381e-06
3.528586e-06
3.453391e-06
3.378223e-06
3.303082e-06
3.227966e-06
3.679232e-06
3.603968e-06
3.528735e-06
3.453531e-06
3.378356e-06
3.303207e-06
3.228085e-06
3.679477e-06
3.604197e-06
3.528949e-06
3.453732e-06
3.378545e-06
3.303385e-06
3.228252e-06
3.679803e-06
3.604501e-06
3.529233e-06
3.453998e-06
3.378793e-06
3.303617e-06
3.22847e-06
3.680211e-06
3.604881e-06
3.529587e-06
3.454327e-06
3.3791e-06
3.303905e-06
3.228739e-06
3.680687e-06
3.605324e-06
3.529999e-06
3.454712e-06
3.379459e-06
3.30424e-06
3.229052e-06
3.681211e-06
3.605812e-06
3.530454e-06
3.455136e-06
3.379855e-06
3.304609e-06
3.229397e-06
3.681755e-06
3.606318e-06
3.530926e-06
3.455576e-06
3.380266e-06
3.304994e-06
3.229757e-06
3.682289e-06
3.606817e-06
3.531392e-06
3.456011e-06
3.380673e-06
3.305374e-06
3.230113e-06
3.682787e-06
3.607282e-06
3.531827e-06
3.456418e-06
3.381054e-06
3.305731e-06
3.230447e-06
3.683228e-06
3.607694e-06
3.532212e-06
3.456779e-06
3.381392e-06
3.306048e-06
3.230744e-06
3.683595e-06
3.608038e-06
3.532534e-06
3.457081e-06
3.381675e-06
3.306313e-06
3.230994e-06
3.683877e-06
3.608303e-06
3.532783e-06
3.457314e-06
3.381894e-06
3.306519e-06
3.231186e-06
3.684069e-06
3.608482e-06
3.532951e-06
3.457472e-06
3.382042e-06
3.306658e-06
3.231318e-06
3.533036e-06
3.457552e-06
3.382117e-06
3.306729e-06
3.231384e-06
3.678973e-06
3.603723e-06
3.528504e-06
3.453313e-06
3.378149e-06
3.303011e-06
3.227899e-06
3.679037e-06
3.603784e-06
3.528562e-06
3.453369e-06
3.378202e-06
3.303063e-06
3.227948e-06
3.679187e-06
3.603926e-06
3.528696e-06
3.453495e-06
3.378322e-06
3.303176e-06
3.228055e-06
3.679425e-06
3.604149e-06
3.528905e-06
3.453691e-06
3.378506e-06
3.303349e-06
3.228218e-06
3.679751e-06
3.604452e-06
3.529188e-06
3.453955e-06
3.378753e-06
3.30358e-06
3.228435e-06
3.680161e-06
3.604834e-06
3.529543e-06
3.454287e-06
3.379063e-06
3.303869e-06
3.228705e-06
3.680644e-06
3.605283e-06
3.529961e-06
3.454676e-06
3.379426e-06
3.304208e-06
3.229022e-06
3.681176e-06
3.605778e-06
3.530423e-06
3.455106e-06
3.379827e-06
3.304583e-06
3.229372e-06
3.681729e-06
3.606293e-06
3.530903e-06
3.455554e-06
3.380245e-06
3.304974e-06
3.229738e-06
3.682272e-06
3.6068e-06
3.531376e-06
3.455996e-06
3.380658e-06
3.30536e-06
3.2301e-06
3.682777e-06
3.607272e-06
3.531817e-06
3.456409e-06
3.381045e-06
3.305722e-06
3.230439e-06
3.683224e-06
3.60769e-06
3.532209e-06
3.456775e-06
3.381388e-06
3.306044e-06
3.230741e-06
3.683596e-06
3.608038e-06
3.532535e-06
3.457081e-06
3.381675e-06
3.306313e-06
3.230993e-06
3.683881e-06
3.608306e-06
3.532786e-06
3.457317e-06
3.381896e-06
3.306521e-06
3.231188e-06
3.684075e-06
3.608488e-06
3.532956e-06
3.457476e-06
3.382046e-06
3.306662e-06
3.231321e-06
3.533042e-06
3.457557e-06
3.382122e-06
3.306733e-06
3.231388e-06
3.156674e-06
3.08996e-06
3.023264e-06
2.956583e-06
2.889918e-06
2.823269e-06
2.756634e-06
2.690013e-06
2.623406e-06
2.556812e-06
2.490231e-06
2.423662e-06
2.357105e-06
2.29056e-06
2.224026e-06
3.156875e-06
3.090152e-06
3.023447e-06
2.956759e-06
2.890087e-06
2.823431e-06
2.756789e-06
2.690162e-06
2.623549e-06
2.556949e-06
2.490363e-06
2.423789e-06
2.357227e-06
2.290677e-06
2.224139e-06
3.157036e-06
3.090305e-06
3.023594e-06
2.9569e-06
2.890222e-06
2.823559e-06
2.756912e-06
2.69028e-06
2.623662e-06
2.557057e-06
2.490466e-06
2.423888e-06
2.357323e-06
2.290769e-06
2.224227e-06
3.157212e-06
3.090472e-06
3.023753e-06
2.957051e-06
2.890366e-06
2.823696e-06
2.757043e-06
2.690405e-06
2.623781e-06
2.557171e-06
2.490575e-06
2.423992e-06
2.357422e-06
2.290864e-06
2.224318e-06
3.157426e-06
3.090674e-06
3.023944e-06
2.957232e-06
2.890537e-06
2.823859e-06
2.757198e-06
2.690552e-06
2.623921e-06
2.557305e-06
2.490702e-06
2.424114e-06
2.357538e-06
2.290975e-06
2.224423e-06
3.157689e-06
3.090922e-06
3.024178e-06
2.957454e-06
2.890747e-06
2.824058e-06
2.757387e-06
2.690731e-06
2.624091e-06
2.557466e-06
2.490856e-06
2.42426e-06
2.357677e-06
2.291108e-06
2.224551e-06
3.157997e-06
3.091213e-06
3.024453e-06
2.957713e-06
2.890992e-06
2.82429e-06
2.757606e-06
2.690939e-06
2.624289e-06
2.557654e-06
2.491035e-06
2.42443e-06
2.357839e-06
2.291262e-06
2.224698e-06
3.158337e-06
3.091535e-06
3.024757e-06
2.958e-06
2.891264e-06
2.824547e-06
2.75785e-06
2.69117e-06
2.624508e-06
2.557862e-06
2.491232e-06
2.424618e-06
2.358018e-06
2.291432e-06
2.22486e-06
3.158691e-06
3.09187e-06
3.025073e-06
2.958299e-06
2.891547e-06
2.824815e-06
2.758103e-06
2.691411e-06
2.624736e-06
2.558079e-06
2.491439e-06
2.424814e-06
2.358205e-06
2.291611e-06
2.22503e-06
3.15904e-06
3.092201e-06
3.025386e-06
2.958595e-06
2.891827e-06
2.82508e-06
2.758355e-06
2.691649e-06
2.624963e-06
2.558294e-06
2.491643e-06
2.425009e-06
2.358391e-06
2.291787e-06
2.225199e-06
3.159366e-06
3.092511e-06
3.025679e-06
2.958871e-06
2.892089e-06
2.825329e-06
2.758591e-06
2.691873e-06
2.625175e-06
2.558496e-06
2.491836e-06
2.425192e-06
2.358565e-06
2.291954e-06
2.225358e-06
3.159655e-06
3.092785e-06
3.025938e-06
2.959117e-06
2.892322e-06
2.82555e-06
2.7588e-06
2.692072e-06
2.625365e-06
2.558677e-06
2.492007e-06
2.425356e-06
2.358721e-06
2.292103e-06
2.2255e-06
3.159895e-06
3.093014e-06
3.026155e-06
2.959322e-06
2.892516e-06
2.825735e-06
2.758976e-06
2.692239e-06
2.625524e-06
2.558828e-06
2.492151e-06
2.425493e-06
2.358852e-06
2.292228e-06
2.22562e-06
3.160081e-06
3.09319e-06
3.026322e-06
2.959481e-06
2.892667e-06
2.825877e-06
2.759112e-06
2.692368e-06
2.625646e-06
2.558945e-06
2.492263e-06
2.425599e-06
2.358954e-06
2.292325e-06
2.225712e-06
3.160207e-06
3.093309e-06
3.026435e-06
2.959588e-06
2.892769e-06
2.825974e-06
2.759204e-06
2.692456e-06
2.62573e-06
2.559025e-06
2.492339e-06
2.425672e-06
2.359023e-06
2.292391e-06
2.225776e-06
3.16027e-06
3.09337e-06
3.026492e-06
2.959642e-06
2.89282e-06
2.826023e-06
2.75925e-06
2.6925e-06
2.625772e-06
2.559065e-06
2.492377e-06
2.425709e-06
2.359058e-06
2.292425e-06
2.225808e-06
3.156749e-06
3.090032e-06
3.023332e-06
2.956648e-06
2.88998e-06
2.823328e-06
2.75669e-06
2.690067e-06
2.623457e-06
2.556861e-06
2.490278e-06
2.423707e-06
2.357148e-06
2.290601e-06
2.224066e-06
3.156924e-06
3.090199e-06
3.023492e-06
2.956802e-06
2.890128e-06
2.82347e-06
2.756826e-06
2.690198e-06
2.623583e-06
2.556982e-06
2.490394e-06
2.423819e-06
2.357256e-06
2.290705e-06
2.224165e-06
3.157079e-06
3.090346e-06
3.023633e-06
2.956936e-06
2.890256e-06
2.823592e-06
2.756944e-06
2.69031e-06
2.623691e-06
2.557085e-06
2.490493e-06
2.423914e-06
2.357347e-06
2.290792e-06
2.224249e-06
3.157252e-06
3.09051e-06
3.023788e-06
2.957085e-06
2.890398e-06
2.823727e-06
2.757072e-06
2.690432e-06
2.623808e-06
2.557197e-06
2.4906e-06
2.424016e-06
2.357445e-06
2.290886e-06
2.224339e-06
3.157463e-06
3.09071e-06
3.023978e-06
2.957264e-06
2.890568e-06
2.823889e-06
2.757226e-06
2.690579e-06
2.623947e-06
2.557329e-06
2.490726e-06
2.424136e-06
2.35756e-06
2.290996e-06
2.224444e-06
3.157723e-06
3.090955e-06
3.02421e-06
2.957484e-06
2.890776e-06
2.824085e-06
2.757412e-06
2.690756e-06
2.624115e-06
2.557489e-06
2.490878e-06
2.424281e-06
2.357698e-06
2.291127e-06
2.224569e-06
3.158026e-06
3.091241e-06
3.02448e-06
2.957739e-06
2.891017e-06
2.824314e-06
2.757629e-06
2.690961e-06
2.62431e-06
2.557674e-06
2.491054e-06
2.424448e-06
2.357857e-06
2.291279e-06
2.224714e-06
3.15836e-06
3.091557e-06
3.024778e-06
2.958021e-06
2.891284e-06
2.824566e-06
2.757868e-06
2.691187e-06
2.624524e-06
2.557878e-06
2.491248e-06
2.424633e-06
2.358032e-06
2.291446e-06
2.224874e-06
3.158709e-06
3.091887e-06
3.025089e-06
2.958315e-06
2.891562e-06
2.824829e-06
2.758117e-06
2.691424e-06
2.624749e-06
2.558091e-06
2.49145e-06
2.424826e-06
2.358216e-06
2.291621e-06
2.22504e-06
3.159052e-06
3.092212e-06
3.025397e-06
2.958605e-06
2.891837e-06
2.82509e-06
2.758364e-06
2.691658e-06
2.624971e-06
2.558303e-06
2.491651e-06
2.425017e-06
2.358398e-06
2.291795e-06
2.225206e-06
3.159373e-06
3.092517e-06
3.025685e-06
2.958878e-06
2.892095e-06
2.825335e-06
2.758596e-06
2.691878e-06
2.625181e-06
2.558502e-06
2.491841e-06
2.425197e-06
2.35857e-06
2.291958e-06
2.225362e-06
3.159658e-06
3.092788e-06
3.025941e-06
2.95912e-06
2.892324e-06
2.825552e-06
2.758803e-06
2.692075e-06
2.625367e-06
2.558679e-06
2.49201e-06
2.425358e-06
2.358723e-06
2.292105e-06
2.225502e-06
3.159896e-06
3.093013e-06
3.026155e-06
2.959323e-06
2.892517e-06
2.825735e-06
2.758976e-06
2.69224e-06
2.625524e-06
2.558828e-06
2.492152e-06
2.425493e-06
2.358852e-06
2.292228e-06
2.22562e-06
3.16008e-06
3.093188e-06
3.02632e-06
2.959479e-06
2.892666e-06
2.825876e-06
2.759111e-06
2.692367e-06
2.625646e-06
2.558944e-06
2.492262e-06
2.425599e-06
2.358953e-06
2.292324e-06
2.225711e-06
3.160205e-06
3.093306e-06
3.026433e-06
2.959586e-06
2.892767e-06
2.825973e-06
2.759202e-06
2.692454e-06
2.625728e-06
2.559023e-06
2.492337e-06
2.42567e-06
2.359021e-06
2.292389e-06
2.225774e-06
3.160268e-06
3.093366e-06
3.026489e-06
2.95964e-06
2.892818e-06
2.826021e-06
2.759248e-06
2.692498e-06
2.62577e-06
2.559063e-06
2.492375e-06
2.425706e-06
2.359056e-06
2.292422e-06
2.225805e-06
3.15684e-06
3.090118e-06
3.023414e-06
2.956727e-06
2.890055e-06
2.823399e-06
2.756758e-06
2.690132e-06
2.62352e-06
2.556921e-06
2.490335e-06
2.423762e-06
2.357201e-06
2.290652e-06
2.224115e-06
3.156981e-06
3.090253e-06
3.023544e-06
2.956851e-06
2.890175e-06
2.823514e-06
2.756869e-06
2.690238e-06
2.623622e-06
2.557019e-06
2.49043e-06
2.423853e-06
2.357289e-06
2.290736e-06
2.224196e-06
3.157122e-06
3.090387e-06
3.023672e-06
2.956974e-06
2.890292e-06
2.823626e-06
2.756976e-06
2.690341e-06
2.62372e-06
2.557114e-06
2.49052e-06
2.42394e-06
2.357372e-06
2.290817e-06
2.224273e-06
3.15729e-06
3.090546e-06
3.023823e-06
2.957117e-06
2.890429e-06
2.823757e-06
2.7571e-06
2.69046e-06
2.623834e-06
2.557222e-06
2.490624e-06
2.424039e-06
2.357467e-06
2.290907e-06
2.224359e-06
3.157499e-06
3.090744e-06
3.02401e-06
2.957295e-06
2.890597e-06
2.823916e-06
2.757252e-06
2.690604e-06
2.623971e-06
2.557353e-06
2.490748e-06
2.424158e-06
2.35758e-06
2.291016e-06
2.224463e-06
3.157755e-06
3.090985e-06
3.024238e-06
2.957511e-06
2.890802e-06
2.82411e-06
2.757436e-06
2.690779e-06
2.624137e-06
2.55751e-06
2.490898e-06
2.4243e-06
2.357716e-06
2.291145e-06
2.224587e-06
3.158053e-06
3.091267e-06
3.024504e-06
2.957762e-06
2.891039e-06
2.824335e-06
2.757649e-06
2.690981e-06
2.624328e-06
2.557692e-06
2.491071e-06
2.424465e-06
2.357873e-06
2.291295e-06
2.224729e-06
3.158381e-06
3.091578e-06
3.024797e-06
2.958039e-06
2.891301e-06
2.824583e-06
2.757884e-06
2.691203e-06
2.62454e-06
2.557893e-06
2.491262e-06
2.424646e-06
2.358046e-06
2.291459e-06
2.224886e-06
3.158724e-06
3.091901e-06
3.025103e-06
2.958328e-06
2.891574e-06
2.824842e-06
2.758129e-06
2.691435e-06
2.62476e-06
2.558102e-06
2.491461e-06
2.424836e-06
2.358226e-06
2.29163e-06
2.225049e-06
3.159062e-06
3.092222e-06
3.025406e-06
2.958614e-06
2.891845e-06
2.825098e-06
2.758372e-06
2.691666e-06
2.624979e-06
2.55831e-06
2.491658e-06
2.425023e-06
2.358405e-06
2.291801e-06
2.225212e-06
3.159379e-06
3.092522e-06
3.02569e-06
2.958883e-06
2.8921e-06
2.825339e-06
2.758601e-06
2.691883e-06
2.625185e-06
2.558506e-06
2.491845e-06
2.425201e-06
2.358574e-06
2.291962e-06
2.225366e-06
3.159661e-06
3.092789e-06
3.025943e-06
2.959122e-06
2.892327e-06
2.825555e-06
2.758805e-06
2.692077e-06
2.625369e-06
2.558681e-06
2.492012e-06
2.42536e-06
2.358725e-06
2.292106e-06
2.225504e-06
3.159897e-06
3.093013e-06
3.026155e-06
2.959323e-06
2.892517e-06
2.825735e-06
2.758977e-06
2.69224e-06
2.625524e-06
2.558829e-06
2.492152e-06
2.425494e-06
2.358853e-06
2.292228e-06
2.22562e-06
3.160079e-06
3.093186e-06
3.026319e-06
2.959478e-06
2.892665e-06
2.825875e-06
2.75911e-06
2.692367e-06
2.625645e-06
2.558943e-06
2.492261e-06
2.425598e-06
2.358952e-06
2.292323e-06
2.22571e-06
3.160203e-06
3.093304e-06
3.02643e-06
2.959584e-06
2.892765e-06
2.825971e-06
2.759201e-06
2.692453e-06
2.625727e-06
2.559021e-06
2.492336e-06
2.425669e-06
2.35902e-06
2.292388e-06
2.225772e-06
3.160265e-06
3.093363e-06
3.026487e-06
2.959638e-06
2.892816e-06
2.826019e-06
2.759246e-06
2.692497e-06
2.625768e-06
2.559061e-06
2.492373e-06
2.425705e-06
2.359054e-06
2.29242e-06
2.225803e-06
3.156923e-06
3.090198e-06
3.02349e-06
2.956799e-06
2.890125e-06
2.823466e-06
2.756822e-06
2.690193e-06
2.623578e-06
2.556977e-06
2.490389e-06
2.423814e-06
2.357251e-06
2.2907e-06
2.224161e-06
3.157029e-06
3.090299e-06
3.023587e-06
2.956893e-06
2.890215e-06
2.823552e-06
2.756905e-06
2.690273e-06
2.623655e-06
2.557051e-06
2.490461e-06
2.423883e-06
2.357317e-06
2.290764e-06
2.224222e-06
3.157155e-06
3.09042e-06
3.023702e-06
2.957003e-06
2.89032e-06
2.823653e-06
2.757002e-06
2.690365e-06
2.623744e-06
2.557136e-06
2.490542e-06
2.423961e-06
2.357392e-06
2.290836e-06
2.224291e-06
3.157318e-06
3.090574e-06
3.023849e-06
2.957142e-06
2.890452e-06
2.823779e-06
2.757122e-06
2.69048e-06
2.623853e-06
2.557241e-06
2.490642e-06
2.424056e-06
2.357484e-06
2.290923e-06
2.224375e-06
3.157525e-06
3.090769e-06
3.024034e-06
2.957318e-06
2.890619e-06
2.823937e-06
2.757272e-06
2.690623e-06
2.623989e-06
2.55737e-06
2.490765e-06
2.424174e-06
2.357596e-06
2.291031e-06
2.224478e-06
3.157778e-06
3.091008e-06
3.02426e-06
2.957531e-06
2.890821e-06
2.824129e-06
2.757454e-06
2.690796e-06
2.624153e-06
2.557526e-06
2.490914e-06
2.424315e-06
2.357731e-06
2.291159e-06
2.2246e-06
3.158073e-06
3.091286e-06
3.024523e-06
2.95778e-06
2.891056e-06
2.824351e-06
2.757665e-06
2.690995e-06
2.624343e-06
2.557706e-06
2.491085e-06
2.424478e-06
2.357885e-06
2.291307e-06
2.224741e-06
3.158397e-06
3.091593e-06
3.024812e-06
2.958053e-06
2.891314e-06
2.824596e-06
2.757896e-06
2.691215e-06
2.624551e-06
2.557904e-06
2.491272e-06
2.424657e-06
2.358055e-06
2.291468e-06
2.224895e-06
3.158735e-06
3.091912e-06
3.025113e-06
2.958338e-06
2.891584e-06
2.824851e-06
2.758138e-06
2.691444e-06
2.624768e-06
2.55811e-06
2.491469e-06
2.424843e-06
2.358233e-06
2.291638e-06
2.225056e-06
3.159069e-06
3.092228e-06
3.025412e-06
2.95862e-06
2.891851e-06
2.825104e-06
2.758378e-06
2.691672e-06
2.624984e-06
2.558315e-06
2.491663e-06
2.425028e-06
2.358409e-06
2.291806e-06
2.225217e-06
3.159383e-06
3.092525e-06
3.025693e-06
2.958886e-06
2.892103e-06
2.825343e-06
2.758604e-06
2.691886e-06
2.625188e-06
2.558509e-06
2.491848e-06
2.425204e-06
2.358576e-06
2.291965e-06
2.225368e-06
3.159662e-06
3.09279e-06
3.025944e-06
2.959123e-06
2.892328e-06
2.825556e-06
2.758806e-06
2.692078e-06
2.625371e-06
2.558682e-06
2.492013e-06
2.425361e-06
2.358726e-06
2.292108e-06
2.225505e-06
3.159896e-06
3.093012e-06
3.026154e-06
2.959323e-06
2.892517e-06
2.825735e-06
2.758977e-06
2.69224e-06
2.625524e-06
2.558829e-06
2.492152e-06
2.425494e-06
2.358853e-06
2.292228e-06
2.22562e-06
3.160078e-06
3.093184e-06
3.026317e-06
2.959477e-06
2.892664e-06
2.825875e-06
2.759109e-06
2.692366e-06
2.625644e-06
2.558942e-06
2.49226e-06
2.425597e-06
2.358951e-06
2.292322e-06
2.225709e-06
3.160201e-06
3.093301e-06
3.026428e-06
2.959583e-06
2.892763e-06
2.825969e-06
2.759199e-06
2.692452e-06
2.625726e-06
2.55902e-06
2.492334e-06
2.425667e-06
2.359018e-06
2.292386e-06
2.225771e-06
3.160264e-06
3.09336e-06
3.026484e-06
2.959636e-06
2.892814e-06
2.826017e-06
2.759245e-06
2.692495e-06
2.625767e-06
2.559059e-06
2.492372e-06
2.425703e-06
2.359052e-06
2.292419e-06
2.225802e-06
3.156974e-06
3.090246e-06
3.023537e-06
2.956844e-06
2.890167e-06
2.823507e-06
2.756862e-06
2.690231e-06
2.623615e-06
2.557012e-06
2.490423e-06
2.423846e-06
2.357282e-06
2.29073e-06
2.22419e-06
3.157046e-06
3.090316e-06
3.023603e-06
2.956908e-06
2.890229e-06
2.823567e-06
2.756919e-06
2.690286e-06
2.623668e-06
2.557064e-06
2.490473e-06
2.423894e-06
2.357328e-06
2.290775e-06
2.224233e-06
3.157159e-06
3.090423e-06
3.023706e-06
2.957006e-06
2.890323e-06
2.823656e-06
2.757005e-06
2.690369e-06
2.623747e-06
2.557139e-06
2.490545e-06
2.423964e-06
2.357395e-06
2.290839e-06
2.224294e-06
3.157316e-06
3.090573e-06
3.023848e-06
2.957141e-06
2.890452e-06
2.823779e-06
2.757122e-06
2.69048e-06
2.623853e-06
2.557241e-06
2.490642e-06
2.424057e-06
2.357484e-06
2.290924e-06
2.224376e-06
3.157522e-06
3.090767e-06
3.024032e-06
2.957315e-06
2.890617e-06
2.823936e-06
2.757271e-06
2.690622e-06
2.623988e-06
2.557369e-06
2.490764e-06
2.424173e-06
2.357595e-06
2.29103e-06
2.224477e-06
3.157774e-06
3.091005e-06
3.024257e-06
2.957529e-06
2.890819e-06
2.824127e-06
2.757452e-06
2.690794e-06
2.624152e-06
2.557525e-06
2.490912e-06
2.424314e-06
2.35773e-06
2.291158e-06
2.2246e-06
3.158069e-06
3.091283e-06
3.02452e-06
2.957777e-06
2.891053e-06
2.824349e-06
2.757663e-06
2.690993e-06
2.624341e-06
2.557704e-06
2.491083e-06
2.424477e-06
2.357884e-06
2.291306e-06
2.22474e-06
3.158393e-06
3.091589e-06
3.024809e-06
2.95805e-06
2.891312e-06
2.824593e-06
2.757894e-06
2.691213e-06
2.624549e-06
2.557902e-06
2.491271e-06
2.424655e-06
2.358054e-06
2.291467e-06
2.224894e-06
3.158731e-06
3.091909e-06
3.02511e-06
2.958335e-06
2.891581e-06
2.824849e-06
2.758136e-06
2.691442e-06
2.624766e-06
2.558108e-06
2.491467e-06
2.424842e-06
2.358231e-06
2.291636e-06
2.225055e-06
3.159066e-06
3.092225e-06
3.025409e-06
2.958618e-06
2.891849e-06
2.825102e-06
2.758376e-06
2.69167e-06
2.624982e-06
2.558313e-06
2.491662e-06
2.425027e-06
2.358408e-06
2.291804e-06
2.225215e-06
3.15938e-06
3.092523e-06
3.025691e-06
2.958884e-06
2.892101e-06
2.825341e-06
2.758602e-06
2.691885e-06
2.625187e-06
2.558507e-06
2.491846e-06
2.425202e-06
2.358575e-06
2.291963e-06
2.225367e-06
3.159661e-06
3.092788e-06
3.025942e-06
2.959122e-06
2.892327e-06
2.825555e-06
2.758805e-06
2.692077e-06
2.625369e-06
2.558681e-06
2.492012e-06
2.42536e-06
2.358725e-06
2.292106e-06
2.225503e-06
3.159896e-06
3.093011e-06
3.026153e-06
2.959322e-06
2.892516e-06
2.825735e-06
2.758976e-06
2.692239e-06
2.625524e-06
2.558828e-06
2.492151e-06
2.425493e-06
2.358852e-06
2.292227e-06
2.225619e-06
3.160078e-06
3.093183e-06
3.026317e-06
2.959477e-06
2.892663e-06
2.825874e-06
2.759109e-06
2.692365e-06
2.625644e-06
2.558942e-06
2.49226e-06
2.425596e-06
2.35895e-06
2.292321e-06
2.225709e-06
3.160202e-06
3.093301e-06
3.026428e-06
2.959583e-06
2.892763e-06
2.825969e-06
2.759199e-06
2.692451e-06
2.625725e-06
2.55902e-06
2.492334e-06
2.425667e-06
2.359018e-06
2.292386e-06
2.22577e-06
3.160264e-06
3.09336e-06
3.026484e-06
2.959636e-06
2.892814e-06
2.826018e-06
2.759245e-06
2.692495e-06
2.625767e-06
2.559059e-06
2.492372e-06
2.425703e-06
2.359052e-06
2.292418e-06
2.225801e-06
3.156981e-06
3.090254e-06
3.023544e-06
2.956851e-06
2.890175e-06
2.823514e-06
2.756869e-06
2.690238e-06
2.623622e-06
2.557019e-06
2.49043e-06
2.423853e-06
2.357289e-06
2.290737e-06
2.224196e-06
3.157029e-06
3.0903e-06
3.023588e-06
2.956894e-06
2.890216e-06
2.823554e-06
2.756907e-06
2.690275e-06
2.623658e-06
2.557054e-06
2.490463e-06
2.423885e-06
2.35732e-06
2.290767e-06
2.224225e-06
3.157131e-06
3.090397e-06
3.023681e-06
2.956983e-06
2.890301e-06
2.823635e-06
2.756985e-06
2.69035e-06
2.623729e-06
2.557122e-06
2.490529e-06
2.423949e-06
2.357381e-06
2.290825e-06
2.224281e-06
3.157284e-06
3.090542e-06
3.023819e-06
2.957114e-06
2.890426e-06
2.823754e-06
2.757099e-06
2.690458e-06
2.623833e-06
2.557221e-06
2.490623e-06
2.424039e-06
2.357467e-06
2.290908e-06
2.22436e-06
3.157489e-06
3.090736e-06
3.024002e-06
2.957288e-06
2.890591e-06
2.823911e-06
2.757247e-06
2.690599e-06
2.623967e-06
2.557349e-06
2.490745e-06
2.424155e-06
2.357578e-06
2.291014e-06
2.224462e-06
3.157743e-06
3.090976e-06
3.024229e-06
2.957502e-06
2.890794e-06
2.824103e-06
2.75743e-06
2.690773e-06
2.624131e-06
2.557505e-06
2.490894e-06
2.424297e-06
2.357713e-06
2.291143e-06
2.224585e-06
3.158041e-06
3.091257e-06
3.024494e-06
2.957753e-06
2.891031e-06
2.824327e-06
2.757642e-06
2.690974e-06
2.624322e-06
2.557687e-06
2.491067e-06
2.424461e-06
2.357869e-06
2.291291e-06
2.224726e-06
3.158369e-06
3.091567e-06
3.024787e-06
2.95803e-06
2.891292e-06
2.824575e-06
2.757877e-06
2.691196e-06
2.624533e-06
2.557887e-06
2.491256e-06
2.424641e-06
2.358041e-06
2.291455e-06
2.224882e-06
3.158713e-06
3.091891e-06
3.025094e-06
2.958319e-06
2.891566e-06
2.824834e-06
2.758122e-06
2.691429e-06
2.624754e-06
2.558096e-06
2.491455e-06
2.424831e-06
2.358221e-06
2.291626e-06
2.225045e-06
3.159053e-06
3.092213e-06
3.025398e-06
2.958606e-06
2.891838e-06
2.825091e-06
2.758366e-06
2.69166e-06
2.624973e-06
2.558305e-06
2.491653e-06
2.425019e-06
2.3584e-06
2.291797e-06
2.225208e-06
3.159373e-06
3.092515e-06
3.025683e-06
2.958877e-06
2.892094e-06
2.825334e-06
2.758596e-06
2.691878e-06
2.62518e-06
2.558501e-06
2.49184e-06
2.425197e-06
2.35857e-06
2.291958e-06
2.225362e-06
3.159657e-06
3.092784e-06
3.025938e-06
2.959118e-06
2.892323e-06
2.825551e-06
2.758802e-06
2.692074e-06
2.625366e-06
2.558678e-06
2.492008e-06
2.425357e-06
2.358722e-06
2.292103e-06
2.2255e-06
3.159895e-06
3.09301e-06
3.026152e-06
2.959321e-06
2.892515e-06
2.825733e-06
2.758975e-06
2.692238e-06
2.625522e-06
2.558826e-06
2.49215e-06
2.425491e-06
2.35885e-06
2.292226e-06
2.225617e-06
3.160079e-06
3.093184e-06
3.026317e-06
2.959478e-06
2.892664e-06
2.825875e-06
2.759109e-06
2.692366e-06
2.625644e-06
2.558942e-06
2.49226e-06
2.425596e-06
2.35895e-06
2.292321e-06
2.225708e-06
3.160205e-06
3.093303e-06
3.02643e-06
2.959585e-06
2.892765e-06
2.825971e-06
2.759201e-06
2.692453e-06
2.625727e-06
2.559021e-06
2.492335e-06
2.425668e-06
2.359019e-06
2.292386e-06
2.225771e-06
3.160268e-06
3.093363e-06
3.026487e-06
2.959639e-06
2.892817e-06
2.82602e-06
2.759247e-06
2.692497e-06
2.625768e-06
2.559061e-06
2.492373e-06
2.425704e-06
2.359053e-06
2.292419e-06
2.225802e-06
)
;

boundaryField
{
    inlet
    {
        type            zeroGradient;
    }
    outlet
    {
        type            fixedValue;
        value           nonuniform List<scalar> 0();
    }
    chip_bases
    {
        type            zeroGradient;
    }
    walls
    {
        type            zeroGradient;
    }
    procBoundary5to0
    {
        type            processor;
        value           nonuniform List<scalar> 
240
(
2.09101e-06
2.091111e-06
2.091184e-06
2.091268e-06
2.091364e-06
2.09148e-06
2.091614e-06
2.091762e-06
2.091916e-06
2.09207e-06
2.092215e-06
2.092345e-06
2.092455e-06
2.09254e-06
2.092598e-06
2.092627e-06
2.090997e-06
2.091104e-06
2.091178e-06
2.091263e-06
2.091359e-06
2.091475e-06
2.09161e-06
2.091758e-06
2.091914e-06
2.092068e-06
2.092214e-06
2.092344e-06
2.092454e-06
2.092539e-06
2.092597e-06
2.092627e-06
2.090987e-06
2.091097e-06
2.091173e-06
2.091259e-06
2.091355e-06
2.091472e-06
2.091606e-06
2.091756e-06
2.091911e-06
2.092066e-06
2.092212e-06
2.092343e-06
2.092453e-06
2.092538e-06
2.092597e-06
2.092626e-06
2.090979e-06
2.091092e-06
2.09117e-06
2.091256e-06
2.091352e-06
2.091469e-06
2.091604e-06
2.091754e-06
2.09191e-06
2.092065e-06
2.092211e-06
2.092342e-06
2.092452e-06
2.092538e-06
2.092596e-06
2.092626e-06
2.090973e-06
2.091089e-06
2.091168e-06
2.091254e-06
2.091351e-06
2.091468e-06
2.091603e-06
2.091752e-06
2.091909e-06
2.092064e-06
2.09221e-06
2.092341e-06
2.092451e-06
2.092537e-06
2.092595e-06
2.092625e-06
2.090971e-06
2.157484e-06
2.091088e-06
2.157605e-06
2.091168e-06
2.157689e-06
2.091254e-06
2.157778e-06
2.091351e-06
2.157879e-06
2.091468e-06
2.158002e-06
2.091603e-06
2.158143e-06
2.091752e-06
2.158299e-06
2.091908e-06
2.158463e-06
2.092064e-06
2.158625e-06
2.09221e-06
2.158777e-06
2.092341e-06
2.158914e-06
2.092451e-06
2.159028e-06
2.092536e-06
2.159117e-06
2.092594e-06
2.159178e-06
2.092624e-06
2.159209e-06
2.157484e-06
2.157605e-06
2.157689e-06
2.157778e-06
2.157879e-06
2.158002e-06
2.158143e-06
2.158299e-06
2.158463e-06
2.158625e-06
2.158777e-06
2.158914e-06
2.159028e-06
2.159117e-06
2.159178e-06
2.159209e-06
2.157488e-06
2.157607e-06
2.157691e-06
2.15778e-06
2.157882e-06
2.158004e-06
2.158145e-06
2.1583e-06
2.158463e-06
2.158625e-06
2.158777e-06
2.158913e-06
2.159028e-06
2.159117e-06
2.159177e-06
2.159208e-06
2.157503e-06
2.157611e-06
2.157696e-06
2.157783e-06
2.157884e-06
2.158006e-06
2.158146e-06
2.158301e-06
2.158463e-06
2.158624e-06
2.158776e-06
2.158912e-06
2.159027e-06
2.159115e-06
2.159176e-06
2.159206e-06
2.157541e-06
2.157637e-06
2.157718e-06
2.157803e-06
2.157904e-06
2.158024e-06
2.158162e-06
2.158314e-06
2.158473e-06
2.158631e-06
2.15878e-06
2.158914e-06
2.159027e-06
2.159114e-06
2.159174e-06
2.159204e-06
2.157588e-06
2.157666e-06
2.15774e-06
2.157823e-06
2.157922e-06
2.158041e-06
2.158177e-06
2.158326e-06
2.158482e-06
2.158637e-06
2.158784e-06
2.158915e-06
2.159026e-06
2.159113e-06
2.159172e-06
2.159202e-06
2.157632e-06
2.157692e-06
2.157758e-06
2.157838e-06
2.157936e-06
2.158053e-06
2.158188e-06
2.158335e-06
2.158489e-06
2.158641e-06
2.158786e-06
2.158916e-06
2.159026e-06
2.159112e-06
2.159171e-06
2.1592e-06
2.15766e-06
2.157702e-06
2.157761e-06
2.157839e-06
2.157936e-06
2.158053e-06
2.158187e-06
2.158334e-06
2.158487e-06
2.15864e-06
2.158785e-06
2.158915e-06
2.159025e-06
2.159111e-06
2.15917e-06
2.1592e-06
2.157666e-06
2.157695e-06
2.157748e-06
2.157825e-06
2.157921e-06
2.158039e-06
2.158174e-06
2.158323e-06
2.158478e-06
2.158633e-06
2.15878e-06
2.158912e-06
2.159024e-06
2.159111e-06
2.159171e-06
2.159201e-06
)
;
    }
    procBoundary5to4
    {
        type            processor;
        value           nonuniform List<scalar> 
406
(
3.678692e-06
3.603458e-06
3.528253e-06
3.453075e-06
3.377924e-06
3.302797e-06
3.227695e-06
3.678934e-06
3.603687e-06
3.52847e-06
3.453281e-06
3.37812e-06
3.302984e-06
3.227873e-06
3.67914e-06
3.603882e-06
3.528653e-06
3.453454e-06
3.378283e-06
3.303138e-06
3.22802e-06
3.679409e-06
3.604133e-06
3.528889e-06
3.453676e-06
3.378491e-06
3.303334e-06
3.228205e-06
3.67974e-06
3.604442e-06
3.529178e-06
3.453945e-06
3.378744e-06
3.30357e-06
3.228426e-06
3.680156e-06
3.604829e-06
3.529538e-06
3.454282e-06
3.379058e-06
3.303864e-06
3.228701e-06
3.68064e-06
3.60528e-06
3.529958e-06
3.454673e-06
3.379423e-06
3.304205e-06
3.22902e-06
3.681174e-06
3.605777e-06
3.530421e-06
3.455105e-06
3.379826e-06
3.304582e-06
3.229372e-06
3.757209e-06
3.681727e-06
3.606292e-06
3.530902e-06
3.455554e-06
3.380245e-06
3.304974e-06
3.229738e-06
3.75779e-06
3.682269e-06
3.606798e-06
3.531375e-06
3.455996e-06
3.380658e-06
3.305361e-06
3.2301e-06
3.758329e-06
3.682773e-06
3.607269e-06
3.531815e-06
3.456408e-06
3.381044e-06
3.305722e-06
3.230438e-06
3.758805e-06
3.683218e-06
3.607685e-06
3.532205e-06
3.456773e-06
3.381386e-06
3.306043e-06
3.230739e-06
3.759199e-06
3.683587e-06
3.608031e-06
3.532529e-06
3.457077e-06
3.381671e-06
3.306311e-06
3.23099e-06
3.759502e-06
3.683871e-06
3.608297e-06
3.532779e-06
3.457311e-06
3.381891e-06
3.306517e-06
3.231184e-06
3.835413e-06
3.759707e-06
3.684063e-06
3.608478e-06
3.532948e-06
3.45747e-06
3.38204e-06
3.306658e-06
3.231316e-06
3.835523e-06
3.75981e-06
3.68416e-06
3.608569e-06
3.533033e-06
3.45755e-06
3.382116e-06
3.306728e-06
3.231383e-06
3.835525e-06
3.759812e-06
3.684161e-06
3.60857e-06
3.835525e-06
3.759812e-06
3.684161e-06
3.60857e-06
3.835415e-06
3.759708e-06
3.684064e-06
3.608479e-06
3.156787e-06
3.090067e-06
3.023365e-06
2.95668e-06
2.89001e-06
2.823356e-06
2.756717e-06
2.690092e-06
2.62348e-06
2.556883e-06
2.490298e-06
3.156957e-06
3.09023e-06
3.023521e-06
2.956829e-06
2.890153e-06
2.823493e-06
2.756849e-06
2.690218e-06
2.623602e-06
2.557e-06
2.490411e-06
3.157095e-06
3.090361e-06
3.023647e-06
2.956949e-06
2.890268e-06
2.823603e-06
2.756954e-06
2.690319e-06
2.623698e-06
2.557092e-06
2.490499e-06
3.15727e-06
3.090527e-06
3.023804e-06
2.957099e-06
2.890411e-06
2.823739e-06
2.757083e-06
2.690442e-06
2.623816e-06
2.557204e-06
2.490606e-06
3.157478e-06
3.090723e-06
3.023991e-06
2.957276e-06
2.890579e-06
2.823898e-06
2.757235e-06
2.690586e-06
2.623953e-06
2.557335e-06
2.490731e-06
3.157737e-06
3.090968e-06
3.024222e-06
2.957495e-06
2.890786e-06
2.824095e-06
2.757421e-06
2.690763e-06
2.624121e-06
2.557495e-06
2.490883e-06
3.158037e-06
3.091251e-06
3.024489e-06
2.957747e-06
2.891025e-06
2.824321e-06
2.757635e-06
2.690967e-06
2.624315e-06
2.557679e-06
2.491058e-06
3.158368e-06
3.091564e-06
3.024785e-06
2.958027e-06
2.89129e-06
2.824572e-06
2.757873e-06
2.691192e-06
2.624529e-06
2.557882e-06
2.491252e-06
3.158713e-06
3.091891e-06
3.025094e-06
2.958319e-06
2.891566e-06
2.824833e-06
2.758121e-06
2.691428e-06
2.624752e-06
2.558095e-06
2.491454e-06
3.159054e-06
3.092215e-06
3.025399e-06
2.958608e-06
2.891839e-06
2.825093e-06
2.758367e-06
2.691661e-06
2.624974e-06
2.558306e-06
2.491654e-06
3.159374e-06
3.092518e-06
3.025685e-06
2.958879e-06
2.892096e-06
2.825336e-06
2.758598e-06
2.691881e-06
2.625183e-06
2.558504e-06
2.491844e-06
3.159658e-06
3.092787e-06
3.02594e-06
2.95912e-06
2.892325e-06
2.825554e-06
2.758805e-06
2.692077e-06
2.62537e-06
2.558682e-06
2.492013e-06
3.159895e-06
3.093013e-06
3.026154e-06
2.959323e-06
2.892518e-06
2.825736e-06
2.758978e-06
2.692242e-06
2.625527e-06
2.558832e-06
2.492156e-06
3.160079e-06
3.093187e-06
3.026319e-06
2.95948e-06
2.892666e-06
2.825878e-06
2.759113e-06
2.69237e-06
2.625649e-06
2.558948e-06
2.492266e-06
3.160203e-06
3.093305e-06
3.026432e-06
2.959586e-06
2.892768e-06
2.825974e-06
2.759204e-06
2.692457e-06
2.625732e-06
2.559027e-06
2.492342e-06
3.160266e-06
3.093365e-06
3.026488e-06
2.95964e-06
2.892819e-06
2.826023e-06
2.759251e-06
2.692501e-06
2.625774e-06
2.559067e-06
2.49238e-06
2.423707e-06
2.423707e-06
2.357147e-06
2.2906e-06
2.224064e-06
2.157539e-06
2.423823e-06
2.423823e-06
2.357259e-06
2.290707e-06
2.224167e-06
2.157638e-06
2.42391e-06
2.42391e-06
2.357343e-06
2.290787e-06
2.224244e-06
2.157711e-06
2.424014e-06
2.424014e-06
2.357442e-06
2.290882e-06
2.224335e-06
2.157799e-06
2.424133e-06
2.424133e-06
2.357556e-06
2.290991e-06
2.224439e-06
2.157898e-06
2.424279e-06
2.424279e-06
2.357695e-06
2.291124e-06
2.224565e-06
2.158019e-06
2.424446e-06
2.424446e-06
2.357854e-06
2.291276e-06
2.224711e-06
2.158158e-06
2.424632e-06
2.424632e-06
2.358031e-06
2.291445e-06
2.224872e-06
2.158312e-06
2.424825e-06
2.424825e-06
2.358216e-06
2.291621e-06
2.22504e-06
2.158473e-06
2.425017e-06
2.425017e-06
2.358399e-06
2.291796e-06
2.225207e-06
2.158633e-06
2.425199e-06
2.425199e-06
2.358572e-06
2.291961e-06
2.225365e-06
2.158784e-06
2.425361e-06
2.425361e-06
2.358727e-06
2.292109e-06
2.225507e-06
2.158919e-06
2.425497e-06
2.425497e-06
2.358857e-06
2.292233e-06
2.225626e-06
2.159033e-06
2.425603e-06
2.425603e-06
2.358958e-06
2.29233e-06
2.225718e-06
2.159122e-06
2.425676e-06
2.425676e-06
2.359027e-06
2.292396e-06
2.225781e-06
2.159182e-06
2.425712e-06
2.425712e-06
2.359062e-06
2.292429e-06
2.225813e-06
2.159213e-06
)
;
    }
    procBoundary5to6
    {
        type            processor;
        value           nonuniform List<scalar> 
70
(
3.533035e-06
3.457551e-06
3.382117e-06
3.306729e-06
3.231383e-06
3.533036e-06
3.457552e-06
3.382118e-06
3.30673e-06
3.231384e-06
3.533036e-06
3.835198e-06
3.759505e-06
3.683873e-06
3.53295e-06
3.6083e-06
3.533037e-06
3.457554e-06
3.382119e-06
3.306731e-06
3.231384e-06
3.533037e-06
3.8352e-06
3.759507e-06
3.683875e-06
3.532952e-06
3.608301e-06
3.160267e-06
3.093366e-06
3.026489e-06
2.959641e-06
2.892819e-06
2.826023e-06
2.759251e-06
2.692502e-06
2.625774e-06
2.559067e-06
2.49238e-06
3.160268e-06
3.093367e-06
3.02649e-06
2.959641e-06
2.89282e-06
2.826024e-06
2.759251e-06
2.692502e-06
2.625774e-06
2.559067e-06
2.49238e-06
2.425712e-06
2.359062e-06
2.292429e-06
2.225813e-06
2.159213e-06
3.160269e-06
3.093369e-06
3.026491e-06
2.959642e-06
2.89282e-06
2.826024e-06
2.759252e-06
2.692502e-06
2.625774e-06
2.559067e-06
2.49238e-06
2.425712e-06
2.359062e-06
2.292429e-06
2.225813e-06
2.159212e-06
)
;
    }
    procBoundary5to7
    {
        type            processor;
        value           nonuniform List<scalar> 
301
(
3.835532e-06
3.759818e-06
3.684167e-06
3.608575e-06
3.835422e-06
3.759714e-06
3.684069e-06
3.608483e-06
3.835532e-06
3.835534e-06
3.759818e-06
3.75982e-06
3.684167e-06
3.684168e-06
3.608575e-06
3.608576e-06
3.533039e-06
3.457555e-06
3.38212e-06
3.306732e-06
3.231385e-06
3.75982e-06
3.684168e-06
3.608576e-06
3.608576e-06
3.53304e-06
3.457556e-06
3.38212e-06
3.306732e-06
3.231385e-06
3.759821e-06
3.684169e-06
3.608577e-06
3.608577e-06
3.53304e-06
3.457556e-06
3.382121e-06
3.306733e-06
3.231386e-06
3.759822e-06
3.68417e-06
3.608578e-06
3.608578e-06
3.533041e-06
3.457557e-06
3.382121e-06
3.306733e-06
3.231386e-06
3.759822e-06
3.684171e-06
3.608578e-06
3.608578e-06
3.533041e-06
3.457557e-06
3.382121e-06
3.306733e-06
3.231386e-06
3.759823e-06
3.684171e-06
3.608578e-06
3.608578e-06
3.533041e-06
3.457557e-06
3.382121e-06
3.306733e-06
3.231386e-06
3.160269e-06
3.093369e-06
3.026491e-06
2.959642e-06
2.892821e-06
2.826024e-06
2.759252e-06
2.692502e-06
2.625774e-06
2.559067e-06
2.49238e-06
2.425712e-06
2.359062e-06
2.292429e-06
2.225812e-06
2.159212e-06
3.16027e-06
3.09337e-06
3.026492e-06
2.959643e-06
2.892821e-06
2.826024e-06
2.759252e-06
2.692502e-06
2.625774e-06
2.559067e-06
2.49238e-06
2.425712e-06
2.359061e-06
2.292429e-06
2.225812e-06
2.159211e-06
3.16027e-06
3.09337e-06
3.026492e-06
2.959643e-06
2.892821e-06
2.826024e-06
2.759252e-06
2.692502e-06
2.625774e-06
2.559067e-06
2.49238e-06
2.425711e-06
2.359061e-06
2.292428e-06
2.225811e-06
2.159211e-06
3.16027e-06
3.09337e-06
3.026492e-06
2.959643e-06
2.892821e-06
2.826024e-06
2.759252e-06
2.692502e-06
2.625774e-06
2.559067e-06
2.492379e-06
2.425711e-06
2.35906e-06
2.292427e-06
2.225811e-06
2.15921e-06
3.16027e-06
3.09337e-06
3.026492e-06
2.959643e-06
2.892821e-06
2.826024e-06
2.759251e-06
2.692501e-06
2.625773e-06
2.559066e-06
2.492379e-06
2.42571e-06
2.35906e-06
2.292426e-06
2.22581e-06
3.16027e-06
3.09337e-06
3.026492e-06
2.959642e-06
2.89282e-06
2.826023e-06
2.759251e-06
2.692501e-06
2.625773e-06
2.559065e-06
2.492378e-06
2.425709e-06
2.359059e-06
2.292426e-06
2.225809e-06
3.759825e-06
3.684173e-06
3.60858e-06
3.60858e-06
3.533043e-06
3.457558e-06
3.382123e-06
3.306734e-06
3.231387e-06
3.759821e-06
3.684169e-06
3.608577e-06
3.608577e-06
3.53304e-06
3.457555e-06
3.38212e-06
3.306731e-06
3.231385e-06
3.759818e-06
3.684166e-06
3.608574e-06
3.608574e-06
3.533037e-06
3.457553e-06
3.382118e-06
3.306729e-06
3.231384e-06
3.684164e-06
3.608572e-06
3.608572e-06
3.533035e-06
3.457551e-06
3.382116e-06
3.306728e-06
3.231383e-06
3.684166e-06
3.608573e-06
3.608573e-06
3.533036e-06
3.457552e-06
3.382117e-06
3.306729e-06
3.231384e-06
3.684172e-06
3.608579e-06
3.608579e-06
3.533042e-06
3.457557e-06
3.382122e-06
3.306733e-06
3.231388e-06
3.16027e-06
3.09337e-06
3.026492e-06
2.959642e-06
2.89282e-06
2.826023e-06
2.75925e-06
2.6925e-06
2.625772e-06
2.559065e-06
2.492377e-06
2.425709e-06
2.359058e-06
2.292424e-06
2.225808e-06
3.160268e-06
3.093366e-06
3.026489e-06
2.95964e-06
2.892818e-06
2.826021e-06
2.759248e-06
2.692498e-06
2.62577e-06
2.559063e-06
2.492375e-06
2.425706e-06
2.359056e-06
2.292422e-06
2.225805e-06
3.160265e-06
3.093363e-06
3.026487e-06
2.959638e-06
2.892816e-06
2.826019e-06
2.759246e-06
2.692496e-06
2.625768e-06
2.559061e-06
2.492373e-06
2.425705e-06
2.359054e-06
2.29242e-06
2.225803e-06
3.160264e-06
3.09336e-06
3.026484e-06
2.959636e-06
2.892814e-06
2.826017e-06
2.759245e-06
2.692495e-06
2.625767e-06
2.559059e-06
2.492372e-06
2.425703e-06
2.359052e-06
2.292419e-06
2.225802e-06
3.160264e-06
3.09336e-06
3.026484e-06
2.959636e-06
2.892814e-06
2.826018e-06
2.759245e-06
2.692495e-06
2.625767e-06
2.559059e-06
2.492372e-06
2.425703e-06
2.359052e-06
2.292418e-06
2.225801e-06
3.160268e-06
3.093363e-06
3.026487e-06
2.959639e-06
2.892817e-06
2.82602e-06
2.759247e-06
2.692497e-06
2.625768e-06
2.559061e-06
2.492373e-06
2.425704e-06
2.359053e-06
2.292419e-06
2.225802e-06
)
;
    }
    procBoundary5to8
    {
        type            processor;
        value           nonuniform List<scalar> 
217
(
3.753811e-06
3.754122e-06
3.75436e-06
3.754655e-06
3.755017e-06
3.755471e-06
3.755471e-06
3.831444e-06
3.832073e-06
3.832721e-06
3.833354e-06
3.833938e-06
3.834451e-06
3.834451e-06
3.910612e-06
3.834877e-06
3.910959e-06
3.753774e-06
3.754098e-06
3.754341e-06
3.754638e-06
3.755001e-06
3.755458e-06
3.755458e-06
3.831433e-06
3.832065e-06
3.832716e-06
3.833351e-06
3.833938e-06
3.834452e-06
3.834877e-06
3.834877e-06
3.910961e-06
3.835204e-06
3.835423e-06
3.753745e-06
3.75408e-06
3.754327e-06
3.754625e-06
3.75499e-06
3.755447e-06
3.755447e-06
3.831424e-06
3.832059e-06
3.832713e-06
3.833349e-06
3.833937e-06
3.834452e-06
3.834878e-06
3.835204e-06
3.835423e-06
3.753726e-06
3.754067e-06
3.754317e-06
3.754616e-06
3.754982e-06
3.755441e-06
3.755441e-06
3.831419e-06
3.832055e-06
3.83271e-06
3.833349e-06
3.833937e-06
3.834453e-06
3.834879e-06
3.835205e-06
3.835425e-06
3.753717e-06
3.754061e-06
3.754313e-06
3.754613e-06
3.754979e-06
3.755438e-06
3.755438e-06
3.831417e-06
3.832054e-06
3.83271e-06
3.833349e-06
3.833938e-06
3.834454e-06
3.83488e-06
3.835206e-06
3.835426e-06
3.753718e-06
3.754062e-06
3.754315e-06
3.754614e-06
3.754981e-06
3.75544e-06
3.75544e-06
3.831419e-06
3.832056e-06
3.832712e-06
3.83335e-06
3.833939e-06
3.834455e-06
3.834881e-06
3.835207e-06
3.835427e-06
3.75373e-06
3.754066e-06
3.754321e-06
3.754618e-06
3.754985e-06
3.755444e-06
3.755444e-06
3.831423e-06
3.832059e-06
3.832714e-06
3.833352e-06
3.833941e-06
3.834456e-06
3.834882e-06
3.835208e-06
3.835428e-06
3.753773e-06
3.754076e-06
3.754331e-06
3.754622e-06
3.754987e-06
3.755444e-06
3.755444e-06
3.831422e-06
3.832058e-06
3.832713e-06
3.833352e-06
3.833941e-06
3.834457e-06
3.834884e-06
3.83521e-06
3.83543e-06
3.753895e-06
3.754158e-06
3.754401e-06
3.754686e-06
3.755048e-06
3.755499e-06
3.755499e-06
3.831472e-06
3.832096e-06
3.832741e-06
3.833369e-06
3.833951e-06
3.834461e-06
3.834884e-06
3.835208e-06
3.835426e-06
3.75404e-06
3.75425e-06
3.754472e-06
3.754749e-06
3.755107e-06
3.75555e-06
3.75555e-06
3.831517e-06
3.7561e-06
3.83213e-06
3.756663e-06
3.832764e-06
3.757245e-06
3.833383e-06
3.757816e-06
3.833958e-06
3.758348e-06
3.834464e-06
3.758818e-06
3.834883e-06
3.759208e-06
3.835205e-06
3.759509e-06
3.835423e-06
3.759713e-06
3.754171e-06
3.754326e-06
3.754526e-06
3.754796e-06
3.755149e-06
3.755588e-06
3.7561e-06
3.756663e-06
3.757245e-06
3.757816e-06
3.758348e-06
3.758818e-06
3.759208e-06
3.759509e-06
3.759713e-06
3.754246e-06
3.754351e-06
3.754529e-06
3.754791e-06
3.755141e-06
3.75558e-06
3.756092e-06
3.756655e-06
3.757239e-06
3.757812e-06
3.758345e-06
3.758816e-06
3.759208e-06
3.75951e-06
3.759715e-06
3.754253e-06
3.75432e-06
3.754481e-06
3.754736e-06
3.755085e-06
3.755527e-06
3.756046e-06
3.756618e-06
3.757211e-06
3.757793e-06
3.758335e-06
3.758813e-06
3.75921e-06
3.759515e-06
3.759721e-06
)
;
    }
    procBoundary5to9
    {
        type            processor;
        value           nonuniform List<scalar> 
36
(
3.756615e-06
3.834871e-06
3.835194e-06
3.753904e-06
3.75418e-06
3.754406e-06
3.754696e-06
3.755054e-06
3.755503e-06
3.756027e-06
3.756027e-06
3.756027e-06
3.832093e-06
3.832734e-06
3.83336e-06
3.833941e-06
3.83445e-06
3.83445e-06
3.910609e-06
3.910955e-06
3.753855e-06
3.75415e-06
3.754382e-06
3.754675e-06
3.755034e-06
3.755486e-06
3.755486e-06
3.831457e-06
3.832082e-06
3.832727e-06
3.833357e-06
3.833939e-06
3.834451e-06
3.834451e-06
3.910611e-06
3.910957e-06
)
;
    }
    procBoundary5to10
    {
        type            processor;
        value           nonuniform List<scalar> 2(3.911188e-06 3.911306e-06);
    }
    procBoundary5to11
    {
        type            processor;
        value           nonuniform List<scalar> 10(3.911191e-06 3.911309e-06 3.911309e-06 3.911191e-06 3.911193e-06 3.911311e-06 3.911311e-06 3.911193e-06 3.911196e-06 3.911314e-06);
    }
}


// ************************************************************************* //
