/*--------------------------------*- C++ -*----------------------------------*\
| =========                 |                                                 |
| \\      /  F ield         | OpenFOAM: The Open Source CFD Toolbox           |
|  \\    /   O peration     | Version:  2406                                  |
|   \\  /    A nd           | Website:  www.openfoam.com                      |
|    \\/     M anipulation  |                                                 |
\*---------------------------------------------------------------------------*/
FoamFile
{
    version     2.0;
    format      ascii;
    arch        "LSB;label=32;scalar=64";
    class       labelList;
    location    "constant/polyMesh";
    object      cellProcAddressing;
}
// * * * * * * * * * * * * * * * * * * * * * * * * * * * * * * * * * * * * * //


5432
(
33801
33802
33803
33804
33805
33806
33807
33817
33818
33819
33820
33821
33822
33823
33833
33834
33835
33836
33837
33838
33839
33849
33850
33851
33852
33853
33854
33855
33865
33866
33867
33868
33869
33870
33871
33881
33882
33883
33884
33885
33886
33887
33897
33898
33899
33900
33901
33902
33903
33912
33913
33914
33915
33916
33917
33918
33919
33928
33929
33930
33931
33932
33933
33934
33935
33944
33945
33946
33947
33948
33949
33950
33951
33960
33961
33962
33963
33964
33965
33966
33967
33976
33977
33978
33979
33980
33981
33982
33983
33991
33992
33993
33994
33995
33996
33997
33998
33999
34007
34008
34009
34010
34011
34012
34013
34014
34015
34023
34024
34025
34026
34027
34028
34029
34030
34031
34039
34040
34041
34042
34043
34044
34045
34046
34047
34313
34314
34315
34316
34317
34318
34319
34329
34330
34331
34332
34333
34334
34335
34345
34346
34347
34348
34349
34350
34351
34361
34362
34363
34364
34365
34366
34367
34377
34378
34379
34380
34381
34382
34383
34393
34394
34395
34396
34397
34398
34399
34408
34409
34410
34411
34412
34413
34414
34415
34424
34425
34426
34427
34428
34429
34430
34431
34440
34441
34442
34443
34444
34445
34446
34447
34456
34457
34458
34459
34460
34461
34462
34463
34472
34473
34474
34475
34476
34477
34478
34479
34488
34489
34490
34491
34492
34493
34494
34495
34503
34504
34505
34506
34507
34508
34509
34510
34511
34519
34520
34521
34522
34523
34524
34525
34526
34527
34535
34536
34537
34538
34539
34540
34541
34542
34543
34551
34552
34553
34554
34555
34556
34557
34558
34559
34567
34568
34569
34570
34583
34584
34585
34586
34825
34826
34827
34828
34829
34830
34831
34841
34842
34843
34844
34845
34846
34847
34857
34858
34859
34860
34861
34862
34863
34873
34874
34875
34876
34877
34878
34879
34889
34890
34891
34892
34893
34894
34895
34905
34906
34907
34908
34909
34910
34911
34920
34921
34922
34923
34924
34925
34926
34927
34936
34937
34938
34939
34940
34941
34942
34943
34952
34953
34954
34955
34956
34957
34958
34959
34968
34969
34970
34971
34972
34973
34974
34975
34984
34985
34986
34987
34988
34989
34990
34991
35000
35001
35002
35003
35004
35005
35006
35007
35015
35016
35017
35018
35019
35020
35021
35022
35023
35031
35032
35033
35034
35035
35036
35037
35038
35039
35047
35048
35049
35050
35051
35052
35053
35054
35055
35063
35064
35065
35066
35067
35068
35069
35070
35071
35079
35080
35081
35082
35095
35096
35097
35098
35337
35338
35339
35340
35341
35342
35343
35353
35354
35355
35356
35357
35358
35359
35369
35370
35371
35372
35373
35374
35375
35385
35386
35387
35388
35389
35390
35391
35401
35402
35403
35404
35405
35406
35407
35417
35418
35419
35420
35421
35422
35423
35432
35433
35434
35435
35436
35437
35438
35439
35448
35449
35450
35451
35452
35453
35454
35455
35464
35465
35466
35467
35468
35469
35470
35471
35480
35481
35482
35483
35484
35485
35486
35487
35496
35497
35498
35499
35500
35501
35502
35503
35512
35513
35514
35515
35516
35517
35518
35519
35528
35529
35530
35531
35532
35533
35534
35535
35543
35544
35545
35546
35547
35548
35549
35550
35551
35559
35560
35561
35562
35563
35564
35565
35566
35567
35575
35576
35577
35578
35579
35580
35581
35582
35583
35849
35850
35851
35852
35853
35854
35855
35865
35866
35867
35868
35869
35870
35871
35881
35882
35883
35884
35885
35886
35887
35897
35898
35899
35900
35901
35902
35903
35913
35914
35915
35916
35917
35918
35919
35929
35930
35931
35932
35933
35934
35935
35944
35945
35946
35947
35948
35949
35950
35951
35960
35961
35962
35963
35964
35965
35966
35967
35976
35977
35978
35979
35980
35981
35982
35983
35992
35993
35994
35995
35996
35997
35998
35999
36008
36009
36010
36011
36012
36013
36014
36015
36024
36025
36026
36027
36028
36029
36030
36031
36040
36041
36042
36043
36044
36045
36046
36047
36056
36057
36058
36059
36060
36061
36062
36063
36072
36073
36074
36075
36076
36077
36078
36079
36091
36092
36093
36094
36095
36361
36362
36363
36364
36365
36366
36367
36377
36378
36379
36380
36381
36382
36383
36393
36394
36395
36396
36397
36398
36399
36409
36410
36411
36412
36413
36414
36415
36425
36426
36427
36428
36429
36430
36431
36441
36442
36443
36444
36445
36446
36447
36456
36457
36458
36459
36460
36461
36462
36463
36472
36473
36474
36475
36476
36477
36478
36479
36488
36489
36490
36491
36492
36493
36494
36495
36504
36505
36506
36507
36508
36509
36510
36511
36520
36521
36522
36523
36524
36525
36526
36527
36536
36537
36538
36539
36540
36541
36542
36543
36552
36553
36554
36555
36556
36557
36558
36559
36568
36569
36570
36571
36572
36573
36574
36575
36584
36585
36586
36587
36588
36589
36590
36591
36603
36604
36605
36606
36607
36873
36874
36875
36876
36877
36878
36879
36889
36890
36891
36892
36893
36894
36895
36905
36906
36907
36908
36909
36910
36911
36921
36922
36923
36924
36925
36926
36927
36937
36938
36939
36940
36941
36942
36943
36953
36954
36955
36956
36957
36958
36959
36968
36969
36970
36971
36972
36973
36974
36975
36984
36985
36986
36987
36988
36989
36990
36991
37000
37001
37002
37003
37004
37005
37006
37007
37016
37017
37018
37019
37020
37021
37022
37023
37032
37033
37034
37035
37036
37037
37038
37039
37048
37049
37050
37051
37052
37053
37054
37055
37064
37065
37066
37067
37068
37069
37070
37071
37080
37081
37082
37083
37084
37085
37086
37087
37096
37097
37098
37099
37100
37101
37102
37103
37115
37116
37117
37118
37119
37385
37386
37387
37388
37389
37390
37391
37401
37402
37403
37404
37405
37406
37407
37417
37418
37419
37420
37421
37422
37423
37433
37434
37435
37436
37437
37438
37439
37449
37450
37451
37452
37453
37454
37455
37465
37466
37467
37468
37469
37470
37471
37480
37481
37482
37483
37484
37485
37486
37487
37496
37497
37498
37499
37500
37501
37502
37503
37512
37513
37514
37515
37516
37517
37518
37519
37528
37529
37530
37531
37532
37533
37534
37535
37544
37545
37546
37547
37548
37549
37550
37551
37560
37561
37562
37563
37564
37565
37566
37567
37576
37577
37578
37579
37580
37581
37582
37583
37592
37593
37594
37595
37596
37597
37598
37599
37608
37609
37610
37611
37612
37613
37614
37615
37627
37628
37629
37630
37631
37897
37898
37899
37900
37901
37902
37903
37913
37914
37915
37916
37917
37918
37919
37929
37930
37931
37932
37933
37934
37935
37945
37946
37947
37948
37949
37950
37951
37961
37962
37963
37964
37965
37966
37967
37977
37978
37979
37980
37981
37982
37983
37992
37993
37994
37995
37996
37997
37998
37999
38008
38009
38010
38011
38012
38013
38014
38015
38024
38025
38026
38027
38028
38029
38030
38031
38040
38041
38042
38043
38044
38045
38046
38047
38056
38057
38058
38059
38060
38061
38062
38063
38072
38073
38074
38075
38076
38077
38078
38079
38088
38089
38090
38091
38092
38093
38094
38095
38104
38105
38106
38107
38108
38109
38110
38111
38120
38121
38122
38123
38124
38125
38126
38127
38139
38140
38141
38142
38143
46848
46849
46850
46851
46852
46853
46854
46855
46856
46857
46858
46872
46873
46874
46875
46876
46877
46878
46879
46880
46881
46882
46896
46897
46898
46899
46900
46901
46902
46903
46904
46905
46906
46920
46921
46922
46923
46924
46925
46926
46927
46928
46929
46930
46944
46945
46946
46947
46948
46949
46950
46951
46952
46953
46954
46968
46969
46970
46971
46972
46973
46974
46975
46976
46977
46978
46992
46993
46994
46995
46996
46997
46998
46999
47000
47001
47002
47016
47017
47018
47019
47020
47021
47022
47023
47024
47025
47026
47040
47041
47042
47043
47044
47045
47046
47047
47048
47049
47050
47064
47065
47066
47067
47068
47069
47070
47071
47072
47073
47074
47088
47089
47090
47091
47092
47093
47094
47095
47096
47097
47098
47112
47113
47114
47115
47116
47117
47118
47119
47120
47121
47122
47136
47137
47138
47139
47140
47141
47142
47143
47144
47145
47146
47160
47161
47162
47163
47164
47165
47166
47167
47168
47169
47170
47184
47185
47186
47187
47188
47189
47190
47191
47192
47193
47194
47208
47209
47210
47211
47212
47213
47214
47215
47216
47217
47218
47616
47617
47618
47619
47620
47621
47622
47623
47624
47625
47626
47627
47628
47629
47630
47631
47640
47641
47642
47643
47644
47645
47646
47647
47648
47649
47650
47651
47652
47653
47654
47655
47664
47665
47666
47667
47668
47669
47670
47671
47672
47673
47674
47675
47676
47677
47678
47679
47688
47689
47690
47691
47692
47693
47694
47695
47696
47697
47698
47699
47700
47701
47702
47703
47712
47713
47714
47715
47716
47717
47718
47719
47720
47721
47722
47723
47724
47725
47726
47727
47736
47737
47738
47739
47740
47741
47742
47743
47744
47745
47746
47747
47748
47749
47750
47751
47760
47761
47762
47763
47764
47765
47766
47767
47768
47769
47770
47771
47772
47773
47774
47775
47784
47785
47786
47787
47788
47789
47790
47791
47792
47793
47794
47795
47796
47797
47798
47799
47808
47809
47810
47811
47812
47813
47814
47815
47816
47817
47818
47819
47820
47821
47822
47823
47832
47833
47834
47835
47836
47837
47838
47839
47840
47841
47842
47843
47844
47845
47846
47847
47856
47857
47858
47859
47860
47861
47862
47863
47864
47865
47866
47867
47868
47869
47870
47871
47880
47881
47882
47883
47884
47885
47886
47887
47888
47889
47890
47891
47892
47893
47894
47895
47904
47905
47906
47907
47908
47909
47910
47911
47912
47913
47914
47915
47916
47917
47918
47919
47928
47929
47930
47931
47932
47933
47934
47935
47936
47937
47938
47939
47940
47941
47942
47943
47952
47953
47954
47955
47956
47957
47958
47959
47960
47961
47962
47963
47964
47965
47966
47967
47976
47977
47978
47979
47980
47981
47982
47983
47984
47985
47986
47987
47988
47989
47990
47991
48384
48385
48386
48387
48388
48389
48390
48391
48392
48393
48394
48395
48396
48397
48398
48399
48408
48409
48410
48411
48412
48413
48414
48415
48416
48417
48418
48419
48420
48421
48422
48423
48432
48433
48434
48435
48436
48437
48438
48439
48440
48441
48442
48443
48444
48445
48446
48447
48456
48457
48458
48459
48460
48461
48462
48463
48464
48465
48466
48467
48468
48469
48470
48471
48480
48481
48482
48483
48484
48485
48486
48487
48488
48489
48490
48491
48492
48493
48494
48495
48504
48505
48506
48507
48508
48509
48510
48511
48512
48513
48514
48515
48516
48517
48518
48519
48528
48529
48530
48531
48532
48533
48534
48535
48536
48537
48538
48539
48540
48541
48542
48543
48552
48553
48554
48555
48556
48557
48558
48559
48560
48561
48562
48563
48564
48565
48566
48567
48576
48577
48578
48579
48580
48581
48582
48583
48584
48585
48586
48587
48588
48589
48590
48591
48600
48601
48602
48603
48604
48605
48606
48607
48608
48609
48610
48611
48612
48613
48614
48615
48624
48625
48626
48627
48628
48629
48630
48631
48632
48633
48634
48635
48636
48637
48638
48639
48648
48649
48650
48651
48652
48653
48654
48655
48656
48657
48658
48659
48660
48661
48662
48663
48672
48673
48674
48675
48676
48677
48678
48679
48680
48681
48682
48683
48684
48685
48686
48687
48696
48697
48698
48699
48700
48701
48702
48703
48704
48705
48706
48707
48708
48709
48710
48711
48720
48721
48722
48723
48724
48725
48726
48727
48728
48729
48730
48731
48732
48733
48734
48735
48744
48745
48746
48747
48748
48749
48750
48751
48752
48753
48754
48755
48756
48757
48758
48759
49152
49153
49154
49155
49156
49157
49158
49159
49160
49161
49162
49163
49164
49165
49166
49167
49176
49177
49178
49179
49180
49181
49182
49183
49184
49185
49186
49187
49188
49189
49190
49191
49200
49201
49202
49203
49204
49205
49206
49207
49208
49209
49210
49211
49212
49213
49214
49215
49224
49225
49226
49227
49228
49229
49230
49231
49232
49233
49234
49235
49236
49237
49238
49239
49248
49249
49250
49251
49252
49253
49254
49255
49256
49257
49258
49259
49260
49261
49262
49263
49272
49273
49274
49275
49276
49277
49278
49279
49280
49281
49282
49283
49284
49285
49286
49287
49296
49297
49298
49299
49300
49301
49302
49303
49304
49305
49306
49307
49308
49309
49310
49311
49320
49321
49322
49323
49324
49325
49326
49327
49328
49329
49330
49331
49332
49333
49334
49335
49344
49345
49346
49347
49348
49349
49350
49351
49352
49353
49354
49355
49356
49357
49358
49359
49368
49369
49370
49371
49372
49373
49374
49375
49376
49377
49378
49379
49380
49381
49382
49383
49392
49393
49394
49395
49396
49397
49398
49399
49400
49401
49402
49403
49404
49405
49406
49407
49416
49417
49418
49419
49420
49421
49422
49423
49424
49425
49426
49427
49428
49429
49430
49431
49440
49441
49442
49443
49444
49445
49446
49447
49448
49449
49450
49451
49452
49453
49454
49455
49464
49465
49466
49467
49468
49469
49470
49471
49472
49473
49474
49475
49476
49477
49478
49479
49488
49489
49490
49491
49492
49493
49494
49495
49496
49497
49498
49499
49500
49501
49502
49503
49512
49513
49514
49515
49516
49517
49518
49519
49520
49521
49522
49523
49524
49525
49526
49527
49920
49921
49922
49923
49924
49925
49926
49927
49928
49929
49930
49931
49932
49933
49934
49935
49944
49945
49946
49947
49948
49949
49950
49951
49952
49953
49954
49955
49956
49957
49958
49959
49968
49969
49970
49971
49972
49973
49974
49975
49976
49977
49978
49979
49980
49981
49982
49983
49992
49993
49994
49995
49996
49997
49998
49999
50000
50001
50002
50003
50004
50005
50006
50007
50016
50017
50018
50019
50020
50021
50022
50023
50024
50025
50026
50027
50028
50029
50030
50031
50040
50041
50042
50043
50044
50045
50046
50047
50048
50049
50050
50051
50052
50053
50054
50055
50064
50065
50066
50067
50068
50069
50070
50071
50072
50073
50074
50075
50076
50077
50078
50079
50088
50089
50090
50091
50092
50093
50094
50095
50096
50097
50098
50099
50100
50101
50102
50103
50112
50113
50114
50115
50116
50117
50118
50119
50120
50121
50122
50123
50124
50125
50126
50127
50136
50137
50138
50139
50140
50141
50142
50143
50144
50145
50146
50147
50148
50149
50150
50151
50160
50161
50162
50163
50164
50165
50166
50167
50168
50169
50170
50171
50172
50173
50174
50175
50184
50185
50186
50187
50188
50189
50190
50191
50192
50193
50194
50195
50196
50197
50198
50199
50208
50209
50210
50211
50212
50213
50214
50215
50216
50217
50218
50219
50220
50221
50222
50223
50232
50233
50234
50235
50236
50237
50238
50239
50240
50241
50242
50243
50244
50245
50246
50247
50256
50257
50258
50259
50260
50261
50262
50263
50264
50265
50266
50267
50268
50269
50270
50271
50280
50281
50282
50283
50284
50285
50286
50287
50288
50289
50290
50291
50292
50293
50294
50295
50688
50689
50690
50691
50692
50693
50694
50695
50696
50697
50698
50699
50700
50701
50702
50703
50712
50713
50714
50715
50716
50717
50718
50719
50720
50721
50722
50723
50724
50725
50726
50727
50736
50737
50738
50739
50740
50741
50742
50743
50744
50745
50746
50747
50748
50749
50750
50751
50760
50761
50762
50763
50764
50765
50766
50767
50768
50769
50770
50771
50772
50773
50774
50775
50784
50785
50786
50787
50788
50789
50790
50791
50792
50793
50794
50795
50796
50797
50798
50799
50808
50809
50810
50811
50812
50813
50814
50815
50816
50817
50818
50819
50820
50821
50822
50823
50832
50833
50834
50835
50836
50837
50838
50839
50840
50841
50842
50843
50844
50845
50846
50847
50856
50857
50858
50859
50860
50861
50862
50863
50864
50865
50866
50867
50868
50869
50870
50871
50880
50881
50882
50883
50884
50885
50886
50887
50888
50889
50890
50891
50892
50893
50894
50895
50904
50905
50906
50907
50908
50909
50910
50911
50912
50913
50914
50915
50916
50917
50918
50919
50928
50929
50930
50931
50932
50933
50934
50935
50936
50937
50938
50939
50940
50941
50942
50943
50952
50953
50954
50955
50956
50957
50958
50959
50960
50961
50962
50963
50964
50965
50966
50967
50976
50977
50978
50979
50980
50981
50982
50983
50984
50985
50986
50987
50988
50989
50990
50991
51000
51001
51002
51003
51004
51005
51006
51007
51008
51009
51010
51011
51012
51013
51014
51015
51024
51025
51026
51027
51028
51029
51030
51031
51032
51033
51034
51035
51036
51037
51038
51039
51048
51049
51050
51051
51052
51053
51054
51055
51056
51057
51058
51059
51060
51061
51062
51063
51456
51457
51458
51459
51460
51461
51462
51463
51464
51465
51466
51467
51468
51469
51470
51471
51480
51481
51482
51483
51484
51485
51486
51487
51488
51489
51490
51491
51492
51493
51494
51495
51504
51505
51506
51507
51508
51509
51510
51511
51512
51513
51514
51515
51516
51517
51518
51519
51528
51529
51530
51531
51532
51533
51534
51535
51536
51537
51538
51539
51540
51541
51542
51543
51552
51553
51554
51555
51556
51557
51558
51559
51560
51561
51562
51563
51564
51565
51566
51567
51576
51577
51578
51579
51580
51581
51582
51583
51584
51585
51586
51587
51588
51589
51590
51591
51600
51601
51602
51603
51604
51605
51606
51607
51608
51609
51610
51611
51612
51613
51614
51615
51624
51625
51626
51627
51628
51629
51630
51631
51632
51633
51634
51635
51636
51637
51638
51639
51648
51649
51650
51651
51652
51653
51654
51655
51656
51657
51658
51659
51660
51661
51662
51663
51672
51673
51674
51675
51676
51677
51678
51679
51680
51681
51682
51683
51684
51685
51686
51687
51696
51697
51698
51699
51700
51701
51702
51703
51704
51705
51706
51707
51708
51709
51710
51711
51720
51721
51722
51723
51724
51725
51726
51727
51728
51729
51730
51731
51732
51733
51734
51735
51744
51745
51746
51747
51748
51749
51750
51751
51752
51753
51754
51755
51756
51757
51758
51759
51768
51769
51770
51771
51772
51773
51774
51775
51776
51777
51778
51779
51780
51781
51782
51783
51792
51793
51794
51795
51796
51797
51798
51799
51800
51801
51802
51803
51804
51805
51806
51807
51816
51817
51818
51819
51820
51821
51822
51823
51824
51825
51826
51827
51828
51829
51830
51831
52224
52225
52226
52227
52228
52229
52230
52231
52232
52233
52234
52235
52236
52237
52238
52248
52249
52250
52251
52252
52253
52254
52255
52256
52257
52258
52259
52260
52261
52262
52272
52273
52274
52275
52276
52277
52278
52279
52280
52281
52282
52283
52284
52285
52286
52296
52297
52298
52299
52300
52301
52302
52303
52304
52305
52306
52307
52308
52309
52310
52320
52321
52322
52323
52324
52325
52326
52327
52328
52329
52330
52331
52332
52333
52334
52344
52345
52346
52347
52348
52349
52350
52351
52352
52353
52354
52355
52356
52357
52358
52368
52369
52370
52371
52372
52373
52374
52375
52376
52377
52378
52379
52380
52381
52382
52392
52393
52394
52395
52396
52397
52398
52399
52400
52401
52402
52403
52404
52405
52406
52416
52417
52418
52419
52420
52421
52422
52423
52424
52425
52426
52427
52428
52429
52430
52440
52441
52442
52443
52444
52445
52446
52447
52448
52449
52450
52451
52452
52453
52454
52464
52465
52466
52467
52468
52469
52470
52471
52472
52473
52474
52475
52476
52477
52478
52488
52489
52490
52491
52492
52493
52494
52495
52496
52497
52498
52499
52500
52501
52502
52512
52513
52514
52515
52516
52517
52518
52519
52520
52521
52522
52523
52524
52525
52526
52536
52537
52538
52539
52540
52541
52542
52543
52544
52545
52546
52547
52548
52549
52550
52560
52561
52562
52563
52564
52565
52566
52567
52568
52569
52570
52571
52572
52573
52574
52584
52585
52586
52587
52588
52589
52590
52591
52592
52593
52594
52595
52596
52597
52598
52992
52993
52994
52995
52996
52997
52998
52999
53000
53001
53002
53003
53004
53005
53006
53016
53017
53018
53019
53020
53021
53022
53023
53024
53025
53026
53027
53028
53029
53030
53040
53041
53042
53043
53044
53045
53046
53047
53048
53049
53050
53051
53052
53053
53054
53064
53065
53066
53067
53068
53069
53070
53071
53072
53073
53074
53075
53076
53077
53078
53088
53089
53090
53091
53092
53093
53094
53095
53096
53097
53098
53099
53100
53101
53102
53112
53113
53114
53115
53116
53117
53118
53119
53120
53121
53122
53123
53124
53125
53126
53136
53137
53138
53139
53140
53141
53142
53143
53144
53145
53146
53147
53148
53149
53150
53160
53161
53162
53163
53164
53165
53166
53167
53168
53169
53170
53171
53172
53173
53174
53184
53185
53186
53187
53188
53189
53190
53191
53192
53193
53194
53195
53196
53197
53198
53208
53209
53210
53211
53212
53213
53214
53215
53216
53217
53218
53219
53220
53221
53222
53232
53233
53234
53235
53236
53237
53238
53239
53240
53241
53242
53243
53244
53245
53246
53256
53257
53258
53259
53260
53261
53262
53263
53264
53265
53266
53267
53268
53269
53270
53280
53281
53282
53283
53284
53285
53286
53287
53288
53289
53290
53291
53292
53293
53294
53304
53305
53306
53307
53308
53309
53310
53311
53312
53313
53314
53315
53316
53317
53318
53328
53329
53330
53331
53332
53333
53334
53335
53336
53337
53338
53339
53340
53341
53342
53352
53353
53354
53355
53356
53357
53358
53359
53360
53361
53362
53363
53364
53365
53366
75017
75018
75019
75020
75021
75022
75023
75033
75034
75035
75036
75037
75038
75039
75049
75050
75051
75052
75053
75054
75055
75065
75066
75067
75068
75069
75070
75071
75081
75082
75083
75084
75085
75086
75087
75097
75098
75099
75100
75101
75102
75103
75112
75113
75114
75115
75116
75117
75118
75119
75128
75129
75130
75131
75132
75133
75134
75135
75144
75145
75146
75147
75148
75149
75150
75151
75160
75161
75162
75163
75164
75165
75166
75167
75176
75177
75178
75179
75180
75181
75182
75183
75192
75193
75194
75195
75196
75197
75198
75199
75208
75209
75210
75211
75212
75213
75214
75215
75224
75225
75226
75227
75228
75229
75230
75231
75240
75241
75242
75243
75244
75245
75246
75247
75259
75260
75261
75262
75263
75529
75530
75531
75532
75533
75534
75535
75545
75546
75547
75548
75549
75550
75551
75561
75562
75563
75564
75565
75566
75567
75577
75578
75579
75580
75581
75582
75583
75593
75594
75595
75596
75597
75598
75599
75609
75610
75611
75612
75613
75614
75615
75624
75625
75626
75627
75628
75629
75630
75631
75640
75641
75642
75643
75644
75645
75646
75647
75656
75657
75658
75659
75660
75661
75662
75663
75672
75673
75674
75675
75676
75677
75678
75679
75688
75689
75690
75691
75692
75693
75694
75695
75704
75705
75706
75707
75708
75709
75710
75711
75720
75721
75722
75723
75724
75725
75726
75727
75736
75737
75738
75739
75740
75741
75742
75743
75752
75753
75754
75755
75756
75757
75758
75759
75771
75772
75773
75774
75775
76041
76042
76043
76044
76045
76046
76047
76057
76058
76059
76060
76061
76062
76063
76073
76074
76075
76076
76077
76078
76079
76089
76090
76091
76092
76093
76094
76095
76105
76106
76107
76108
76109
76110
76111
76121
76122
76123
76124
76125
76126
76127
76136
76137
76138
76139
76140
76141
76142
76143
76152
76153
76154
76155
76156
76157
76158
76159
76168
76169
76170
76171
76172
76173
76174
76175
76184
76185
76186
76187
76188
76189
76190
76191
76200
76201
76202
76203
76204
76205
76206
76207
76216
76217
76218
76219
76220
76221
76222
76223
76232
76233
76234
76235
76236
76237
76238
76239
76248
76249
76250
76251
76252
76253
76254
76255
76264
76265
76266
76267
76268
76269
76270
76271
76283
76284
76285
76286
76287
76553
76554
76555
76556
76557
76558
76559
76569
76570
76571
76572
76573
76574
76575
76585
76586
76587
76588
76589
76590
76591
76601
76602
76603
76604
76605
76606
76607
76617
76618
76619
76620
76621
76622
76623
76633
76634
76635
76636
76637
76638
76639
76649
76650
76651
76652
76653
76654
76655
76665
76666
76667
76668
76669
76670
76671
76681
76682
76683
76684
76685
76686
76687
76697
76698
76699
76700
76701
76702
76703
76713
76714
76715
76716
76717
76718
76719
76729
76730
76731
76732
76733
76734
76735
76745
76746
76747
76748
76749
76750
76751
76761
76762
76763
76764
76765
76766
76767
76777
76778
76779
76780
76781
76782
76783
76795
76796
76797
76798
76799
77065
77066
77067
77068
77069
77070
77071
77081
77082
77083
77084
77085
77086
77087
77097
77098
77099
77100
77101
77102
77103
77113
77114
77115
77116
77117
77118
77119
77129
77130
77131
77132
77133
77134
77135
77145
77146
77147
77148
77149
77150
77151
77161
77162
77163
77164
77165
77166
77167
77177
77178
77179
77180
77181
77182
77183
77193
77194
77195
77196
77197
77198
77199
77209
77210
77211
77212
77213
77214
77215
77225
77226
77227
77228
77229
77230
77231
77241
77242
77243
77244
77245
77246
77247
77257
77258
77259
77260
77261
77262
77263
77273
77274
77275
77276
77277
77278
77279
77289
77290
77291
77292
77293
77294
77295
77307
77308
77309
77310
77311
77577
77578
77579
77580
77581
77582
77583
77593
77594
77595
77596
77597
77598
77599
77609
77610
77611
77612
77613
77614
77615
77625
77626
77627
77628
77629
77630
77631
77641
77642
77643
77644
77645
77646
77647
77657
77658
77659
77660
77661
77662
77663
77673
77674
77675
77676
77677
77678
77679
77689
77690
77691
77692
77693
77694
77695
77705
77706
77707
77708
77709
77710
77711
77721
77722
77723
77724
77725
77726
77727
77737
77738
77739
77740
77741
77742
77743
77753
77754
77755
77756
77757
77758
77759
77769
77770
77771
77772
77773
77774
77775
77785
77786
77787
77788
77789
77790
77791
77801
77802
77803
77804
77805
77806
77807
77819
77820
77821
77822
77823
78080
78081
78082
78083
78084
78085
78086
78087
78088
78089
78090
78091
78092
78093
78094
78104
78105
78106
78107
78108
78109
78110
78111
78112
78113
78114
78115
78116
78117
78118
78128
78129
78130
78131
78132
78133
78134
78135
78136
78137
78138
78139
78140
78141
78142
78152
78153
78154
78155
78156
78157
78158
78159
78160
78161
78162
78163
78164
78165
78166
78176
78177
78178
78179
78180
78181
78182
78183
78184
78185
78186
78187
78188
78189
78190
78200
78201
78202
78203
78204
78205
78206
78207
78208
78209
78210
78211
78212
78213
78214
78224
78225
78226
78227
78228
78229
78230
78231
78232
78233
78234
78235
78236
78237
78238
78248
78249
78250
78251
78252
78253
78254
78255
78256
78257
78258
78259
78260
78261
78262
78272
78273
78274
78275
78276
78277
78278
78279
78280
78281
78282
78283
78284
78285
78286
78296
78297
78298
78299
78300
78301
78302
78303
78304
78305
78306
78307
78308
78309
78310
78320
78321
78322
78323
78324
78325
78326
78327
78328
78329
78330
78331
78332
78333
78334
78344
78345
78346
78347
78348
78349
78350
78351
78352
78353
78354
78355
78356
78357
78358
78368
78369
78370
78371
78372
78373
78374
78375
78376
78377
78378
78379
78380
78381
78382
78392
78393
78394
78395
78396
78397
78398
78399
78400
78401
78402
78403
78404
78405
78406
78416
78417
78418
78419
78420
78421
78422
78423
78424
78425
78426
78427
78428
78429
78430
78440
78441
78442
78443
78444
78445
78446
78447
78448
78449
78450
78451
78452
78453
78454
78848
78849
78850
78851
78852
78853
78854
78855
78856
78857
78858
78859
78860
78861
78862
78872
78873
78874
78875
78876
78877
78878
78879
78880
78881
78882
78883
78884
78885
78886
78896
78897
78898
78899
78900
78901
78902
78903
78904
78905
78906
78907
78908
78909
78910
78920
78921
78922
78923
78924
78925
78926
78927
78928
78929
78930
78931
78932
78933
78934
78944
78945
78946
78947
78948
78949
78950
78951
78952
78953
78954
78955
78956
78957
78958
78968
78969
78970
78971
78972
78973
78974
78975
78976
78977
78978
78979
78980
78981
78982
78992
78993
78994
78995
78996
78997
78998
78999
79000
79001
79002
79003
79004
79005
79006
79016
79017
79018
79019
79020
79021
79022
79023
79024
79025
79026
79027
79028
79029
79030
79040
79041
79042
79043
79044
79045
79046
79047
79048
79049
79050
79051
79052
79053
79054
79064
79065
79066
79067
79068
79069
79070
79071
79072
79073
79074
79075
79076
79077
79078
79088
79089
79090
79091
79092
79093
79094
79095
79096
79097
79098
79099
79100
79101
79102
79112
79113
79114
79115
79116
79117
79118
79119
79120
79121
79122
79123
79124
79125
79126
79136
79137
79138
79139
79140
79141
79142
79143
79144
79145
79146
79147
79148
79149
79150
79160
79161
79162
79163
79164
79165
79166
79167
79168
79169
79170
79171
79172
79173
79174
79184
79185
79186
79187
79188
79189
79190
79191
79192
79193
79194
79195
79196
79197
79198
79208
79209
79210
79211
79212
79213
79214
79215
79216
79217
79218
79219
79220
79221
79222
79616
79617
79618
79619
79620
79621
79622
79623
79624
79625
79626
79627
79628
79629
79630
79640
79641
79642
79643
79644
79645
79646
79647
79648
79649
79650
79651
79652
79653
79654
79664
79665
79666
79667
79668
79669
79670
79671
79672
79673
79674
79675
79676
79677
79678
79688
79689
79690
79691
79692
79693
79694
79695
79696
79697
79698
79699
79700
79701
79702
79712
79713
79714
79715
79716
79717
79718
79719
79720
79721
79722
79723
79724
79725
79726
79736
79737
79738
79739
79740
79741
79742
79743
79744
79745
79746
79747
79748
79749
79750
79760
79761
79762
79763
79764
79765
79766
79767
79768
79769
79770
79771
79772
79773
79774
79784
79785
79786
79787
79788
79789
79790
79791
79792
79793
79794
79795
79796
79797
79798
79808
79809
79810
79811
79812
79813
79814
79815
79816
79817
79818
79819
79820
79821
79822
79832
79833
79834
79835
79836
79837
79838
79839
79840
79841
79842
79843
79844
79845
79846
79856
79857
79858
79859
79860
79861
79862
79863
79864
79865
79866
79867
79868
79869
79870
79880
79881
79882
79883
79884
79885
79886
79887
79888
79889
79890
79891
79892
79893
79894
79904
79905
79906
79907
79908
79909
79910
79911
79912
79913
79914
79915
79916
79917
79918
79928
79929
79930
79931
79932
79933
79934
79935
79936
79937
79938
79939
79940
79941
79942
79952
79953
79954
79955
79956
79957
79958
79959
79960
79961
79962
79963
79964
79965
79966
79976
79977
79978
79979
79980
79981
79982
79983
79984
79985
79986
79987
79988
79989
79990
80384
80385
80386
80387
80388
80389
80390
80391
80392
80393
80394
80395
80396
80397
80398
80408
80409
80410
80411
80412
80413
80414
80415
80416
80417
80418
80419
80420
80421
80422
80432
80433
80434
80435
80436
80437
80438
80439
80440
80441
80442
80443
80444
80445
80446
80456
80457
80458
80459
80460
80461
80462
80463
80464
80465
80466
80467
80468
80469
80470
80480
80481
80482
80483
80484
80485
80486
80487
80488
80489
80490
80491
80492
80493
80494
80504
80505
80506
80507
80508
80509
80510
80511
80512
80513
80514
80515
80516
80517
80518
80528
80529
80530
80531
80532
80533
80534
80535
80536
80537
80538
80539
80540
80541
80542
80552
80553
80554
80555
80556
80557
80558
80559
80560
80561
80562
80563
80564
80565
80566
80576
80577
80578
80579
80580
80581
80582
80583
80584
80585
80586
80587
80588
80589
80590
80600
80601
80602
80603
80604
80605
80606
80607
80608
80609
80610
80611
80612
80613
80614
80624
80625
80626
80627
80628
80629
80630
80631
80632
80633
80634
80635
80636
80637
80638
80648
80649
80650
80651
80652
80653
80654
80655
80656
80657
80658
80659
80660
80661
80662
80672
80673
80674
80675
80676
80677
80678
80679
80680
80681
80682
80683
80684
80685
80686
80696
80697
80698
80699
80700
80701
80702
80703
80704
80705
80706
80707
80708
80709
80710
80720
80721
80722
80723
80724
80725
80726
80727
80728
80729
80730
80731
80732
80733
80734
80744
80745
80746
80747
80748
80749
80750
80751
80752
80753
80754
80755
80756
80757
80758
81152
81153
81154
81155
81156
81157
81158
81159
81160
81161
81162
81163
81164
81165
81166
81176
81177
81178
81179
81180
81181
81182
81183
81184
81185
81186
81187
81188
81189
81190
81200
81201
81202
81203
81204
81205
81206
81207
81208
81209
81210
81211
81212
81213
81214
81224
81225
81226
81227
81228
81229
81230
81231
81232
81233
81234
81235
81236
81237
81238
81248
81249
81250
81251
81252
81253
81254
81255
81256
81257
81258
81259
81260
81261
81262
81272
81273
81274
81275
81276
81277
81278
81279
81280
81281
81282
81283
81284
81285
81286
81296
81297
81298
81299
81300
81301
81302
81303
81304
81305
81306
81307
81308
81309
81310
81320
81321
81322
81323
81324
81325
81326
81327
81328
81329
81330
81331
81332
81333
81334
81344
81345
81346
81347
81348
81349
81350
81351
81352
81353
81354
81355
81356
81357
81358
81368
81369
81370
81371
81372
81373
81374
81375
81376
81377
81378
81379
81380
81381
81382
81392
81393
81394
81395
81396
81397
81398
81399
81400
81401
81402
81403
81404
81405
81406
81416
81417
81418
81419
81420
81421
81422
81423
81424
81425
81426
81427
81428
81429
81430
81440
81441
81442
81443
81444
81445
81446
81447
81448
81449
81450
81451
81452
81453
81454
81464
81465
81466
81467
81468
81469
81470
81471
81472
81473
81474
81475
81476
81477
81478
81488
81489
81490
81491
81492
81493
81494
81495
81496
81497
81498
81499
81500
81501
81502
81512
81513
81514
81515
81516
81517
81518
81519
81520
81521
81522
81523
81524
81525
81526
81920
81921
81922
81923
81924
81925
81926
81927
81928
81929
81930
81931
81932
81933
81934
81944
81945
81946
81947
81948
81949
81950
81951
81952
81953
81954
81955
81956
81957
81958
81968
81969
81970
81971
81972
81973
81974
81975
81976
81977
81978
81979
81980
81981
81982
81992
81993
81994
81995
81996
81997
81998
81999
82000
82001
82002
82003
82004
82005
82006
82016
82017
82018
82019
82020
82021
82022
82023
82024
82025
82026
82027
82028
82029
82030
82040
82041
82042
82043
82044
82045
82046
82047
82048
82049
82050
82051
82052
82053
82054
82064
82065
82066
82067
82068
82069
82070
82071
82072
82073
82074
82075
82076
82077
82078
82088
82089
82090
82091
82092
82093
82094
82095
82096
82097
82098
82099
82100
82101
82102
82112
82113
82114
82115
82116
82117
82118
82119
82120
82121
82122
82123
82124
82125
82126
82136
82137
82138
82139
82140
82141
82142
82143
82144
82145
82146
82147
82148
82149
82150
82160
82161
82162
82163
82164
82165
82166
82167
82168
82169
82170
82171
82172
82173
82174
82184
82185
82186
82187
82188
82189
82190
82191
82192
82193
82194
82195
82196
82197
82198
82208
82209
82210
82211
82212
82213
82214
82215
82216
82217
82218
82219
82220
82221
82222
82232
82233
82234
82235
82236
82237
82238
82239
82240
82241
82242
82243
82244
82245
82246
82256
82257
82258
82259
82260
82261
82262
82263
82264
82265
82266
82267
82268
82269
82270
82280
82281
82282
82283
82284
82285
82286
82287
82288
82289
82290
82291
82292
82293
82294
)


// ************************************************************************* //
