/*--------------------------------*- C++ -*----------------------------------*\
| =========                 |                                                 |
| \\      /  F ield         | OpenFOAM: The Open Source CFD Toolbox           |
|  \\    /   O peration     | Version:  2406                                  |
|   \\  /    A nd           | Website:  www.openfoam.com                      |
|    \\/     M anipulation  |                                                 |
\*---------------------------------------------------------------------------*/
FoamFile
{
    version     2.0;
    format      ascii;
    arch        "LSB;label=32;scalar=64";
    note        "nPoints:6473  nCells:5432  nFaces:17278  nInternalFaces:15314";
    class       labelList;
    location    "constant/polyMesh";
    object      neighbour;
}
// * * * * * * * * * * * * * * * * * * * * * * * * * * * * * * * * * * * * * //


15314
(
1
7
125
2
8
126
3
9
127
4
10
128
5
11
129
6
12
130
13
131
1113
8
14
132
9
15
133
10
16
134
11
17
135
12
18
136
13
19
137
20
138
1124
15
21
139
16
22
140
17
23
141
18
24
142
19
25
143
20
26
144
27
145
1135
22
28
146
23
29
147
24
30
148
25
31
149
26
32
150
27
33
151
34
152
1146
29
35
153
30
36
154
31
37
155
32
38
156
33
39
157
34
40
158
41
159
1157
36
42
160
37
43
161
38
44
162
39
45
163
40
46
164
41
47
165
48
166
1168
43
50
168
44
51
169
45
52
170
46
53
171
47
54
172
48
55
173
56
174
1179
50
57
175
51
58
176
52
59
177
53
60
178
54
61
179
55
62
180
56
63
181
64
182
1190
58
65
183
59
66
184
60
67
185
61
68
186
62
69
187
63
70
188
64
71
189
72
190
1201
66
73
191
67
74
192
68
75
193
69
76
194
70
77
195
71
78
196
72
79
197
80
198
1212
74
81
199
75
82
200
76
83
201
77
84
202
78
85
203
79
86
204
80
87
205
88
206
1223
82
90
207
83
91
208
84
92
209
85
93
210
86
94
211
87
95
212
88
96
213
97
214
1234
90
98
215
91
99
216
92
100
217
93
101
218
94
102
219
95
103
220
96
104
221
97
105
222
106
223
1245
99
107
224
100
108
225
101
109
226
102
110
227
103
111
228
104
112
229
105
113
230
106
114
231
115
232
1256
108
116
233
109
117
234
110
118
235
111
119
236
112
120
237
113
121
238
114
122
239
115
123
240
124
241
1267
117
242
118
243
119
244
120
245
121
246
122
247
123
248
124
249
250
1278
126
132
259
127
133
260
128
134
261
129
135
262
130
136
263
131
137
264
138
265
1289
133
139
266
134
140
267
135
141
268
136
142
269
137
143
270
138
144
271
145
272
1305
140
146
273
141
147
274
142
148
275
143
149
276
144
150
277
145
151
278
152
279
1321
147
153
280
148
154
281
149
155
282
150
156
283
151
157
284
152
158
285
159
286
1337
154
160
287
155
161
288
156
162
289
157
163
290
158
164
291
159
165
292
166
293
1353
161
168
294
162
169
295
163
170
296
164
171
297
165
172
298
166
173
299
174
300
1369
168
175
301
169
176
302
170
177
303
171
178
304
172
179
305
173
180
306
174
181
307
182
308
1385
176
183
309
177
184
310
178
185
311
179
186
312
180
187
313
181
188
314
182
189
315
190
316
1401
184
191
317
185
192
318
186
193
319
187
194
320
188
195
321
189
196
322
190
197
323
198
324
1417
192
199
325
193
200
326
194
201
327
195
202
328
196
203
329
197
204
330
198
205
331
206
332
1433
200
207
333
201
208
334
202
209
335
203
210
336
204
211
337
205
212
338
206
213
339
214
340
1449
208
216
341
209
217
342
210
218
343
211
219
344
212
220
345
213
221
346
214
222
347
223
348
1465
216
224
349
217
225
350
218
226
351
219
227
352
220
228
353
221
229
354
222
230
355
223
231
356
232
357
1481
225
233
358
226
234
359
227
235
360
228
236
361
229
237
362
230
238
363
231
239
364
232
240
365
241
366
1497
234
242
367
235
243
368
236
244
369
237
245
370
238
246
371
239
247
372
240
248
373
241
249
374
250
375
1513
243
251
376
244
252
377
245
253
378
246
254
379
247
380
248
381
249
382
250
383
384
1529
252
255
385
253
256
386
254
257
387
258
388
256
389
257
390
258
391
392
260
266
393
261
267
394
262
268
395
263
269
396
264
270
397
265
271
398
272
399
1545
267
273
400
268
274
401
269
275
402
270
276
403
271
277
404
272
278
405
279
406
1561
274
280
407
275
281
408
276
282
409
277
283
410
278
284
411
279
285
412
286
413
1577
281
287
414
282
288
415
283
289
416
284
290
417
285
291
418
286
292
419
293
420
1593
288
294
421
289
295
422
290
296
423
291
297
424
292
298
425
293
299
426
300
427
1609
295
302
428
296
303
429
297
304
430
298
305
431
299
306
432
300
307
433
308
434
1625
302
309
435
303
310
436
304
311
437
305
312
438
306
313
439
307
314
440
308
315
441
316
442
1641
310
317
443
311
318
444
312
319
445
313
320
446
314
321
447
315
322
448
316
323
449
324
450
1657
318
325
451
319
326
452
320
327
453
321
328
454
322
329
455
323
330
456
324
331
457
332
458
1673
326
333
459
327
334
460
328
335
461
329
336
462
330
337
463
331
338
464
332
339
465
340
466
1689
334
341
467
335
342
468
336
343
469
337
344
470
338
345
471
339
346
472
340
347
473
348
474
1705
342
350
475
343
351
476
344
352
477
345
353
478
346
354
479
347
355
480
348
356
481
357
482
1721
350
358
351
359
483
352
360
484
353
361
485
354
362
486
355
363
487
356
364
488
357
365
489
366
490
1737
359
367
491
360
368
492
361
369
493
362
370
494
363
371
495
364
372
496
365
373
497
366
374
498
375
499
1753
368
376
500
369
377
501
370
378
502
371
379
503
372
380
504
373
381
505
374
382
506
375
383
507
384
508
1769
377
385
509
378
386
510
379
387
511
380
388
512
381
513
382
514
383
515
384
516
517
1785
386
389
387
390
388
391
392
390
391
392
394
400
518
395
401
519
396
402
520
397
403
521
398
404
522
399
405
523
406
524
1801
401
407
525
402
408
526
403
409
527
404
410
528
405
411
529
406
412
530
413
531
1817
408
414
532
409
415
533
410
416
534
411
417
535
412
418
536
413
419
537
420
538
1833
415
421
539
416
422
540
417
423
541
418
424
542
419
425
543
420
426
544
427
545
1849
422
428
546
423
429
547
424
430
548
425
431
549
426
432
550
427
433
551
434
552
1865
429
436
553
430
437
554
431
438
555
432
439
556
433
440
557
434
441
558
442
559
1881
436
443
560
437
444
561
438
445
562
439
446
563
440
447
564
441
448
565
442
449
566
450
567
1897
444
451
568
445
452
569
446
453
570
447
454
571
448
455
572
449
456
573
450
457
574
458
575
1913
452
459
576
453
460
577
454
461
578
455
462
579
456
463
580
457
464
581
458
465
582
466
583
1929
460
467
584
461
468
585
462
469
586
463
470
587
464
471
588
465
472
589
466
473
590
474
591
1945
468
475
592
469
476
593
470
477
594
471
478
595
472
479
596
473
480
597
474
481
598
482
599
1961
476
483
600
477
484
601
478
485
602
479
486
603
480
487
604
481
488
605
482
489
606
490
607
1977
484
492
608
485
493
609
486
494
610
487
495
611
488
496
612
489
497
613
490
498
614
499
615
1993
492
500
493
501
616
494
502
617
495
503
618
496
504
619
497
505
620
498
506
621
499
507
622
508
623
2009
501
509
502
510
624
503
511
625
504
512
626
505
513
627
506
514
628
507
515
629
508
516
630
517
631
2025
510
511
512
513
514
632
515
633
516
634
517
635
636
2041
519
525
637
520
526
638
521
527
639
522
528
640
523
529
641
524
530
642
531
643
2057
526
532
644
527
533
645
528
534
646
529
535
647
530
536
648
531
537
649
538
650
2073
533
539
651
534
540
652
535
541
653
536
542
654
537
543
655
538
544
656
545
657
2089
540
546
658
541
547
659
542
548
660
543
549
661
544
550
662
545
551
663
552
664
2105
547
553
665
548
554
666
549
555
667
550
556
668
551
557
669
552
558
670
559
671
2121
554
561
672
555
562
673
556
563
674
557
564
675
558
565
676
559
566
677
567
678
2137
561
568
679
562
569
680
563
570
681
564
571
682
565
572
683
566
573
684
567
574
685
575
686
2153
569
576
687
570
577
688
571
578
689
572
579
690
573
580
691
574
581
692
575
582
693
583
694
2169
577
584
695
578
585
696
579
586
697
580
587
698
581
588
699
582
589
700
583
590
701
591
702
2185
585
592
703
586
593
704
587
594
705
588
595
706
589
596
707
590
597
708
591
598
709
599
710
2201
593
600
711
594
601
712
595
602
713
596
603
714
597
604
715
598
605
716
599
606
717
607
718
2217
601
608
719
602
609
720
603
610
721
604
611
722
605
612
723
606
613
724
607
614
725
615
726
2233
609
616
727
610
617
728
611
618
729
612
619
730
613
620
731
614
621
732
615
622
733
623
734
2249
617
624
735
618
625
736
619
626
737
620
627
738
621
628
739
622
629
740
623
630
741
631
742
2265
625
743
626
744
627
745
628
632
746
629
633
747
630
634
748
631
635
749
636
750
2281
633
751
634
752
635
753
636
754
755
2297
638
644
756
639
645
757
640
646
758
641
647
759
642
648
760
643
649
761
650
762
2313
645
651
763
646
652
764
647
653
765
648
654
766
649
655
767
650
656
768
657
769
2329
652
658
770
653
659
771
654
660
772
655
661
773
656
662
774
657
663
775
664
776
2345
659
665
777
660
666
778
661
667
779
662
668
780
663
669
781
664
670
782
671
783
2361
666
672
784
667
673
785
668
674
786
669
675
787
670
676
788
671
677
789
678
790
2377
673
680
791
674
681
792
675
682
793
676
683
794
677
684
795
678
685
796
686
797
2393
680
687
798
681
688
799
682
689
800
683
690
801
684
691
802
685
692
803
686
693
804
694
805
2409
688
695
806
689
696
807
690
697
808
691
698
809
692
699
810
693
700
811
694
701
812
702
813
2425
696
703
814
697
704
815
698
705
816
699
706
817
700
707
818
701
708
819
702
709
820
710
821
2441
704
711
822
705
712
823
706
713
824
707
714
825
708
715
826
709
716
827
710
717
828
718
829
2457
712
719
830
713
720
831
714
721
832
715
722
833
716
723
834
717
724
835
718
725
836
726
837
2473
720
727
838
721
728
839
722
729
840
723
730
841
724
731
842
725
732
843
726
733
844
734
845
2489
728
735
846
729
736
847
730
737
848
731
738
849
732
739
850
733
740
851
734
741
852
742
853
2505
736
743
854
737
744
855
738
745
856
739
746
857
740
747
858
741
748
859
742
749
860
750
861
2521
744
862
745
863
746
864
747
751
865
748
752
866
749
753
867
750
754
868
755
869
2537
752
870
753
871
754
872
755
873
874
2553
757
763
875
758
764
876
759
765
877
760
766
878
761
767
879
762
768
880
769
881
2569
764
770
882
765
771
883
766
772
884
767
773
885
768
774
886
769
775
887
776
888
2585
771
777
889
772
778
890
773
779
891
774
780
892
775
781
893
776
782
894
783
895
2601
778
784
896
779
785
897
780
786
898
781
787
899
782
788
900
783
789
901
790
902
2617
785
791
903
786
792
904
787
793
905
788
794
906
789
795
907
790
796
908
797
909
2633
792
799
910
793
800
911
794
801
912
795
802
913
796
803
914
797
804
915
805
916
2649
799
806
917
800
807
918
801
808
919
802
809
920
803
810
921
804
811
922
805
812
923
813
924
2665
807
814
925
808
815
926
809
816
927
810
817
928
811
818
929
812
819
930
813
820
931
821
932
2681
815
822
933
816
823
934
817
824
935
818
825
936
819
826
937
820
827
938
821
828
939
829
940
2697
823
830
941
824
831
942
825
832
943
826
833
944
827
834
945
828
835
946
829
836
947
837
948
2713
831
838
949
832
839
950
833
840
951
834
841
952
835
842
953
836
843
954
837
844
955
845
956
2729
839
846
957
840
847
958
841
848
959
842
849
960
843
850
961
844
851
962
845
852
963
853
964
2745
847
854
965
848
855
966
849
856
967
850
857
968
851
858
969
852
859
970
853
860
971
861
972
2761
855
862
973
856
863
974
857
864
975
858
865
976
859
866
977
860
867
978
861
868
979
869
980
2777
863
981
864
982
865
983
866
870
984
867
871
985
868
872
986
869
873
987
874
988
2793
871
989
872
990
873
991
874
992
993
2809
876
882
994
877
883
995
878
884
996
879
885
997
880
886
998
881
887
999
888
1000
2825
883
889
1001
884
890
1002
885
891
1003
886
892
1004
887
893
1005
888
894
1006
895
1007
2840
890
896
1008
891
897
1009
892
898
1010
893
899
1011
894
900
1012
895
901
1013
902
1014
2855
897
903
1015
898
904
1016
899
905
1017
900
906
1018
901
907
1019
902
908
1020
909
1021
2870
904
910
1022
905
911
1023
906
912
1024
907
913
1025
908
914
1026
909
915
1027
916
1028
2885
911
918
1029
912
919
1030
913
920
1031
914
921
1032
915
922
1033
916
923
1034
924
1035
2900
918
925
1036
919
926
1037
920
927
1038
921
928
1039
922
929
1040
923
930
1041
924
931
1042
932
1043
2915
926
933
1044
927
934
1045
928
935
1046
929
936
1047
930
937
1048
931
938
1049
932
939
1050
940
1051
2930
934
941
1052
935
942
1053
936
943
1054
937
944
1055
938
945
1056
939
946
1057
940
947
1058
948
1059
2945
942
949
1060
943
950
1061
944
951
1062
945
952
1063
946
953
1064
947
954
1065
948
955
1066
956
1067
2960
950
957
1068
951
958
1069
952
959
1070
953
960
1071
954
961
1072
955
962
1073
956
963
1074
964
1075
2975
958
965
1076
959
966
1077
960
967
1078
961
968
1079
962
969
1080
963
970
1081
964
971
1082
972
1083
2990
966
973
1084
967
974
1085
968
975
1086
969
976
1087
970
977
1088
971
978
1089
972
979
1090
980
1091
3005
974
981
1092
975
982
1093
976
983
1094
977
984
1095
978
985
1096
979
986
1097
980
987
1098
988
1099
3020
982
1100
983
1101
984
1102
985
989
1103
986
990
1104
987
991
1105
988
992
1106
993
1107
3035
990
1108
991
1109
992
1110
993
1111
1112
3050
995
1001
3305
996
1002
3306
997
1003
3307
998
1004
3308
999
1005
3309
1000
1006
3310
1007
3065
3311
1002
1008
3312
1003
1009
3313
1004
1010
3314
1005
1011
3315
1006
1012
3316
1007
1013
3317
1014
3080
3318
1009
1015
3319
1010
1016
3320
1011
1017
3321
1012
1018
3322
1013
1019
3323
1014
1020
3324
1021
3095
3325
1016
1022
3326
1017
1023
3327
1018
1024
3328
1019
1025
3329
1020
1026
3330
1021
1027
3331
1028
3110
3332
1023
1029
3333
1024
1030
3334
1025
1031
3335
1026
1032
3336
1027
1033
3337
1028
1034
3338
1035
3125
3339
1030
1037
3340
1031
1038
3341
1032
1039
3342
1033
1040
3343
1034
1041
3344
1035
1042
3345
1043
3140
3346
1037
1044
3347
1038
1045
3348
1039
1046
3349
1040
1047
3350
1041
1048
3351
1042
1049
3352
1043
1050
3353
1051
3155
3354
1045
1052
3355
1046
1053
3356
1047
1054
3357
1048
1055
3358
1049
1056
3359
1050
1057
3360
1051
1058
3361
1059
3170
3362
1053
1060
3363
1054
1061
3364
1055
1062
3365
1056
1063
3366
1057
1064
3367
1058
1065
3368
1059
1066
3369
1067
3185
3370
1061
1068
3371
1062
1069
3372
1063
1070
3373
1064
1071
3374
1065
1072
3375
1066
1073
3376
1067
1074
3377
1075
3200
3378
1069
1076
3379
1070
1077
3380
1071
1078
3381
1072
1079
3382
1073
1080
3383
1074
1081
3384
1075
1082
3385
1083
3215
3386
1077
1084
3387
1078
1085
3388
1079
1086
3389
1080
1087
3390
1081
1088
3391
1082
1089
3392
1083
1090
3393
1091
3230
3394
1085
1092
3395
1086
1093
3396
1087
1094
3397
1088
1095
3398
1089
1096
3399
1090
1097
3400
1091
1098
3401
1099
3245
3402
1093
1100
3403
1094
1101
3404
1095
1102
3405
1096
1103
3406
1097
1104
3407
1098
1105
3408
1099
1106
3409
1107
3260
3410
1101
3411
1102
3412
1103
3413
1104
1108
3414
1105
1109
3415
1106
1110
3416
1107
1111
3417
1112
3275
3418
1109
3419
1110
3420
1111
3421
1112
3422
3290
3423
1114
1124
1289
1115
1125
1290
1116
1126
1291
1117
1127
1292
1118
1128
1293
1119
1129
1294
1120
1130
1295
1121
1131
1296
1122
1132
1297
1123
1133
1298
1134
1299
1125
1135
1305
1126
1136
1306
1127
1137
1307
1128
1138
1308
1129
1139
1309
1130
1140
1310
1131
1141
1311
1132
1142
1312
1133
1143
1313
1134
1144
1314
1145
1315
1136
1146
1321
1137
1147
1322
1138
1148
1323
1139
1149
1324
1140
1150
1325
1141
1151
1326
1142
1152
1327
1143
1153
1328
1144
1154
1329
1145
1155
1330
1156
1331
1147
1157
1337
1148
1158
1338
1149
1159
1339
1150
1160
1340
1151
1161
1341
1152
1162
1342
1153
1163
1343
1154
1164
1344
1155
1165
1345
1156
1166
1346
1167
1347
1158
1168
1353
1159
1169
1354
1160
1170
1355
1161
1171
1356
1162
1172
1357
1163
1173
1358
1164
1174
1359
1165
1175
1360
1166
1176
1361
1167
1177
1362
1178
1363
1169
1179
1369
1170
1180
1370
1171
1181
1371
1172
1182
1372
1173
1183
1373
1174
1184
1374
1175
1185
1375
1176
1186
1376
1177
1187
1377
1178
1188
1378
1189
1379
1180
1190
1385
1181
1191
1386
1182
1192
1387
1183
1193
1388
1184
1194
1389
1185
1195
1390
1186
1196
1391
1187
1197
1392
1188
1198
1393
1189
1199
1394
1200
1395
1191
1201
1401
1192
1202
1402
1193
1203
1403
1194
1204
1404
1195
1205
1405
1196
1206
1406
1197
1207
1407
1198
1208
1408
1199
1209
1409
1200
1210
1410
1211
1411
1202
1212
1417
1203
1213
1418
1204
1214
1419
1205
1215
1420
1206
1216
1421
1207
1217
1422
1208
1218
1423
1209
1219
1424
1210
1220
1425
1211
1221
1426
1222
1427
1213
1223
1433
1214
1224
1434
1215
1225
1435
1216
1226
1436
1217
1227
1437
1218
1228
1438
1219
1229
1439
1220
1230
1440
1221
1231
1441
1222
1232
1442
1233
1443
1224
1234
1449
1225
1235
1450
1226
1236
1451
1227
1237
1452
1228
1238
1453
1229
1239
1454
1230
1240
1455
1231
1241
1456
1232
1242
1457
1233
1243
1458
1244
1459
1235
1245
1465
1236
1246
1466
1237
1247
1467
1238
1248
1468
1239
1249
1469
1240
1250
1470
1241
1251
1471
1242
1252
1472
1243
1253
1473
1244
1254
1474
1255
1475
1246
1256
1481
1247
1257
1482
1248
1258
1483
1249
1259
1484
1250
1260
1485
1251
1261
1486
1252
1262
1487
1253
1263
1488
1254
1264
1489
1255
1265
1490
1266
1491
1257
1267
1497
1258
1268
1498
1259
1269
1499
1260
1270
1500
1261
1271
1501
1262
1272
1502
1263
1273
1503
1264
1274
1504
1265
1275
1505
1266
1276
1506
1277
1507
1268
1278
1513
1269
1279
1514
1270
1280
1515
1271
1281
1516
1272
1282
1517
1273
1283
1518
1274
1284
1519
1275
1285
1520
1276
1286
1521
1277
1287
1522
1288
1523
1279
1529
1280
1530
1281
1531
1282
1532
1283
1533
1284
1534
1285
1535
1286
1536
1287
1537
1288
1538
1539
1290
1305
1545
1291
1306
1546
1292
1307
1547
1293
1308
1548
1294
1309
1549
1295
1310
1550
1296
1311
1551
1297
1312
1552
1298
1313
1553
1299
1314
1554
1300
1315
1555
1301
1316
1556
1302
1317
1557
1303
1318
1558
1304
1319
1559
1320
1560
1306
1321
1561
1307
1322
1562
1308
1323
1563
1309
1324
1564
1310
1325
1565
1311
1326
1566
1312
1327
1567
1313
1328
1568
1314
1329
1569
1315
1330
1570
1316
1331
1571
1317
1332
1572
1318
1333
1573
1319
1334
1574
1320
1335
1575
1336
1576
1322
1337
1577
1323
1338
1578
1324
1339
1579
1325
1340
1580
1326
1341
1581
1327
1342
1582
1328
1343
1583
1329
1344
1584
1330
1345
1585
1331
1346
1586
1332
1347
1587
1333
1348
1588
1334
1349
1589
1335
1350
1590
1336
1351
1591
1352
1592
1338
1353
1593
1339
1354
1594
1340
1355
1595
1341
1356
1596
1342
1357
1597
1343
1358
1598
1344
1359
1599
1345
1360
1600
1346
1361
1601
1347
1362
1602
1348
1363
1603
1349
1364
1604
1350
1365
1605
1351
1366
1606
1352
1367
1607
1368
1608
1354
1369
1609
1355
1370
1610
1356
1371
1611
1357
1372
1612
1358
1373
1613
1359
1374
1614
1360
1375
1615
1361
1376
1616
1362
1377
1617
1363
1378
1618
1364
1379
1619
1365
1380
1620
1366
1381
1621
1367
1382
1622
1368
1383
1623
1384
1624
1370
1385
1625
1371
1386
1626
1372
1387
1627
1373
1388
1628
1374
1389
1629
1375
1390
1630
1376
1391
1631
1377
1392
1632
1378
1393
1633
1379
1394
1634
1380
1395
1635
1381
1396
1636
1382
1397
1637
1383
1398
1638
1384
1399
1639
1400
1640
1386
1401
1641
1387
1402
1642
1388
1403
1643
1389
1404
1644
1390
1405
1645
1391
1406
1646
1392
1407
1647
1393
1408
1648
1394
1409
1649
1395
1410
1650
1396
1411
1651
1397
1412
1652
1398
1413
1653
1399
1414
1654
1400
1415
1655
1416
1656
1402
1417
1657
1403
1418
1658
1404
1419
1659
1405
1420
1660
1406
1421
1661
1407
1422
1662
1408
1423
1663
1409
1424
1664
1410
1425
1665
1411
1426
1666
1412
1427
1667
1413
1428
1668
1414
1429
1669
1415
1430
1670
1416
1431
1671
1432
1672
1418
1433
1673
1419
1434
1674
1420
1435
1675
1421
1436
1676
1422
1437
1677
1423
1438
1678
1424
1439
1679
1425
1440
1680
1426
1441
1681
1427
1442
1682
1428
1443
1683
1429
1444
1684
1430
1445
1685
1431
1446
1686
1432
1447
1687
1448
1688
1434
1449
1689
1435
1450
1690
1436
1451
1691
1437
1452
1692
1438
1453
1693
1439
1454
1694
1440
1455
1695
1441
1456
1696
1442
1457
1697
1443
1458
1698
1444
1459
1699
1445
1460
1700
1446
1461
1701
1447
1462
1702
1448
1463
1703
1464
1704
1450
1465
1705
1451
1466
1706
1452
1467
1707
1453
1468
1708
1454
1469
1709
1455
1470
1710
1456
1471
1711
1457
1472
1712
1458
1473
1713
1459
1474
1714
1460
1475
1715
1461
1476
1716
1462
1477
1717
1463
1478
1718
1464
1479
1719
1480
1720
1466
1481
1721
1467
1482
1722
1468
1483
1723
1469
1484
1724
1470
1485
1725
1471
1486
1726
1472
1487
1727
1473
1488
1728
1474
1489
1729
1475
1490
1730
1476
1491
1731
1477
1492
1732
1478
1493
1733
1479
1494
1734
1480
1495
1735
1496
1736
1482
1497
1737
1483
1498
1738
1484
1499
1739
1485
1500
1740
1486
1501
1741
1487
1502
1742
1488
1503
1743
1489
1504
1744
1490
1505
1745
1491
1506
1746
1492
1507
1747
1493
1508
1748
1494
1509
1749
1495
1510
1750
1496
1511
1751
1512
1752
1498
1513
1753
1499
1514
1754
1500
1515
1755
1501
1516
1756
1502
1517
1757
1503
1518
1758
1504
1519
1759
1505
1520
1760
1506
1521
1761
1507
1522
1762
1508
1523
1763
1509
1524
1764
1510
1525
1765
1511
1526
1766
1512
1527
1767
1528
1768
1514
1529
1769
1515
1530
1770
1516
1531
1771
1517
1532
1772
1518
1533
1773
1519
1534
1774
1520
1535
1775
1521
1536
1776
1522
1537
1777
1523
1538
1778
1524
1539
1779
1525
1540
1780
1526
1541
1781
1527
1542
1782
1528
1543
1783
1544
1784
1530
1785
1531
1786
1532
1787
1533
1788
1534
1789
1535
1790
1536
1791
1537
1792
1538
1793
1539
1794
1540
1795
1541
1796
1542
1797
1543
1798
1544
1799
1800
1546
1561
1801
1547
1562
1802
1548
1563
1803
1549
1564
1804
1550
1565
1805
1551
1566
1806
1552
1567
1807
1553
1568
1808
1554
1569
1809
1555
1570
1810
1556
1571
1811
1557
1572
1812
1558
1573
1813
1559
1574
1814
1560
1575
1815
1576
1816
1562
1577
1817
1563
1578
1818
1564
1579
1819
1565
1580
1820
1566
1581
1821
1567
1582
1822
1568
1583
1823
1569
1584
1824
1570
1585
1825
1571
1586
1826
1572
1587
1827
1573
1588
1828
1574
1589
1829
1575
1590
1830
1576
1591
1831
1592
1832
1578
1593
1833
1579
1594
1834
1580
1595
1835
1581
1596
1836
1582
1597
1837
1583
1598
1838
1584
1599
1839
1585
1600
1840
1586
1601
1841
1587
1602
1842
1588
1603
1843
1589
1604
1844
1590
1605
1845
1591
1606
1846
1592
1607
1847
1608
1848
1594
1609
1849
1595
1610
1850
1596
1611
1851
1597
1612
1852
1598
1613
1853
1599
1614
1854
1600
1615
1855
1601
1616
1856
1602
1617
1857
1603
1618
1858
1604
1619
1859
1605
1620
1860
1606
1621
1861
1607
1622
1862
1608
1623
1863
1624
1864
1610
1625
1865
1611
1626
1866
1612
1627
1867
1613
1628
1868
1614
1629
1869
1615
1630
1870
1616
1631
1871
1617
1632
1872
1618
1633
1873
1619
1634
1874
1620
1635
1875
1621
1636
1876
1622
1637
1877
1623
1638
1878
1624
1639
1879
1640
1880
1626
1641
1881
1627
1642
1882
1628
1643
1883
1629
1644
1884
1630
1645
1885
1631
1646
1886
1632
1647
1887
1633
1648
1888
1634
1649
1889
1635
1650
1890
1636
1651
1891
1637
1652
1892
1638
1653
1893
1639
1654
1894
1640
1655
1895
1656
1896
1642
1657
1897
1643
1658
1898
1644
1659
1899
1645
1660
1900
1646
1661
1901
1647
1662
1902
1648
1663
1903
1649
1664
1904
1650
1665
1905
1651
1666
1906
1652
1667
1907
1653
1668
1908
1654
1669
1909
1655
1670
1910
1656
1671
1911
1672
1912
1658
1673
1913
1659
1674
1914
1660
1675
1915
1661
1676
1916
1662
1677
1917
1663
1678
1918
1664
1679
1919
1665
1680
1920
1666
1681
1921
1667
1682
1922
1668
1683
1923
1669
1684
1924
1670
1685
1925
1671
1686
1926
1672
1687
1927
1688
1928
1674
1689
1929
1675
1690
1930
1676
1691
1931
1677
1692
1932
1678
1693
1933
1679
1694
1934
1680
1695
1935
1681
1696
1936
1682
1697
1937
1683
1698
1938
1684
1699
1939
1685
1700
1940
1686
1701
1941
1687
1702
1942
1688
1703
1943
1704
1944
1690
1705
1945
1691
1706
1946
1692
1707
1947
1693
1708
1948
1694
1709
1949
1695
1710
1950
1696
1711
1951
1697
1712
1952
1698
1713
1953
1699
1714
1954
1700
1715
1955
1701
1716
1956
1702
1717
1957
1703
1718
1958
1704
1719
1959
1720
1960
1706
1721
1961
1707
1722
1962
1708
1723
1963
1709
1724
1964
1710
1725
1965
1711
1726
1966
1712
1727
1967
1713
1728
1968
1714
1729
1969
1715
1730
1970
1716
1731
1971
1717
1732
1972
1718
1733
1973
1719
1734
1974
1720
1735
1975
1736
1976
1722
1737
1977
1723
1738
1978
1724
1739
1979
1725
1740
1980
1726
1741
1981
1727
1742
1982
1728
1743
1983
1729
1744
1984
1730
1745
1985
1731
1746
1986
1732
1747
1987
1733
1748
1988
1734
1749
1989
1735
1750
1990
1736
1751
1991
1752
1992
1738
1753
1993
1739
1754
1994
1740
1755
1995
1741
1756
1996
1742
1757
1997
1743
1758
1998
1744
1759
1999
1745
1760
2000
1746
1761
2001
1747
1762
2002
1748
1763
2003
1749
1764
2004
1750
1765
2005
1751
1766
2006
1752
1767
2007
1768
2008
1754
1769
2009
1755
1770
2010
1756
1771
2011
1757
1772
2012
1758
1773
2013
1759
1774
2014
1760
1775
2015
1761
1776
2016
1762
1777
2017
1763
1778
2018
1764
1779
2019
1765
1780
2020
1766
1781
2021
1767
1782
2022
1768
1783
2023
1784
2024
1770
1785
2025
1771
1786
2026
1772
1787
2027
1773
1788
2028
1774
1789
2029
1775
1790
2030
1776
1791
2031
1777
1792
2032
1778
1793
2033
1779
1794
2034
1780
1795
2035
1781
1796
2036
1782
1797
2037
1783
1798
2038
1784
1799
2039
1800
2040
1786
2041
1787
2042
1788
2043
1789
2044
1790
2045
1791
2046
1792
2047
1793
2048
1794
2049
1795
2050
1796
2051
1797
2052
1798
2053
1799
2054
1800
2055
2056
1802
1817
2057
1803
1818
2058
1804
1819
2059
1805
1820
2060
1806
1821
2061
1807
1822
2062
1808
1823
2063
1809
1824
2064
1810
1825
2065
1811
1826
2066
1812
1827
2067
1813
1828
2068
1814
1829
2069
1815
1830
2070
1816
1831
2071
1832
2072
1818
1833
2073
1819
1834
2074
1820
1835
2075
1821
1836
2076
1822
1837
2077
1823
1838
2078
1824
1839
2079
1825
1840
2080
1826
1841
2081
1827
1842
2082
1828
1843
2083
1829
1844
2084
1830
1845
2085
1831
1846
2086
1832
1847
2087
1848
2088
1834
1849
2089
1835
1850
2090
1836
1851
2091
1837
1852
2092
1838
1853
2093
1839
1854
2094
1840
1855
2095
1841
1856
2096
1842
1857
2097
1843
1858
2098
1844
1859
2099
1845
1860
2100
1846
1861
2101
1847
1862
2102
1848
1863
2103
1864
2104
1850
1865
2105
1851
1866
2106
1852
1867
2107
1853
1868
2108
1854
1869
2109
1855
1870
2110
1856
1871
2111
1857
1872
2112
1858
1873
2113
1859
1874
2114
1860
1875
2115
1861
1876
2116
1862
1877
2117
1863
1878
2118
1864
1879
2119
1880
2120
1866
1881
2121
1867
1882
2122
1868
1883
2123
1869
1884
2124
1870
1885
2125
1871
1886
2126
1872
1887
2127
1873
1888
2128
1874
1889
2129
1875
1890
2130
1876
1891
2131
1877
1892
2132
1878
1893
2133
1879
1894
2134
1880
1895
2135
1896
2136
1882
1897
2137
1883
1898
2138
1884
1899
2139
1885
1900
2140
1886
1901
2141
1887
1902
2142
1888
1903
2143
1889
1904
2144
1890
1905
2145
1891
1906
2146
1892
1907
2147
1893
1908
2148
1894
1909
2149
1895
1910
2150
1896
1911
2151
1912
2152
1898
1913
2153
1899
1914
2154
1900
1915
2155
1901
1916
2156
1902
1917
2157
1903
1918
2158
1904
1919
2159
1905
1920
2160
1906
1921
2161
1907
1922
2162
1908
1923
2163
1909
1924
2164
1910
1925
2165
1911
1926
2166
1912
1927
2167
1928
2168
1914
1929
2169
1915
1930
2170
1916
1931
2171
1917
1932
2172
1918
1933
2173
1919
1934
2174
1920
1935
2175
1921
1936
2176
1922
1937
2177
1923
1938
2178
1924
1939
2179
1925
1940
2180
1926
1941
2181
1927
1942
2182
1928
1943
2183
1944
2184
1930
1945
2185
1931
1946
2186
1932
1947
2187
1933
1948
2188
1934
1949
2189
1935
1950
2190
1936
1951
2191
1937
1952
2192
1938
1953
2193
1939
1954
2194
1940
1955
2195
1941
1956
2196
1942
1957
2197
1943
1958
2198
1944
1959
2199
1960
2200
1946
1961
2201
1947
1962
2202
1948
1963
2203
1949
1964
2204
1950
1965
2205
1951
1966
2206
1952
1967
2207
1953
1968
2208
1954
1969
2209
1955
1970
2210
1956
1971
2211
1957
1972
2212
1958
1973
2213
1959
1974
2214
1960
1975
2215
1976
2216
1962
1977
2217
1963
1978
2218
1964
1979
2219
1965
1980
2220
1966
1981
2221
1967
1982
2222
1968
1983
2223
1969
1984
2224
1970
1985
2225
1971
1986
2226
1972
1987
2227
1973
1988
2228
1974
1989
2229
1975
1990
2230
1976
1991
2231
1992
2232
1978
1993
2233
1979
1994
2234
1980
1995
2235
1981
1996
2236
1982
1997
2237
1983
1998
2238
1984
1999
2239
1985
2000
2240
1986
2001
2241
1987
2002
2242
1988
2003
2243
1989
2004
2244
1990
2005
2245
1991
2006
2246
1992
2007
2247
2008
2248
1994
2009
2249
1995
2010
2250
1996
2011
2251
1997
2012
2252
1998
2013
2253
1999
2014
2254
2000
2015
2255
2001
2016
2256
2002
2017
2257
2003
2018
2258
2004
2019
2259
2005
2020
2260
2006
2021
2261
2007
2022
2262
2008
2023
2263
2024
2264
2010
2025
2265
2011
2026
2266
2012
2027
2267
2013
2028
2268
2014
2029
2269
2015
2030
2270
2016
2031
2271
2017
2032
2272
2018
2033
2273
2019
2034
2274
2020
2035
2275
2021
2036
2276
2022
2037
2277
2023
2038
2278
2024
2039
2279
2040
2280
2026
2041
2281
2027
2042
2282
2028
2043
2283
2029
2044
2284
2030
2045
2285
2031
2046
2286
2032
2047
2287
2033
2048
2288
2034
2049
2289
2035
2050
2290
2036
2051
2291
2037
2052
2292
2038
2053
2293
2039
2054
2294
2040
2055
2295
2056
2296
2042
2297
2043
2298
2044
2299
2045
2300
2046
2301
2047
2302
2048
2303
2049
2304
2050
2305
2051
2306
2052
2307
2053
2308
2054
2309
2055
2310
2056
2311
2312
2058
2073
2313
2059
2074
2314
2060
2075
2315
2061
2076
2316
2062
2077
2317
2063
2078
2318
2064
2079
2319
2065
2080
2320
2066
2081
2321
2067
2082
2322
2068
2083
2323
2069
2084
2324
2070
2085
2325
2071
2086
2326
2072
2087
2327
2088
2328
2074
2089
2329
2075
2090
2330
2076
2091
2331
2077
2092
2332
2078
2093
2333
2079
2094
2334
2080
2095
2335
2081
2096
2336
2082
2097
2337
2083
2098
2338
2084
2099
2339
2085
2100
2340
2086
2101
2341
2087
2102
2342
2088
2103
2343
2104
2344
2090
2105
2345
2091
2106
2346
2092
2107
2347
2093
2108
2348
2094
2109
2349
2095
2110
2350
2096
2111
2351
2097
2112
2352
2098
2113
2353
2099
2114
2354
2100
2115
2355
2101
2116
2356
2102
2117
2357
2103
2118
2358
2104
2119
2359
2120
2360
2106
2121
2361
2107
2122
2362
2108
2123
2363
2109
2124
2364
2110
2125
2365
2111
2126
2366
2112
2127
2367
2113
2128
2368
2114
2129
2369
2115
2130
2370
2116
2131
2371
2117
2132
2372
2118
2133
2373
2119
2134
2374
2120
2135
2375
2136
2376
2122
2137
2377
2123
2138
2378
2124
2139
2379
2125
2140
2380
2126
2141
2381
2127
2142
2382
2128
2143
2383
2129
2144
2384
2130
2145
2385
2131
2146
2386
2132
2147
2387
2133
2148
2388
2134
2149
2389
2135
2150
2390
2136
2151
2391
2152
2392
2138
2153
2393
2139
2154
2394
2140
2155
2395
2141
2156
2396
2142
2157
2397
2143
2158
2398
2144
2159
2399
2145
2160
2400
2146
2161
2401
2147
2162
2402
2148
2163
2403
2149
2164
2404
2150
2165
2405
2151
2166
2406
2152
2167
2407
2168
2408
2154
2169
2409
2155
2170
2410
2156
2171
2411
2157
2172
2412
2158
2173
2413
2159
2174
2414
2160
2175
2415
2161
2176
2416
2162
2177
2417
2163
2178
2418
2164
2179
2419
2165
2180
2420
2166
2181
2421
2167
2182
2422
2168
2183
2423
2184
2424
2170
2185
2425
2171
2186
2426
2172
2187
2427
2173
2188
2428
2174
2189
2429
2175
2190
2430
2176
2191
2431
2177
2192
2432
2178
2193
2433
2179
2194
2434
2180
2195
2435
2181
2196
2436
2182
2197
2437
2183
2198
2438
2184
2199
2439
2200
2440
2186
2201
2441
2187
2202
2442
2188
2203
2443
2189
2204
2444
2190
2205
2445
2191
2206
2446
2192
2207
2447
2193
2208
2448
2194
2209
2449
2195
2210
2450
2196
2211
2451
2197
2212
2452
2198
2213
2453
2199
2214
2454
2200
2215
2455
2216
2456
2202
2217
2457
2203
2218
2458
2204
2219
2459
2205
2220
2460
2206
2221
2461
2207
2222
2462
2208
2223
2463
2209
2224
2464
2210
2225
2465
2211
2226
2466
2212
2227
2467
2213
2228
2468
2214
2229
2469
2215
2230
2470
2216
2231
2471
2232
2472
2218
2233
2473
2219
2234
2474
2220
2235
2475
2221
2236
2476
2222
2237
2477
2223
2238
2478
2224
2239
2479
2225
2240
2480
2226
2241
2481
2227
2242
2482
2228
2243
2483
2229
2244
2484
2230
2245
2485
2231
2246
2486
2232
2247
2487
2248
2488
2234
2249
2489
2235
2250
2490
2236
2251
2491
2237
2252
2492
2238
2253
2493
2239
2254
2494
2240
2255
2495
2241
2256
2496
2242
2257
2497
2243
2258
2498
2244
2259
2499
2245
2260
2500
2246
2261
2501
2247
2262
2502
2248
2263
2503
2264
2504
2250
2265
2505
2251
2266
2506
2252
2267
2507
2253
2268
2508
2254
2269
2509
2255
2270
2510
2256
2271
2511
2257
2272
2512
2258
2273
2513
2259
2274
2514
2260
2275
2515
2261
2276
2516
2262
2277
2517
2263
2278
2518
2264
2279
2519
2280
2520
2266
2281
2521
2267
2282
2522
2268
2283
2523
2269
2284
2524
2270
2285
2525
2271
2286
2526
2272
2287
2527
2273
2288
2528
2274
2289
2529
2275
2290
2530
2276
2291
2531
2277
2292
2532
2278
2293
2533
2279
2294
2534
2280
2295
2535
2296
2536
2282
2297
2537
2283
2298
2538
2284
2299
2539
2285
2300
2540
2286
2301
2541
2287
2302
2542
2288
2303
2543
2289
2304
2544
2290
2305
2545
2291
2306
2546
2292
2307
2547
2293
2308
2548
2294
2309
2549
2295
2310
2550
2296
2311
2551
2312
2552
2298
2553
2299
2554
2300
2555
2301
2556
2302
2557
2303
2558
2304
2559
2305
2560
2306
2561
2307
2562
2308
2563
2309
2564
2310
2565
2311
2566
2312
2567
2568
2314
2329
2569
2315
2330
2570
2316
2331
2571
2317
2332
2572
2318
2333
2573
2319
2334
2574
2320
2335
2575
2321
2336
2576
2322
2337
2577
2323
2338
2578
2324
2339
2579
2325
2340
2580
2326
2341
2581
2327
2342
2582
2328
2343
2583
2344
2584
2330
2345
2585
2331
2346
2586
2332
2347
2587
2333
2348
2588
2334
2349
2589
2335
2350
2590
2336
2351
2591
2337
2352
2592
2338
2353
2593
2339
2354
2594
2340
2355
2595
2341
2356
2596
2342
2357
2597
2343
2358
2598
2344
2359
2599
2360
2600
2346
2361
2601
2347
2362
2602
2348
2363
2603
2349
2364
2604
2350
2365
2605
2351
2366
2606
2352
2367
2607
2353
2368
2608
2354
2369
2609
2355
2370
2610
2356
2371
2611
2357
2372
2612
2358
2373
2613
2359
2374
2614
2360
2375
2615
2376
2616
2362
2377
2617
2363
2378
2618
2364
2379
2619
2365
2380
2620
2366
2381
2621
2367
2382
2622
2368
2383
2623
2369
2384
2624
2370
2385
2625
2371
2386
2626
2372
2387
2627
2373
2388
2628
2374
2389
2629
2375
2390
2630
2376
2391
2631
2392
2632
2378
2393
2633
2379
2394
2634
2380
2395
2635
2381
2396
2636
2382
2397
2637
2383
2398
2638
2384
2399
2639
2385
2400
2640
2386
2401
2641
2387
2402
2642
2388
2403
2643
2389
2404
2644
2390
2405
2645
2391
2406
2646
2392
2407
2647
2408
2648
2394
2409
2649
2395
2410
2650
2396
2411
2651
2397
2412
2652
2398
2413
2653
2399
2414
2654
2400
2415
2655
2401
2416
2656
2402
2417
2657
2403
2418
2658
2404
2419
2659
2405
2420
2660
2406
2421
2661
2407
2422
2662
2408
2423
2663
2424
2664
2410
2425
2665
2411
2426
2666
2412
2427
2667
2413
2428
2668
2414
2429
2669
2415
2430
2670
2416
2431
2671
2417
2432
2672
2418
2433
2673
2419
2434
2674
2420
2435
2675
2421
2436
2676
2422
2437
2677
2423
2438
2678
2424
2439
2679
2440
2680
2426
2441
2681
2427
2442
2682
2428
2443
2683
2429
2444
2684
2430
2445
2685
2431
2446
2686
2432
2447
2687
2433
2448
2688
2434
2449
2689
2435
2450
2690
2436
2451
2691
2437
2452
2692
2438
2453
2693
2439
2454
2694
2440
2455
2695
2456
2696
2442
2457
2697
2443
2458
2698
2444
2459
2699
2445
2460
2700
2446
2461
2701
2447
2462
2702
2448
2463
2703
2449
2464
2704
2450
2465
2705
2451
2466
2706
2452
2467
2707
2453
2468
2708
2454
2469
2709
2455
2470
2710
2456
2471
2711
2472
2712
2458
2473
2713
2459
2474
2714
2460
2475
2715
2461
2476
2716
2462
2477
2717
2463
2478
2718
2464
2479
2719
2465
2480
2720
2466
2481
2721
2467
2482
2722
2468
2483
2723
2469
2484
2724
2470
2485
2725
2471
2486
2726
2472
2487
2727
2488
2728
2474
2489
2729
2475
2490
2730
2476
2491
2731
2477
2492
2732
2478
2493
2733
2479
2494
2734
2480
2495
2735
2481
2496
2736
2482
2497
2737
2483
2498
2738
2484
2499
2739
2485
2500
2740
2486
2501
2741
2487
2502
2742
2488
2503
2743
2504
2744
2490
2505
2745
2491
2506
2746
2492
2507
2747
2493
2508
2748
2494
2509
2749
2495
2510
2750
2496
2511
2751
2497
2512
2752
2498
2513
2753
2499
2514
2754
2500
2515
2755
2501
2516
2756
2502
2517
2757
2503
2518
2758
2504
2519
2759
2520
2760
2506
2521
2761
2507
2522
2762
2508
2523
2763
2509
2524
2764
2510
2525
2765
2511
2526
2766
2512
2527
2767
2513
2528
2768
2514
2529
2769
2515
2530
2770
2516
2531
2771
2517
2532
2772
2518
2533
2773
2519
2534
2774
2520
2535
2775
2536
2776
2522
2537
2777
2523
2538
2778
2524
2539
2779
2525
2540
2780
2526
2541
2781
2527
2542
2782
2528
2543
2783
2529
2544
2784
2530
2545
2785
2531
2546
2786
2532
2547
2787
2533
2548
2788
2534
2549
2789
2535
2550
2790
2536
2551
2791
2552
2792
2538
2553
2793
2539
2554
2794
2540
2555
2795
2541
2556
2796
2542
2557
2797
2543
2558
2798
2544
2559
2799
2545
2560
2800
2546
2561
2801
2547
2562
2802
2548
2563
2803
2549
2564
2804
2550
2565
2805
2551
2566
2806
2552
2567
2807
2568
2808
2554
2809
2555
2810
2556
2811
2557
2812
2558
2813
2559
2814
2560
2815
2561
2816
2562
2817
2563
2818
2564
2819
2565
2820
2566
2821
2567
2822
2568
2823
2824
2570
2585
2825
2571
2586
2826
2572
2587
2827
2573
2588
2828
2574
2589
2829
2575
2590
2830
2576
2591
2831
2577
2592
2832
2578
2593
2833
2579
2594
2834
2580
2595
2835
2581
2596
2836
2582
2597
2837
2583
2598
2838
2584
2599
2839
2600
2586
2601
2840
2587
2602
2841
2588
2603
2842
2589
2604
2843
2590
2605
2844
2591
2606
2845
2592
2607
2846
2593
2608
2847
2594
2609
2848
2595
2610
2849
2596
2611
2850
2597
2612
2851
2598
2613
2852
2599
2614
2853
2600
2615
2854
2616
2602
2617
2855
2603
2618
2856
2604
2619
2857
2605
2620
2858
2606
2621
2859
2607
2622
2860
2608
2623
2861
2609
2624
2862
2610
2625
2863
2611
2626
2864
2612
2627
2865
2613
2628
2866
2614
2629
2867
2615
2630
2868
2616
2631
2869
2632
2618
2633
2870
2619
2634
2871
2620
2635
2872
2621
2636
2873
2622
2637
2874
2623
2638
2875
2624
2639
2876
2625
2640
2877
2626
2641
2878
2627
2642
2879
2628
2643
2880
2629
2644
2881
2630
2645
2882
2631
2646
2883
2632
2647
2884
2648
2634
2649
2885
2635
2650
2886
2636
2651
2887
2637
2652
2888
2638
2653
2889
2639
2654
2890
2640
2655
2891
2641
2656
2892
2642
2657
2893
2643
2658
2894
2644
2659
2895
2645
2660
2896
2646
2661
2897
2647
2662
2898
2648
2663
2899
2664
2650
2665
2900
2651
2666
2901
2652
2667
2902
2653
2668
2903
2654
2669
2904
2655
2670
2905
2656
2671
2906
2657
2672
2907
2658
2673
2908
2659
2674
2909
2660
2675
2910
2661
2676
2911
2662
2677
2912
2663
2678
2913
2664
2679
2914
2680
2666
2681
2915
2667
2682
2916
2668
2683
2917
2669
2684
2918
2670
2685
2919
2671
2686
2920
2672
2687
2921
2673
2688
2922
2674
2689
2923
2675
2690
2924
2676
2691
2925
2677
2692
2926
2678
2693
2927
2679
2694
2928
2680
2695
2929
2696
2682
2697
2930
2683
2698
2931
2684
2699
2932
2685
2700
2933
2686
2701
2934
2687
2702
2935
2688
2703
2936
2689
2704
2937
2690
2705
2938
2691
2706
2939
2692
2707
2940
2693
2708
2941
2694
2709
2942
2695
2710
2943
2696
2711
2944
2712
2698
2713
2945
2699
2714
2946
2700
2715
2947
2701
2716
2948
2702
2717
2949
2703
2718
2950
2704
2719
2951
2705
2720
2952
2706
2721
2953
2707
2722
2954
2708
2723
2955
2709
2724
2956
2710
2725
2957
2711
2726
2958
2712
2727
2959
2728
2714
2729
2960
2715
2730
2961
2716
2731
2962
2717
2732
2963
2718
2733
2964
2719
2734
2965
2720
2735
2966
2721
2736
2967
2722
2737
2968
2723
2738
2969
2724
2739
2970
2725
2740
2971
2726
2741
2972
2727
2742
2973
2728
2743
2974
2744
2730
2745
2975
2731
2746
2976
2732
2747
2977
2733
2748
2978
2734
2749
2979
2735
2750
2980
2736
2751
2981
2737
2752
2982
2738
2753
2983
2739
2754
2984
2740
2755
2985
2741
2756
2986
2742
2757
2987
2743
2758
2988
2744
2759
2989
2760
2746
2761
2990
2747
2762
2991
2748
2763
2992
2749
2764
2993
2750
2765
2994
2751
2766
2995
2752
2767
2996
2753
2768
2997
2754
2769
2998
2755
2770
2999
2756
2771
3000
2757
2772
3001
2758
2773
3002
2759
2774
3003
2760
2775
3004
2776
2762
2777
3005
2763
2778
3006
2764
2779
3007
2765
2780
3008
2766
2781
3009
2767
2782
3010
2768
2783
3011
2769
2784
3012
2770
2785
3013
2771
2786
3014
2772
2787
3015
2773
2788
3016
2774
2789
3017
2775
2790
3018
2776
2791
3019
2792
2778
2793
3020
2779
2794
3021
2780
2795
3022
2781
2796
3023
2782
2797
3024
2783
2798
3025
2784
2799
3026
2785
2800
3027
2786
2801
3028
2787
2802
3029
2788
2803
3030
2789
2804
3031
2790
2805
3032
2791
2806
3033
2792
2807
3034
2808
2794
2809
3035
2795
2810
3036
2796
2811
3037
2797
2812
3038
2798
2813
3039
2799
2814
3040
2800
2815
3041
2801
2816
3042
2802
2817
3043
2803
2818
3044
2804
2819
3045
2805
2820
3046
2806
2821
3047
2807
2822
3048
2808
2823
3049
2824
2810
3050
2811
3051
2812
3052
2813
3053
2814
3054
2815
3055
2816
3056
2817
3057
2818
3058
2819
3059
2820
3060
2821
3061
2822
3062
2823
3063
2824
3064
2826
2840
3065
2827
2841
3066
2828
2842
3067
2829
2843
3068
2830
2844
3069
2831
2845
3070
2832
2846
3071
2833
2847
3072
2834
2848
3073
2835
2849
3074
2836
2850
3075
2837
2851
3076
2838
2852
3077
2839
2853
3078
2854
3079
2841
2855
3080
2842
2856
3081
2843
2857
3082
2844
2858
3083
2845
2859
3084
2846
2860
3085
2847
2861
3086
2848
2862
3087
2849
2863
3088
2850
2864
3089
2851
2865
3090
2852
2866
3091
2853
2867
3092
2854
2868
3093
2869
3094
2856
2870
3095
2857
2871
3096
2858
2872
3097
2859
2873
3098
2860
2874
3099
2861
2875
3100
2862
2876
3101
2863
2877
3102
2864
2878
3103
2865
2879
3104
2866
2880
3105
2867
2881
3106
2868
2882
3107
2869
2883
3108
2884
3109
2871
2885
3110
2872
2886
3111
2873
2887
3112
2874
2888
3113
2875
2889
3114
2876
2890
3115
2877
2891
3116
2878
2892
3117
2879
2893
3118
2880
2894
3119
2881
2895
3120
2882
2896
3121
2883
2897
3122
2884
2898
3123
2899
3124
2886
2900
3125
2887
2901
3126
2888
2902
3127
2889
2903
3128
2890
2904
3129
2891
2905
3130
2892
2906
3131
2893
2907
3132
2894
2908
3133
2895
2909
3134
2896
2910
3135
2897
2911
3136
2898
2912
3137
2899
2913
3138
2914
3139
2901
2915
3140
2902
2916
3141
2903
2917
3142
2904
2918
3143
2905
2919
3144
2906
2920
3145
2907
2921
3146
2908
2922
3147
2909
2923
3148
2910
2924
3149
2911
2925
3150
2912
2926
3151
2913
2927
3152
2914
2928
3153
2929
3154
2916
2930
3155
2917
2931
3156
2918
2932
3157
2919
2933
3158
2920
2934
3159
2921
2935
3160
2922
2936
3161
2923
2937
3162
2924
2938
3163
2925
2939
3164
2926
2940
3165
2927
2941
3166
2928
2942
3167
2929
2943
3168
2944
3169
2931
2945
3170
2932
2946
3171
2933
2947
3172
2934
2948
3173
2935
2949
3174
2936
2950
3175
2937
2951
3176
2938
2952
3177
2939
2953
3178
2940
2954
3179
2941
2955
3180
2942
2956
3181
2943
2957
3182
2944
2958
3183
2959
3184
2946
2960
3185
2947
2961
3186
2948
2962
3187
2949
2963
3188
2950
2964
3189
2951
2965
3190
2952
2966
3191
2953
2967
3192
2954
2968
3193
2955
2969
3194
2956
2970
3195
2957
2971
3196
2958
2972
3197
2959
2973
3198
2974
3199
2961
2975
3200
2962
2976
3201
2963
2977
3202
2964
2978
3203
2965
2979
3204
2966
2980
3205
2967
2981
3206
2968
2982
3207
2969
2983
3208
2970
2984
3209
2971
2985
3210
2972
2986
3211
2973
2987
3212
2974
2988
3213
2989
3214
2976
2990
3215
2977
2991
3216
2978
2992
3217
2979
2993
3218
2980
2994
3219
2981
2995
3220
2982
2996
3221
2983
2997
3222
2984
2998
3223
2985
2999
3224
2986
3000
3225
2987
3001
3226
2988
3002
3227
2989
3003
3228
3004
3229
2991
3005
3230
2992
3006
3231
2993
3007
3232
2994
3008
3233
2995
3009
3234
2996
3010
3235
2997
3011
3236
2998
3012
3237
2999
3013
3238
3000
3014
3239
3001
3015
3240
3002
3016
3241
3003
3017
3242
3004
3018
3243
3019
3244
3006
3020
3245
3007
3021
3246
3008
3022
3247
3009
3023
3248
3010
3024
3249
3011
3025
3250
3012
3026
3251
3013
3027
3252
3014
3028
3253
3015
3029
3254
3016
3030
3255
3017
3031
3256
3018
3032
3257
3019
3033
3258
3034
3259
3021
3035
3260
3022
3036
3261
3023
3037
3262
3024
3038
3263
3025
3039
3264
3026
3040
3265
3027
3041
3266
3028
3042
3267
3029
3043
3268
3030
3044
3269
3031
3045
3270
3032
3046
3271
3033
3047
3272
3034
3048
3273
3049
3274
3036
3050
3275
3037
3051
3276
3038
3052
3277
3039
3053
3278
3040
3054
3279
3041
3055
3280
3042
3056
3281
3043
3057
3282
3044
3058
3283
3045
3059
3284
3046
3060
3285
3047
3061
3286
3048
3062
3287
3049
3063
3288
3064
3289
3051
3290
3052
3291
3053
3292
3054
3293
3055
3294
3056
3295
3057
3296
3058
3297
3059
3298
3060
3299
3061
3300
3062
3301
3063
3302
3064
3303
3304
3066
3080
3992
3067
3081
3993
3068
3082
3994
3069
3083
3995
3070
3084
3996
3071
3085
3997
3072
3086
3998
3073
3087
3999
3074
3088
4000
3075
3089
4001
3076
3090
4002
3077
3091
4003
3078
3092
4004
3079
3093
4005
3094
4006
3081
3095
4007
3082
3096
4008
3083
3097
4009
3084
3098
4010
3085
3099
4011
3086
3100
4012
3087
3101
4013
3088
3102
4014
3089
3103
4015
3090
3104
4016
3091
3105
4017
3092
3106
4018
3093
3107
4019
3094
3108
4020
3109
4021
3096
3110
4022
3097
3111
4023
3098
3112
4024
3099
3113
4025
3100
3114
4026
3101
3115
4027
3102
3116
4028
3103
3117
4029
3104
3118
4030
3105
3119
4031
3106
3120
4032
3107
3121
4033
3108
3122
4034
3109
3123
4035
3124
4036
3111
3125
4037
3112
3126
4038
3113
3127
4039
3114
3128
4040
3115
3129
4041
3116
3130
4042
3117
3131
4043
3118
3132
4044
3119
3133
4045
3120
3134
4046
3121
3135
4047
3122
3136
4048
3123
3137
4049
3124
3138
4050
3139
4051
3126
3140
4052
3127
3141
4053
3128
3142
4054
3129
3143
4055
3130
3144
4056
3131
3145
4057
3132
3146
4058
3133
3147
4059
3134
3148
4060
3135
3149
4061
3136
3150
4062
3137
3151
4063
3138
3152
4064
3139
3153
4065
3154
4066
3141
3155
4067
3142
3156
4068
3143
3157
4069
3144
3158
4070
3145
3159
4071
3146
3160
4072
3147
3161
4073
3148
3162
4074
3149
3163
4075
3150
3164
4076
3151
3165
4077
3152
3166
4078
3153
3167
4079
3154
3168
4080
3169
4081
3156
3170
4082
3157
3171
4083
3158
3172
4084
3159
3173
4085
3160
3174
4086
3161
3175
4087
3162
3176
4088
3163
3177
4089
3164
3178
4090
3165
3179
4091
3166
3180
4092
3167
3181
4093
3168
3182
4094
3169
3183
4095
3184
4096
3171
3185
4097
3172
3186
4098
3173
3187
4099
3174
3188
4100
3175
3189
4101
3176
3190
4102
3177
3191
4103
3178
3192
4104
3179
3193
4105
3180
3194
4106
3181
3195
4107
3182
3196
4108
3183
3197
4109
3184
3198
4110
3199
4111
3186
3200
4112
3187
3201
4113
3188
3202
4114
3189
3203
4115
3190
3204
4116
3191
3205
4117
3192
3206
4118
3193
3207
4119
3194
3208
4120
3195
3209
4121
3196
3210
4122
3197
3211
4123
3198
3212
4124
3199
3213
4125
3214
4126
3201
3215
4127
3202
3216
4128
3203
3217
4129
3204
3218
4130
3205
3219
4131
3206
3220
4132
3207
3221
4133
3208
3222
4134
3209
3223
4135
3210
3224
4136
3211
3225
4137
3212
3226
4138
3213
3227
4139
3214
3228
4140
3229
4141
3216
3230
4142
3217
3231
4143
3218
3232
4144
3219
3233
4145
3220
3234
4146
3221
3235
4147
3222
3236
4148
3223
3237
4149
3224
3238
4150
3225
3239
4151
3226
3240
4152
3227
3241
4153
3228
3242
4154
3229
3243
4155
3244
4156
3231
3245
4157
3232
3246
4158
3233
3247
4159
3234
3248
4160
3235
3249
4161
3236
3250
4162
3237
3251
4163
3238
3252
4164
3239
3253
4165
3240
3254
4166
3241
3255
4167
3242
3256
4168
3243
3257
4169
3244
3258
4170
3259
4171
3246
3260
4172
3247
3261
4173
3248
3262
4174
3249
3263
4175
3250
3264
4176
3251
3265
4177
3252
3266
4178
3253
3267
4179
3254
3268
4180
3255
3269
4181
3256
3270
4182
3257
3271
4183
3258
3272
4184
3259
3273
4185
3274
4186
3261
3275
4187
3262
3276
4188
3263
3277
4189
3264
3278
4190
3265
3279
4191
3266
3280
4192
3267
3281
4193
3268
3282
4194
3269
3283
4195
3270
3284
4196
3271
3285
4197
3272
3286
4198
3273
3287
4199
3274
3288
4200
3289
4201
3276
3290
4202
3277
3291
4203
3278
3292
4204
3279
3293
4205
3280
3294
4206
3281
3295
4207
3282
3296
4208
3283
3297
4209
3284
3298
4210
3285
3299
4211
3286
3300
4212
3287
3301
4213
3288
3302
4214
3289
3303
4215
3304
4216
3291
4217
3292
4218
3293
4219
3294
4220
3295
4221
3296
4222
3297
4223
3298
4224
3299
4225
3300
4226
3301
4227
3302
4228
3303
4229
3304
4230
4231
3306
3312
3424
3307
3313
3425
3308
3314
3426
3309
3315
3427
3310
3316
3428
3311
3317
3429
3318
3430
3992
3313
3319
3431
3314
3320
3432
3315
3321
3433
3316
3322
3434
3317
3323
3435
3318
3324
3436
3325
3437
4007
3320
3326
3438
3321
3327
3439
3322
3328
3440
3323
3329
3441
3324
3330
3442
3325
3331
3443
3332
3444
4022
3327
3333
3445
3328
3334
3446
3329
3335
3447
3330
3336
3448
3331
3337
3449
3332
3338
3450
3339
3451
4037
3334
3340
3452
3335
3341
3453
3336
3342
3454
3337
3343
3455
3338
3344
3456
3339
3345
3457
3346
3458
4052
3341
3348
3459
3342
3349
3460
3343
3350
3461
3344
3351
3462
3345
3352
3463
3346
3353
3464
3354
3465
4067
3348
3355
3466
3349
3356
3467
3350
3357
3468
3351
3358
3469
3352
3359
3470
3353
3360
3471
3354
3361
3472
3362
3473
4082
3356
3363
3474
3357
3364
3475
3358
3365
3476
3359
3366
3477
3360
3367
3478
3361
3368
3479
3362
3369
3480
3370
3481
4097
3364
3371
3482
3365
3372
3483
3366
3373
3484
3367
3374
3485
3368
3375
3486
3369
3376
3487
3370
3377
3488
3378
3489
4112
3372
3379
3490
3373
3380
3491
3374
3381
3492
3375
3382
3493
3376
3383
3494
3377
3384
3495
3378
3385
3496
3386
3497
4127
3380
3387
3498
3381
3388
3499
3382
3389
3500
3383
3390
3501
3384
3391
3502
3385
3392
3503
3386
3393
3504
3394
3505
4142
3388
3395
3506
3389
3396
3507
3390
3397
3508
3391
3398
3509
3392
3399
3510
3393
3400
3511
3394
3401
3512
3402
3513
4157
3396
3403
3514
3397
3404
3515
3398
3405
3516
3399
3406
3517
3400
3407
3518
3401
3408
3519
3402
3409
3520
3410
3521
4172
3404
3411
3522
3405
3412
3523
3406
3413
3524
3407
3414
3525
3408
3415
3526
3409
3416
3527
3410
3417
3528
3418
3529
4187
3412
3530
3413
3531
3414
3532
3415
3419
3533
3416
3420
3534
3417
3421
3535
3418
3422
3536
3423
3537
4202
3420
3538
3421
3539
3422
3540
3423
3541
3542
4217
3425
3431
3543
3426
3432
3544
3427
3433
3545
3428
3434
3546
3429
3435
3547
3430
3436
3548
3437
3549
4232
3432
3438
3550
3433
3439
3551
3434
3440
3552
3435
3441
3553
3436
3442
3554
3437
3443
3555
3444
3556
4247
3439
3445
3557
3440
3446
3558
3441
3447
3559
3442
3448
3560
3443
3449
3561
3444
3450
3562
3451
3563
4262
3446
3452
3564
3447
3453
3565
3448
3454
3566
3449
3455
3567
3450
3456
3568
3451
3457
3569
3458
3570
4277
3453
3459
3571
3454
3460
3572
3455
3461
3573
3456
3462
3574
3457
3463
3575
3458
3464
3576
3465
3577
4292
3460
3467
3578
3461
3468
3579
3462
3469
3580
3463
3470
3581
3464
3471
3582
3465
3472
3583
3473
3584
4307
3467
3474
3585
3468
3475
3586
3469
3476
3587
3470
3477
3588
3471
3478
3589
3472
3479
3590
3473
3480
3591
3481
3592
4322
3475
3482
3593
3476
3483
3594
3477
3484
3595
3478
3485
3596
3479
3486
3597
3480
3487
3598
3481
3488
3599
3489
3600
4337
3483
3490
3601
3484
3491
3602
3485
3492
3603
3486
3493
3604
3487
3494
3605
3488
3495
3606
3489
3496
3607
3497
3608
4352
3491
3498
3609
3492
3499
3610
3493
3500
3611
3494
3501
3612
3495
3502
3613
3496
3503
3614
3497
3504
3615
3505
3616
4367
3499
3506
3617
3500
3507
3618
3501
3508
3619
3502
3509
3620
3503
3510
3621
3504
3511
3622
3505
3512
3623
3513
3624
4382
3507
3514
3625
3508
3515
3626
3509
3516
3627
3510
3517
3628
3511
3518
3629
3512
3519
3630
3513
3520
3631
3521
3632
4397
3515
3522
3633
3516
3523
3634
3517
3524
3635
3518
3525
3636
3519
3526
3637
3520
3527
3638
3521
3528
3639
3529
3640
4412
3523
3530
3641
3524
3531
3642
3525
3532
3643
3526
3533
3644
3527
3534
3645
3528
3535
3646
3529
3536
3647
3537
3648
4427
3531
3649
3532
3650
3533
3651
3534
3538
3652
3535
3539
3653
3536
3540
3654
3537
3541
3655
3542
3656
4442
3539
3657
3540
3658
3541
3659
3542
3660
3661
4457
3544
3550
3662
3545
3551
3663
3546
3552
3664
3547
3553
3665
3548
3554
3666
3549
3555
3667
3556
3668
4472
3551
3557
3669
3552
3558
3670
3553
3559
3671
3554
3560
3672
3555
3561
3673
3556
3562
3674
3563
3675
4487
3558
3564
3676
3559
3565
3677
3560
3566
3678
3561
3567
3679
3562
3568
3680
3563
3569
3681
3570
3682
4502
3565
3571
3683
3566
3572
3684
3567
3573
3685
3568
3574
3686
3569
3575
3687
3570
3576
3688
3577
3689
4517
3572
3578
3690
3573
3579
3691
3574
3580
3692
3575
3581
3693
3576
3582
3694
3577
3583
3695
3584
3696
4532
3579
3586
3697
3580
3587
3698
3581
3588
3699
3582
3589
3700
3583
3590
3701
3584
3591
3702
3592
3703
4547
3586
3593
3587
3594
3704
3588
3595
3705
3589
3596
3706
3590
3597
3707
3591
3598
3708
3592
3599
3709
3600
3710
4562
3594
3601
3595
3602
3711
3596
3603
3712
3597
3604
3713
3598
3605
3714
3599
3606
3715
3600
3607
3716
3608
3717
4577
3602
3609
3603
3610
3718
3604
3611
3719
3605
3612
3720
3606
3613
3721
3607
3614
3722
3608
3615
3723
3616
3724
4592
3610
3617
3611
3618
3725
3612
3619
3726
3613
3620
3727
3614
3621
3728
3615
3622
3729
3616
3623
3730
3624
3731
4607
3618
3625
3619
3626
3732
3620
3627
3733
3621
3628
3734
3622
3629
3735
3623
3630
3736
3624
3631
3737
3632
3738
4622
3626
3633
3627
3634
3739
3628
3635
3740
3629
3636
3741
3630
3637
3742
3631
3638
3743
3632
3639
3744
3640
3745
4637
3634
3641
3635
3642
3746
3636
3643
3747
3637
3644
3748
3638
3645
3749
3639
3646
3750
3640
3647
3751
3648
3752
4652
3642
3649
3643
3650
3753
3644
3651
3754
3645
3652
3755
3646
3653
3756
3647
3654
3757
3648
3655
3758
3656
3759
4667
3650
3651
3760
3652
3761
3653
3657
3762
3654
3658
3763
3655
3659
3764
3656
3660
3765
3661
3766
4682
3658
3767
3659
3768
3660
3769
3661
3770
3771
4697
3663
3669
3772
3664
3670
3773
3665
3671
3774
3666
3672
3775
3667
3673
3776
3668
3674
3777
3675
3778
4712
3670
3676
3779
3671
3677
3780
3672
3678
3781
3673
3679
3782
3674
3680
3783
3675
3681
3784
3682
3785
4727
3677
3683
3786
3678
3684
3787
3679
3685
3788
3680
3686
3789
3681
3687
3790
3682
3688
3791
3689
3792
4742
3684
3690
3793
3685
3691
3794
3686
3692
3795
3687
3693
3796
3688
3694
3797
3689
3695
3798
3696
3799
4757
3691
3697
3800
3692
3698
3801
3693
3699
3802
3694
3700
3803
3695
3701
3804
3696
3702
3805
3703
3806
4772
3698
3704
3807
3699
3705
3808
3700
3706
3809
3701
3707
3810
3702
3708
3811
3703
3709
3812
3710
3813
4787
3705
3711
3814
3706
3712
3815
3707
3713
3816
3708
3714
3817
3709
3715
3818
3710
3716
3819
3717
3820
4802
3712
3718
3821
3713
3719
3822
3714
3720
3823
3715
3721
3824
3716
3722
3825
3717
3723
3826
3724
3827
4817
3719
3725
3828
3720
3726
3829
3721
3727
3830
3722
3728
3831
3723
3729
3832
3724
3730
3833
3731
3834
4832
3726
3732
3835
3727
3733
3836
3728
3734
3837
3729
3735
3838
3730
3736
3839
3731
3737
3840
3738
3841
4847
3733
3739
3842
3734
3740
3843
3735
3741
3844
3736
3742
3845
3737
3743
3846
3738
3744
3847
3745
3848
4862
3740
3746
3849
3741
3747
3850
3742
3748
3851
3743
3749
3852
3744
3750
3853
3745
3751
3854
3752
3855
4877
3747
3753
3856
3748
3754
3857
3749
3755
3858
3750
3756
3859
3751
3757
3860
3752
3758
3861
3759
3862
4892
3754
3760
3863
3755
3761
3864
3756
3762
3865
3757
3763
3866
3758
3764
3867
3759
3765
3868
3766
3869
4907
3761
3870
3762
3871
3763
3767
3872
3764
3768
3873
3765
3769
3874
3766
3770
3875
3771
3876
4922
3768
3877
3769
3878
3770
3879
3771
3880
3881
4937
3773
3779
3882
3774
3780
3883
3775
3781
3884
3776
3782
3885
3777
3783
3886
3778
3784
3887
3785
3888
4952
3780
3786
3889
3781
3787
3890
3782
3788
3891
3783
3789
3892
3784
3790
3893
3785
3791
3894
3792
3895
4967
3787
3793
3896
3788
3794
3897
3789
3795
3898
3790
3796
3899
3791
3797
3900
3792
3798
3901
3799
3902
4982
3794
3800
3903
3795
3801
3904
3796
3802
3905
3797
3803
3906
3798
3804
3907
3799
3805
3908
3806
3909
4997
3801
3807
3910
3802
3808
3911
3803
3809
3912
3804
3810
3913
3805
3811
3914
3806
3812
3915
3813
3916
5012
3808
3814
3917
3809
3815
3918
3810
3816
3919
3811
3817
3920
3812
3818
3921
3813
3819
3922
3820
3923
5027
3815
3821
3924
3816
3822
3925
3817
3823
3926
3818
3824
3927
3819
3825
3928
3820
3826
3929
3827
3930
5042
3822
3828
3931
3823
3829
3932
3824
3830
3933
3825
3831
3934
3826
3832
3935
3827
3833
3936
3834
3937
5057
3829
3835
3938
3830
3836
3939
3831
3837
3940
3832
3838
3941
3833
3839
3942
3834
3840
3943
3841
3944
5072
3836
3842
3945
3837
3843
3946
3838
3844
3947
3839
3845
3948
3840
3846
3949
3841
3847
3950
3848
3951
5087
3843
3849
3952
3844
3850
3953
3845
3851
3954
3846
3852
3955
3847
3853
3956
3848
3854
3957
3855
3958
5102
3850
3856
3959
3851
3857
3960
3852
3858
3961
3853
3859
3962
3854
3860
3963
3855
3861
3964
3862
3965
5117
3857
3863
3966
3858
3864
3967
3859
3865
3968
3860
3866
3969
3861
3867
3970
3862
3868
3971
3869
3972
5132
3864
3870
3973
3865
3871
3974
3866
3872
3975
3867
3873
3976
3868
3874
3977
3869
3875
3978
3876
3979
5147
3871
3980
3872
3981
3873
3877
3982
3874
3878
3983
3875
3879
3984
3876
3880
3985
3881
3986
5162
3878
3987
3879
3988
3880
3989
3881
3990
3991
5177
3883
3889
3884
3890
3885
3891
3886
3892
3887
3893
3888
3894
3895
5192
3890
3896
3891
3897
3892
3898
3893
3899
3894
3900
3895
3901
3902
5207
3897
3903
3898
3904
3899
3905
3900
3906
3901
3907
3902
3908
3909
5222
3904
3910
3905
3911
3906
3912
3907
3913
3908
3914
3909
3915
3916
5237
3911
3917
3912
3918
3913
3919
3914
3920
3915
3921
3916
3922
3923
5252
3918
3924
3919
3925
3920
3926
3921
3927
3922
3928
3923
3929
3930
5267
3925
3931
3926
3932
3927
3933
3928
3934
3929
3935
3930
3936
3937
5282
3932
3938
3933
3939
3934
3940
3935
3941
3936
3942
3937
3943
3944
5297
3939
3945
3940
3946
3941
3947
3942
3948
3943
3949
3944
3950
3951
5312
3946
3952
3947
3953
3948
3954
3949
3955
3950
3956
3951
3957
3958
5327
3953
3959
3954
3960
3955
3961
3956
3962
3957
3963
3958
3964
3965
5342
3960
3966
3961
3967
3962
3968
3963
3969
3964
3970
3965
3971
3972
5357
3967
3973
3968
3974
3969
3975
3970
3976
3971
3977
3972
3978
3979
5372
3974
3980
3975
3981
3976
3982
3977
3983
3978
3984
3979
3985
3986
5387
3981
3982
3983
3987
3984
3988
3985
3989
3986
3990
3991
5402
3988
3989
3990
3991
5417
3993
4007
4232
3994
4008
4233
3995
4009
4234
3996
4010
4235
3997
4011
4236
3998
4012
4237
3999
4013
4238
4000
4014
4239
4001
4015
4240
4002
4016
4241
4003
4017
4242
4004
4018
4243
4005
4019
4244
4006
4020
4245
4021
4246
4008
4022
4247
4009
4023
4248
4010
4024
4249
4011
4025
4250
4012
4026
4251
4013
4027
4252
4014
4028
4253
4015
4029
4254
4016
4030
4255
4017
4031
4256
4018
4032
4257
4019
4033
4258
4020
4034
4259
4021
4035
4260
4036
4261
4023
4037
4262
4024
4038
4263
4025
4039
4264
4026
4040
4265
4027
4041
4266
4028
4042
4267
4029
4043
4268
4030
4044
4269
4031
4045
4270
4032
4046
4271
4033
4047
4272
4034
4048
4273
4035
4049
4274
4036
4050
4275
4051
4276
4038
4052
4277
4039
4053
4278
4040
4054
4279
4041
4055
4280
4042
4056
4281
4043
4057
4282
4044
4058
4283
4045
4059
4284
4046
4060
4285
4047
4061
4286
4048
4062
4287
4049
4063
4288
4050
4064
4289
4051
4065
4290
4066
4291
4053
4067
4292
4054
4068
4293
4055
4069
4294
4056
4070
4295
4057
4071
4296
4058
4072
4297
4059
4073
4298
4060
4074
4299
4061
4075
4300
4062
4076
4301
4063
4077
4302
4064
4078
4303
4065
4079
4304
4066
4080
4305
4081
4306
4068
4082
4307
4069
4083
4308
4070
4084
4309
4071
4085
4310
4072
4086
4311
4073
4087
4312
4074
4088
4313
4075
4089
4314
4076
4090
4315
4077
4091
4316
4078
4092
4317
4079
4093
4318
4080
4094
4319
4081
4095
4320
4096
4321
4083
4097
4322
4084
4098
4323
4085
4099
4324
4086
4100
4325
4087
4101
4326
4088
4102
4327
4089
4103
4328
4090
4104
4329
4091
4105
4330
4092
4106
4331
4093
4107
4332
4094
4108
4333
4095
4109
4334
4096
4110
4335
4111
4336
4098
4112
4337
4099
4113
4338
4100
4114
4339
4101
4115
4340
4102
4116
4341
4103
4117
4342
4104
4118
4343
4105
4119
4344
4106
4120
4345
4107
4121
4346
4108
4122
4347
4109
4123
4348
4110
4124
4349
4111
4125
4350
4126
4351
4113
4127
4352
4114
4128
4353
4115
4129
4354
4116
4130
4355
4117
4131
4356
4118
4132
4357
4119
4133
4358
4120
4134
4359
4121
4135
4360
4122
4136
4361
4123
4137
4362
4124
4138
4363
4125
4139
4364
4126
4140
4365
4141
4366
4128
4142
4367
4129
4143
4368
4130
4144
4369
4131
4145
4370
4132
4146
4371
4133
4147
4372
4134
4148
4373
4135
4149
4374
4136
4150
4375
4137
4151
4376
4138
4152
4377
4139
4153
4378
4140
4154
4379
4141
4155
4380
4156
4381
4143
4157
4382
4144
4158
4383
4145
4159
4384
4146
4160
4385
4147
4161
4386
4148
4162
4387
4149
4163
4388
4150
4164
4389
4151
4165
4390
4152
4166
4391
4153
4167
4392
4154
4168
4393
4155
4169
4394
4156
4170
4395
4171
4396
4158
4172
4397
4159
4173
4398
4160
4174
4399
4161
4175
4400
4162
4176
4401
4163
4177
4402
4164
4178
4403
4165
4179
4404
4166
4180
4405
4167
4181
4406
4168
4182
4407
4169
4183
4408
4170
4184
4409
4171
4185
4410
4186
4411
4173
4187
4412
4174
4188
4413
4175
4189
4414
4176
4190
4415
4177
4191
4416
4178
4192
4417
4179
4193
4418
4180
4194
4419
4181
4195
4420
4182
4196
4421
4183
4197
4422
4184
4198
4423
4185
4199
4424
4186
4200
4425
4201
4426
4188
4202
4427
4189
4203
4428
4190
4204
4429
4191
4205
4430
4192
4206
4431
4193
4207
4432
4194
4208
4433
4195
4209
4434
4196
4210
4435
4197
4211
4436
4198
4212
4437
4199
4213
4438
4200
4214
4439
4201
4215
4440
4216
4441
4203
4217
4442
4204
4218
4443
4205
4219
4444
4206
4220
4445
4207
4221
4446
4208
4222
4447
4209
4223
4448
4210
4224
4449
4211
4225
4450
4212
4226
4451
4213
4227
4452
4214
4228
4453
4215
4229
4454
4216
4230
4455
4231
4456
4218
4457
4219
4458
4220
4459
4221
4460
4222
4461
4223
4462
4224
4463
4225
4464
4226
4465
4227
4466
4228
4467
4229
4468
4230
4469
4231
4470
4471
4233
4247
4472
4234
4248
4473
4235
4249
4474
4236
4250
4475
4237
4251
4476
4238
4252
4477
4239
4253
4478
4240
4254
4479
4241
4255
4480
4242
4256
4481
4243
4257
4482
4244
4258
4483
4245
4259
4484
4246
4260
4485
4261
4486
4248
4262
4487
4249
4263
4488
4250
4264
4489
4251
4265
4490
4252
4266
4491
4253
4267
4492
4254
4268
4493
4255
4269
4494
4256
4270
4495
4257
4271
4496
4258
4272
4497
4259
4273
4498
4260
4274
4499
4261
4275
4500
4276
4501
4263
4277
4502
4264
4278
4503
4265
4279
4504
4266
4280
4505
4267
4281
4506
4268
4282
4507
4269
4283
4508
4270
4284
4509
4271
4285
4510
4272
4286
4511
4273
4287
4512
4274
4288
4513
4275
4289
4514
4276
4290
4515
4291
4516
4278
4292
4517
4279
4293
4518
4280
4294
4519
4281
4295
4520
4282
4296
4521
4283
4297
4522
4284
4298
4523
4285
4299
4524
4286
4300
4525
4287
4301
4526
4288
4302
4527
4289
4303
4528
4290
4304
4529
4291
4305
4530
4306
4531
4293
4307
4532
4294
4308
4533
4295
4309
4534
4296
4310
4535
4297
4311
4536
4298
4312
4537
4299
4313
4538
4300
4314
4539
4301
4315
4540
4302
4316
4541
4303
4317
4542
4304
4318
4543
4305
4319
4544
4306
4320
4545
4321
4546
4308
4322
4547
4309
4323
4548
4310
4324
4549
4311
4325
4550
4312
4326
4551
4313
4327
4552
4314
4328
4553
4315
4329
4554
4316
4330
4555
4317
4331
4556
4318
4332
4557
4319
4333
4558
4320
4334
4559
4321
4335
4560
4336
4561
4323
4337
4562
4324
4338
4563
4325
4339
4564
4326
4340
4565
4327
4341
4566
4328
4342
4567
4329
4343
4568
4330
4344
4569
4331
4345
4570
4332
4346
4571
4333
4347
4572
4334
4348
4573
4335
4349
4574
4336
4350
4575
4351
4576
4338
4352
4577
4339
4353
4578
4340
4354
4579
4341
4355
4580
4342
4356
4581
4343
4357
4582
4344
4358
4583
4345
4359
4584
4346
4360
4585
4347
4361
4586
4348
4362
4587
4349
4363
4588
4350
4364
4589
4351
4365
4590
4366
4591
4353
4367
4592
4354
4368
4593
4355
4369
4594
4356
4370
4595
4357
4371
4596
4358
4372
4597
4359
4373
4598
4360
4374
4599
4361
4375
4600
4362
4376
4601
4363
4377
4602
4364
4378
4603
4365
4379
4604
4366
4380
4605
4381
4606
4368
4382
4607
4369
4383
4608
4370
4384
4609
4371
4385
4610
4372
4386
4611
4373
4387
4612
4374
4388
4613
4375
4389
4614
4376
4390
4615
4377
4391
4616
4378
4392
4617
4379
4393
4618
4380
4394
4619
4381
4395
4620
4396
4621
4383
4397
4622
4384
4398
4623
4385
4399
4624
4386
4400
4625
4387
4401
4626
4388
4402
4627
4389
4403
4628
4390
4404
4629
4391
4405
4630
4392
4406
4631
4393
4407
4632
4394
4408
4633
4395
4409
4634
4396
4410
4635
4411
4636
4398
4412
4637
4399
4413
4638
4400
4414
4639
4401
4415
4640
4402
4416
4641
4403
4417
4642
4404
4418
4643
4405
4419
4644
4406
4420
4645
4407
4421
4646
4408
4422
4647
4409
4423
4648
4410
4424
4649
4411
4425
4650
4426
4651
4413
4427
4652
4414
4428
4653
4415
4429
4654
4416
4430
4655
4417
4431
4656
4418
4432
4657
4419
4433
4658
4420
4434
4659
4421
4435
4660
4422
4436
4661
4423
4437
4662
4424
4438
4663
4425
4439
4664
4426
4440
4665
4441
4666
4428
4442
4667
4429
4443
4668
4430
4444
4669
4431
4445
4670
4432
4446
4671
4433
4447
4672
4434
4448
4673
4435
4449
4674
4436
4450
4675
4437
4451
4676
4438
4452
4677
4439
4453
4678
4440
4454
4679
4441
4455
4680
4456
4681
4443
4457
4682
4444
4458
4683
4445
4459
4684
4446
4460
4685
4447
4461
4686
4448
4462
4687
4449
4463
4688
4450
4464
4689
4451
4465
4690
4452
4466
4691
4453
4467
4692
4454
4468
4693
4455
4469
4694
4456
4470
4695
4471
4696
4458
4697
4459
4698
4460
4699
4461
4700
4462
4701
4463
4702
4464
4703
4465
4704
4466
4705
4467
4706
4468
4707
4469
4708
4470
4709
4471
4710
4711
4473
4487
4712
4474
4488
4713
4475
4489
4714
4476
4490
4715
4477
4491
4716
4478
4492
4717
4479
4493
4718
4480
4494
4719
4481
4495
4720
4482
4496
4721
4483
4497
4722
4484
4498
4723
4485
4499
4724
4486
4500
4725
4501
4726
4488
4502
4727
4489
4503
4728
4490
4504
4729
4491
4505
4730
4492
4506
4731
4493
4507
4732
4494
4508
4733
4495
4509
4734
4496
4510
4735
4497
4511
4736
4498
4512
4737
4499
4513
4738
4500
4514
4739
4501
4515
4740
4516
4741
4503
4517
4742
4504
4518
4743
4505
4519
4744
4506
4520
4745
4507
4521
4746
4508
4522
4747
4509
4523
4748
4510
4524
4749
4511
4525
4750
4512
4526
4751
4513
4527
4752
4514
4528
4753
4515
4529
4754
4516
4530
4755
4531
4756
4518
4532
4757
4519
4533
4758
4520
4534
4759
4521
4535
4760
4522
4536
4761
4523
4537
4762
4524
4538
4763
4525
4539
4764
4526
4540
4765
4527
4541
4766
4528
4542
4767
4529
4543
4768
4530
4544
4769
4531
4545
4770
4546
4771
4533
4547
4772
4534
4548
4773
4535
4549
4774
4536
4550
4775
4537
4551
4776
4538
4552
4777
4539
4553
4778
4540
4554
4779
4541
4555
4780
4542
4556
4781
4543
4557
4782
4544
4558
4783
4545
4559
4784
4546
4560
4785
4561
4786
4548
4562
4787
4549
4563
4788
4550
4564
4789
4551
4565
4790
4552
4566
4791
4553
4567
4792
4554
4568
4793
4555
4569
4794
4556
4570
4795
4557
4571
4796
4558
4572
4797
4559
4573
4798
4560
4574
4799
4561
4575
4800
4576
4801
4563
4577
4802
4564
4578
4803
4565
4579
4804
4566
4580
4805
4567
4581
4806
4568
4582
4807
4569
4583
4808
4570
4584
4809
4571
4585
4810
4572
4586
4811
4573
4587
4812
4574
4588
4813
4575
4589
4814
4576
4590
4815
4591
4816
4578
4592
4817
4579
4593
4818
4580
4594
4819
4581
4595
4820
4582
4596
4821
4583
4597
4822
4584
4598
4823
4585
4599
4824
4586
4600
4825
4587
4601
4826
4588
4602
4827
4589
4603
4828
4590
4604
4829
4591
4605
4830
4606
4831
4593
4607
4832
4594
4608
4833
4595
4609
4834
4596
4610
4835
4597
4611
4836
4598
4612
4837
4599
4613
4838
4600
4614
4839
4601
4615
4840
4602
4616
4841
4603
4617
4842
4604
4618
4843
4605
4619
4844
4606
4620
4845
4621
4846
4608
4622
4847
4609
4623
4848
4610
4624
4849
4611
4625
4850
4612
4626
4851
4613
4627
4852
4614
4628
4853
4615
4629
4854
4616
4630
4855
4617
4631
4856
4618
4632
4857
4619
4633
4858
4620
4634
4859
4621
4635
4860
4636
4861
4623
4637
4862
4624
4638
4863
4625
4639
4864
4626
4640
4865
4627
4641
4866
4628
4642
4867
4629
4643
4868
4630
4644
4869
4631
4645
4870
4632
4646
4871
4633
4647
4872
4634
4648
4873
4635
4649
4874
4636
4650
4875
4651
4876
4638
4652
4877
4639
4653
4878
4640
4654
4879
4641
4655
4880
4642
4656
4881
4643
4657
4882
4644
4658
4883
4645
4659
4884
4646
4660
4885
4647
4661
4886
4648
4662
4887
4649
4663
4888
4650
4664
4889
4651
4665
4890
4666
4891
4653
4667
4892
4654
4668
4893
4655
4669
4894
4656
4670
4895
4657
4671
4896
4658
4672
4897
4659
4673
4898
4660
4674
4899
4661
4675
4900
4662
4676
4901
4663
4677
4902
4664
4678
4903
4665
4679
4904
4666
4680
4905
4681
4906
4668
4682
4907
4669
4683
4908
4670
4684
4909
4671
4685
4910
4672
4686
4911
4673
4687
4912
4674
4688
4913
4675
4689
4914
4676
4690
4915
4677
4691
4916
4678
4692
4917
4679
4693
4918
4680
4694
4919
4681
4695
4920
4696
4921
4683
4697
4922
4684
4698
4923
4685
4699
4924
4686
4700
4925
4687
4701
4926
4688
4702
4927
4689
4703
4928
4690
4704
4929
4691
4705
4930
4692
4706
4931
4693
4707
4932
4694
4708
4933
4695
4709
4934
4696
4710
4935
4711
4936
4698
4937
4699
4938
4700
4939
4701
4940
4702
4941
4703
4942
4704
4943
4705
4944
4706
4945
4707
4946
4708
4947
4709
4948
4710
4949
4711
4950
4951
4713
4727
4952
4714
4728
4953
4715
4729
4954
4716
4730
4955
4717
4731
4956
4718
4732
4957
4719
4733
4958
4720
4734
4959
4721
4735
4960
4722
4736
4961
4723
4737
4962
4724
4738
4963
4725
4739
4964
4726
4740
4965
4741
4966
4728
4742
4967
4729
4743
4968
4730
4744
4969
4731
4745
4970
4732
4746
4971
4733
4747
4972
4734
4748
4973
4735
4749
4974
4736
4750
4975
4737
4751
4976
4738
4752
4977
4739
4753
4978
4740
4754
4979
4741
4755
4980
4756
4981
4743
4757
4982
4744
4758
4983
4745
4759
4984
4746
4760
4985
4747
4761
4986
4748
4762
4987
4749
4763
4988
4750
4764
4989
4751
4765
4990
4752
4766
4991
4753
4767
4992
4754
4768
4993
4755
4769
4994
4756
4770
4995
4771
4996
4758
4772
4997
4759
4773
4998
4760
4774
4999
4761
4775
5000
4762
4776
5001
4763
4777
5002
4764
4778
5003
4765
4779
5004
4766
4780
5005
4767
4781
5006
4768
4782
5007
4769
4783
5008
4770
4784
5009
4771
4785
5010
4786
5011
4773
4787
5012
4774
4788
5013
4775
4789
5014
4776
4790
5015
4777
4791
5016
4778
4792
5017
4779
4793
5018
4780
4794
5019
4781
4795
5020
4782
4796
5021
4783
4797
5022
4784
4798
5023
4785
4799
5024
4786
4800
5025
4801
5026
4788
4802
5027
4789
4803
5028
4790
4804
5029
4791
4805
5030
4792
4806
5031
4793
4807
5032
4794
4808
5033
4795
4809
5034
4796
4810
5035
4797
4811
5036
4798
4812
5037
4799
4813
5038
4800
4814
5039
4801
4815
5040
4816
5041
4803
4817
5042
4804
4818
5043
4805
4819
5044
4806
4820
5045
4807
4821
5046
4808
4822
5047
4809
4823
5048
4810
4824
5049
4811
4825
5050
4812
4826
5051
4813
4827
5052
4814
4828
5053
4815
4829
5054
4816
4830
5055
4831
5056
4818
4832
5057
4819
4833
5058
4820
4834
5059
4821
4835
5060
4822
4836
5061
4823
4837
5062
4824
4838
5063
4825
4839
5064
4826
4840
5065
4827
4841
5066
4828
4842
5067
4829
4843
5068
4830
4844
5069
4831
4845
5070
4846
5071
4833
4847
5072
4834
4848
5073
4835
4849
5074
4836
4850
5075
4837
4851
5076
4838
4852
5077
4839
4853
5078
4840
4854
5079
4841
4855
5080
4842
4856
5081
4843
4857
5082
4844
4858
5083
4845
4859
5084
4846
4860
5085
4861
5086
4848
4862
5087
4849
4863
5088
4850
4864
5089
4851
4865
5090
4852
4866
5091
4853
4867
5092
4854
4868
5093
4855
4869
5094
4856
4870
5095
4857
4871
5096
4858
4872
5097
4859
4873
5098
4860
4874
5099
4861
4875
5100
4876
5101
4863
4877
5102
4864
4878
5103
4865
4879
5104
4866
4880
5105
4867
4881
5106
4868
4882
5107
4869
4883
5108
4870
4884
5109
4871
4885
5110
4872
4886
5111
4873
4887
5112
4874
4888
5113
4875
4889
5114
4876
4890
5115
4891
5116
4878
4892
5117
4879
4893
5118
4880
4894
5119
4881
4895
5120
4882
4896
5121
4883
4897
5122
4884
4898
5123
4885
4899
5124
4886
4900
5125
4887
4901
5126
4888
4902
5127
4889
4903
5128
4890
4904
5129
4891
4905
5130
4906
5131
4893
4907
5132
4894
4908
5133
4895
4909
5134
4896
4910
5135
4897
4911
5136
4898
4912
5137
4899
4913
5138
4900
4914
5139
4901
4915
5140
4902
4916
5141
4903
4917
5142
4904
4918
5143
4905
4919
5144
4906
4920
5145
4921
5146
4908
4922
5147
4909
4923
5148
4910
4924
5149
4911
4925
5150
4912
4926
5151
4913
4927
5152
4914
4928
5153
4915
4929
5154
4916
4930
5155
4917
4931
5156
4918
4932
5157
4919
4933
5158
4920
4934
5159
4921
4935
5160
4936
5161
4923
4937
5162
4924
4938
5163
4925
4939
5164
4926
4940
5165
4927
4941
5166
4928
4942
5167
4929
4943
5168
4930
4944
5169
4931
4945
5170
4932
4946
5171
4933
4947
5172
4934
4948
5173
4935
4949
5174
4936
4950
5175
4951
5176
4938
5177
4939
5178
4940
5179
4941
5180
4942
5181
4943
5182
4944
5183
4945
5184
4946
5185
4947
5186
4948
5187
4949
5188
4950
5189
4951
5190
5191
4953
4967
5192
4954
4968
5193
4955
4969
5194
4956
4970
5195
4957
4971
5196
4958
4972
5197
4959
4973
5198
4960
4974
5199
4961
4975
5200
4962
4976
5201
4963
4977
5202
4964
4978
5203
4965
4979
5204
4966
4980
5205
4981
5206
4968
4982
5207
4969
4983
5208
4970
4984
5209
4971
4985
5210
4972
4986
5211
4973
4987
5212
4974
4988
5213
4975
4989
5214
4976
4990
5215
4977
4991
5216
4978
4992
5217
4979
4993
5218
4980
4994
5219
4981
4995
5220
4996
5221
4983
4997
5222
4984
4998
5223
4985
4999
5224
4986
5000
5225
4987
5001
5226
4988
5002
5227
4989
5003
5228
4990
5004
5229
4991
5005
5230
4992
5006
5231
4993
5007
5232
4994
5008
5233
4995
5009
5234
4996
5010
5235
5011
5236
4998
5012
5237
4999
5013
5238
5000
5014
5239
5001
5015
5240
5002
5016
5241
5003
5017
5242
5004
5018
5243
5005
5019
5244
5006
5020
5245
5007
5021
5246
5008
5022
5247
5009
5023
5248
5010
5024
5249
5011
5025
5250
5026
5251
5013
5027
5252
5014
5028
5253
5015
5029
5254
5016
5030
5255
5017
5031
5256
5018
5032
5257
5019
5033
5258
5020
5034
5259
5021
5035
5260
5022
5036
5261
5023
5037
5262
5024
5038
5263
5025
5039
5264
5026
5040
5265
5041
5266
5028
5042
5267
5029
5043
5268
5030
5044
5269
5031
5045
5270
5032
5046
5271
5033
5047
5272
5034
5048
5273
5035
5049
5274
5036
5050
5275
5037
5051
5276
5038
5052
5277
5039
5053
5278
5040
5054
5279
5041
5055
5280
5056
5281
5043
5057
5282
5044
5058
5283
5045
5059
5284
5046
5060
5285
5047
5061
5286
5048
5062
5287
5049
5063
5288
5050
5064
5289
5051
5065
5290
5052
5066
5291
5053
5067
5292
5054
5068
5293
5055
5069
5294
5056
5070
5295
5071
5296
5058
5072
5297
5059
5073
5298
5060
5074
5299
5061
5075
5300
5062
5076
5301
5063
5077
5302
5064
5078
5303
5065
5079
5304
5066
5080
5305
5067
5081
5306
5068
5082
5307
5069
5083
5308
5070
5084
5309
5071
5085
5310
5086
5311
5073
5087
5312
5074
5088
5313
5075
5089
5314
5076
5090
5315
5077
5091
5316
5078
5092
5317
5079
5093
5318
5080
5094
5319
5081
5095
5320
5082
5096
5321
5083
5097
5322
5084
5098
5323
5085
5099
5324
5086
5100
5325
5101
5326
5088
5102
5327
5089
5103
5328
5090
5104
5329
5091
5105
5330
5092
5106
5331
5093
5107
5332
5094
5108
5333
5095
5109
5334
5096
5110
5335
5097
5111
5336
5098
5112
5337
5099
5113
5338
5100
5114
5339
5101
5115
5340
5116
5341
5103
5117
5342
5104
5118
5343
5105
5119
5344
5106
5120
5345
5107
5121
5346
5108
5122
5347
5109
5123
5348
5110
5124
5349
5111
5125
5350
5112
5126
5351
5113
5127
5352
5114
5128
5353
5115
5129
5354
5116
5130
5355
5131
5356
5118
5132
5357
5119
5133
5358
5120
5134
5359
5121
5135
5360
5122
5136
5361
5123
5137
5362
5124
5138
5363
5125
5139
5364
5126
5140
5365
5127
5141
5366
5128
5142
5367
5129
5143
5368
5130
5144
5369
5131
5145
5370
5146
5371
5133
5147
5372
5134
5148
5373
5135
5149
5374
5136
5150
5375
5137
5151
5376
5138
5152
5377
5139
5153
5378
5140
5154
5379
5141
5155
5380
5142
5156
5381
5143
5157
5382
5144
5158
5383
5145
5159
5384
5146
5160
5385
5161
5386
5148
5162
5387
5149
5163
5388
5150
5164
5389
5151
5165
5390
5152
5166
5391
5153
5167
5392
5154
5168
5393
5155
5169
5394
5156
5170
5395
5157
5171
5396
5158
5172
5397
5159
5173
5398
5160
5174
5399
5161
5175
5400
5176
5401
5163
5177
5402
5164
5178
5403
5165
5179
5404
5166
5180
5405
5167
5181
5406
5168
5182
5407
5169
5183
5408
5170
5184
5409
5171
5185
5410
5172
5186
5411
5173
5187
5412
5174
5188
5413
5175
5189
5414
5176
5190
5415
5191
5416
5178
5417
5179
5418
5180
5419
5181
5420
5182
5421
5183
5422
5184
5423
5185
5424
5186
5425
5187
5426
5188
5427
5189
5428
5190
5429
5191
5430
5431
5193
5207
5194
5208
5195
5209
5196
5210
5197
5211
5198
5212
5199
5213
5200
5214
5201
5215
5202
5216
5203
5217
5204
5218
5205
5219
5206
5220
5221
5208
5222
5209
5223
5210
5224
5211
5225
5212
5226
5213
5227
5214
5228
5215
5229
5216
5230
5217
5231
5218
5232
5219
5233
5220
5234
5221
5235
5236
5223
5237
5224
5238
5225
5239
5226
5240
5227
5241
5228
5242
5229
5243
5230
5244
5231
5245
5232
5246
5233
5247
5234
5248
5235
5249
5236
5250
5251
5238
5252
5239
5253
5240
5254
5241
5255
5242
5256
5243
5257
5244
5258
5245
5259
5246
5260
5247
5261
5248
5262
5249
5263
5250
5264
5251
5265
5266
5253
5267
5254
5268
5255
5269
5256
5270
5257
5271
5258
5272
5259
5273
5260
5274
5261
5275
5262
5276
5263
5277
5264
5278
5265
5279
5266
5280
5281
5268
5282
5269
5283
5270
5284
5271
5285
5272
5286
5273
5287
5274
5288
5275
5289
5276
5290
5277
5291
5278
5292
5279
5293
5280
5294
5281
5295
5296
5283
5297
5284
5298
5285
5299
5286
5300
5287
5301
5288
5302
5289
5303
5290
5304
5291
5305
5292
5306
5293
5307
5294
5308
5295
5309
5296
5310
5311
5298
5312
5299
5313
5300
5314
5301
5315
5302
5316
5303
5317
5304
5318
5305
5319
5306
5320
5307
5321
5308
5322
5309
5323
5310
5324
5311
5325
5326
5313
5327
5314
5328
5315
5329
5316
5330
5317
5331
5318
5332
5319
5333
5320
5334
5321
5335
5322
5336
5323
5337
5324
5338
5325
5339
5326
5340
5341
5328
5342
5329
5343
5330
5344
5331
5345
5332
5346
5333
5347
5334
5348
5335
5349
5336
5350
5337
5351
5338
5352
5339
5353
5340
5354
5341
5355
5356
5343
5357
5344
5358
5345
5359
5346
5360
5347
5361
5348
5362
5349
5363
5350
5364
5351
5365
5352
5366
5353
5367
5354
5368
5355
5369
5356
5370
5371
5358
5372
5359
5373
5360
5374
5361
5375
5362
5376
5363
5377
5364
5378
5365
5379
5366
5380
5367
5381
5368
5382
5369
5383
5370
5384
5371
5385
5386
5373
5387
5374
5388
5375
5389
5376
5390
5377
5391
5378
5392
5379
5393
5380
5394
5381
5395
5382
5396
5383
5397
5384
5398
5385
5399
5386
5400
5401
5388
5402
5389
5403
5390
5404
5391
5405
5392
5406
5393
5407
5394
5408
5395
5409
5396
5410
5397
5411
5398
5412
5399
5413
5400
5414
5401
5415
5416
5403
5417
5404
5418
5405
5419
5406
5420
5407
5421
5408
5422
5409
5423
5410
5424
5411
5425
5412
5426
5413
5427
5414
5428
5415
5429
5416
5430
5431
5418
5419
5420
5421
5422
5423
5424
5425
5426
5427
5428
5429
5430
5431
)


// ************************************************************************* //
