/*--------------------------------*- C++ -*----------------------------------*\
| =========                 |                                                 |
| \\      /  F ield         | OpenFOAM: The Open Source CFD Toolbox           |
|  \\    /   O peration     | Version:  2406                                  |
|   \\  /    A nd           | Website:  www.openfoam.com                      |
|    \\/     M anipulation  |                                                 |
\*---------------------------------------------------------------------------*/
FoamFile
{
    version     2.0;
    format      ascii;
    arch        "LSB;label=32;scalar=64";
    class       labelList;
    location    "constant/polyMesh";
    object      pointProcAddressing;
}
// * * * * * * * * * * * * * * * * * * * * * * * * * * * * * * * * * * * * * //


6473
(
37001
37002
37003
37004
37005
37006
37007
37008
37017
37018
37019
37020
37021
37022
37023
37024
37033
37034
37035
37036
37037
37038
37039
37040
37049
37050
37051
37052
37053
37054
37055
37056
37065
37066
37067
37068
37069
37070
37071
37072
37081
37082
37083
37084
37085
37086
37087
37088
37097
37098
37099
37100
37101
37102
37103
37104
37112
37113
37114
37115
37116
37117
37118
37119
37120
37128
37129
37130
37131
37132
37133
37134
37135
37136
37144
37145
37146
37147
37148
37149
37150
37151
37152
37160
37161
37162
37163
37164
37165
37166
37167
37168
37176
37177
37178
37179
37180
37181
37182
37183
37184
37191
37192
37193
37194
37195
37196
37197
37198
37199
37200
37207
37208
37209
37210
37211
37212
37213
37214
37215
37216
37223
37224
37225
37226
37227
37228
37229
37230
37231
37232
37239
37240
37241
37242
37243
37244
37245
37246
37247
37248
37255
37256
37257
37258
37259
37260
37261
37262
37263
37264
37529
37530
37531
37532
37533
37534
37535
37536
37545
37546
37547
37548
37549
37550
37551
37552
37561
37562
37563
37564
37565
37566
37567
37568
37577
37578
37579
37580
37581
37582
37583
37584
37593
37594
37595
37596
37597
37598
37599
37600
37609
37610
37611
37612
37613
37614
37615
37616
37624
37625
37626
37627
37628
37629
37630
37631
37632
37640
37641
37642
37643
37644
37645
37646
37647
37648
37656
37657
37658
37659
37660
37661
37662
37663
37664
37672
37673
37674
37675
37676
37677
37678
37679
37680
37688
37689
37690
37691
37692
37693
37694
37695
37696
37704
37705
37706
37707
37708
37709
37710
37711
37712
37719
37720
37721
37722
37723
37724
37725
37726
37727
37728
37735
37736
37737
37738
37739
37740
37741
37742
37743
37744
37751
37752
37753
37754
37755
37756
37757
37758
37759
37760
37767
37768
37769
37770
37771
37772
37773
37774
37775
37776
37783
37784
37785
37786
37787
37788
37789
37790
37791
37792
37799
37800
37801
37802
37803
37815
37816
37817
37818
37819
38057
38058
38059
38060
38061
38062
38063
38064
38073
38074
38075
38076
38077
38078
38079
38080
38089
38090
38091
38092
38093
38094
38095
38096
38105
38106
38107
38108
38109
38110
38111
38112
38121
38122
38123
38124
38125
38126
38127
38128
38137
38138
38139
38140
38141
38142
38143
38144
38152
38153
38154
38155
38156
38157
38158
38159
38160
38168
38169
38170
38171
38172
38173
38174
38175
38176
38184
38185
38186
38187
38188
38189
38190
38191
38192
38200
38201
38202
38203
38204
38205
38206
38207
38208
38216
38217
38218
38219
38220
38221
38222
38223
38224
38232
38233
38234
38235
38236
38237
38238
38239
38240
38247
38248
38249
38250
38251
38252
38253
38254
38255
38256
38263
38264
38265
38266
38267
38268
38269
38270
38271
38272
38279
38280
38281
38282
38283
38284
38285
38286
38287
38288
38295
38296
38297
38298
38299
38300
38301
38302
38303
38304
38311
38312
38313
38314
38315
38316
38317
38318
38319
38320
38327
38328
38329
38330
38331
38343
38344
38345
38346
38347
38585
38586
38587
38588
38589
38590
38591
38592
38601
38602
38603
38604
38605
38606
38607
38608
38617
38618
38619
38620
38621
38622
38623
38624
38633
38634
38635
38636
38637
38638
38639
38640
38649
38650
38651
38652
38653
38654
38655
38656
38665
38666
38667
38668
38669
38670
38671
38672
38680
38681
38682
38683
38684
38685
38686
38687
38688
38696
38697
38698
38699
38700
38701
38702
38703
38704
38712
38713
38714
38715
38716
38717
38718
38719
38720
38728
38729
38730
38731
38732
38733
38734
38735
38736
38744
38745
38746
38747
38748
38749
38750
38751
38752
38760
38761
38762
38763
38764
38765
38766
38767
38768
38775
38776
38777
38778
38779
38780
38781
38782
38783
38784
38791
38792
38793
38794
38795
38796
38797
38798
38799
38800
38807
38808
38809
38810
38811
38812
38813
38814
38815
38816
38823
38824
38825
38826
38827
38828
38829
38830
38831
38832
38839
38840
38841
38842
38843
38844
38845
38846
38847
38848
38855
38856
38857
38858
38859
38871
38872
38873
38874
38875
39113
39114
39115
39116
39117
39118
39119
39120
39129
39130
39131
39132
39133
39134
39135
39136
39145
39146
39147
39148
39149
39150
39151
39152
39161
39162
39163
39164
39165
39166
39167
39168
39177
39178
39179
39180
39181
39182
39183
39184
39193
39194
39195
39196
39197
39198
39199
39200
39208
39209
39210
39211
39212
39213
39214
39215
39216
39224
39225
39226
39227
39228
39229
39230
39231
39232
39240
39241
39242
39243
39244
39245
39246
39247
39248
39256
39257
39258
39259
39260
39261
39262
39263
39264
39272
39273
39274
39275
39276
39277
39278
39279
39280
39288
39289
39290
39291
39292
39293
39294
39295
39296
39304
39305
39306
39307
39308
39309
39310
39311
39312
39319
39320
39321
39322
39323
39324
39325
39326
39327
39328
39335
39336
39337
39338
39339
39340
39341
39342
39343
39344
39351
39352
39353
39354
39355
39356
39357
39358
39359
39360
39367
39368
39369
39370
39371
39372
39373
39374
39375
39376
39641
39642
39643
39644
39645
39646
39647
39648
39657
39658
39659
39660
39661
39662
39663
39664
39673
39674
39675
39676
39677
39678
39679
39680
39689
39690
39691
39692
39693
39694
39695
39696
39705
39706
39707
39708
39709
39710
39711
39712
39721
39722
39723
39724
39725
39726
39727
39728
39736
39737
39738
39739
39740
39741
39742
39743
39744
39752
39753
39754
39755
39756
39757
39758
39759
39760
39768
39769
39770
39771
39772
39773
39774
39775
39776
39784
39785
39786
39787
39788
39789
39790
39791
39792
39800
39801
39802
39803
39804
39805
39806
39807
39808
39816
39817
39818
39819
39820
39821
39822
39823
39824
39832
39833
39834
39835
39836
39837
39838
39839
39840
39848
39849
39850
39851
39852
39853
39854
39855
39856
39864
39865
39866
39867
39868
39869
39870
39871
39872
39880
39881
39882
39883
39884
39885
39886
39887
39888
39899
39900
39901
39902
39903
39904
40169
40170
40171
40172
40173
40174
40175
40176
40185
40186
40187
40188
40189
40190
40191
40192
40201
40202
40203
40204
40205
40206
40207
40208
40217
40218
40219
40220
40221
40222
40223
40224
40233
40234
40235
40236
40237
40238
40239
40240
40249
40250
40251
40252
40253
40254
40255
40256
40264
40265
40266
40267
40268
40269
40270
40271
40272
40280
40281
40282
40283
40284
40285
40286
40287
40288
40296
40297
40298
40299
40300
40301
40302
40303
40304
40312
40313
40314
40315
40316
40317
40318
40319
40320
40328
40329
40330
40331
40332
40333
40334
40335
40336
40344
40345
40346
40347
40348
40349
40350
40351
40352
40360
40361
40362
40363
40364
40365
40366
40367
40368
40376
40377
40378
40379
40380
40381
40382
40383
40384
40392
40393
40394
40395
40396
40397
40398
40399
40400
40408
40409
40410
40411
40412
40413
40414
40415
40416
40427
40428
40429
40430
40431
40432
40697
40698
40699
40700
40701
40702
40703
40704
40713
40714
40715
40716
40717
40718
40719
40720
40729
40730
40731
40732
40733
40734
40735
40736
40745
40746
40747
40748
40749
40750
40751
40752
40761
40762
40763
40764
40765
40766
40767
40768
40777
40778
40779
40780
40781
40782
40783
40784
40792
40793
40794
40795
40796
40797
40798
40799
40800
40808
40809
40810
40811
40812
40813
40814
40815
40816
40824
40825
40826
40827
40828
40829
40830
40831
40832
40840
40841
40842
40843
40844
40845
40846
40847
40848
40856
40857
40858
40859
40860
40861
40862
40863
40864
40872
40873
40874
40875
40876
40877
40878
40879
40880
40888
40889
40890
40891
40892
40893
40894
40895
40896
40904
40905
40906
40907
40908
40909
40910
40911
40912
40920
40921
40922
40923
40924
40925
40926
40927
40928
40936
40937
40938
40939
40940
40941
40942
40943
40944
40955
40956
40957
40958
40959
40960
41225
41226
41227
41228
41229
41230
41231
41232
41241
41242
41243
41244
41245
41246
41247
41248
41257
41258
41259
41260
41261
41262
41263
41264
41273
41274
41275
41276
41277
41278
41279
41280
41289
41290
41291
41292
41293
41294
41295
41296
41305
41306
41307
41308
41309
41310
41311
41312
41320
41321
41322
41323
41324
41325
41326
41327
41328
41336
41337
41338
41339
41340
41341
41342
41343
41344
41352
41353
41354
41355
41356
41357
41358
41359
41360
41368
41369
41370
41371
41372
41373
41374
41375
41376
41384
41385
41386
41387
41388
41389
41390
41391
41392
41400
41401
41402
41403
41404
41405
41406
41407
41408
41416
41417
41418
41419
41420
41421
41422
41423
41424
41432
41433
41434
41435
41436
41437
41438
41439
41440
41448
41449
41450
41451
41452
41453
41454
41455
41456
41464
41465
41466
41467
41468
41469
41470
41471
41472
41483
41484
41485
41486
41487
41488
41753
41754
41755
41756
41757
41758
41759
41760
41769
41770
41771
41772
41773
41774
41775
41776
41785
41786
41787
41788
41789
41790
41791
41792
41801
41802
41803
41804
41805
41806
41807
41808
41817
41818
41819
41820
41821
41822
41823
41824
41833
41834
41835
41836
41837
41838
41839
41840
41848
41849
41850
41851
41852
41853
41854
41855
41856
41864
41865
41866
41867
41868
41869
41870
41871
41872
41880
41881
41882
41883
41884
41885
41886
41887
41888
41896
41897
41898
41899
41900
41901
41902
41903
41904
41912
41913
41914
41915
41916
41917
41918
41919
41920
41928
41929
41930
41931
41932
41933
41934
41935
41936
41944
41945
41946
41947
41948
41949
41950
41951
41952
41960
41961
41962
41963
41964
41965
41966
41967
41968
41976
41977
41978
41979
41980
41981
41982
41983
41984
41992
41993
41994
41995
41996
41997
41998
41999
42000
42011
42012
42013
42014
42015
42016
50985
50986
50987
50988
50989
50990
50991
50992
50993
50994
50995
51009
51010
51011
51012
51013
51014
51015
51016
51017
51018
51019
51033
51034
51035
51036
51037
51038
51039
51040
51041
51042
51043
51057
51058
51059
51060
51061
51062
51063
51064
51065
51066
51067
51081
51082
51083
51084
51085
51086
51087
51088
51089
51090
51091
51105
51106
51107
51108
51109
51110
51111
51112
51113
51114
51115
51129
51130
51131
51132
51133
51134
51135
51136
51137
51138
51139
51153
51154
51155
51156
51157
51158
51159
51160
51161
51162
51163
51177
51178
51179
51180
51181
51182
51183
51184
51185
51186
51187
51201
51202
51203
51204
51205
51206
51207
51208
51209
51210
51211
51225
51226
51227
51228
51229
51230
51231
51232
51233
51234
51235
51249
51250
51251
51252
51253
51254
51255
51256
51257
51258
51259
51273
51274
51275
51276
51277
51278
51279
51280
51281
51282
51283
51297
51298
51299
51300
51301
51302
51303
51304
51305
51306
51307
51321
51322
51323
51324
51325
51326
51327
51328
51329
51330
51331
51345
51346
51347
51348
51349
51350
51351
51352
51353
51354
51355
51369
51370
51371
51372
51373
51374
51375
51376
51377
51378
51379
51777
51778
51779
51780
51781
51782
51783
51784
51785
51786
51787
51788
51789
51790
51791
51792
51801
51802
51803
51804
51805
51806
51807
51808
51809
51810
51811
51812
51813
51814
51815
51816
51825
51826
51827
51828
51829
51830
51831
51832
51833
51834
51835
51836
51837
51838
51839
51840
51849
51850
51851
51852
51853
51854
51855
51856
51857
51858
51859
51860
51861
51862
51863
51864
51873
51874
51875
51876
51877
51878
51879
51880
51881
51882
51883
51884
51885
51886
51887
51888
51897
51898
51899
51900
51901
51902
51903
51904
51905
51906
51907
51908
51909
51910
51911
51912
51921
51922
51923
51924
51925
51926
51927
51928
51929
51930
51931
51932
51933
51934
51935
51936
51945
51946
51947
51948
51949
51950
51951
51952
51953
51954
51955
51956
51957
51958
51959
51960
51969
51970
51971
51972
51973
51974
51975
51976
51977
51978
51979
51980
51981
51982
51983
51984
51993
51994
51995
51996
51997
51998
51999
52000
52001
52002
52003
52004
52005
52006
52007
52008
52017
52018
52019
52020
52021
52022
52023
52024
52025
52026
52027
52028
52029
52030
52031
52032
52041
52042
52043
52044
52045
52046
52047
52048
52049
52050
52051
52052
52053
52054
52055
52056
52065
52066
52067
52068
52069
52070
52071
52072
52073
52074
52075
52076
52077
52078
52079
52080
52089
52090
52091
52092
52093
52094
52095
52096
52097
52098
52099
52100
52101
52102
52103
52104
52113
52114
52115
52116
52117
52118
52119
52120
52121
52122
52123
52124
52125
52126
52127
52128
52137
52138
52139
52140
52141
52142
52143
52144
52145
52146
52147
52148
52149
52150
52151
52152
52161
52162
52163
52164
52165
52166
52167
52168
52169
52170
52171
52172
52173
52174
52175
52176
52569
52570
52571
52572
52573
52574
52575
52576
52577
52578
52579
52580
52581
52582
52583
52584
52593
52594
52595
52596
52597
52598
52599
52600
52601
52602
52603
52604
52605
52606
52607
52608
52617
52618
52619
52620
52621
52622
52623
52624
52625
52626
52627
52628
52629
52630
52631
52632
52641
52642
52643
52644
52645
52646
52647
52648
52649
52650
52651
52652
52653
52654
52655
52656
52665
52666
52667
52668
52669
52670
52671
52672
52673
52674
52675
52676
52677
52678
52679
52680
52689
52690
52691
52692
52693
52694
52695
52696
52697
52698
52699
52700
52701
52702
52703
52704
52713
52714
52715
52716
52717
52718
52719
52720
52721
52722
52723
52724
52725
52726
52727
52728
52737
52738
52739
52740
52741
52742
52743
52744
52745
52746
52747
52748
52749
52750
52751
52752
52761
52762
52763
52764
52765
52766
52767
52768
52769
52770
52771
52772
52773
52774
52775
52776
52785
52786
52787
52788
52789
52790
52791
52792
52793
52794
52795
52796
52797
52798
52799
52800
52809
52810
52811
52812
52813
52814
52815
52816
52817
52818
52819
52820
52821
52822
52823
52824
52833
52834
52835
52836
52837
52838
52839
52840
52841
52842
52843
52844
52845
52846
52847
52848
52857
52858
52859
52860
52861
52862
52863
52864
52865
52866
52867
52868
52869
52870
52871
52872
52881
52882
52883
52884
52885
52886
52887
52888
52889
52890
52891
52892
52893
52894
52895
52896
52905
52906
52907
52908
52909
52910
52911
52912
52913
52914
52915
52916
52917
52918
52919
52920
52929
52930
52931
52932
52933
52934
52935
52936
52937
52938
52939
52940
52941
52942
52943
52944
52953
52954
52955
52956
52957
52958
52959
52960
52961
52962
52963
52964
52965
52966
52967
52968
53361
53362
53363
53364
53365
53366
53367
53368
53369
53370
53371
53372
53373
53374
53375
53376
53385
53386
53387
53388
53389
53390
53391
53392
53393
53394
53395
53396
53397
53398
53399
53400
53409
53410
53411
53412
53413
53414
53415
53416
53417
53418
53419
53420
53421
53422
53423
53424
53433
53434
53435
53436
53437
53438
53439
53440
53441
53442
53443
53444
53445
53446
53447
53448
53457
53458
53459
53460
53461
53462
53463
53464
53465
53466
53467
53468
53469
53470
53471
53472
53481
53482
53483
53484
53485
53486
53487
53488
53489
53490
53491
53492
53493
53494
53495
53496
53505
53506
53507
53508
53509
53510
53511
53512
53513
53514
53515
53516
53517
53518
53519
53520
53529
53530
53531
53532
53533
53534
53535
53536
53537
53538
53539
53540
53541
53542
53543
53544
53553
53554
53555
53556
53557
53558
53559
53560
53561
53562
53563
53564
53565
53566
53567
53568
53577
53578
53579
53580
53581
53582
53583
53584
53585
53586
53587
53588
53589
53590
53591
53592
53601
53602
53603
53604
53605
53606
53607
53608
53609
53610
53611
53612
53613
53614
53615
53616
53625
53626
53627
53628
53629
53630
53631
53632
53633
53634
53635
53636
53637
53638
53639
53640
53649
53650
53651
53652
53653
53654
53655
53656
53657
53658
53659
53660
53661
53662
53663
53664
53673
53674
53675
53676
53677
53678
53679
53680
53681
53682
53683
53684
53685
53686
53687
53688
53697
53698
53699
53700
53701
53702
53703
53704
53705
53706
53707
53708
53709
53710
53711
53712
53721
53722
53723
53724
53725
53726
53727
53728
53729
53730
53731
53732
53733
53734
53735
53736
53745
53746
53747
53748
53749
53750
53751
53752
53753
53754
53755
53756
53757
53758
53759
53760
54153
54154
54155
54156
54157
54158
54159
54160
54161
54162
54163
54164
54165
54166
54167
54168
54177
54178
54179
54180
54181
54182
54183
54184
54185
54186
54187
54188
54189
54190
54191
54192
54201
54202
54203
54204
54205
54206
54207
54208
54209
54210
54211
54212
54213
54214
54215
54216
54225
54226
54227
54228
54229
54230
54231
54232
54233
54234
54235
54236
54237
54238
54239
54240
54249
54250
54251
54252
54253
54254
54255
54256
54257
54258
54259
54260
54261
54262
54263
54264
54273
54274
54275
54276
54277
54278
54279
54280
54281
54282
54283
54284
54285
54286
54287
54288
54297
54298
54299
54300
54301
54302
54303
54304
54305
54306
54307
54308
54309
54310
54311
54312
54321
54322
54323
54324
54325
54326
54327
54328
54329
54330
54331
54332
54333
54334
54335
54336
54345
54346
54347
54348
54349
54350
54351
54352
54353
54354
54355
54356
54357
54358
54359
54360
54369
54370
54371
54372
54373
54374
54375
54376
54377
54378
54379
54380
54381
54382
54383
54384
54393
54394
54395
54396
54397
54398
54399
54400
54401
54402
54403
54404
54405
54406
54407
54408
54417
54418
54419
54420
54421
54422
54423
54424
54425
54426
54427
54428
54429
54430
54431
54432
54441
54442
54443
54444
54445
54446
54447
54448
54449
54450
54451
54452
54453
54454
54455
54456
54465
54466
54467
54468
54469
54470
54471
54472
54473
54474
54475
54476
54477
54478
54479
54480
54489
54490
54491
54492
54493
54494
54495
54496
54497
54498
54499
54500
54501
54502
54503
54504
54513
54514
54515
54516
54517
54518
54519
54520
54521
54522
54523
54524
54525
54526
54527
54528
54537
54538
54539
54540
54541
54542
54543
54544
54545
54546
54547
54548
54549
54550
54551
54552
54945
54946
54947
54948
54949
54950
54951
54952
54953
54954
54955
54956
54957
54958
54959
54960
54969
54970
54971
54972
54973
54974
54975
54976
54977
54978
54979
54980
54981
54982
54983
54984
54993
54994
54995
54996
54997
54998
54999
55000
55001
55002
55003
55004
55005
55006
55007
55008
55017
55018
55019
55020
55021
55022
55023
55024
55025
55026
55027
55028
55029
55030
55031
55032
55041
55042
55043
55044
55045
55046
55047
55048
55049
55050
55051
55052
55053
55054
55055
55056
55065
55066
55067
55068
55069
55070
55071
55072
55073
55074
55075
55076
55077
55078
55079
55080
55089
55090
55091
55092
55093
55094
55095
55096
55097
55098
55099
55100
55101
55102
55103
55104
55113
55114
55115
55116
55117
55118
55119
55120
55121
55122
55123
55124
55125
55126
55127
55128
55137
55138
55139
55140
55141
55142
55143
55144
55145
55146
55147
55148
55149
55150
55151
55152
55161
55162
55163
55164
55165
55166
55167
55168
55169
55170
55171
55172
55173
55174
55175
55176
55185
55186
55187
55188
55189
55190
55191
55192
55193
55194
55195
55196
55197
55198
55199
55200
55209
55210
55211
55212
55213
55214
55215
55216
55217
55218
55219
55220
55221
55222
55223
55224
55233
55234
55235
55236
55237
55238
55239
55240
55241
55242
55243
55244
55245
55246
55247
55248
55257
55258
55259
55260
55261
55262
55263
55264
55265
55266
55267
55268
55269
55270
55271
55272
55281
55282
55283
55284
55285
55286
55287
55288
55289
55290
55291
55292
55293
55294
55295
55296
55305
55306
55307
55308
55309
55310
55311
55312
55313
55314
55315
55316
55317
55318
55319
55320
55329
55330
55331
55332
55333
55334
55335
55336
55337
55338
55339
55340
55341
55342
55343
55344
55737
55738
55739
55740
55741
55742
55743
55744
55745
55746
55747
55748
55749
55750
55751
55752
55761
55762
55763
55764
55765
55766
55767
55768
55769
55770
55771
55772
55773
55774
55775
55776
55785
55786
55787
55788
55789
55790
55791
55792
55793
55794
55795
55796
55797
55798
55799
55800
55809
55810
55811
55812
55813
55814
55815
55816
55817
55818
55819
55820
55821
55822
55823
55824
55833
55834
55835
55836
55837
55838
55839
55840
55841
55842
55843
55844
55845
55846
55847
55848
55857
55858
55859
55860
55861
55862
55863
55864
55865
55866
55867
55868
55869
55870
55871
55872
55881
55882
55883
55884
55885
55886
55887
55888
55889
55890
55891
55892
55893
55894
55895
55896
55905
55906
55907
55908
55909
55910
55911
55912
55913
55914
55915
55916
55917
55918
55919
55920
55929
55930
55931
55932
55933
55934
55935
55936
55937
55938
55939
55940
55941
55942
55943
55944
55953
55954
55955
55956
55957
55958
55959
55960
55961
55962
55963
55964
55965
55966
55967
55968
55977
55978
55979
55980
55981
55982
55983
55984
55985
55986
55987
55988
55989
55990
55991
55992
56001
56002
56003
56004
56005
56006
56007
56008
56009
56010
56011
56012
56013
56014
56015
56016
56025
56026
56027
56028
56029
56030
56031
56032
56033
56034
56035
56036
56037
56038
56039
56040
56049
56050
56051
56052
56053
56054
56055
56056
56057
56058
56059
56060
56061
56062
56063
56064
56073
56074
56075
56076
56077
56078
56079
56080
56081
56082
56083
56084
56085
56086
56087
56088
56097
56098
56099
56100
56101
56102
56103
56104
56105
56106
56107
56108
56109
56110
56111
56112
56121
56122
56123
56124
56125
56126
56127
56128
56129
56130
56131
56132
56133
56134
56135
56136
56529
56530
56531
56532
56533
56534
56535
56536
56537
56538
56539
56540
56541
56542
56543
56544
56553
56554
56555
56556
56557
56558
56559
56560
56561
56562
56563
56564
56565
56566
56567
56568
56577
56578
56579
56580
56581
56582
56583
56584
56585
56586
56587
56588
56589
56590
56591
56592
56601
56602
56603
56604
56605
56606
56607
56608
56609
56610
56611
56612
56613
56614
56615
56616
56625
56626
56627
56628
56629
56630
56631
56632
56633
56634
56635
56636
56637
56638
56639
56640
56649
56650
56651
56652
56653
56654
56655
56656
56657
56658
56659
56660
56661
56662
56663
56664
56673
56674
56675
56676
56677
56678
56679
56680
56681
56682
56683
56684
56685
56686
56687
56688
56697
56698
56699
56700
56701
56702
56703
56704
56705
56706
56707
56708
56709
56710
56711
56712
56721
56722
56723
56724
56725
56726
56727
56728
56729
56730
56731
56732
56733
56734
56735
56736
56745
56746
56747
56748
56749
56750
56751
56752
56753
56754
56755
56756
56757
56758
56759
56760
56769
56770
56771
56772
56773
56774
56775
56776
56777
56778
56779
56780
56781
56782
56783
56784
56793
56794
56795
56796
56797
56798
56799
56800
56801
56802
56803
56804
56805
56806
56807
56808
56817
56818
56819
56820
56821
56822
56823
56824
56825
56826
56827
56828
56829
56830
56831
56832
56841
56842
56843
56844
56845
56846
56847
56848
56849
56850
56851
56852
56853
56854
56855
56856
56865
56866
56867
56868
56869
56870
56871
56872
56873
56874
56875
56876
56877
56878
56879
56880
56889
56890
56891
56892
56893
56894
56895
56896
56897
56898
56899
56900
56901
56902
56903
56904
56913
56914
56915
56916
56917
56918
56919
56920
56921
56922
56923
56924
56925
56926
56927
56928
57321
57322
57323
57324
57325
57326
57327
57328
57329
57330
57331
57332
57333
57334
57335
57345
57346
57347
57348
57349
57350
57351
57352
57353
57354
57355
57356
57357
57358
57359
57369
57370
57371
57372
57373
57374
57375
57376
57377
57378
57379
57380
57381
57382
57383
57393
57394
57395
57396
57397
57398
57399
57400
57401
57402
57403
57404
57405
57406
57407
57417
57418
57419
57420
57421
57422
57423
57424
57425
57426
57427
57428
57429
57430
57431
57441
57442
57443
57444
57445
57446
57447
57448
57449
57450
57451
57452
57453
57454
57455
57465
57466
57467
57468
57469
57470
57471
57472
57473
57474
57475
57476
57477
57478
57479
57489
57490
57491
57492
57493
57494
57495
57496
57497
57498
57499
57500
57501
57502
57503
57513
57514
57515
57516
57517
57518
57519
57520
57521
57522
57523
57524
57525
57526
57527
57537
57538
57539
57540
57541
57542
57543
57544
57545
57546
57547
57548
57549
57550
57551
57561
57562
57563
57564
57565
57566
57567
57568
57569
57570
57571
57572
57573
57574
57575
57585
57586
57587
57588
57589
57590
57591
57592
57593
57594
57595
57596
57597
57598
57599
57609
57610
57611
57612
57613
57614
57615
57616
57617
57618
57619
57620
57621
57622
57623
57633
57634
57635
57636
57637
57638
57639
57640
57641
57642
57643
57644
57645
57646
57647
57657
57658
57659
57660
57661
57662
57663
57664
57665
57666
57667
57668
57669
57670
57671
57681
57682
57683
57684
57685
57686
57687
57688
57689
57690
57691
57692
57693
57694
57695
57705
57706
57707
57708
57709
57710
57711
57712
57713
57714
57715
57716
57717
57718
57719
58113
58114
58115
58116
58117
58118
58119
58120
58121
58122
58123
58124
58125
58126
58127
58137
58138
58139
58140
58141
58142
58143
58144
58145
58146
58147
58148
58149
58150
58151
58161
58162
58163
58164
58165
58166
58167
58168
58169
58170
58171
58172
58173
58174
58175
58185
58186
58187
58188
58189
58190
58191
58192
58193
58194
58195
58196
58197
58198
58199
58209
58210
58211
58212
58213
58214
58215
58216
58217
58218
58219
58220
58221
58222
58223
58233
58234
58235
58236
58237
58238
58239
58240
58241
58242
58243
58244
58245
58246
58247
58257
58258
58259
58260
58261
58262
58263
58264
58265
58266
58267
58268
58269
58270
58271
58281
58282
58283
58284
58285
58286
58287
58288
58289
58290
58291
58292
58293
58294
58295
58305
58306
58307
58308
58309
58310
58311
58312
58313
58314
58315
58316
58317
58318
58319
58329
58330
58331
58332
58333
58334
58335
58336
58337
58338
58339
58340
58341
58342
58343
58353
58354
58355
58356
58357
58358
58359
58360
58361
58362
58363
58364
58365
58366
58367
58377
58378
58379
58380
58381
58382
58383
58384
58385
58386
58387
58388
58389
58390
58391
58401
58402
58403
58404
58405
58406
58407
58408
58409
58410
58411
58412
58413
58414
58415
58425
58426
58427
58428
58429
58430
58431
58432
58433
58434
58435
58436
58437
58438
58439
58449
58450
58451
58452
58453
58454
58455
58456
58457
58458
58459
58460
58461
58462
58463
58473
58474
58475
58476
58477
58478
58479
58480
58481
58482
58483
58484
58485
58486
58487
58497
58498
58499
58500
58501
58502
58503
58504
58505
58506
58507
58508
58509
58510
58511
81683
81684
81685
81686
81687
81688
81689
81690
81699
81700
81701
81702
81703
81704
81705
81706
81715
81716
81717
81718
81719
81720
81721
81722
81731
81732
81733
81734
81735
81736
81737
81738
81747
81748
81749
81750
81751
81752
81753
81754
81763
81764
81765
81766
81767
81768
81769
81770
81778
81779
81780
81781
81782
81783
81784
81785
81786
81794
81795
81796
81797
81798
81799
81800
81801
81802
81810
81811
81812
81813
81814
81815
81816
81817
81818
81826
81827
81828
81829
81830
81831
81832
81833
81834
81842
81843
81844
81845
81846
81847
81848
81849
81850
81858
81859
81860
81861
81862
81863
81864
81865
81866
81874
81875
81876
81877
81878
81879
81880
81881
81882
81890
81891
81892
81893
81894
81895
81896
81897
81898
81906
81907
81908
81909
81910
81911
81912
81913
81914
81922
81923
81924
81925
81926
81927
81928
81929
81930
81941
81942
81943
81944
81945
81946
82211
82212
82213
82214
82215
82216
82217
82218
82227
82228
82229
82230
82231
82232
82233
82234
82243
82244
82245
82246
82247
82248
82249
82250
82259
82260
82261
82262
82263
82264
82265
82266
82275
82276
82277
82278
82279
82280
82281
82282
82291
82292
82293
82294
82295
82296
82297
82298
82306
82307
82308
82309
82310
82311
82312
82313
82314
82322
82323
82324
82325
82326
82327
82328
82329
82330
82338
82339
82340
82341
82342
82343
82344
82345
82346
82354
82355
82356
82357
82358
82359
82360
82361
82362
82370
82371
82372
82373
82374
82375
82376
82377
82378
82386
82387
82388
82389
82390
82391
82392
82393
82394
82402
82403
82404
82405
82406
82407
82408
82409
82410
82418
82419
82420
82421
82422
82423
82424
82425
82426
82434
82435
82436
82437
82438
82439
82440
82441
82442
82450
82451
82452
82453
82454
82455
82456
82457
82458
82469
82470
82471
82472
82473
82474
82739
82740
82741
82742
82743
82744
82745
82746
82755
82756
82757
82758
82759
82760
82761
82762
82771
82772
82773
82774
82775
82776
82777
82778
82787
82788
82789
82790
82791
82792
82793
82794
82803
82804
82805
82806
82807
82808
82809
82810
82819
82820
82821
82822
82823
82824
82825
82826
82834
82835
82836
82837
82838
82839
82840
82841
82842
82850
82851
82852
82853
82854
82855
82856
82857
82858
82866
82867
82868
82869
82870
82871
82872
82873
82874
82882
82883
82884
82885
82886
82887
82888
82889
82890
82898
82899
82900
82901
82902
82903
82904
82905
82906
82914
82915
82916
82917
82918
82919
82920
82921
82922
82930
82931
82932
82933
82934
82935
82936
82937
82938
82946
82947
82948
82949
82950
82951
82952
82953
82954
82962
82963
82964
82965
82966
82967
82968
82969
82970
82978
82979
82980
82981
82982
82983
82984
82985
82986
82997
82998
82999
83000
83001
83002
83267
83268
83269
83270
83271
83272
83273
83274
83283
83284
83285
83286
83287
83288
83289
83290
83299
83300
83301
83302
83303
83304
83305
83306
83315
83316
83317
83318
83319
83320
83321
83322
83331
83332
83333
83334
83335
83336
83337
83338
83347
83348
83349
83350
83351
83352
83353
83354
83363
83364
83365
83366
83367
83368
83369
83370
83379
83380
83381
83382
83383
83384
83385
83386
83395
83396
83397
83398
83399
83400
83401
83402
83411
83412
83413
83414
83415
83416
83417
83418
83427
83428
83429
83430
83431
83432
83433
83434
83443
83444
83445
83446
83447
83448
83449
83450
83459
83460
83461
83462
83463
83464
83465
83466
83475
83476
83477
83478
83479
83480
83481
83482
83491
83492
83493
83494
83495
83496
83497
83498
83507
83508
83509
83510
83511
83512
83513
83514
83525
83526
83527
83528
83529
83530
83795
83796
83797
83798
83799
83800
83801
83802
83811
83812
83813
83814
83815
83816
83817
83818
83827
83828
83829
83830
83831
83832
83833
83834
83843
83844
83845
83846
83847
83848
83849
83850
83859
83860
83861
83862
83863
83864
83865
83866
83875
83876
83877
83878
83879
83880
83881
83882
83891
83892
83893
83894
83895
83896
83897
83898
83907
83908
83909
83910
83911
83912
83913
83914
83923
83924
83925
83926
83927
83928
83929
83930
83939
83940
83941
83942
83943
83944
83945
83946
83955
83956
83957
83958
83959
83960
83961
83962
83971
83972
83973
83974
83975
83976
83977
83978
83987
83988
83989
83990
83991
83992
83993
83994
84003
84004
84005
84006
84007
84008
84009
84010
84019
84020
84021
84022
84023
84024
84025
84026
84035
84036
84037
84038
84039
84040
84041
84042
84053
84054
84055
84056
84057
84058
84323
84324
84325
84326
84327
84328
84329
84330
84339
84340
84341
84342
84343
84344
84345
84346
84355
84356
84357
84358
84359
84360
84361
84362
84371
84372
84373
84374
84375
84376
84377
84378
84387
84388
84389
84390
84391
84392
84393
84394
84403
84404
84405
84406
84407
84408
84409
84410
84419
84420
84421
84422
84423
84424
84425
84426
84435
84436
84437
84438
84439
84440
84441
84442
84451
84452
84453
84454
84455
84456
84457
84458
84467
84468
84469
84470
84471
84472
84473
84474
84483
84484
84485
84486
84487
84488
84489
84490
84499
84500
84501
84502
84503
84504
84505
84506
84515
84516
84517
84518
84519
84520
84521
84522
84531
84532
84533
84534
84535
84536
84537
84538
84547
84548
84549
84550
84551
84552
84553
84554
84563
84564
84565
84566
84567
84568
84569
84570
84581
84582
84583
84584
84585
84586
84843
84844
84845
84846
84847
84848
84849
84850
84851
84852
84853
84854
84855
84856
84857
84867
84868
84869
84870
84871
84872
84873
84874
84875
84876
84877
84878
84879
84880
84881
84891
84892
84893
84894
84895
84896
84897
84898
84899
84900
84901
84902
84903
84904
84905
84915
84916
84917
84918
84919
84920
84921
84922
84923
84924
84925
84926
84927
84928
84929
84939
84940
84941
84942
84943
84944
84945
84946
84947
84948
84949
84950
84951
84952
84953
84963
84964
84965
84966
84967
84968
84969
84970
84971
84972
84973
84974
84975
84976
84977
84987
84988
84989
84990
84991
84992
84993
84994
84995
84996
84997
84998
84999
85000
85001
85011
85012
85013
85014
85015
85016
85017
85018
85019
85020
85021
85022
85023
85024
85025
85035
85036
85037
85038
85039
85040
85041
85042
85043
85044
85045
85046
85047
85048
85049
85059
85060
85061
85062
85063
85064
85065
85066
85067
85068
85069
85070
85071
85072
85073
85083
85084
85085
85086
85087
85088
85089
85090
85091
85092
85093
85094
85095
85096
85097
85107
85108
85109
85110
85111
85112
85113
85114
85115
85116
85117
85118
85119
85120
85121
85131
85132
85133
85134
85135
85136
85137
85138
85139
85140
85141
85142
85143
85144
85145
85155
85156
85157
85158
85159
85160
85161
85162
85163
85164
85165
85166
85167
85168
85169
85179
85180
85181
85182
85183
85184
85185
85186
85187
85188
85189
85190
85191
85192
85193
85203
85204
85205
85206
85207
85208
85209
85210
85211
85212
85213
85214
85215
85216
85217
85227
85228
85229
85230
85231
85232
85233
85234
85235
85236
85237
85238
85239
85240
85241
85635
85636
85637
85638
85639
85640
85641
85642
85643
85644
85645
85646
85647
85648
85649
85659
85660
85661
85662
85663
85664
85665
85666
85667
85668
85669
85670
85671
85672
85673
85683
85684
85685
85686
85687
85688
85689
85690
85691
85692
85693
85694
85695
85696
85697
85707
85708
85709
85710
85711
85712
85713
85714
85715
85716
85717
85718
85719
85720
85721
85731
85732
85733
85734
85735
85736
85737
85738
85739
85740
85741
85742
85743
85744
85745
85755
85756
85757
85758
85759
85760
85761
85762
85763
85764
85765
85766
85767
85768
85769
85779
85780
85781
85782
85783
85784
85785
85786
85787
85788
85789
85790
85791
85792
85793
85803
85804
85805
85806
85807
85808
85809
85810
85811
85812
85813
85814
85815
85816
85817
85827
85828
85829
85830
85831
85832
85833
85834
85835
85836
85837
85838
85839
85840
85841
85851
85852
85853
85854
85855
85856
85857
85858
85859
85860
85861
85862
85863
85864
85865
85875
85876
85877
85878
85879
85880
85881
85882
85883
85884
85885
85886
85887
85888
85889
85899
85900
85901
85902
85903
85904
85905
85906
85907
85908
85909
85910
85911
85912
85913
85923
85924
85925
85926
85927
85928
85929
85930
85931
85932
85933
85934
85935
85936
85937
85947
85948
85949
85950
85951
85952
85953
85954
85955
85956
85957
85958
85959
85960
85961
85971
85972
85973
85974
85975
85976
85977
85978
85979
85980
85981
85982
85983
85984
85985
85995
85996
85997
85998
85999
86000
86001
86002
86003
86004
86005
86006
86007
86008
86009
86019
86020
86021
86022
86023
86024
86025
86026
86027
86028
86029
86030
86031
86032
86033
86427
86428
86429
86430
86431
86432
86433
86434
86435
86436
86437
86438
86439
86440
86441
86451
86452
86453
86454
86455
86456
86457
86458
86459
86460
86461
86462
86463
86464
86465
86475
86476
86477
86478
86479
86480
86481
86482
86483
86484
86485
86486
86487
86488
86489
86499
86500
86501
86502
86503
86504
86505
86506
86507
86508
86509
86510
86511
86512
86513
86523
86524
86525
86526
86527
86528
86529
86530
86531
86532
86533
86534
86535
86536
86537
86547
86548
86549
86550
86551
86552
86553
86554
86555
86556
86557
86558
86559
86560
86561
86571
86572
86573
86574
86575
86576
86577
86578
86579
86580
86581
86582
86583
86584
86585
86595
86596
86597
86598
86599
86600
86601
86602
86603
86604
86605
86606
86607
86608
86609
86619
86620
86621
86622
86623
86624
86625
86626
86627
86628
86629
86630
86631
86632
86633
86643
86644
86645
86646
86647
86648
86649
86650
86651
86652
86653
86654
86655
86656
86657
86667
86668
86669
86670
86671
86672
86673
86674
86675
86676
86677
86678
86679
86680
86681
86691
86692
86693
86694
86695
86696
86697
86698
86699
86700
86701
86702
86703
86704
86705
86715
86716
86717
86718
86719
86720
86721
86722
86723
86724
86725
86726
86727
86728
86729
86739
86740
86741
86742
86743
86744
86745
86746
86747
86748
86749
86750
86751
86752
86753
86763
86764
86765
86766
86767
86768
86769
86770
86771
86772
86773
86774
86775
86776
86777
86787
86788
86789
86790
86791
86792
86793
86794
86795
86796
86797
86798
86799
86800
86801
86811
86812
86813
86814
86815
86816
86817
86818
86819
86820
86821
86822
86823
86824
86825
87219
87220
87221
87222
87223
87224
87225
87226
87227
87228
87229
87230
87231
87232
87233
87243
87244
87245
87246
87247
87248
87249
87250
87251
87252
87253
87254
87255
87256
87257
87267
87268
87269
87270
87271
87272
87273
87274
87275
87276
87277
87278
87279
87280
87281
87291
87292
87293
87294
87295
87296
87297
87298
87299
87300
87301
87302
87303
87304
87305
87315
87316
87317
87318
87319
87320
87321
87322
87323
87324
87325
87326
87327
87328
87329
87339
87340
87341
87342
87343
87344
87345
87346
87347
87348
87349
87350
87351
87352
87353
87363
87364
87365
87366
87367
87368
87369
87370
87371
87372
87373
87374
87375
87376
87377
87387
87388
87389
87390
87391
87392
87393
87394
87395
87396
87397
87398
87399
87400
87401
87411
87412
87413
87414
87415
87416
87417
87418
87419
87420
87421
87422
87423
87424
87425
87435
87436
87437
87438
87439
87440
87441
87442
87443
87444
87445
87446
87447
87448
87449
87459
87460
87461
87462
87463
87464
87465
87466
87467
87468
87469
87470
87471
87472
87473
87483
87484
87485
87486
87487
87488
87489
87490
87491
87492
87493
87494
87495
87496
87497
87507
87508
87509
87510
87511
87512
87513
87514
87515
87516
87517
87518
87519
87520
87521
87531
87532
87533
87534
87535
87536
87537
87538
87539
87540
87541
87542
87543
87544
87545
87555
87556
87557
87558
87559
87560
87561
87562
87563
87564
87565
87566
87567
87568
87569
87579
87580
87581
87582
87583
87584
87585
87586
87587
87588
87589
87590
87591
87592
87593
87603
87604
87605
87606
87607
87608
87609
87610
87611
87612
87613
87614
87615
87616
87617
88011
88012
88013
88014
88015
88016
88017
88018
88019
88020
88021
88022
88023
88024
88025
88035
88036
88037
88038
88039
88040
88041
88042
88043
88044
88045
88046
88047
88048
88049
88059
88060
88061
88062
88063
88064
88065
88066
88067
88068
88069
88070
88071
88072
88073
88083
88084
88085
88086
88087
88088
88089
88090
88091
88092
88093
88094
88095
88096
88097
88107
88108
88109
88110
88111
88112
88113
88114
88115
88116
88117
88118
88119
88120
88121
88131
88132
88133
88134
88135
88136
88137
88138
88139
88140
88141
88142
88143
88144
88145
88155
88156
88157
88158
88159
88160
88161
88162
88163
88164
88165
88166
88167
88168
88169
88179
88180
88181
88182
88183
88184
88185
88186
88187
88188
88189
88190
88191
88192
88193
88203
88204
88205
88206
88207
88208
88209
88210
88211
88212
88213
88214
88215
88216
88217
88227
88228
88229
88230
88231
88232
88233
88234
88235
88236
88237
88238
88239
88240
88241
88251
88252
88253
88254
88255
88256
88257
88258
88259
88260
88261
88262
88263
88264
88265
88275
88276
88277
88278
88279
88280
88281
88282
88283
88284
88285
88286
88287
88288
88289
88299
88300
88301
88302
88303
88304
88305
88306
88307
88308
88309
88310
88311
88312
88313
88323
88324
88325
88326
88327
88328
88329
88330
88331
88332
88333
88334
88335
88336
88337
88347
88348
88349
88350
88351
88352
88353
88354
88355
88356
88357
88358
88359
88360
88361
88371
88372
88373
88374
88375
88376
88377
88378
88379
88380
88381
88382
88383
88384
88385
88395
88396
88397
88398
88399
88400
88401
88402
88403
88404
88405
88406
88407
88408
88409
88803
88804
88805
88806
88807
88808
88809
88810
88811
88812
88813
88814
88815
88816
88817
88827
88828
88829
88830
88831
88832
88833
88834
88835
88836
88837
88838
88839
88840
88841
88851
88852
88853
88854
88855
88856
88857
88858
88859
88860
88861
88862
88863
88864
88865
88875
88876
88877
88878
88879
88880
88881
88882
88883
88884
88885
88886
88887
88888
88889
88899
88900
88901
88902
88903
88904
88905
88906
88907
88908
88909
88910
88911
88912
88913
88923
88924
88925
88926
88927
88928
88929
88930
88931
88932
88933
88934
88935
88936
88937
88947
88948
88949
88950
88951
88952
88953
88954
88955
88956
88957
88958
88959
88960
88961
88971
88972
88973
88974
88975
88976
88977
88978
88979
88980
88981
88982
88983
88984
88985
88995
88996
88997
88998
88999
89000
89001
89002
89003
89004
89005
89006
89007
89008
89009
89019
89020
89021
89022
89023
89024
89025
89026
89027
89028
89029
89030
89031
89032
89033
89043
89044
89045
89046
89047
89048
89049
89050
89051
89052
89053
89054
89055
89056
89057
89067
89068
89069
89070
89071
89072
89073
89074
89075
89076
89077
89078
89079
89080
89081
89091
89092
89093
89094
89095
89096
89097
89098
89099
89100
89101
89102
89103
89104
89105
89115
89116
89117
89118
89119
89120
89121
89122
89123
89124
89125
89126
89127
89128
89129
89139
89140
89141
89142
89143
89144
89145
89146
89147
89148
89149
89150
89151
89152
89153
89163
89164
89165
89166
89167
89168
89169
89170
89171
89172
89173
89174
89175
89176
89177
89187
89188
89189
89190
89191
89192
89193
89194
89195
89196
89197
89198
89199
89200
89201
)


// ************************************************************************* //
