/*--------------------------------*- C++ -*----------------------------------*\
| =========                 |                                                 |
| \\      /  F ield         | OpenFOAM: The Open Source CFD Toolbox           |
|  \\    /   O peration     | Version:  2406                                  |
|   \\  /    A nd           | Website:  www.openfoam.com                      |
|    \\/     M anipulation  |                                                 |
\*---------------------------------------------------------------------------*/
FoamFile
{
    version     2.0;
    format      ascii;
    arch        "LSB;label=32;scalar=64";
    class       volScalarField;
    location    "320";
    object      p;
}
// * * * * * * * * * * * * * * * * * * * * * * * * * * * * * * * * * * * * * //

dimensions      [0 2 -2 0 0 0 0];

internalField   nonuniform List<scalar> 
5449
(
2.09101e-06
2.024507e-06
1.958013e-06
1.89153e-06
1.825055e-06
2.091111e-06
2.024604e-06
1.958107e-06
1.891619e-06
1.825142e-06
2.091184e-06
2.024674e-06
1.958173e-06
1.891684e-06
1.825203e-06
2.091268e-06
2.024754e-06
1.958251e-06
1.891758e-06
1.825275e-06
2.091364e-06
2.024846e-06
1.958338e-06
1.891842e-06
1.825355e-06
2.09148e-06
2.024957e-06
1.958445e-06
1.891944e-06
1.825453e-06
2.091614e-06
2.025085e-06
1.958568e-06
1.892061e-06
1.825566e-06
2.091762e-06
2.025227e-06
1.958703e-06
1.892191e-06
1.82569e-06
2.091916e-06
2.025375e-06
1.958845e-06
1.892327e-06
1.825821e-06
2.09207e-06
2.025522e-06
1.958986e-06
1.892463e-06
1.82595e-06
2.092215e-06
2.025661e-06
1.95912e-06
1.892591e-06
1.826073e-06
2.092345e-06
2.025785e-06
1.959239e-06
1.892705e-06
1.826183e-06
2.092455e-06
2.02589e-06
1.95934e-06
1.892802e-06
1.826276e-06
2.09254e-06
2.025972e-06
1.959418e-06
1.892877e-06
1.826349e-06
2.092598e-06
2.026028e-06
1.959472e-06
1.892929e-06
1.826398e-06
2.092627e-06
2.026056e-06
1.959499e-06
2.092627e-06
2.026056e-06
1.959499e-06
2.090997e-06
2.024494e-06
1.958002e-06
1.891518e-06
1.825044e-06
1.75858e-06
1.692124e-06
1.625676e-06
2.091104e-06
2.024597e-06
1.9581e-06
1.891613e-06
1.825135e-06
1.758667e-06
1.692208e-06
1.625757e-06
2.091178e-06
2.024668e-06
1.958168e-06
1.891678e-06
1.825198e-06
1.758727e-06
1.692266e-06
1.625812e-06
2.091263e-06
2.02475e-06
1.958246e-06
1.891753e-06
1.82527e-06
1.758796e-06
1.692332e-06
1.625876e-06
2.091359e-06
2.024841e-06
1.958334e-06
1.891837e-06
1.825351e-06
1.758874e-06
1.692406e-06
1.625947e-06
2.091475e-06
2.024953e-06
1.958441e-06
1.89194e-06
1.825449e-06
1.758968e-06
1.692497e-06
1.626034e-06
2.09161e-06
2.025081e-06
1.958564e-06
1.892058e-06
1.825562e-06
1.759076e-06
1.692601e-06
1.626134e-06
2.091758e-06
2.025224e-06
1.9587e-06
1.892188e-06
1.825687e-06
1.759197e-06
1.692716e-06
1.626245e-06
2.091914e-06
2.025372e-06
1.958843e-06
1.892325e-06
1.825818e-06
1.759322e-06
1.692837e-06
1.626361e-06
2.092068e-06
2.02552e-06
1.958984e-06
1.892461e-06
1.825949e-06
1.759448e-06
1.692957e-06
1.626477e-06
2.092214e-06
2.025659e-06
1.959118e-06
1.892589e-06
1.826072e-06
1.759566e-06
1.693071e-06
1.626586e-06
2.092344e-06
2.025784e-06
1.959238e-06
1.892704e-06
1.826182e-06
1.759672e-06
1.693173e-06
1.626685e-06
2.092454e-06
2.02589e-06
1.959339e-06
1.892801e-06
1.826276e-06
1.759762e-06
1.693259e-06
1.626768e-06
2.092539e-06
2.025971e-06
1.959418e-06
1.892877e-06
1.826348e-06
1.759832e-06
1.693326e-06
1.626833e-06
2.092597e-06
2.026027e-06
1.959471e-06
1.892928e-06
1.826398e-06
1.75988e-06
1.693372e-06
1.626877e-06
2.092627e-06
2.026056e-06
1.959499e-06
2.092627e-06
2.026055e-06
1.959498e-06
2.090987e-06
2.024484e-06
1.957992e-06
1.891509e-06
1.825036e-06
1.758571e-06
1.692115e-06
1.625668e-06
2.091097e-06
2.024591e-06
1.958094e-06
1.891607e-06
1.82513e-06
1.758662e-06
1.692203e-06
1.625752e-06
2.091173e-06
2.024664e-06
1.958164e-06
1.891674e-06
1.825194e-06
1.758724e-06
1.692262e-06
1.625809e-06
2.091259e-06
2.024746e-06
1.958242e-06
1.89175e-06
1.825267e-06
1.758793e-06
1.692329e-06
1.625873e-06
2.091355e-06
2.024838e-06
1.958331e-06
1.891834e-06
1.825348e-06
1.758871e-06
1.692403e-06
1.625944e-06
2.091472e-06
2.02495e-06
1.958438e-06
1.891937e-06
1.825446e-06
1.758965e-06
1.692494e-06
1.626031e-06
2.091606e-06
2.025078e-06
1.958561e-06
1.892055e-06
1.825559e-06
1.759074e-06
1.692598e-06
1.626131e-06
2.091756e-06
2.025221e-06
1.958698e-06
1.892186e-06
1.825685e-06
1.759194e-06
1.692714e-06
1.626243e-06
2.091911e-06
2.02537e-06
1.958841e-06
1.892323e-06
1.825816e-06
1.75932e-06
1.692835e-06
1.626359e-06
2.092066e-06
2.025518e-06
1.958983e-06
1.892459e-06
1.825947e-06
1.759446e-06
1.692956e-06
1.626475e-06
2.092212e-06
2.025658e-06
1.959117e-06
1.892588e-06
1.826071e-06
1.759565e-06
1.69307e-06
1.626585e-06
2.092343e-06
2.025783e-06
1.959237e-06
1.892703e-06
1.826181e-06
1.759671e-06
1.693172e-06
1.626684e-06
2.092453e-06
2.025889e-06
1.959338e-06
1.8928e-06
1.826275e-06
1.759761e-06
1.693258e-06
1.626767e-06
2.092538e-06
2.025971e-06
1.959417e-06
1.892876e-06
1.826347e-06
1.759831e-06
1.693326e-06
1.626832e-06
2.092597e-06
2.026027e-06
1.959471e-06
1.892928e-06
1.826397e-06
1.759879e-06
1.693372e-06
1.626877e-06
2.092626e-06
2.026055e-06
1.959498e-06
1.892954e-06
1.826422e-06
1.759903e-06
1.693395e-06
1.626899e-06
2.092626e-06
2.026055e-06
1.959498e-06
1.892954e-06
1.826422e-06
1.759903e-06
1.693395e-06
1.626899e-06
2.026027e-06
1.959471e-06
1.892927e-06
1.826396e-06
1.759878e-06
1.693371e-06
1.626876e-06
1.892876e-06
1.826347e-06
1.759831e-06
1.693326e-06
2.090979e-06
2.024477e-06
1.957984e-06
1.891502e-06
1.825029e-06
1.758565e-06
1.692109e-06
1.625662e-06
2.091092e-06
2.024586e-06
1.95809e-06
1.891603e-06
1.825126e-06
1.758658e-06
1.692199e-06
1.625749e-06
2.09117e-06
2.02466e-06
1.958161e-06
1.891671e-06
1.825192e-06
1.758721e-06
1.69226e-06
1.625807e-06
2.091256e-06
2.024743e-06
1.95824e-06
1.891747e-06
1.825264e-06
1.758791e-06
1.692326e-06
1.625871e-06
2.091352e-06
2.024835e-06
1.958328e-06
1.891832e-06
1.825345e-06
1.758869e-06
1.692401e-06
1.625942e-06
2.091469e-06
2.024947e-06
1.958435e-06
1.891935e-06
1.825444e-06
1.758963e-06
1.692492e-06
1.626029e-06
2.091604e-06
2.025076e-06
1.958559e-06
1.892053e-06
1.825558e-06
1.759072e-06
1.692596e-06
1.62613e-06
2.091754e-06
2.025219e-06
1.958696e-06
1.892184e-06
1.825683e-06
1.759193e-06
1.692712e-06
1.626241e-06
2.09191e-06
2.025368e-06
1.958839e-06
1.892321e-06
1.825815e-06
1.759319e-06
1.692833e-06
1.626358e-06
2.092065e-06
2.025517e-06
1.958982e-06
1.892458e-06
1.825946e-06
1.759445e-06
1.692954e-06
1.626474e-06
2.092211e-06
2.025657e-06
1.959116e-06
1.892587e-06
1.82607e-06
1.759564e-06
1.693069e-06
1.626584e-06
2.092342e-06
2.025782e-06
1.959236e-06
1.892702e-06
1.82618e-06
1.75967e-06
1.693171e-06
1.626683e-06
2.092452e-06
2.025888e-06
1.959337e-06
1.892799e-06
1.826274e-06
1.75976e-06
1.693257e-06
1.626766e-06
2.092538e-06
2.02597e-06
1.959416e-06
1.892875e-06
1.826346e-06
1.75983e-06
1.693325e-06
1.626831e-06
2.092596e-06
2.026026e-06
1.95947e-06
1.892927e-06
1.826396e-06
1.759878e-06
1.69337e-06
1.626876e-06
2.092626e-06
2.026054e-06
1.959497e-06
1.892953e-06
1.826421e-06
1.759902e-06
1.693394e-06
1.626898e-06
2.092625e-06
2.026054e-06
1.959497e-06
1.892953e-06
1.826421e-06
1.759902e-06
1.693394e-06
1.626898e-06
2.026026e-06
1.95947e-06
1.892926e-06
1.826396e-06
1.759877e-06
1.69337e-06
1.626875e-06
1.892875e-06
1.826346e-06
1.75983e-06
1.693325e-06
2.090973e-06
2.024472e-06
1.95798e-06
1.891497e-06
1.825025e-06
1.758561e-06
1.692105e-06
1.625658e-06
2.091089e-06
2.024583e-06
1.958087e-06
1.8916e-06
1.825124e-06
1.758656e-06
1.692197e-06
1.625747e-06
2.091168e-06
2.024659e-06
1.958159e-06
1.89167e-06
1.82519e-06
1.75872e-06
1.692258e-06
1.625806e-06
2.091254e-06
2.024741e-06
1.958238e-06
1.891746e-06
1.825263e-06
1.75879e-06
1.692325e-06
1.62587e-06
2.091351e-06
2.024834e-06
1.958327e-06
1.891831e-06
1.825344e-06
1.758868e-06
1.6924e-06
1.625941e-06
2.091468e-06
2.024946e-06
1.958434e-06
1.891933e-06
1.825443e-06
1.758962e-06
1.692491e-06
1.626028e-06
2.091603e-06
2.025075e-06
1.958558e-06
1.892052e-06
1.825557e-06
1.759071e-06
1.692595e-06
1.626129e-06
2.091752e-06
2.025218e-06
1.958695e-06
1.892183e-06
1.825682e-06
1.759192e-06
1.692711e-06
1.62624e-06
2.091909e-06
2.025367e-06
1.958838e-06
1.892321e-06
1.825814e-06
1.759318e-06
1.692833e-06
1.626357e-06
2.092064e-06
2.025516e-06
1.958981e-06
1.892457e-06
1.825945e-06
1.759444e-06
1.692953e-06
1.626473e-06
2.09221e-06
2.025656e-06
1.959115e-06
1.892586e-06
1.826069e-06
1.759563e-06
1.693068e-06
1.626583e-06
2.092341e-06
2.025782e-06
1.959235e-06
1.892701e-06
1.826179e-06
1.759669e-06
1.69317e-06
1.626682e-06
2.092451e-06
2.025887e-06
1.959336e-06
1.892798e-06
1.826273e-06
1.759759e-06
1.693256e-06
1.626765e-06
2.092537e-06
2.025969e-06
1.959415e-06
1.892874e-06
1.826345e-06
1.759829e-06
1.693323e-06
1.62683e-06
2.092595e-06
2.026025e-06
1.959469e-06
1.892926e-06
1.826395e-06
1.759876e-06
1.693369e-06
1.626874e-06
2.092625e-06
2.026053e-06
1.959496e-06
1.892952e-06
1.82642e-06
1.7599e-06
1.693392e-06
1.626897e-06
2.092625e-06
2.026053e-06
1.959496e-06
1.892952e-06
1.82642e-06
1.7599e-06
1.693392e-06
1.626897e-06
2.026025e-06
1.959469e-06
1.892925e-06
1.826395e-06
1.759876e-06
1.693369e-06
1.626874e-06
1.892874e-06
1.826345e-06
1.759829e-06
1.693324e-06
2.090971e-06
2.02447e-06
1.957978e-06
1.891496e-06
1.825023e-06
1.758559e-06
1.692104e-06
1.625657e-06
2.091088e-06
2.024582e-06
1.958086e-06
1.8916e-06
1.825123e-06
1.758655e-06
1.692196e-06
1.625746e-06
2.091168e-06
2.024658e-06
1.958159e-06
1.89167e-06
1.82519e-06
1.75872e-06
1.692259e-06
1.625806e-06
2.091254e-06
2.024741e-06
1.958238e-06
1.891746e-06
1.825263e-06
1.75879e-06
1.692326e-06
1.62587e-06
2.091351e-06
2.024834e-06
1.958327e-06
1.891831e-06
1.825344e-06
1.758868e-06
1.6924e-06
1.625942e-06
2.091468e-06
2.024946e-06
1.958434e-06
1.891933e-06
1.825443e-06
1.758962e-06
1.692491e-06
1.626028e-06
2.091603e-06
2.025075e-06
1.958558e-06
1.892052e-06
1.825556e-06
1.759071e-06
1.692595e-06
1.626129e-06
2.091752e-06
2.025218e-06
1.958695e-06
1.892183e-06
1.825682e-06
1.759192e-06
1.692711e-06
1.62624e-06
2.091908e-06
2.025367e-06
1.958838e-06
1.89232e-06
1.825814e-06
1.759318e-06
1.692832e-06
1.626356e-06
2.092064e-06
2.025516e-06
1.95898e-06
1.892457e-06
1.825944e-06
1.759443e-06
1.692953e-06
1.626473e-06
2.09221e-06
2.025656e-06
1.959114e-06
1.892585e-06
1.826068e-06
1.759562e-06
1.693067e-06
1.626582e-06
2.092341e-06
2.025781e-06
1.959234e-06
1.8927e-06
1.826178e-06
1.759668e-06
1.693169e-06
1.626681e-06
2.092451e-06
2.025886e-06
1.959336e-06
1.892798e-06
1.826272e-06
1.759758e-06
1.693255e-06
1.626764e-06
2.092536e-06
2.025968e-06
1.959414e-06
1.892873e-06
1.826344e-06
1.759827e-06
1.693322e-06
1.626829e-06
2.092594e-06
2.026024e-06
1.959468e-06
1.892924e-06
1.826394e-06
1.759875e-06
1.693368e-06
1.626873e-06
2.092624e-06
2.026052e-06
1.959495e-06
1.89295e-06
1.826419e-06
1.759899e-06
1.693391e-06
1.626895e-06
2.092624e-06
2.026052e-06
1.959495e-06
1.89295e-06
1.826419e-06
1.759899e-06
1.693391e-06
1.626895e-06
2.026024e-06
1.959468e-06
1.892924e-06
1.826393e-06
1.759875e-06
1.693368e-06
1.626873e-06
1.892873e-06
1.826344e-06
1.759828e-06
1.693323e-06
2.157484e-06
2.090972e-06
2.024471e-06
1.957979e-06
1.891497e-06
1.825024e-06
1.75856e-06
1.692105e-06
1.625658e-06
2.157605e-06
2.091089e-06
2.024583e-06
1.958087e-06
1.891601e-06
1.825124e-06
1.758656e-06
1.692197e-06
1.625747e-06
2.157689e-06
2.091169e-06
2.02466e-06
1.958161e-06
1.891671e-06
1.825192e-06
1.758721e-06
1.69226e-06
1.625807e-06
2.157778e-06
2.091255e-06
2.024742e-06
1.958239e-06
1.891747e-06
1.825264e-06
1.758791e-06
1.692327e-06
1.625871e-06
2.157879e-06
2.091352e-06
2.024835e-06
1.958328e-06
1.891832e-06
1.825346e-06
1.758869e-06
1.692402e-06
1.625943e-06
2.158002e-06
2.091469e-06
2.024947e-06
1.958435e-06
1.891935e-06
1.825444e-06
1.758963e-06
1.692492e-06
1.62603e-06
2.158143e-06
2.091604e-06
2.025076e-06
1.958559e-06
1.892053e-06
1.825557e-06
1.759072e-06
1.692596e-06
1.62613e-06
2.158299e-06
2.091753e-06
2.025218e-06
1.958695e-06
1.892184e-06
1.825683e-06
1.759192e-06
1.692712e-06
1.62624e-06
2.158463e-06
2.091909e-06
2.025367e-06
1.958838e-06
1.89232e-06
1.825814e-06
1.759318e-06
1.692832e-06
1.626356e-06
2.158625e-06
2.092064e-06
2.025516e-06
1.95898e-06
1.892456e-06
1.825944e-06
1.759443e-06
1.692953e-06
1.626472e-06
2.158777e-06
2.092209e-06
2.025655e-06
1.959114e-06
1.892585e-06
1.826067e-06
1.759561e-06
1.693066e-06
1.626582e-06
2.158914e-06
2.09234e-06
2.02578e-06
1.959234e-06
1.8927e-06
1.826178e-06
1.759667e-06
1.693168e-06
1.62668e-06
2.159028e-06
2.09245e-06
2.025885e-06
1.959335e-06
1.892797e-06
1.826271e-06
1.759757e-06
1.693254e-06
1.626763e-06
2.159117e-06
2.092535e-06
2.025967e-06
1.959413e-06
1.892872e-06
1.826343e-06
1.759826e-06
1.693321e-06
1.626827e-06
2.159178e-06
2.092593e-06
2.026023e-06
1.959466e-06
1.892923e-06
1.826392e-06
1.759874e-06
1.693366e-06
1.626871e-06
2.159209e-06
2.092623e-06
2.026051e-06
1.959494e-06
1.892949e-06
1.826417e-06
1.759898e-06
1.693389e-06
1.626893e-06
2.092623e-06
2.026051e-06
1.959493e-06
1.892949e-06
1.826417e-06
1.759898e-06
1.693389e-06
1.626894e-06
2.026023e-06
1.959466e-06
1.892923e-06
1.826392e-06
1.759874e-06
1.693366e-06
1.626871e-06
1.892872e-06
1.826343e-06
1.759826e-06
1.693321e-06
2.157488e-06
2.090977e-06
2.024475e-06
1.957983e-06
1.891501e-06
1.825028e-06
1.758564e-06
1.692108e-06
1.625662e-06
2.157607e-06
2.091091e-06
2.024585e-06
1.958089e-06
1.891603e-06
1.825126e-06
1.758658e-06
1.692199e-06
1.625749e-06
2.157691e-06
2.091172e-06
2.024662e-06
1.958163e-06
1.891674e-06
1.825194e-06
1.758724e-06
1.692263e-06
1.62581e-06
2.15778e-06
2.091257e-06
2.024744e-06
1.958242e-06
1.891749e-06
1.825267e-06
1.758793e-06
1.692329e-06
1.625873e-06
2.157882e-06
2.091354e-06
2.024837e-06
1.95833e-06
1.891834e-06
1.825348e-06
1.758871e-06
1.692404e-06
1.625945e-06
2.158004e-06
2.091471e-06
2.024949e-06
1.958437e-06
1.891937e-06
1.825446e-06
1.758965e-06
1.692494e-06
1.626031e-06
2.158145e-06
2.091605e-06
2.025077e-06
1.95856e-06
1.892054e-06
1.825559e-06
1.759073e-06
1.692598e-06
1.626131e-06
2.1583e-06
2.091754e-06
2.025219e-06
1.958697e-06
1.892185e-06
1.825684e-06
1.759193e-06
1.692713e-06
1.626241e-06
2.158463e-06
2.091909e-06
2.025368e-06
1.958839e-06
1.892321e-06
1.825814e-06
1.759319e-06
1.692833e-06
1.626357e-06
2.158625e-06
2.092064e-06
2.025516e-06
1.95898e-06
1.892457e-06
1.825944e-06
1.759443e-06
1.692953e-06
1.626472e-06
2.158777e-06
2.092209e-06
2.025655e-06
1.959114e-06
1.892585e-06
1.826067e-06
1.759561e-06
1.693066e-06
1.626581e-06
2.158913e-06
2.09234e-06
2.02578e-06
1.959233e-06
1.892699e-06
1.826177e-06
1.759667e-06
1.693167e-06
1.626679e-06
2.159028e-06
2.092449e-06
2.025885e-06
1.959334e-06
1.892796e-06
1.82627e-06
1.759756e-06
1.693253e-06
1.626762e-06
2.159117e-06
2.092534e-06
2.025966e-06
1.959412e-06
1.892871e-06
1.826342e-06
1.759825e-06
1.693319e-06
1.626826e-06
2.159177e-06
2.092592e-06
2.026022e-06
1.959465e-06
1.892922e-06
1.826391e-06
1.759872e-06
1.693365e-06
1.62687e-06
2.159208e-06
2.092621e-06
2.02605e-06
1.959492e-06
1.892948e-06
1.826416e-06
1.759896e-06
1.693388e-06
1.626892e-06
2.092622e-06
2.02605e-06
1.959492e-06
1.892948e-06
1.826416e-06
1.759896e-06
1.693388e-06
1.626892e-06
2.026022e-06
1.959465e-06
1.892922e-06
1.826391e-06
1.759872e-06
1.693365e-06
1.62687e-06
1.892871e-06
1.826342e-06
1.759825e-06
1.69332e-06
1.552593e-06
1.472877e-06
1.55267e-06
1.47295e-06
1.552724e-06
1.473002e-06
1.552785e-06
1.47306e-06
1.552853e-06
1.473126e-06
1.552936e-06
1.473205e-06
1.553032e-06
1.473296e-06
1.553138e-06
1.473397e-06
1.553249e-06
1.473503e-06
1.553359e-06
1.473608e-06
1.553464e-06
1.473707e-06
1.553558e-06
1.473797e-06
1.553637e-06
1.473872e-06
1.553699e-06
1.473931e-06
1.553742e-06
1.473971e-06
1.552585e-06
1.47287e-06
1.393165e-06
1.313471e-06
1.233788e-06
1.154115e-06
1.552666e-06
1.472946e-06
1.393238e-06
1.31354e-06
1.233854e-06
1.154178e-06
1.552721e-06
1.472999e-06
1.393288e-06
1.313588e-06
1.233899e-06
1.15422e-06
1.552782e-06
1.473057e-06
1.393343e-06
1.31364e-06
1.233949e-06
1.154268e-06
1.552851e-06
1.473123e-06
1.393406e-06
1.3137e-06
1.234005e-06
1.154321e-06
1.552934e-06
1.473203e-06
1.393481e-06
1.313772e-06
1.234074e-06
1.154387e-06
1.55303e-06
1.473294e-06
1.393569e-06
1.313856e-06
1.234154e-06
1.154463e-06
1.553136e-06
1.473395e-06
1.393666e-06
1.313948e-06
1.234243e-06
1.154548e-06
1.553247e-06
1.473501e-06
1.393768e-06
1.314046e-06
1.234336e-06
1.154638e-06
1.553358e-06
1.473606e-06
1.393868e-06
1.314143e-06
1.234429e-06
1.154727e-06
1.553463e-06
1.473706e-06
1.393964e-06
1.314235e-06
1.234517e-06
1.154811e-06
1.553557e-06
1.473795e-06
1.39405e-06
1.314317e-06
1.234596e-06
1.154887e-06
1.553636e-06
1.473871e-06
1.394123e-06
1.314387e-06
1.234663e-06
1.154951e-06
1.553698e-06
1.47393e-06
1.394179e-06
1.314441e-06
1.234715e-06
1.155001e-06
1.55374e-06
1.47397e-06
1.394218e-06
1.314478e-06
1.234751e-06
1.155035e-06
1.553762e-06
1.47399e-06
1.394238e-06
1.314497e-06
1.234769e-06
1.155054e-06
1.553762e-06
1.47399e-06
1.394238e-06
1.314497e-06
1.234769e-06
1.55374e-06
1.47397e-06
1.394219e-06
1.55258e-06
1.472864e-06
1.39316e-06
1.313466e-06
1.233783e-06
1.154111e-06
1.074448e-06
9.947947e-07
1.552662e-06
1.472943e-06
1.393235e-06
1.313538e-06
1.233852e-06
1.154176e-06
1.07451e-06
9.948538e-07
1.552719e-06
1.472997e-06
1.393286e-06
1.313586e-06
1.233897e-06
1.154219e-06
1.074551e-06
9.948927e-07
1.55278e-06
1.473056e-06
1.393341e-06
1.313639e-06
1.233948e-06
1.154267e-06
1.074596e-06
9.949352e-07
1.552849e-06
1.473122e-06
1.393404e-06
1.313699e-06
1.234004e-06
1.15432e-06
1.074647e-06
9.949835e-07
1.552932e-06
1.473201e-06
1.39348e-06
1.313771e-06
1.234073e-06
1.154386e-06
1.074709e-06
9.950429e-07
1.553028e-06
1.473293e-06
1.393568e-06
1.313855e-06
1.234153e-06
1.154462e-06
1.074782e-06
9.951121e-07
1.553134e-06
1.473394e-06
1.393664e-06
1.313947e-06
1.234242e-06
1.154547e-06
1.074863e-06
9.951895e-07
1.553246e-06
1.4735e-06
1.393766e-06
1.314045e-06
1.234335e-06
1.154636e-06
1.074949e-06
9.95271e-07
1.553356e-06
1.473605e-06
1.393867e-06
1.314142e-06
1.234428e-06
1.154726e-06
1.075034e-06
9.953525e-07
1.553461e-06
1.473705e-06
1.393963e-06
1.314233e-06
1.234516e-06
1.15481e-06
1.075115e-06
9.954298e-07
1.553555e-06
1.473794e-06
1.394049e-06
1.314316e-06
1.234595e-06
1.154886e-06
1.075187e-06
9.954993e-07
1.553635e-06
1.473869e-06
1.394121e-06
1.314386e-06
1.234662e-06
1.15495e-06
1.075249e-06
9.955579e-07
1.553697e-06
1.473928e-06
1.394178e-06
1.31444e-06
1.234714e-06
1.155e-06
1.075297e-06
9.956039e-07
1.553739e-06
1.473968e-06
1.394217e-06
1.314477e-06
1.234749e-06
1.155034e-06
1.075329e-06
9.956351e-07
1.553761e-06
1.473989e-06
1.394236e-06
1.314496e-06
1.234768e-06
1.155052e-06
1.075347e-06
9.956517e-07
1.55376e-06
1.473989e-06
1.394236e-06
1.314496e-06
1.234768e-06
1.553739e-06
1.473968e-06
1.394217e-06
1.552576e-06
1.472861e-06
1.393157e-06
1.313464e-06
1.233781e-06
1.154108e-06
1.074446e-06
9.947928e-07
9.15149e-07
8.355148e-07
7.558898e-07
6.762737e-07
5.966671e-07
5.17069e-07
4.37482e-07
3.579008e-07
2.783397e-07
1.987654e-07
1.192658e-07
3.962707e-08
1.552661e-06
1.472942e-06
1.393234e-06
1.313537e-06
1.233851e-06
1.154175e-06
1.074509e-06
9.948531e-07
9.152065e-07
8.355696e-07
7.55942e-07
6.763234e-07
5.967144e-07
5.171139e-07
4.375246e-07
3.579405e-07
2.783781e-07
1.987953e-07
1.193026e-07
3.961114e-08
1.552718e-06
1.472996e-06
1.393285e-06
1.313586e-06
1.233897e-06
1.154219e-06
1.074551e-06
9.948927e-07
9.15244e-07
8.35605e-07
7.559753e-07
6.763545e-07
5.967435e-07
5.171407e-07
4.375493e-07
3.57962e-07
2.783986e-07
1.988062e-07
1.193265e-07
3.957403e-08
1.552779e-06
1.473055e-06
1.393341e-06
1.313639e-06
1.233947e-06
1.154267e-06
1.074596e-06
9.949354e-07
9.152842e-07
8.356427e-07
7.560105e-07
6.763872e-07
5.967735e-07
5.171677e-07
4.375733e-07
3.579818e-07
2.784159e-07
1.988129e-07
1.19345e-07
3.953034e-08
1.552848e-06
1.473121e-06
1.393404e-06
1.313698e-06
1.234004e-06
1.15432e-06
1.074647e-06
9.949837e-07
9.153298e-07
8.356855e-07
7.560505e-07
6.764242e-07
5.968073e-07
5.171981e-07
4.376001e-07
3.580039e-07
2.784346e-07
1.988221e-07
1.19362e-07
3.949731e-08
1.552931e-06
1.473201e-06
1.393479e-06
1.31377e-06
1.234073e-06
1.154386e-06
1.074709e-06
9.950429e-07
9.153858e-07
8.357383e-07
7.561e-07
6.764702e-07
5.968496e-07
5.172364e-07
4.37634e-07
3.58033e-07
2.784587e-07
1.988388e-07
1.193778e-07
3.948637e-08
1.553027e-06
1.473292e-06
1.393567e-06
1.313854e-06
1.234153e-06
1.154462e-06
1.074782e-06
9.951119e-07
9.154514e-07
8.358003e-07
7.561583e-07
6.765247e-07
5.969e-07
5.172826e-07
4.376752e-07
3.580694e-07
2.784883e-07
1.988645e-07
1.193907e-07
3.950595e-08
1.553133e-06
1.473393e-06
1.393664e-06
1.313947e-06
1.234241e-06
1.154547e-06
1.074863e-06
9.95189e-07
9.155248e-07
8.358699e-07
7.56224e-07
6.765865e-07
5.969574e-07
5.173355e-07
4.377228e-07
3.581124e-07
2.785228e-07
1.988993e-07
1.193989e-07
3.955999e-08
1.553245e-06
1.473499e-06
1.393765e-06
1.314044e-06
1.234334e-06
1.154636e-06
1.074948e-06
9.952702e-07
9.156022e-07
8.359435e-07
7.562936e-07
6.766521e-07
5.970186e-07
5.173923e-07
4.377741e-07
3.581597e-07
2.7856e-07
1.989412e-07
1.19401e-07
3.964737e-08
1.553355e-06
1.473604e-06
1.393866e-06
1.314141e-06
1.234427e-06
1.154725e-06
1.075033e-06
9.953515e-07
9.156797e-07
8.360173e-07
7.563636e-07
6.767182e-07
5.970805e-07
5.174501e-07
4.378264e-07
3.582087e-07
2.785979e-07
1.989877e-07
1.19397e-07
3.976216e-08
1.55346e-06
1.473704e-06
1.393962e-06
1.314232e-06
1.234515e-06
1.154809e-06
1.075113e-06
9.954284e-07
9.157533e-07
8.360874e-07
7.564301e-07
6.767812e-07
5.971396e-07
5.175054e-07
4.378766e-07
3.582562e-07
2.786339e-07
1.990354e-07
1.193876e-07
3.989433e-08
1.553554e-06
1.473793e-06
1.394048e-06
1.314315e-06
1.234594e-06
1.154884e-06
1.075186e-06
9.954977e-07
9.158195e-07
8.361506e-07
7.564902e-07
6.768382e-07
5.971931e-07
5.175558e-07
4.379223e-07
3.583e-07
2.786666e-07
1.990813e-07
1.193749e-07
4.003153e-08
1.553634e-06
1.473868e-06
1.39412e-06
1.314384e-06
1.23466e-06
1.154948e-06
1.075247e-06
9.955561e-07
9.158754e-07
8.36204e-07
7.565412e-07
6.768866e-07
5.972386e-07
5.175986e-07
4.379611e-07
3.583375e-07
2.786941e-07
1.991221e-07
1.193609e-07
4.016057e-08
1.553696e-06
1.473927e-06
1.394176e-06
1.314438e-06
1.234712e-06
1.154998e-06
1.075295e-06
9.95602e-07
9.159193e-07
8.362458e-07
7.56581e-07
6.769244e-07
5.972743e-07
5.176324e-07
4.379919e-07
3.583673e-07
2.787158e-07
1.991553e-07
1.19348e-07
4.026935e-08
1.553738e-06
1.473967e-06
1.394215e-06
1.314475e-06
1.234747e-06
1.155032e-06
1.075327e-06
9.95633e-07
9.159491e-07
8.362745e-07
7.566088e-07
1.553759e-06
1.473987e-06
1.394234e-06
1.314494e-06
1.234766e-06
1.15505e-06
1.075344e-06
9.956496e-07
9.15965e-07
1.553759e-06
1.473987e-06
1.394235e-06
1.314494e-06
1.234766e-06
1.553738e-06
1.473967e-06
1.394215e-06
1.552575e-06
1.47286e-06
1.393156e-06
1.313463e-06
1.23378e-06
1.154108e-06
1.074445e-06
9.947924e-07
9.151489e-07
8.355147e-07
7.558898e-07
6.762739e-07
5.966673e-07
5.170693e-07
4.37482e-07
3.579011e-07
2.783392e-07
1.987661e-07
1.192636e-07
3.962884e-08
1.55266e-06
1.472942e-06
1.393234e-06
1.313537e-06
1.233851e-06
1.154175e-06
1.07451e-06
9.948536e-07
9.152072e-07
8.355704e-07
7.559429e-07
6.763243e-07
5.967154e-07
5.171149e-07
4.375255e-07
3.579416e-07
2.783784e-07
1.987968e-07
1.19301e-07
3.961348e-08
1.552718e-06
1.472997e-06
1.393286e-06
1.313587e-06
1.233898e-06
1.15422e-06
1.074552e-06
9.948938e-07
9.152453e-07
8.356064e-07
7.559768e-07
6.763561e-07
5.96745e-07
5.171424e-07
4.375508e-07
3.579637e-07
2.783993e-07
1.988084e-07
1.193251e-07
3.957673e-08
1.552779e-06
1.473056e-06
1.393342e-06
1.31364e-06
1.233948e-06
1.154268e-06
1.074597e-06
9.949365e-07
9.152855e-07
8.356442e-07
7.560121e-07
6.763889e-07
5.967751e-07
5.171695e-07
4.375749e-07
3.579837e-07
2.784168e-07
1.988153e-07
1.193434e-07
3.953337e-08
1.552848e-06
1.473122e-06
1.393404e-06
1.313699e-06
1.234005e-06
1.154321e-06
1.074648e-06
9.949848e-07
9.153311e-07
8.35687e-07
7.56052e-07
6.764258e-07
5.968089e-07
5.171999e-07
4.376016e-07
3.580058e-07
2.784354e-07
1.988246e-07
1.193604e-07
3.950061e-08
1.552931e-06
1.473201e-06
1.39348e-06
1.313771e-06
1.234074e-06
1.154387e-06
1.07471e-06
9.950437e-07
9.153868e-07
8.357395e-07
7.561012e-07
6.764715e-07
5.968509e-07
5.172379e-07
4.376353e-07
3.580346e-07
2.784592e-07
1.988412e-07
1.19376e-07
3.948979e-08
1.553027e-06
1.473292e-06
1.393567e-06
1.313854e-06
1.234153e-06
1.154463e-06
1.074783e-06
9.951125e-07
9.15452e-07
8.358011e-07
7.561591e-07
6.765256e-07
5.969009e-07
5.172836e-07
4.376761e-07
3.580705e-07
2.784885e-07
1.988665e-07
1.193889e-07
3.950926e-08
1.553133e-06
1.473393e-06
1.393664e-06
1.313947e-06
1.234241e-06
1.154547e-06
1.074863e-06
9.951891e-07
9.15525e-07
8.358702e-07
7.562243e-07
6.765868e-07
5.969577e-07
5.173359e-07
4.377231e-07
3.58113e-07
2.785227e-07
1.989006e-07
1.193973e-07
3.956289e-08
1.553244e-06
1.473499e-06
1.393765e-06
1.314044e-06
1.234334e-06
1.154635e-06
1.074948e-06
9.952699e-07
9.156019e-07
8.359432e-07
7.562933e-07
6.766518e-07
5.970183e-07
5.173921e-07
4.377739e-07
3.581597e-07
2.785596e-07
1.989417e-07
1.193998e-07
3.964954e-08
1.553355e-06
1.473604e-06
1.393866e-06
1.31414e-06
1.234426e-06
1.154724e-06
1.075032e-06
9.953507e-07
9.156789e-07
8.360164e-07
7.563627e-07
6.767173e-07
5.970796e-07
5.174492e-07
4.378256e-07
3.582079e-07
2.785972e-07
1.989873e-07
1.193963e-07
3.976329e-08
1.553459e-06
1.473703e-06
1.393961e-06
1.314231e-06
1.234514e-06
1.154808e-06
1.075112e-06
9.954272e-07
9.15752e-07
8.36086e-07
7.564287e-07
6.767797e-07
5.971381e-07
5.175039e-07
4.378752e-07
3.582548e-07
2.78633e-07
1.990341e-07
1.193876e-07
3.989421e-08
1.553553e-06
1.473792e-06
1.394046e-06
1.314313e-06
1.234592e-06
1.154883e-06
1.075184e-06
9.954961e-07
9.158178e-07
8.361487e-07
7.564883e-07
6.768362e-07
5.971911e-07
5.175537e-07
4.379204e-07
3.582979e-07
2.786655e-07
1.990791e-07
1.193756e-07
4.003005e-08
1.553632e-06
1.473867e-06
1.394118e-06
1.314382e-06
1.234658e-06
1.154946e-06
1.075245e-06
9.955542e-07
9.158734e-07
8.362018e-07
7.565389e-07
6.768841e-07
5.972361e-07
5.17596e-07
4.379588e-07
3.583348e-07
2.786929e-07
1.991189e-07
1.193623e-07
4.015777e-08
1.553694e-06
1.473925e-06
1.394175e-06
1.314436e-06
1.23471e-06
1.154996e-06
1.075292e-06
9.955997e-07
9.159169e-07
8.362433e-07
7.565784e-07
6.769217e-07
5.972715e-07
5.176294e-07
4.379893e-07
3.583642e-07
2.787145e-07
1.991514e-07
1.193501e-07
4.026543e-08
1.553736e-06
1.473965e-06
1.394213e-06
1.314473e-06
1.234745e-06
1.15503e-06
1.075325e-06
9.956306e-07
9.159466e-07
8.362718e-07
7.566061e-07
1.553758e-06
1.473985e-06
1.394233e-06
1.314492e-06
1.234763e-06
1.155047e-06
1.075342e-06
9.956471e-07
9.159625e-07
1.553758e-06
1.473985e-06
1.394233e-06
1.314492e-06
1.234764e-06
1.553736e-06
1.473965e-06
1.394214e-06
1.552576e-06
1.472861e-06
1.393157e-06
1.313464e-06
1.233782e-06
1.154109e-06
1.074447e-06
9.947939e-07
9.151504e-07
8.355163e-07
7.558913e-07
6.762754e-07
5.966687e-07
5.170708e-07
4.374833e-07
3.579025e-07
2.783396e-07
1.987681e-07
1.192612e-07
3.963265e-08
1.552661e-06
1.472943e-06
1.393235e-06
1.313538e-06
1.233853e-06
1.154177e-06
1.074511e-06
9.948553e-07
9.15209e-07
8.355722e-07
7.559447e-07
6.763263e-07
5.967173e-07
5.171169e-07
4.375272e-07
3.579436e-07
2.783791e-07
1.987995e-07
1.192987e-07
3.961837e-08
1.552719e-06
1.472999e-06
1.393288e-06
1.313589e-06
1.2339e-06
1.154222e-06
1.074554e-06
9.948961e-07
9.152476e-07
8.356088e-07
7.559792e-07
6.763586e-07
5.967475e-07
5.171449e-07
4.375531e-07
3.579663e-07
2.784005e-07
1.988118e-07
1.193227e-07
3.95828e-08
1.552781e-06
1.473057e-06
1.393343e-06
1.313641e-06
1.23395e-06
1.15427e-06
1.074599e-06
9.949387e-07
9.152878e-07
8.356466e-07
7.560145e-07
6.763914e-07
5.967777e-07
5.171721e-07
4.375773e-07
3.579864e-07
2.78418e-07
1.988191e-07
1.193406e-07
3.954082e-08
1.55285e-06
1.473123e-06
1.393406e-06
1.313701e-06
1.234007e-06
1.154323e-06
1.07465e-06
9.94987e-07
9.153333e-07
8.356893e-07
7.560544e-07
6.764283e-07
5.968114e-07
5.172024e-07
4.376039e-07
3.580085e-07
2.784366e-07
1.988286e-07
1.193571e-07
3.950919e-08
1.552933e-06
1.473202e-06
1.393481e-06
1.313773e-06
1.234075e-06
1.154388e-06
1.074712e-06
9.950456e-07
9.153888e-07
8.357415e-07
7.561032e-07
6.764737e-07
5.96853e-07
5.172401e-07
4.376372e-07
3.58037e-07
2.784601e-07
1.988449e-07
1.193725e-07
3.949889e-08
1.553028e-06
1.473293e-06
1.393568e-06
1.313856e-06
1.234154e-06
1.154464e-06
1.074784e-06
9.951138e-07
9.154535e-07
8.358025e-07
7.561606e-07
6.765272e-07
5.969025e-07
5.172852e-07
4.376775e-07
3.580724e-07
2.784891e-07
1.988698e-07
1.193855e-07
3.9518e-08
1.553134e-06
1.473394e-06
1.393664e-06
1.313947e-06
1.234242e-06
1.154548e-06
1.074864e-06
9.951899e-07
9.155257e-07
8.35871e-07
7.562251e-07
6.765876e-07
5.969586e-07
5.173368e-07
4.377239e-07
3.581142e-07
2.785228e-07
1.98903e-07
1.193943e-07
3.957021e-08
1.553244e-06
1.473499e-06
1.393765e-06
1.314044e-06
1.234334e-06
1.154636e-06
1.074948e-06
9.9527e-07
9.15602e-07
8.359433e-07
7.562934e-07
6.766519e-07
5.970184e-07
5.173922e-07
4.377739e-07
3.5816e-07
2.785593e-07
1.98943e-07
1.193977e-07
3.965439e-08
1.553355e-06
1.473603e-06
1.393865e-06
1.31414e-06
1.234426e-06
1.154723e-06
1.075032e-06
9.953501e-07
9.156783e-07
8.360158e-07
7.56362e-07
6.767166e-07
5.970789e-07
5.174485e-07
4.378249e-07
3.582073e-07
2.785966e-07
1.989872e-07
1.193955e-07
3.976476e-08
1.553459e-06
1.473702e-06
1.39396e-06
1.31423e-06
1.234513e-06
1.154807e-06
1.075111e-06
9.95426e-07
9.157507e-07
8.360847e-07
7.564274e-07
6.767783e-07
5.971367e-07
5.175025e-07
4.378739e-07
3.582533e-07
2.786322e-07
1.990325e-07
1.193884e-07
3.989167e-08
1.553552e-06
1.47379e-06
1.394045e-06
1.314312e-06
1.234591e-06
1.154881e-06
1.075183e-06
9.954944e-07
9.15816e-07
8.361468e-07
7.564864e-07
6.768341e-07
5.97189e-07
5.175515e-07
4.379185e-07
3.582956e-07
2.786644e-07
1.990759e-07
1.193781e-07
4.002325e-08
1.553631e-06
1.473865e-06
1.394117e-06
1.314381e-06
1.234657e-06
1.154944e-06
1.075243e-06
9.955521e-07
9.158711e-07
8.361994e-07
7.565364e-07
6.768815e-07
5.972335e-07
5.175932e-07
4.379564e-07
3.583318e-07
2.786918e-07
1.991145e-07
1.193665e-07
4.014692e-08
1.553693e-06
1.473923e-06
1.394173e-06
1.314434e-06
1.234708e-06
1.154994e-06
1.07529e-06
9.955973e-07
9.159143e-07
8.362405e-07
7.565755e-07
6.769186e-07
5.972684e-07
5.176262e-07
4.379864e-07
3.583607e-07
2.787133e-07
1.991458e-07
1.193557e-07
4.025113e-08
1.553735e-06
1.473963e-06
1.394211e-06
1.314471e-06
1.234743e-06
1.155027e-06
1.075322e-06
9.956279e-07
9.159438e-07
8.362689e-07
7.56603e-07
1.553756e-06
1.473983e-06
1.39423e-06
1.31449e-06
1.234761e-06
1.155045e-06
1.075339e-06
9.956442e-07
9.159596e-07
1.553756e-06
1.473983e-06
1.39423e-06
1.31449e-06
1.234762e-06
1.553735e-06
1.473963e-06
1.394212e-06
1.55258e-06
1.472865e-06
1.393161e-06
1.313468e-06
1.233785e-06
1.154113e-06
1.07445e-06
9.947969e-07
9.151534e-07
8.355193e-07
7.558943e-07
6.762783e-07
5.966715e-07
5.170735e-07
4.374856e-07
3.579051e-07
2.783406e-07
1.987718e-07
1.192568e-07
3.964231e-08
1.552663e-06
1.472945e-06
1.393237e-06
1.313541e-06
1.233855e-06
1.154179e-06
1.074513e-06
9.948575e-07
9.152112e-07
8.355745e-07
7.55947e-07
6.763286e-07
5.967195e-07
5.171192e-07
4.375292e-07
3.579459e-07
2.783797e-07
1.988035e-07
1.192931e-07
3.963023e-08
1.552722e-06
1.473001e-06
1.39329e-06
1.313591e-06
1.233903e-06
1.154225e-06
1.074557e-06
9.948989e-07
9.152505e-07
8.356117e-07
7.559821e-07
6.763616e-07
5.967504e-07
5.171479e-07
4.375557e-07
3.579694e-07
2.784016e-07
1.988169e-07
1.193162e-07
3.959769e-08
1.552783e-06
1.47306e-06
1.393346e-06
1.313644e-06
1.233953e-06
1.154272e-06
1.074602e-06
9.949415e-07
9.152906e-07
8.356494e-07
7.560174e-07
6.763944e-07
5.967806e-07
5.171751e-07
4.375799e-07
3.579897e-07
2.78419e-07
1.988249e-07
1.193327e-07
3.955919e-08
1.552852e-06
1.473126e-06
1.393408e-06
1.313703e-06
1.234009e-06
1.154326e-06
1.074653e-06
9.949896e-07
9.153361e-07
8.356921e-07
7.560572e-07
6.764312e-07
5.968143e-07
5.172054e-07
4.376065e-07
3.580118e-07
2.784375e-07
1.988349e-07
1.193482e-07
3.953028e-08
1.552934e-06
1.473204e-06
1.393483e-06
1.313775e-06
1.234077e-06
1.154391e-06
1.074714e-06
9.950479e-07
9.153911e-07
8.357439e-07
7.561056e-07
6.764762e-07
5.968555e-07
5.172427e-07
4.376395e-07
3.5804e-07
2.784607e-07
1.988511e-07
1.193631e-07
3.952112e-08
1.553029e-06
1.473295e-06
1.39357e-06
1.313857e-06
1.234156e-06
1.154466e-06
1.074786e-06
9.951156e-07
9.154553e-07
8.358044e-07
7.561625e-07
6.765291e-07
5.969044e-07
5.172872e-07
4.376792e-07
3.580748e-07
2.784893e-07
1.988752e-07
1.193764e-07
3.95391e-08
1.553135e-06
1.473395e-06
1.393665e-06
1.313948e-06
1.234243e-06
1.154549e-06
1.074865e-06
9.95191e-07
9.155269e-07
8.358721e-07
7.562262e-07
6.765888e-07
5.969597e-07
5.17338e-07
4.377249e-07
3.581157e-07
2.785227e-07
1.989072e-07
1.193867e-07
3.958757e-08
1.553245e-06
1.473499e-06
1.393766e-06
1.314044e-06
1.234334e-06
1.154636e-06
1.074948e-06
9.952703e-07
9.156023e-07
8.359436e-07
7.562937e-07
6.766522e-07
5.970187e-07
5.173926e-07
4.377742e-07
3.581605e-07
2.785589e-07
1.989453e-07
1.193928e-07
3.966541e-08
1.553354e-06
1.473603e-06
1.393865e-06
1.314139e-06
1.234426e-06
1.154723e-06
1.075031e-06
9.953497e-07
9.156779e-07
8.360153e-07
7.563615e-07
6.767161e-07
5.970783e-07
5.174479e-07
4.378244e-07
3.582068e-07
2.78596e-07
1.989872e-07
1.193942e-07
3.976727e-08
1.553458e-06
1.473701e-06
1.393959e-06
1.31423e-06
1.234512e-06
1.154806e-06
1.07511e-06
9.95425e-07
9.157496e-07
8.360835e-07
7.564261e-07
6.76777e-07
5.971353e-07
5.17501e-07
4.378726e-07
3.582518e-07
2.786316e-07
1.990301e-07
1.193914e-07
3.988425e-08
1.553551e-06
1.473789e-06
1.394044e-06
1.314311e-06
1.234589e-06
1.15488e-06
1.075181e-06
9.954928e-07
9.158143e-07
8.36145e-07
7.564845e-07
6.768321e-07
5.97187e-07
5.175493e-07
4.379166e-07
3.582931e-07
2.786639e-07
1.99071e-07
1.193857e-07
4.00054e-08
1.55363e-06
1.473864e-06
1.394115e-06
1.314379e-06
1.234655e-06
1.154942e-06
1.075241e-06
9.9555e-07
9.158689e-07
8.361971e-07
7.565339e-07
6.768789e-07
5.972309e-07
5.175904e-07
4.37954e-07
3.583285e-07
2.786914e-07
1.991072e-07
1.193784e-07
4.011921e-08
1.553691e-06
1.473922e-06
1.394171e-06
1.314433e-06
1.234706e-06
1.154991e-06
1.075288e-06
9.955948e-07
9.159117e-07
8.362378e-07
7.565727e-07
6.769156e-07
5.972653e-07
5.176228e-07
4.379836e-07
3.583566e-07
2.78713e-07
1.991367e-07
1.193713e-07
4.021507e-08
1.553733e-06
1.473961e-06
1.394209e-06
1.314469e-06
1.234741e-06
1.155025e-06
1.07532e-06
9.956253e-07
9.15941e-07
8.362659e-07
7.565998e-07
1.553754e-06
1.473981e-06
1.394228e-06
1.314488e-06
1.234759e-06
1.155042e-06
1.075336e-06
9.956414e-07
9.159565e-07
1.553754e-06
1.473981e-06
1.394228e-06
1.314488e-06
1.234759e-06
1.553733e-06
1.473962e-06
1.39421e-06
2.157503e-06
2.09099e-06
2.024488e-06
1.957996e-06
1.891513e-06
1.82504e-06
1.758575e-06
1.69212e-06
1.625672e-06
2.157611e-06
2.091095e-06
2.024589e-06
1.958093e-06
1.891606e-06
1.825129e-06
1.758662e-06
1.692203e-06
1.625752e-06
2.157696e-06
2.091176e-06
2.024667e-06
1.958168e-06
1.891678e-06
1.825199e-06
1.758728e-06
1.692267e-06
1.625814e-06
2.157783e-06
2.09126e-06
2.024747e-06
1.958245e-06
1.891752e-06
1.82527e-06
1.758796e-06
1.692332e-06
1.625877e-06
2.157884e-06
2.091357e-06
2.02484e-06
1.958333e-06
1.891837e-06
1.825351e-06
1.758874e-06
1.692407e-06
1.625948e-06
2.158006e-06
2.091473e-06
2.024951e-06
1.958439e-06
1.891939e-06
1.825448e-06
1.758967e-06
1.692496e-06
1.626034e-06
2.158146e-06
2.091607e-06
2.025079e-06
1.958562e-06
1.892056e-06
1.825561e-06
1.759075e-06
1.692599e-06
1.626133e-06
2.158301e-06
2.091755e-06
2.02522e-06
1.958697e-06
1.892186e-06
1.825685e-06
1.759194e-06
1.692714e-06
1.626242e-06
2.158463e-06
2.09191e-06
2.025368e-06
1.958839e-06
1.892321e-06
1.825815e-06
1.759319e-06
1.692833e-06
1.626357e-06
2.158624e-06
2.092063e-06
2.025515e-06
1.95898e-06
1.892456e-06
1.825944e-06
1.759443e-06
1.692952e-06
1.626472e-06
2.158776e-06
2.092209e-06
2.025654e-06
1.959113e-06
1.892584e-06
1.826066e-06
1.75956e-06
1.693065e-06
1.62658e-06
2.158912e-06
2.092339e-06
2.025779e-06
1.959232e-06
1.892698e-06
1.826176e-06
1.759665e-06
1.693166e-06
1.626677e-06
2.159027e-06
2.092448e-06
2.025883e-06
1.959332e-06
1.892794e-06
1.826268e-06
1.759754e-06
1.693251e-06
1.626759e-06
2.159115e-06
2.092533e-06
2.025965e-06
1.95941e-06
1.892869e-06
1.82634e-06
1.759823e-06
1.693317e-06
1.626823e-06
2.159176e-06
2.092591e-06
2.02602e-06
1.959463e-06
1.89292e-06
1.826389e-06
1.75987e-06
1.693363e-06
1.626867e-06
2.159206e-06
2.09262e-06
2.026048e-06
1.95949e-06
1.892946e-06
1.826414e-06
1.759894e-06
1.693385e-06
1.626889e-06
2.09262e-06
2.026048e-06
1.95949e-06
1.892946e-06
1.826414e-06
1.759894e-06
1.693385e-06
1.626889e-06
2.02602e-06
1.959463e-06
1.89292e-06
1.826389e-06
1.75987e-06
1.693363e-06
1.626867e-06
1.892869e-06
1.82634e-06
1.759823e-06
1.693318e-06
2.157541e-06
2.091027e-06
2.024524e-06
1.95803e-06
1.891546e-06
1.825071e-06
1.758605e-06
1.692149e-06
1.6257e-06
2.157637e-06
2.091119e-06
2.024612e-06
1.958115e-06
1.891628e-06
1.82515e-06
1.758682e-06
1.692222e-06
1.625771e-06
2.157718e-06
2.091197e-06
2.024687e-06
1.958187e-06
1.891697e-06
1.825217e-06
1.758746e-06
1.692284e-06
1.62583e-06
2.157803e-06
2.091279e-06
2.024766e-06
1.958263e-06
1.89177e-06
1.825286e-06
1.758813e-06
1.692348e-06
1.625892e-06
2.157904e-06
2.091375e-06
2.024858e-06
1.958351e-06
1.891854e-06
1.825367e-06
1.75889e-06
1.692422e-06
1.625963e-06
2.158024e-06
2.09149e-06
2.024967e-06
1.958456e-06
1.891954e-06
1.825463e-06
1.758982e-06
1.69251e-06
1.626048e-06
2.158162e-06
2.091622e-06
2.025093e-06
1.958576e-06
1.89207e-06
1.825574e-06
1.759088e-06
1.692612e-06
1.626145e-06
2.158314e-06
2.091767e-06
2.025232e-06
1.958709e-06
1.892197e-06
1.825696e-06
1.759205e-06
1.692724e-06
1.626252e-06
2.158473e-06
2.091919e-06
2.025377e-06
1.958848e-06
1.89233e-06
1.825823e-06
1.759327e-06
1.692841e-06
1.626365e-06
2.158631e-06
2.09207e-06
2.025522e-06
1.958986e-06
1.892462e-06
1.82595e-06
1.759448e-06
1.692957e-06
1.626476e-06
2.15878e-06
2.092212e-06
2.025658e-06
1.959116e-06
1.892587e-06
1.826069e-06
1.759563e-06
1.693067e-06
1.626583e-06
2.158914e-06
2.09234e-06
2.02578e-06
1.959233e-06
1.892699e-06
1.826177e-06
1.759666e-06
1.693167e-06
1.626678e-06
2.159027e-06
2.092448e-06
2.025883e-06
1.959332e-06
1.892794e-06
1.826268e-06
1.759753e-06
1.69325e-06
1.626758e-06
2.159114e-06
2.092532e-06
2.025963e-06
1.959409e-06
1.892867e-06
1.826338e-06
1.759821e-06
1.693315e-06
1.626821e-06
2.159174e-06
2.092589e-06
2.026018e-06
1.959461e-06
1.892918e-06
1.826386e-06
1.759867e-06
1.69336e-06
1.626864e-06
2.159204e-06
2.092618e-06
2.026046e-06
1.959488e-06
1.892943e-06
1.826411e-06
1.759891e-06
1.693383e-06
1.626886e-06
2.092618e-06
2.026046e-06
1.959488e-06
1.892943e-06
1.826411e-06
1.759891e-06
1.693383e-06
1.626886e-06
2.026018e-06
1.959461e-06
1.892918e-06
1.826386e-06
1.759868e-06
1.69336e-06
1.626864e-06
1.892867e-06
1.826338e-06
1.759821e-06
1.693316e-06
2.157588e-06
2.091072e-06
2.024567e-06
1.958071e-06
1.891586e-06
1.82511e-06
1.758642e-06
1.692184e-06
1.625735e-06
2.157666e-06
2.091148e-06
2.024639e-06
1.958141e-06
1.891653e-06
1.825175e-06
1.758705e-06
1.692245e-06
1.625793e-06
2.15774e-06
2.091219e-06
2.024708e-06
1.958207e-06
1.891717e-06
1.825235e-06
1.758764e-06
1.692301e-06
1.625847e-06
2.157823e-06
2.091298e-06
2.024784e-06
1.95828e-06
1.891787e-06
1.825303e-06
1.758829e-06
1.692363e-06
1.625907e-06
2.157922e-06
2.091393e-06
2.024875e-06
1.958367e-06
1.89187e-06
1.825383e-06
1.758905e-06
1.692437e-06
1.625977e-06
2.158041e-06
2.091506e-06
2.024983e-06
1.958471e-06
1.891969e-06
1.825478e-06
1.758996e-06
1.692524e-06
1.626061e-06
2.158177e-06
2.091636e-06
2.025107e-06
1.958589e-06
1.892083e-06
1.825586e-06
1.7591e-06
1.692624e-06
1.626156e-06
2.158326e-06
2.091779e-06
2.025243e-06
1.95872e-06
1.892207e-06
1.825706e-06
1.759214e-06
1.692733e-06
1.626261e-06
2.158482e-06
2.091927e-06
2.025386e-06
1.958856e-06
1.892337e-06
1.82583e-06
1.759334e-06
1.692848e-06
1.626371e-06
2.158637e-06
2.092076e-06
2.025527e-06
1.958991e-06
1.892467e-06
1.825954e-06
1.759453e-06
1.692962e-06
1.626481e-06
2.158784e-06
2.092216e-06
2.025661e-06
1.959119e-06
1.89259e-06
1.826072e-06
1.759566e-06
1.69307e-06
1.626585e-06
2.158915e-06
2.092342e-06
2.025781e-06
1.959234e-06
1.8927e-06
1.826178e-06
1.759667e-06
1.693167e-06
1.626678e-06
2.159026e-06
2.092448e-06
2.025883e-06
1.959332e-06
1.892793e-06
1.826267e-06
1.759753e-06
1.69325e-06
1.626757e-06
2.159113e-06
2.09253e-06
2.025962e-06
1.959408e-06
1.892866e-06
1.826337e-06
1.75982e-06
1.693314e-06
1.626819e-06
2.159172e-06
2.092587e-06
2.026016e-06
1.959459e-06
1.892916e-06
1.826385e-06
1.759865e-06
1.693358e-06
1.626862e-06
2.159202e-06
2.092616e-06
2.026044e-06
1.959486e-06
1.892941e-06
1.826409e-06
1.759889e-06
1.69338e-06
1.626883e-06
2.092616e-06
2.026044e-06
1.959486e-06
1.892941e-06
1.826409e-06
1.759889e-06
1.69338e-06
1.626883e-06
2.026016e-06
1.95946e-06
1.892916e-06
1.826384e-06
1.759865e-06
1.693358e-06
1.626862e-06
1.892866e-06
1.826337e-06
1.75982e-06
1.693314e-06
2.157632e-06
2.091115e-06
2.024608e-06
1.958111e-06
1.891624e-06
1.825146e-06
1.758678e-06
1.692218e-06
1.625767e-06
2.157692e-06
2.091172e-06
2.024663e-06
1.958164e-06
1.891675e-06
1.825196e-06
1.758725e-06
1.692264e-06
1.625812e-06
2.157758e-06
2.091236e-06
2.024724e-06
1.958223e-06
1.891732e-06
1.82525e-06
1.758778e-06
1.692315e-06
1.62586e-06
2.157838e-06
2.091313e-06
2.024798e-06
1.958294e-06
1.8918e-06
1.825316e-06
1.758841e-06
1.692375e-06
1.625918e-06
2.157936e-06
2.091407e-06
2.024888e-06
1.95838e-06
1.891882e-06
1.825395e-06
1.758917e-06
1.692448e-06
1.625988e-06
2.158053e-06
2.091518e-06
2.024995e-06
1.958482e-06
1.89198e-06
1.825489e-06
1.759007e-06
1.692534e-06
1.626071e-06
2.158188e-06
2.091647e-06
2.025117e-06
1.958599e-06
1.892092e-06
1.825596e-06
1.759109e-06
1.692633e-06
1.626165e-06
2.158335e-06
2.091787e-06
2.025252e-06
1.958728e-06
1.892215e-06
1.825713e-06
1.759222e-06
1.69274e-06
1.626268e-06
2.158489e-06
2.091934e-06
2.025392e-06
1.958862e-06
1.892343e-06
1.825836e-06
1.759339e-06
1.692853e-06
1.626376e-06
2.158641e-06
2.09208e-06
2.025531e-06
1.958995e-06
1.892471e-06
1.825958e-06
1.759456e-06
1.692965e-06
1.626484e-06
2.158786e-06
2.092218e-06
2.025663e-06
1.959122e-06
1.892592e-06
1.826074e-06
1.759567e-06
1.693072e-06
1.626586e-06
2.158916e-06
2.092342e-06
2.025782e-06
1.959235e-06
1.892701e-06
1.826178e-06
1.759667e-06
1.693168e-06
1.626679e-06
2.159026e-06
2.092448e-06
2.025883e-06
1.959331e-06
1.892793e-06
1.826267e-06
1.759752e-06
1.693249e-06
1.626757e-06
2.159112e-06
2.09253e-06
2.025961e-06
1.959407e-06
1.892865e-06
1.826336e-06
1.759818e-06
1.693313e-06
1.626818e-06
2.159171e-06
2.092586e-06
2.026015e-06
1.959458e-06
1.892914e-06
1.826383e-06
1.759864e-06
1.693356e-06
1.62686e-06
2.1592e-06
2.092614e-06
2.026042e-06
1.959484e-06
1.892939e-06
1.826407e-06
1.759887e-06
1.693378e-06
1.626881e-06
2.092614e-06
2.026042e-06
1.959484e-06
1.892939e-06
1.826407e-06
1.759887e-06
1.693378e-06
1.626881e-06
2.026015e-06
1.959458e-06
1.892914e-06
1.826383e-06
1.759864e-06
1.693356e-06
1.62686e-06
1.892865e-06
1.826336e-06
1.759818e-06
1.693313e-06
2.15766e-06
2.091142e-06
2.024634e-06
1.958136e-06
1.891648e-06
1.82517e-06
1.7587e-06
1.69224e-06
1.625788e-06
2.157702e-06
2.091182e-06
2.024672e-06
1.958173e-06
1.891684e-06
1.825204e-06
1.758734e-06
1.692272e-06
1.62582e-06
2.157761e-06
2.091239e-06
2.024727e-06
1.958226e-06
1.891735e-06
1.825253e-06
1.758781e-06
1.692318e-06
1.625863e-06
2.157839e-06
2.091314e-06
2.024799e-06
1.958295e-06
1.891801e-06
1.825317e-06
1.758842e-06
1.692376e-06
1.625919e-06
2.157936e-06
2.091407e-06
2.024888e-06
1.95838e-06
1.891883e-06
1.825395e-06
1.758917e-06
1.692448e-06
1.625988e-06
2.158053e-06
2.091518e-06
2.024995e-06
1.958482e-06
1.89198e-06
1.825488e-06
1.759007e-06
1.692534e-06
1.626071e-06
2.158187e-06
2.091646e-06
2.025117e-06
1.958599e-06
1.892092e-06
1.825596e-06
1.759109e-06
1.692632e-06
1.626165e-06
2.158334e-06
2.091786e-06
2.025251e-06
1.958727e-06
1.892215e-06
1.825713e-06
1.759221e-06
1.69274e-06
1.626268e-06
2.158487e-06
2.091933e-06
2.025391e-06
1.958861e-06
1.892342e-06
1.825835e-06
1.759339e-06
1.692852e-06
1.626376e-06
2.15864e-06
2.092079e-06
2.02553e-06
1.958994e-06
1.89247e-06
1.825957e-06
1.759455e-06
1.692964e-06
1.626483e-06
2.158785e-06
2.092217e-06
2.025662e-06
1.95912e-06
1.892591e-06
1.826073e-06
1.759566e-06
1.693071e-06
1.626585e-06
2.158915e-06
2.092341e-06
2.025781e-06
1.959234e-06
1.8927e-06
1.826177e-06
1.759666e-06
1.693167e-06
1.626677e-06
2.159025e-06
2.092447e-06
2.025882e-06
1.959331e-06
1.892792e-06
1.826266e-06
1.759751e-06
1.693248e-06
1.626756e-06
2.159111e-06
2.092529e-06
2.025961e-06
1.959406e-06
1.892864e-06
1.826335e-06
1.759817e-06
1.693312e-06
1.626817e-06
2.15917e-06
2.092585e-06
2.026014e-06
1.959457e-06
1.892913e-06
1.826382e-06
1.759863e-06
1.693355e-06
1.626858e-06
2.1592e-06
2.092614e-06
2.026042e-06
1.959483e-06
1.892939e-06
1.826406e-06
1.759886e-06
1.693377e-06
1.62688e-06
2.092614e-06
2.026042e-06
1.959483e-06
1.892939e-06
1.826406e-06
1.759886e-06
1.693377e-06
1.62688e-06
2.026014e-06
1.959457e-06
1.892913e-06
1.826382e-06
1.759863e-06
1.693355e-06
1.626859e-06
1.892864e-06
1.826335e-06
1.759818e-06
1.693312e-06
2.157666e-06
2.091148e-06
2.02464e-06
1.958142e-06
1.891654e-06
1.825175e-06
1.758706e-06
1.692245e-06
1.625794e-06
2.157695e-06
2.091175e-06
2.024666e-06
1.958167e-06
1.891678e-06
1.825199e-06
1.758729e-06
1.692267e-06
1.625815e-06
2.157748e-06
2.091227e-06
2.024716e-06
1.958215e-06
1.891724e-06
1.825243e-06
1.758771e-06
1.692309e-06
1.625854e-06
2.157825e-06
2.0913e-06
2.024786e-06
1.958282e-06
1.891789e-06
1.825305e-06
1.758831e-06
1.692366e-06
1.625909e-06
2.157921e-06
2.091392e-06
2.024875e-06
1.958367e-06
1.89187e-06
1.825383e-06
1.758906e-06
1.692438e-06
1.625978e-06
2.158039e-06
2.091504e-06
2.024982e-06
1.95847e-06
1.891968e-06
1.825477e-06
1.758996e-06
1.692524e-06
1.626061e-06
2.158174e-06
2.091634e-06
2.025105e-06
1.958588e-06
1.892081e-06
1.825585e-06
1.759099e-06
1.692623e-06
1.626156e-06
2.158323e-06
2.091775e-06
2.02524e-06
1.958717e-06
1.892205e-06
1.825704e-06
1.759213e-06
1.692732e-06
1.62626e-06
2.158478e-06
2.091924e-06
2.025382e-06
1.958853e-06
1.892335e-06
1.825828e-06
1.759331e-06
1.692845e-06
1.626369e-06
2.158633e-06
2.092072e-06
2.025524e-06
1.958988e-06
1.892464e-06
1.825951e-06
1.75945e-06
1.692959e-06
1.626478e-06
2.15878e-06
2.092212e-06
2.025658e-06
1.959116e-06
1.892587e-06
1.826069e-06
1.759562e-06
1.693067e-06
1.626582e-06
2.158912e-06
2.092338e-06
2.025778e-06
1.959231e-06
1.892697e-06
1.826175e-06
1.759664e-06
1.693164e-06
1.626675e-06
2.159024e-06
2.092445e-06
2.02588e-06
1.959329e-06
1.892791e-06
1.826264e-06
1.75975e-06
1.693247e-06
1.626754e-06
2.159111e-06
2.092528e-06
2.02596e-06
1.959405e-06
1.892864e-06
1.826334e-06
1.759817e-06
1.693311e-06
1.626816e-06
2.159171e-06
2.092585e-06
2.026015e-06
1.959457e-06
1.892914e-06
1.826382e-06
1.759863e-06
1.693355e-06
1.626858e-06
2.159201e-06
2.092614e-06
2.026042e-06
1.959484e-06
1.892939e-06
1.826407e-06
1.759886e-06
1.693377e-06
1.62688e-06
2.092614e-06
2.026042e-06
1.959484e-06
1.892939e-06
1.826407e-06
1.759886e-06
1.693378e-06
1.62688e-06
2.026015e-06
1.959458e-06
1.892914e-06
1.826382e-06
1.759863e-06
1.693355e-06
1.626858e-06
1.892864e-06
1.826334e-06
1.759817e-06
1.693311e-06
1.55259e-06
1.472875e-06
1.393171e-06
1.313477e-06
1.233794e-06
1.154122e-06
1.074459e-06
9.948054e-07
9.151615e-07
8.355271e-07
7.559018e-07
6.762855e-07
5.966784e-07
5.170802e-07
4.374915e-07
3.579115e-07
2.783439e-07
1.987805e-07
1.192468e-07
3.966847e-08
1.552667e-06
1.472948e-06
1.393241e-06
1.313544e-06
1.233858e-06
1.154182e-06
1.074517e-06
9.94861e-07
9.152147e-07
8.355779e-07
7.559504e-07
6.763319e-07
5.967227e-07
5.171224e-07
4.375318e-07
3.579494e-07
2.783798e-07
1.988108e-07
1.192779e-07
3.966123e-08
1.552726e-06
1.473005e-06
1.393295e-06
1.313596e-06
1.233908e-06
1.15423e-06
1.074562e-06
9.949036e-07
9.152552e-07
8.356163e-07
7.559867e-07
6.763661e-07
5.967548e-07
5.171523e-07
4.375594e-07
3.579742e-07
2.784022e-07
1.988267e-07
1.192978e-07
3.963685e-08
1.552786e-06
1.473063e-06
1.39335e-06
1.313648e-06
1.233957e-06
1.154276e-06
1.074606e-06
9.949456e-07
9.152949e-07
8.356536e-07
7.560216e-07
6.763986e-07
5.967846e-07
5.171793e-07
4.375834e-07
3.579945e-07
2.784192e-07
1.988362e-07
1.193104e-07
3.960755e-08
1.552855e-06
1.473129e-06
1.393412e-06
1.313707e-06
1.234013e-06
1.15433e-06
1.074657e-06
9.949937e-07
9.153402e-07
8.356962e-07
7.560613e-07
6.764354e-07
5.968183e-07
5.172096e-07
4.3761e-07
3.580167e-07
2.784374e-07
1.988472e-07
1.193229e-07
3.958584e-08
1.552937e-06
1.473207e-06
1.393486e-06
1.313778e-06
1.23408e-06
1.154394e-06
1.074718e-06
9.950513e-07
9.153946e-07
8.357474e-07
7.561092e-07
6.764797e-07
5.96859e-07
5.172463e-07
4.376425e-07
3.580445e-07
2.784602e-07
1.988635e-07
1.193367e-07
3.957963e-08
1.553031e-06
1.473297e-06
1.393572e-06
1.313859e-06
1.234158e-06
1.154468e-06
1.074788e-06
9.951182e-07
9.15458e-07
8.358071e-07
7.561652e-07
6.765319e-07
5.96907e-07
5.172901e-07
4.376815e-07
3.580784e-07
2.784884e-07
1.988865e-07
1.193514e-07
3.95945e-08
1.553136e-06
1.473396e-06
1.393667e-06
1.31395e-06
1.234244e-06
1.15455e-06
1.074866e-06
9.951925e-07
9.155284e-07
8.358736e-07
7.562278e-07
6.765904e-07
5.969612e-07
5.173397e-07
4.377261e-07
3.581181e-07
2.785214e-07
1.989158e-07
1.19366e-07
3.96329e-08
1.553245e-06
1.4735e-06
1.393766e-06
1.314045e-06
1.234335e-06
1.154636e-06
1.074948e-06
9.952707e-07
9.156027e-07
8.35944e-07
7.56294e-07
6.766525e-07
5.97019e-07
5.173929e-07
4.377743e-07
3.581614e-07
2.785576e-07
1.989502e-07
1.193794e-07
3.969382e-08
1.553354e-06
1.473603e-06
1.393865e-06
1.314139e-06
1.234425e-06
1.154722e-06
1.075031e-06
9.95349e-07
9.156771e-07
8.360145e-07
7.563606e-07
6.767151e-07
5.970774e-07
5.174469e-07
4.378233e-07
3.582059e-07
2.785948e-07
1.989873e-07
1.193908e-07
3.977301e-08
1.553457e-06
1.4737e-06
1.393958e-06
1.314228e-06
1.234511e-06
1.154804e-06
1.075108e-06
9.954232e-07
9.157478e-07
8.360816e-07
7.564241e-07
6.767749e-07
5.971332e-07
5.174988e-07
4.378706e-07
3.582492e-07
2.786308e-07
1.990248e-07
1.193997e-07
3.98636e-08
1.55355e-06
1.473788e-06
1.394042e-06
1.314309e-06
1.234587e-06
1.154877e-06
1.075179e-06
9.954901e-07
9.158115e-07
8.361421e-07
7.564814e-07
6.768289e-07
5.971838e-07
5.175459e-07
4.379136e-07
3.582889e-07
2.786638e-07
1.990603e-07
1.194062e-07
3.995718e-08
1.553628e-06
1.473862e-06
1.394113e-06
1.314377e-06
1.234652e-06
1.15494e-06
1.075238e-06
9.955467e-07
9.158654e-07
8.361934e-07
7.565301e-07
6.768749e-07
5.972268e-07
5.17586e-07
4.379503e-07
3.583229e-07
2.786919e-07
1.990914e-07
1.194105e-07
4.004491e-08
1.553689e-06
1.47392e-06
1.394168e-06
1.31443e-06
1.234703e-06
1.154988e-06
1.075284e-06
9.95591e-07
9.159077e-07
8.362336e-07
7.565682e-07
6.769108e-07
5.972606e-07
5.176175e-07
4.379793e-07
3.583498e-07
2.787141e-07
1.991165e-07
1.194133e-07
4.011869e-08
1.55373e-06
1.473959e-06
1.394206e-06
1.314466e-06
1.234738e-06
1.155021e-06
1.075316e-06
9.956212e-07
9.159365e-07
8.362612e-07
7.565946e-07
1.553752e-06
1.473979e-06
1.394225e-06
1.314484e-06
1.234755e-06
1.155038e-06
1.075332e-06
9.956369e-07
9.159516e-07
1.553752e-06
1.473979e-06
1.394225e-06
1.314484e-06
1.234755e-06
1.553731e-06
1.473959e-06
1.394206e-06
1.552617e-06
1.472901e-06
1.393195e-06
1.313501e-06
1.233817e-06
1.154143e-06
1.074479e-06
9.948251e-07
9.151804e-07
8.355451e-07
7.55919e-07
6.76302e-07
5.96694e-07
5.17095e-07
4.375053e-07
3.579246e-07
2.783548e-07
1.987923e-07
1.192502e-07
3.96835e-08
1.552684e-06
1.472965e-06
1.393257e-06
1.31356e-06
1.233873e-06
1.154197e-06
1.074531e-06
9.948746e-07
9.152278e-07
8.355905e-07
7.559624e-07
6.763435e-07
5.967336e-07
5.171328e-07
4.375414e-07
3.579587e-07
2.783869e-07
1.988199e-07
1.192774e-07
3.967819e-08
1.552742e-06
1.47302e-06
1.393309e-06
1.31361e-06
1.233921e-06
1.154243e-06
1.074574e-06
9.949158e-07
9.15267e-07
8.356276e-07
7.559976e-07
6.763766e-07
5.967648e-07
5.171619e-07
4.375682e-07
3.579828e-07
2.784086e-07
1.98836e-07
1.192953e-07
3.965885e-08
1.552801e-06
1.473077e-06
1.393363e-06
1.313661e-06
1.233969e-06
1.154289e-06
1.074618e-06
9.949572e-07
9.153061e-07
8.356645e-07
7.560321e-07
6.764087e-07
5.967944e-07
5.171887e-07
4.375921e-07
3.580031e-07
2.784254e-07
1.988462e-07
1.193065e-07
3.963602e-08
1.552869e-06
1.473142e-06
1.393425e-06
1.31372e-06
1.234026e-06
1.154342e-06
1.074669e-06
9.950051e-07
9.153513e-07
8.357069e-07
7.560717e-07
6.764454e-07
5.96828e-07
5.172189e-07
4.376187e-07
3.580255e-07
2.784436e-07
1.988578e-07
1.193179e-07
3.961978e-08
1.55295e-06
1.473219e-06
1.393499e-06
1.31379e-06
1.234092e-06
1.154405e-06
1.074729e-06
9.950619e-07
9.15405e-07
8.357574e-07
7.561189e-07
6.764892e-07
5.96868e-07
5.172551e-07
4.376506e-07
3.580528e-07
2.78466e-07
1.98874e-07
1.193309e-07
3.961628e-08
1.553043e-06
1.473308e-06
1.393583e-06
1.31387e-06
1.234168e-06
1.154478e-06
1.074798e-06
9.951275e-07
9.15467e-07
8.358158e-07
7.561736e-07
6.765401e-07
5.969149e-07
5.172977e-07
4.376886e-07
3.580858e-07
2.784934e-07
1.98896e-07
1.193456e-07
3.962977e-08
1.553145e-06
1.473405e-06
1.393675e-06
1.313958e-06
1.234253e-06
1.154558e-06
1.074874e-06
9.951999e-07
9.155356e-07
8.358806e-07
7.562344e-07
6.765968e-07
5.969674e-07
5.173457e-07
4.377317e-07
3.581238e-07
2.785253e-07
1.989234e-07
1.193611e-07
3.966197e-08
1.553252e-06
1.473506e-06
1.393772e-06
1.314051e-06
1.234341e-06
1.154642e-06
1.074954e-06
9.95276e-07
9.156077e-07
8.359488e-07
7.562987e-07
6.766569e-07
5.970232e-07
5.17397e-07
4.37778e-07
3.581652e-07
2.785602e-07
1.98955e-07
1.193765e-07
3.971194e-08
1.553359e-06
1.473607e-06
1.393869e-06
1.314143e-06
1.234429e-06
1.154726e-06
1.075034e-06
9.95352e-07
9.1568e-07
8.360171e-07
7.563631e-07
6.767174e-07
5.970795e-07
5.174489e-07
4.378251e-07
3.582076e-07
2.785962e-07
1.989889e-07
1.193909e-07
3.977617e-08
1.55346e-06
1.473703e-06
1.39396e-06
1.31423e-06
1.234512e-06
1.154806e-06
1.07511e-06
9.954243e-07
9.157486e-07
8.360822e-07
7.564246e-07
6.767752e-07
5.971334e-07
5.174987e-07
4.378705e-07
3.582488e-07
2.786311e-07
1.99023e-07
1.194036e-07
3.984917e-08
1.55355e-06
1.473789e-06
1.394042e-06
1.314309e-06
1.234587e-06
1.154877e-06
1.075178e-06
9.954894e-07
9.158106e-07
8.36141e-07
7.564802e-07
6.768275e-07
5.971822e-07
5.175441e-07
4.379119e-07
3.582866e-07
2.786631e-07
1.990551e-07
1.194143e-07
3.992426e-08
1.553627e-06
1.473862e-06
1.394112e-06
1.314375e-06
1.234651e-06
1.154938e-06
1.075236e-06
9.955446e-07
9.158631e-07
8.361909e-07
7.565274e-07
6.76872e-07
5.972238e-07
5.175827e-07
4.379473e-07
3.58319e-07
2.786906e-07
1.990832e-07
1.194228e-07
3.999448e-08
1.553687e-06
1.473918e-06
1.394166e-06
1.314427e-06
1.2347e-06
1.154985e-06
1.075281e-06
9.955878e-07
9.159043e-07
8.3623e-07
7.565644e-07
6.769068e-07
5.972565e-07
5.176131e-07
4.379753e-07
3.583446e-07
2.787123e-07
1.991057e-07
1.194291e-07
4.005343e-08
1.553728e-06
1.473957e-06
1.394203e-06
1.314463e-06
1.234734e-06
1.155018e-06
1.075312e-06
9.956173e-07
9.159325e-07
8.362569e-07
7.5659e-07
1.553749e-06
1.473977e-06
1.394222e-06
1.314481e-06
1.234752e-06
1.155034e-06
1.075328e-06
9.956325e-07
9.15947e-07
1.553749e-06
1.473977e-06
1.394222e-06
1.314481e-06
1.234752e-06
1.553728e-06
1.473957e-06
1.394204e-06
1.55265e-06
1.472932e-06
1.393225e-06
1.31353e-06
1.233844e-06
1.15417e-06
1.074505e-06
9.948494e-07
9.152037e-07
8.355675e-07
7.559404e-07
6.763223e-07
5.967134e-07
5.171134e-07
4.375226e-07
3.579409e-07
2.783694e-07
1.988063e-07
1.192592e-07
3.969707e-08
1.552705e-06
1.472985e-06
1.393276e-06
1.313578e-06
1.233891e-06
1.154214e-06
1.074547e-06
9.948905e-07
9.152431e-07
8.356051e-07
7.559764e-07
6.763568e-07
5.967464e-07
5.171449e-07
4.375527e-07
3.579693e-07
2.783961e-07
1.988293e-07
1.192815e-07
3.969249e-08
1.552758e-06
1.473036e-06
1.393324e-06
1.313624e-06
1.233935e-06
1.154256e-06
1.074587e-06
9.949284e-07
9.152791e-07
8.356393e-07
7.560088e-07
6.763874e-07
5.967751e-07
5.171717e-07
4.375773e-07
3.579915e-07
2.784158e-07
1.988442e-07
1.192969e-07
3.967764e-08
1.552815e-06
1.47309e-06
1.393376e-06
1.313674e-06
1.233982e-06
1.154301e-06
1.07463e-06
9.949688e-07
9.153173e-07
8.356753e-07
7.560425e-07
6.764188e-07
5.96804e-07
5.171979e-07
4.376006e-07
3.580114e-07
2.784322e-07
1.988547e-07
1.19307e-07
3.96607e-08
1.552882e-06
1.473155e-06
1.393438e-06
1.313732e-06
1.234038e-06
1.154354e-06
1.07468e-06
9.950162e-07
9.15362e-07
8.357173e-07
7.560818e-07
6.764551e-07
5.968372e-07
5.172279e-07
4.37627e-07
3.580337e-07
2.784503e-07
1.988668e-07
1.193174e-07
3.964941e-08
1.552962e-06
1.473231e-06
1.39351e-06
1.313801e-06
1.234103e-06
1.154416e-06
1.074739e-06
9.950721e-07
9.154149e-07
8.35767e-07
7.561282e-07
6.764981e-07
5.968767e-07
5.172634e-07
4.376584e-07
3.580606e-07
2.784722e-07
1.988829e-07
1.193296e-07
3.964833e-08
1.553053e-06
1.473318e-06
1.393593e-06
1.31388e-06
1.234178e-06
1.154487e-06
1.074807e-06
9.951363e-07
9.154755e-07
8.358241e-07
7.561816e-07
6.765478e-07
5.969224e-07
5.173049e-07
4.376954e-07
3.580926e-07
2.784988e-07
1.989039e-07
1.193438e-07
3.966056e-08
1.553154e-06
1.473413e-06
1.393684e-06
1.313966e-06
1.23426e-06
1.154566e-06
1.074881e-06
9.95207e-07
9.155424e-07
8.358871e-07
7.562408e-07
6.76603e-07
5.969733e-07
5.173514e-07
4.37737e-07
3.581291e-07
2.785296e-07
1.989297e-07
1.193594e-07
3.968724e-08
1.553259e-06
1.473512e-06
1.393778e-06
1.314057e-06
1.234346e-06
1.154648e-06
1.074959e-06
9.95281e-07
9.156126e-07
8.359534e-07
7.563031e-07
6.766612e-07
5.970272e-07
5.174008e-07
4.377816e-07
3.581688e-07
2.785631e-07
1.989591e-07
1.193755e-07
3.972752e-08
1.553363e-06
1.473611e-06
1.393873e-06
1.314147e-06
1.234432e-06
1.154729e-06
1.075037e-06
9.953551e-07
9.156828e-07
8.360198e-07
7.563656e-07
6.767197e-07
5.970817e-07
5.174509e-07
4.37827e-07
3.582094e-07
2.785977e-07
1.989905e-07
1.193914e-07
3.97786e-08
1.553462e-06
1.473705e-06
1.393962e-06
1.314232e-06
1.234514e-06
1.154807e-06
1.075111e-06
9.954255e-07
9.157496e-07
8.360831e-07
7.564253e-07
6.767757e-07
5.971338e-07
5.17499e-07
4.378708e-07
3.582488e-07
2.786314e-07
1.990218e-07
1.194061e-07
3.98362e-08
1.553551e-06
1.47379e-06
1.394043e-06
1.314309e-06
1.234587e-06
1.154877e-06
1.075178e-06
9.954891e-07
9.1581e-07
8.361403e-07
7.564793e-07
6.768265e-07
5.971811e-07
5.175428e-07
4.379107e-07
3.582849e-07
2.786623e-07
1.990513e-07
1.194191e-07
3.989518e-08
1.553627e-06
1.473861e-06
1.394111e-06
1.314375e-06
1.23465e-06
1.154937e-06
1.075235e-06
9.95543e-07
9.158614e-07
8.36189e-07
7.565253e-07
6.768697e-07
5.972215e-07
5.175802e-07
4.379449e-07
3.58316e-07
2.78689e-07
1.990771e-07
1.1943e-07
3.995017e-08
1.553686e-06
1.473917e-06
1.394165e-06
1.314426e-06
1.234698e-06
1.154983e-06
1.075279e-06
9.955853e-07
9.159016e-07
8.362271e-07
7.565614e-07
6.769037e-07
5.972532e-07
5.176097e-07
4.379719e-07
3.583406e-07
2.7871e-07
1.990978e-07
1.194383e-07
3.999625e-08
1.553726e-06
1.473956e-06
1.394201e-06
1.314461e-06
1.234732e-06
1.155015e-06
1.075309e-06
9.956143e-07
9.159292e-07
8.362534e-07
7.565863e-07
1.553747e-06
1.473975e-06
1.39422e-06
1.314478e-06
1.234749e-06
1.155031e-06
1.075325e-06
9.956291e-07
9.159433e-07
1.553747e-06
1.473975e-06
1.39422e-06
1.314479e-06
1.234749e-06
1.553726e-06
1.473956e-06
1.394202e-06
1.552681e-06
1.472962e-06
1.393254e-06
1.313557e-06
1.233871e-06
1.154195e-06
1.074529e-06
9.948727e-07
9.152261e-07
8.355889e-07
7.559609e-07
6.76342e-07
5.967321e-07
5.171313e-07
4.375395e-07
3.579568e-07
2.783839e-07
1.9882e-07
1.192694e-07
3.971114e-08
1.552723e-06
1.473003e-06
1.393293e-06
1.313595e-06
1.233907e-06
1.154229e-06
1.074562e-06
9.949043e-07
9.152563e-07
8.356178e-07
7.559886e-07
6.763686e-07
5.967575e-07
5.171555e-07
4.375626e-07
3.579786e-07
2.784043e-07
1.988375e-07
1.192857e-07
3.970717e-08
1.55277e-06
1.473048e-06
1.393336e-06
1.313636e-06
1.233946e-06
1.154267e-06
1.074598e-06
9.949384e-07
9.152887e-07
8.356486e-07
7.560177e-07
6.76396e-07
5.967832e-07
5.171794e-07
4.375845e-07
3.579983e-07
2.784216e-07
1.988507e-07
1.192982e-07
3.969684e-08
1.552826e-06
1.473101e-06
1.393387e-06
1.313684e-06
1.233992e-06
1.15431e-06
1.074639e-06
9.949776e-07
9.153258e-07
8.356835e-07
7.560504e-07
6.764264e-07
5.968113e-07
5.172048e-07
4.376071e-07
3.580176e-07
2.784374e-07
1.988613e-07
1.193072e-07
3.968575e-08
1.552893e-06
1.473164e-06
1.393447e-06
1.313741e-06
1.234047e-06
1.154362e-06
1.074689e-06
9.950244e-07
9.153701e-07
8.357251e-07
7.560893e-07
6.764624e-07
5.968442e-07
5.172345e-07
4.376333e-07
3.580398e-07
2.784554e-07
1.988738e-07
1.193168e-07
3.967924e-08
1.552972e-06
1.47324e-06
1.393519e-06
1.31381e-06
1.234111e-06
1.154424e-06
1.074747e-06
9.950798e-07
9.154223e-07
8.357742e-07
7.561351e-07
6.765049e-07
5.968831e-07
5.172697e-07
4.376643e-07
3.580663e-07
2.784771e-07
1.988898e-07
1.193283e-07
3.968036e-08
1.553062e-06
1.473325e-06
1.3936e-06
1.313887e-06
1.234185e-06
1.154494e-06
1.074814e-06
9.95143e-07
9.15482e-07
8.358303e-07
7.561877e-07
6.765537e-07
5.96928e-07
5.173103e-07
4.377005e-07
3.580976e-07
2.785031e-07
1.989101e-07
1.19342e-07
3.969119e-08
1.55316e-06
1.473419e-06
1.39369e-06
1.313972e-06
1.234266e-06
1.154571e-06
1.074887e-06
9.952122e-07
9.155475e-07
8.358921e-07
7.562455e-07
6.766076e-07
5.969777e-07
5.173556e-07
4.37741e-07
3.581332e-07
2.785329e-07
1.989346e-07
1.193576e-07
3.971242e-08
1.553263e-06
1.473517e-06
1.393783e-06
1.314061e-06
1.234351e-06
1.154652e-06
1.074963e-06
9.952848e-07
9.156162e-07
8.359569e-07
7.563064e-07
6.766644e-07
5.970303e-07
5.174038e-07
4.377844e-07
3.581715e-07
2.785654e-07
1.989623e-07
1.193744e-07
3.97433e-08
1.553366e-06
1.473614e-06
1.393876e-06
1.314149e-06
1.234435e-06
1.154732e-06
1.075039e-06
9.953573e-07
9.156849e-07
8.360218e-07
7.563675e-07
6.767215e-07
5.970833e-07
5.174525e-07
4.378284e-07
3.582107e-07
2.785989e-07
1.989917e-07
1.193915e-07
3.978176e-08
1.553464e-06
1.473707e-06
1.393964e-06
1.314234e-06
1.234515e-06
1.154808e-06
1.075112e-06
9.954264e-07
9.157504e-07
8.360838e-07
7.564258e-07
6.767762e-07
5.971341e-07
5.174993e-07
4.37871e-07
3.582488e-07
2.786315e-07
1.990209e-07
1.19408e-07
3.982468e-08
1.553552e-06
1.47379e-06
1.394043e-06
1.314309e-06
1.234587e-06
1.154877e-06
1.075178e-06
9.954888e-07
9.158097e-07
8.361398e-07
7.564787e-07
6.768258e-07
5.971804e-07
5.17542e-07
4.379098e-07
3.582838e-07
2.786617e-07
1.990484e-07
1.194229e-07
3.986834e-08
1.553626e-06
1.473861e-06
1.394111e-06
1.314374e-06
1.234649e-06
1.154936e-06
1.075234e-06
9.955419e-07
9.158601e-07
8.361876e-07
7.565238e-07
6.768681e-07
5.972199e-07
5.175785e-07
4.379431e-07
3.583139e-07
2.786876e-07
1.990723e-07
1.194357e-07
3.990887e-08
1.553684e-06
1.473917e-06
1.394164e-06
1.314424e-06
1.234697e-06
1.154981e-06
1.075277e-06
9.955835e-07
9.158996e-07
8.362251e-07
7.565592e-07
6.769014e-07
5.972509e-07
5.176072e-07
4.379694e-07
3.583377e-07
2.787082e-07
1.990916e-07
1.194458e-07
3.994276e-08
1.553724e-06
1.473955e-06
1.3942e-06
1.314459e-06
1.23473e-06
1.155013e-06
1.075307e-06
9.95612e-07
9.159268e-07
8.362509e-07
7.565836e-07
1.553745e-06
1.473974e-06
1.394218e-06
1.314476e-06
1.234747e-06
1.155029e-06
1.075322e-06
9.956266e-07
9.159407e-07
1.553745e-06
1.473974e-06
1.394219e-06
1.314477e-06
1.234747e-06
1.553725e-06
1.473955e-06
1.3942e-06
1.552701e-06
1.472981e-06
1.393273e-06
1.313575e-06
1.233888e-06
1.154212e-06
1.074545e-06
9.948881e-07
9.152409e-07
8.356031e-07
7.559745e-07
6.763551e-07
5.967447e-07
5.171433e-07
4.37551e-07
3.579678e-07
2.783941e-07
1.988298e-07
1.19277e-07
3.972405e-08
1.552731e-06
1.47301e-06
1.3933e-06
1.313601e-06
1.233913e-06
1.154236e-06
1.074568e-06
9.949103e-07
9.152622e-07
8.356235e-07
7.559941e-07
6.763738e-07
5.967626e-07
5.171603e-07
4.375671e-07
3.579829e-07
2.78408e-07
1.988414e-07
1.192869e-07
3.972002e-08
1.552773e-06
1.47305e-06
1.393339e-06
1.313638e-06
1.233948e-06
1.154269e-06
1.0746e-06
9.949407e-07
9.15291e-07
8.356508e-07
7.560199e-07
6.763981e-07
5.967852e-07
5.171813e-07
4.375862e-07
3.579999e-07
2.784227e-07
1.988525e-07
1.192962e-07
3.971332e-08
1.552827e-06
1.473101e-06
1.393388e-06
1.313685e-06
1.233993e-06
1.154311e-06
1.07464e-06
9.949787e-07
9.15327e-07
8.356847e-07
7.560516e-07
6.764276e-07
5.968124e-07
5.172059e-07
4.376081e-07
3.580186e-07
2.784379e-07
1.988631e-07
1.193038e-07
3.9707e-08
1.552893e-06
1.473165e-06
1.393448e-06
1.313742e-06
1.234047e-06
1.154363e-06
1.074689e-06
9.950252e-07
9.153709e-07
8.357259e-07
7.560901e-07
6.764633e-07
5.968451e-07
5.172354e-07
4.37634e-07
3.580406e-07
2.784557e-07
1.988757e-07
1.193126e-07
3.970421e-08
1.552972e-06
1.47324e-06
1.393519e-06
1.31381e-06
1.234112e-06
1.154425e-06
1.074747e-06
9.950803e-07
9.154228e-07
8.357748e-07
7.561358e-07
6.765055e-07
5.968838e-07
5.172703e-07
4.376649e-07
3.58067e-07
2.784773e-07
1.988918e-07
1.193237e-07
3.970693e-08
1.553062e-06
1.473325e-06
1.3936e-06
1.313887e-06
1.234185e-06
1.154494e-06
1.074814e-06
9.951432e-07
9.154823e-07
8.358307e-07
7.56188e-07
6.765541e-07
5.969284e-07
5.173108e-07
4.377009e-07
3.580981e-07
2.785031e-07
1.989119e-07
1.193374e-07
3.971646e-08
1.55316e-06
1.473419e-06
1.393689e-06
1.313972e-06
1.234266e-06
1.154571e-06
1.074887e-06
9.952122e-07
9.155475e-07
8.35892e-07
7.562456e-07
6.766076e-07
5.969778e-07
5.173557e-07
4.377411e-07
3.581333e-07
2.785327e-07
1.989359e-07
1.193536e-07
3.973318e-08
1.553263e-06
1.473516e-06
1.393782e-06
1.31406e-06
1.23435e-06
1.154651e-06
1.074963e-06
9.952844e-07
9.156158e-07
8.359565e-07
7.563061e-07
6.76664e-07
5.9703e-07
5.174035e-07
4.377841e-07
3.581712e-07
2.78565e-07
1.989629e-07
1.193715e-07
3.975647e-08
1.553365e-06
1.473614e-06
1.393875e-06
1.314149e-06
1.234434e-06
1.154731e-06
1.075039e-06
9.953566e-07
9.156842e-07
8.360211e-07
7.563668e-07
6.767208e-07
5.970827e-07
5.174518e-07
4.378278e-07
3.582101e-07
2.785982e-07
1.989913e-07
1.193903e-07
3.97848e-08
1.553463e-06
1.473706e-06
1.393963e-06
1.314233e-06
1.234514e-06
1.154807e-06
1.075111e-06
9.954255e-07
9.157495e-07
8.360828e-07
7.564249e-07
6.767752e-07
5.971332e-07
5.174983e-07
4.3787e-07
3.582478e-07
2.786308e-07
1.990195e-07
1.194087e-07
3.981597e-08
1.553551e-06
1.47379e-06
1.394043e-06
1.314308e-06
1.234586e-06
1.154876e-06
1.075177e-06
9.954877e-07
9.158086e-07
8.361387e-07
7.564776e-07
6.768246e-07
5.971792e-07
5.175408e-07
4.379087e-07
3.582825e-07
2.786608e-07
1.990459e-07
1.194259e-07
3.98474e-08
1.553625e-06
1.473861e-06
1.39411e-06
1.314373e-06
1.234648e-06
1.154935e-06
1.075232e-06
9.955407e-07
9.158589e-07
8.361864e-07
7.565226e-07
6.768668e-07
5.972185e-07
5.175771e-07
4.379418e-07
3.583124e-07
2.786867e-07
1.99069e-07
1.194409e-07
3.987641e-08
1.553684e-06
1.473916e-06
1.394163e-06
1.314423e-06
1.234696e-06
1.15498e-06
1.075276e-06
9.955823e-07
9.158984e-07
8.362238e-07
7.565579e-07
6.769e-07
5.972495e-07
5.176058e-07
4.37968e-07
3.58336e-07
2.787073e-07
1.990875e-07
1.194527e-07
3.990056e-08
1.553724e-06
1.473954e-06
1.394199e-06
1.314458e-06
1.234729e-06
1.155012e-06
1.075306e-06
9.956108e-07
9.159255e-07
8.362495e-07
7.565822e-07
1.553744e-06
1.473973e-06
1.394218e-06
1.314475e-06
1.234746e-06
1.155028e-06
1.075321e-06
9.956253e-07
9.159393e-07
1.553744e-06
1.473974e-06
1.394218e-06
1.314476e-06
1.234746e-06
1.553724e-06
1.473954e-06
1.394199e-06
1.552706e-06
1.472986e-06
1.393278e-06
1.31358e-06
1.233893e-06
1.154216e-06
1.074549e-06
9.948924e-07
9.152451e-07
8.356072e-07
7.559786e-07
6.763592e-07
5.967487e-07
5.171473e-07
4.375549e-07
3.579717e-07
2.783981e-07
1.988341e-07
1.192815e-07
3.973329e-08
1.552727e-06
1.473006e-06
1.393296e-06
1.313598e-06
1.23391e-06
1.154233e-06
1.074565e-06
9.949076e-07
9.152597e-07
8.356212e-07
7.559919e-07
6.763718e-07
5.967607e-07
5.171586e-07
4.375655e-07
3.579814e-07
2.784066e-07
1.988406e-07
1.192856e-07
3.972715e-08
1.552765e-06
1.473042e-06
1.393331e-06
1.313631e-06
1.233942e-06
1.154263e-06
1.074594e-06
9.949351e-07
9.152858e-07
8.356458e-07
7.560152e-07
6.763936e-07
5.96781e-07
5.171773e-07
4.375824e-07
3.579962e-07
2.784191e-07
1.988499e-07
1.192923e-07
3.972215e-08
1.552817e-06
1.473093e-06
1.393379e-06
1.313677e-06
1.233985e-06
1.154304e-06
1.074633e-06
9.949723e-07
9.153209e-07
8.356789e-07
7.560461e-07
6.764223e-07
5.968074e-07
5.172012e-07
4.376035e-07
3.580143e-07
2.784337e-07
1.988601e-07
1.192989e-07
3.971837e-08
1.552883e-06
1.473155e-06
1.393439e-06
1.313734e-06
1.23404e-06
1.154356e-06
1.074682e-06
9.950186e-07
9.153645e-07
8.357199e-07
7.560844e-07
6.764578e-07
5.968399e-07
5.172304e-07
4.376293e-07
3.580362e-07
2.784513e-07
1.988727e-07
1.193071e-07
3.971753e-08
1.552962e-06
1.473231e-06
1.393511e-06
1.313802e-06
1.234104e-06
1.154417e-06
1.074741e-06
9.950738e-07
9.154167e-07
8.357689e-07
7.561301e-07
6.765001e-07
5.968787e-07
5.172654e-07
4.376603e-07
3.580627e-07
2.78473e-07
1.98889e-07
1.193179e-07
3.972102e-08
1.553053e-06
1.473317e-06
1.393593e-06
1.31388e-06
1.234179e-06
1.154488e-06
1.074807e-06
9.951372e-07
9.154765e-07
8.358251e-07
7.561827e-07
6.76549e-07
5.969236e-07
5.173062e-07
4.376965e-07
3.58094e-07
2.78499e-07
1.989093e-07
1.193319e-07
3.97298e-08
1.553152e-06
1.473411e-06
1.393682e-06
1.313965e-06
1.23426e-06
1.154565e-06
1.074881e-06
9.952068e-07
9.155423e-07
8.358871e-07
7.562408e-07
6.766031e-07
5.969734e-07
5.173516e-07
4.377371e-07
3.581296e-07
2.78529e-07
1.989335e-07
1.193487e-07
3.974407e-08
1.553256e-06
1.47351e-06
1.393777e-06
1.314055e-06
1.234345e-06
1.154646e-06
1.074958e-06
9.952798e-07
9.156114e-07
8.359523e-07
7.56302e-07
6.766602e-07
5.970263e-07
5.173999e-07
4.377807e-07
3.581681e-07
2.785618e-07
1.989606e-07
1.193677e-07
3.976327e-08
1.55336e-06
1.473609e-06
1.39387e-06
1.314144e-06
1.23443e-06
1.154727e-06
1.075035e-06
9.953529e-07
9.156807e-07
8.360177e-07
7.563636e-07
6.767177e-07
5.970796e-07
5.174489e-07
4.378251e-07
3.582075e-07
2.785958e-07
1.989891e-07
1.193879e-07
3.978616e-08
1.553459e-06
1.473703e-06
1.39396e-06
1.314229e-06
1.234511e-06
1.154804e-06
1.075108e-06
9.954227e-07
9.157468e-07
8.360802e-07
7.564224e-07
6.767728e-07
5.971309e-07
5.174961e-07
4.378679e-07
3.582458e-07
2.786289e-07
1.990175e-07
1.19408e-07
3.981102e-08
1.553548e-06
1.473787e-06
1.39404e-06
1.314306e-06
1.234584e-06
1.154874e-06
1.075175e-06
9.954858e-07
9.158067e-07
8.361369e-07
7.564759e-07
6.768229e-07
5.971776e-07
5.175392e-07
4.379072e-07
3.58281e-07
2.786596e-07
1.99044e-07
1.194268e-07
3.983585e-08
1.553624e-06
1.473859e-06
1.394109e-06
1.314371e-06
1.234646e-06
1.154933e-06
1.075231e-06
9.955395e-07
9.158577e-07
8.361852e-07
7.565214e-07
6.768657e-07
5.972175e-07
5.175761e-07
4.379409e-07
3.583114e-07
2.786861e-07
1.990671e-07
1.194433e-07
3.985863e-08
1.553683e-06
1.473916e-06
1.394162e-06
1.314423e-06
1.234695e-06
1.15498e-06
1.075275e-06
9.955816e-07
9.158977e-07
8.362231e-07
7.565572e-07
6.768994e-07
5.972489e-07
5.176051e-07
4.379674e-07
3.583353e-07
2.787071e-07
1.990855e-07
1.194564e-07
3.98775e-08
1.553723e-06
1.473954e-06
1.394199e-06
1.314458e-06
1.234729e-06
1.155012e-06
1.075306e-06
9.956105e-07
9.159251e-07
8.362492e-07
7.565818e-07
1.553744e-06
1.473974e-06
1.394218e-06
1.314475e-06
1.234746e-06
1.155028e-06
1.075321e-06
9.956251e-07
9.159391e-07
1.553744e-06
1.473974e-06
1.394218e-06
1.314475e-06
1.234746e-06
1.553724e-06
1.473954e-06
1.394199e-06
)
;

boundaryField
{
    inlet
    {
        type            zeroGradient;
    }
    outlet
    {
        type            fixedValue;
        value           uniform 0;
    }
    chip_bases
    {
        type            zeroGradient;
    }
    walls
    {
        type            zeroGradient;
    }
    procBoundary0to1
    {
        type            processor;
        value           nonuniform List<scalar> 
431
(
1.891542e-06
1.825068e-06
1.891627e-06
1.825149e-06
1.891689e-06
1.825209e-06
1.891763e-06
1.82528e-06
1.891846e-06
1.82536e-06
1.891948e-06
1.825457e-06
1.892065e-06
1.825569e-06
1.892195e-06
1.825694e-06
1.89233e-06
1.825823e-06
1.892465e-06
1.825952e-06
1.892592e-06
1.826075e-06
1.892706e-06
1.826184e-06
1.892803e-06
1.826277e-06
1.892878e-06
1.826349e-06
1.892929e-06
1.826399e-06
1.75859e-06
1.75859e-06
1.692134e-06
1.625686e-06
1.758673e-06
1.758673e-06
1.692213e-06
1.625762e-06
1.758732e-06
1.758732e-06
1.69227e-06
1.625817e-06
1.7588e-06
1.7588e-06
1.692336e-06
1.62588e-06
1.758878e-06
1.758878e-06
1.69241e-06
1.625951e-06
1.758972e-06
1.758972e-06
1.6925e-06
1.626037e-06
1.75908e-06
1.75908e-06
1.692604e-06
1.626137e-06
1.759199e-06
1.759199e-06
1.692719e-06
1.626247e-06
1.759325e-06
1.759325e-06
1.692839e-06
1.626363e-06
1.759449e-06
1.759449e-06
1.692959e-06
1.626479e-06
1.759567e-06
1.759567e-06
1.693072e-06
1.626588e-06
1.759673e-06
1.759673e-06
1.693174e-06
1.626686e-06
1.759763e-06
1.759763e-06
1.69326e-06
1.626769e-06
1.759832e-06
1.759832e-06
1.693327e-06
1.626834e-06
1.75988e-06
1.75988e-06
1.693373e-06
1.626878e-06
1.552602e-06
1.472885e-06
1.552675e-06
1.472955e-06
1.552728e-06
1.473006e-06
1.552788e-06
1.473063e-06
1.552857e-06
1.473129e-06
1.552939e-06
1.473208e-06
1.553035e-06
1.473299e-06
1.55314e-06
1.4734e-06
1.553251e-06
1.473505e-06
1.553361e-06
1.47361e-06
1.553465e-06
1.473709e-06
1.553559e-06
1.473798e-06
1.553638e-06
1.473873e-06
1.5537e-06
1.473932e-06
1.553742e-06
1.473972e-06
1.393172e-06
1.393172e-06
1.313477e-06
1.233794e-06
1.15412e-06
1.393242e-06
1.393242e-06
1.313544e-06
1.233857e-06
1.154181e-06
1.39329e-06
1.39329e-06
1.31359e-06
1.233901e-06
1.154222e-06
1.393345e-06
1.393345e-06
1.313642e-06
1.233951e-06
1.15427e-06
1.393408e-06
1.393408e-06
1.313702e-06
1.234007e-06
1.154323e-06
1.393483e-06
1.393483e-06
1.313774e-06
1.234076e-06
1.154389e-06
1.393571e-06
1.393571e-06
1.313858e-06
1.234156e-06
1.154465e-06
1.393668e-06
1.393668e-06
1.31395e-06
1.234245e-06
1.15455e-06
1.393769e-06
1.393769e-06
1.314047e-06
1.234338e-06
1.154639e-06
1.39387e-06
1.39387e-06
1.314144e-06
1.234431e-06
1.154728e-06
1.393966e-06
1.393966e-06
1.314236e-06
1.234519e-06
1.154813e-06
1.394051e-06
1.394051e-06
1.314318e-06
1.234598e-06
1.154888e-06
1.394124e-06
1.394124e-06
1.314388e-06
1.234664e-06
1.154953e-06
1.394181e-06
1.394181e-06
1.314443e-06
1.234717e-06
1.155003e-06
1.394219e-06
1.394219e-06
1.31448e-06
1.234752e-06
1.155037e-06
1.074452e-06
1.074452e-06
9.947983e-07
1.074512e-06
1.074512e-06
9.948555e-07
1.074552e-06
1.074552e-06
9.948937e-07
1.074597e-06
1.074597e-06
9.94936e-07
1.074648e-06
1.074648e-06
9.949843e-07
1.07471e-06
1.07471e-06
9.950438e-07
1.074783e-06
1.074783e-06
9.951131e-07
1.074864e-06
1.074864e-06
9.951906e-07
1.07495e-06
1.07495e-06
9.952721e-07
1.075035e-06
1.075035e-06
9.953538e-07
1.075116e-06
1.075116e-06
9.954311e-07
1.075189e-06
1.075189e-06
9.955008e-07
1.07525e-06
1.07525e-06
9.955595e-07
1.075298e-06
1.075298e-06
9.956056e-07
1.075331e-06
1.075331e-06
9.956368e-07
1.075349e-06
1.075349e-06
9.956535e-07
9.151509e-07
9.151509e-07
8.355164e-07
7.558913e-07
6.762751e-07
5.966684e-07
5.170702e-07
4.374831e-07
3.579017e-07
2.783412e-07
1.987658e-07
1.192681e-07
3.962661e-08
9.152071e-07
9.152071e-07
8.355699e-07
7.559422e-07
6.763235e-07
5.967144e-07
5.171138e-07
4.375246e-07
3.579403e-07
2.783785e-07
1.987946e-07
1.19304e-07
3.961038e-08
9.15244e-07
9.15244e-07
8.356046e-07
7.559748e-07
6.76354e-07
5.967428e-07
5.171399e-07
4.375487e-07
3.579611e-07
2.783983e-07
1.988049e-07
1.193275e-07
3.957351e-08
9.15284e-07
9.15284e-07
8.356423e-07
7.560099e-07
6.763865e-07
5.967726e-07
5.171668e-07
4.375725e-07
3.579807e-07
2.784156e-07
1.988115e-07
1.193458e-07
3.953024e-08
9.153296e-07
9.153296e-07
8.356851e-07
7.560499e-07
6.764235e-07
5.968065e-07
5.171972e-07
4.375992e-07
3.580028e-07
2.784343e-07
1.988207e-07
1.193628e-07
3.949761e-08
9.153858e-07
9.153858e-07
8.357381e-07
7.560996e-07
6.764697e-07
5.96849e-07
5.172357e-07
4.376334e-07
3.580321e-07
2.784585e-07
1.988375e-07
1.193786e-07
3.94869e-08
9.154516e-07
9.154516e-07
8.358004e-07
7.561582e-07
6.765246e-07
5.968998e-07
5.172822e-07
4.376749e-07
3.580688e-07
2.784883e-07
1.988635e-07
1.193914e-07
3.950648e-08
9.155252e-07
9.155252e-07
8.358703e-07
7.562243e-07
6.765867e-07
5.969575e-07
5.173356e-07
4.377229e-07
3.581123e-07
2.785231e-07
1.988987e-07
1.193996e-07
3.956026e-08
9.156029e-07
9.156029e-07
8.359442e-07
7.562943e-07
6.766527e-07
5.970192e-07
5.173929e-07
4.377746e-07
3.581601e-07
2.785606e-07
1.98941e-07
1.194018e-07
3.964713e-08
9.156807e-07
9.156807e-07
8.360184e-07
7.563646e-07
6.767193e-07
5.970815e-07
5.174511e-07
4.378274e-07
3.582096e-07
2.785987e-07
1.989881e-07
1.193977e-07
3.976124e-08
9.157546e-07
9.157546e-07
8.360888e-07
7.564316e-07
6.767827e-07
5.97141e-07
5.175069e-07
4.37878e-07
3.582576e-07
2.78635e-07
1.990364e-07
1.193883e-07
3.989264e-08
9.15821e-07
9.15821e-07
8.361523e-07
7.56492e-07
6.768401e-07
5.97195e-07
5.175577e-07
4.379241e-07
3.583018e-07
2.786678e-07
1.990829e-07
1.193755e-07
4.002906e-08
9.158772e-07
9.158772e-07
8.36206e-07
7.565433e-07
6.768888e-07
5.972408e-07
5.176008e-07
4.379632e-07
3.583397e-07
2.786955e-07
1.991242e-07
1.193614e-07
4.015737e-08
9.159212e-07
9.159212e-07
8.362479e-07
7.565833e-07
6.769268e-07
5.972768e-07
5.176349e-07
4.379942e-07
3.583699e-07
2.787173e-07
1.991578e-07
1.193485e-07
4.026555e-08
9.159512e-07
9.159512e-07
8.362767e-07
7.566112e-07
9.15967e-07
9.15967e-07
)
;
    }
    procBoundary0to2
    {
        type            processor;
        value           nonuniform List<scalar> 
330
(
1.626832e-06
1.8928e-06
1.826274e-06
1.759761e-06
1.626832e-06
1.693258e-06
1.626831e-06
1.8928e-06
1.826273e-06
1.75976e-06
1.626831e-06
1.693257e-06
1.62683e-06
1.892799e-06
1.826272e-06
1.759759e-06
1.62683e-06
1.693256e-06
1.626829e-06
1.892798e-06
1.826271e-06
1.759758e-06
1.626829e-06
1.693255e-06
1.626827e-06
1.892797e-06
1.82627e-06
1.759757e-06
1.626827e-06
1.693254e-06
1.626826e-06
1.892796e-06
1.826269e-06
1.759756e-06
1.626826e-06
1.693253e-06
1.155053e-06
1.314479e-06
1.155053e-06
1.234751e-06
1.553698e-06
1.47393e-06
1.314479e-06
1.394179e-06
1.155051e-06
1.075345e-06
9.956504e-07
1.314477e-06
1.155051e-06
1.234749e-06
1.553697e-06
1.473928e-06
1.314477e-06
1.394178e-06
6.769505e-07
5.972982e-07
5.176549e-07
4.380127e-07
3.583877e-07
2.787303e-07
1.991784e-07
1.193381e-07
4.03478e-08
8.362889e-07
6.769505e-07
7.566215e-07
1.155049e-06
1.075343e-06
9.956481e-07
8.362889e-07
9.159635e-07
1.314475e-06
1.155049e-06
1.234747e-06
1.553695e-06
1.473926e-06
1.314475e-06
1.394176e-06
6.769475e-07
5.97295e-07
5.176516e-07
4.380098e-07
3.583842e-07
2.787289e-07
1.99174e-07
1.193405e-07
4.034306e-08
8.362862e-07
6.769475e-07
7.566183e-07
1.155047e-06
1.07534e-06
9.956456e-07
8.362862e-07
9.159608e-07
1.314473e-06
1.155047e-06
1.234745e-06
1.553694e-06
1.473925e-06
1.314473e-06
1.394175e-06
6.769442e-07
5.972916e-07
5.17648e-07
4.380066e-07
3.583802e-07
2.787277e-07
1.991676e-07
1.193472e-07
4.032629e-08
8.362831e-07
6.769442e-07
7.566149e-07
1.155044e-06
1.075338e-06
9.956429e-07
8.362831e-07
9.159579e-07
1.314471e-06
1.155044e-06
1.234743e-06
1.553692e-06
1.473923e-06
1.314471e-06
1.394173e-06
6.769409e-07
5.972883e-07
5.176443e-07
4.380035e-07
3.583757e-07
2.787276e-07
1.991571e-07
1.193655e-07
4.02842e-08
8.3628e-07
6.769409e-07
7.566117e-07
1.155042e-06
1.075335e-06
9.956401e-07
8.3628e-07
9.15955e-07
1.314469e-06
1.155042e-06
1.23474e-06
1.553691e-06
1.473922e-06
1.314469e-06
1.394171e-06
1.626823e-06
1.892794e-06
1.826268e-06
1.759754e-06
1.626823e-06
1.693251e-06
1.626821e-06
1.892794e-06
1.826267e-06
1.759753e-06
1.626821e-06
1.69325e-06
1.626819e-06
1.892793e-06
1.826267e-06
1.759753e-06
1.626819e-06
1.69325e-06
1.626818e-06
1.892793e-06
1.826267e-06
1.759752e-06
1.626818e-06
1.693249e-06
1.626817e-06
1.892792e-06
1.826266e-06
1.759751e-06
1.626817e-06
1.693248e-06
1.626816e-06
1.892791e-06
1.826264e-06
1.75975e-06
1.626816e-06
1.693247e-06
6.769357e-07
5.972835e-07
5.176386e-07
4.379988e-07
3.583681e-07
2.787292e-07
1.991339e-07
1.194147e-07
4.017186e-08
8.362752e-07
6.769357e-07
7.56607e-07
1.155038e-06
1.075332e-06
9.95636e-07
8.362752e-07
9.159506e-07
1.314466e-06
1.155038e-06
1.234737e-06
1.553689e-06
1.47392e-06
1.314466e-06
1.394168e-06
6.76931e-07
5.972787e-07
5.176336e-07
4.379941e-07
3.583621e-07
2.787271e-07
1.991213e-07
1.194332e-07
4.009586e-08
8.362705e-07
6.76931e-07
7.566023e-07
1.155034e-06
1.075328e-06
9.956319e-07
8.362705e-07
9.159463e-07
1.314463e-06
1.155034e-06
1.234734e-06
1.553687e-06
1.473918e-06
1.314463e-06
1.394166e-06
6.769271e-07
5.972749e-07
5.176296e-07
4.379902e-07
3.583574e-07
2.787245e-07
1.991121e-07
1.194439e-07
4.002938e-08
8.362667e-07
6.769271e-07
7.565984e-07
1.155031e-06
1.075325e-06
9.956287e-07
8.362667e-07
9.159428e-07
1.314461e-06
1.155031e-06
1.234732e-06
1.553686e-06
1.473917e-06
1.314461e-06
1.394165e-06
6.769243e-07
5.972722e-07
5.176269e-07
4.379874e-07
3.58354e-07
2.787224e-07
1.991049e-07
1.194527e-07
3.996708e-08
8.362639e-07
6.769243e-07
7.565957e-07
1.155029e-06
1.075322e-06
9.956263e-07
8.362639e-07
9.159403e-07
1.314459e-06
1.155029e-06
1.23473e-06
1.553685e-06
1.473917e-06
1.314459e-06
1.394164e-06
6.769228e-07
5.972708e-07
5.176254e-07
4.379859e-07
3.583522e-07
2.787215e-07
1.991003e-07
1.194609e-07
3.991785e-08
8.362625e-07
6.769228e-07
7.565943e-07
1.155028e-06
1.075321e-06
9.956252e-07
8.362625e-07
9.159391e-07
1.314458e-06
1.155028e-06
1.234729e-06
1.553684e-06
1.473916e-06
1.314458e-06
1.394163e-06
6.769225e-07
5.972704e-07
5.17625e-07
4.379857e-07
3.583518e-07
2.787215e-07
1.990982e-07
1.194655e-07
3.989097e-08
8.362623e-07
6.769225e-07
7.565941e-07
1.155028e-06
1.075321e-06
9.95625e-07
8.362623e-07
9.159389e-07
1.314458e-06
1.155028e-06
1.234729e-06
1.553683e-06
1.473916e-06
1.314458e-06
1.394162e-06
)
;
    }
    procBoundary0to3
    {
        type            processor;
        value           nonuniform List<scalar> 
46
(
1.892955e-06
1.826423e-06
1.892955e-06
1.892955e-06
1.892954e-06
1.826422e-06
1.759903e-06
1.693396e-06
1.6269e-06
1.892954e-06
1.892954e-06
1.826422e-06
1.759903e-06
1.693396e-06
1.6269e-06
1.892954e-06
1.892954e-06
1.826422e-06
1.759903e-06
1.693396e-06
1.6269e-06
1.892928e-06
1.826397e-06
1.759879e-06
1.693372e-06
1.626877e-06
1.892877e-06
1.826348e-06
1.759832e-06
1.693327e-06
1.553763e-06
1.473991e-06
1.553763e-06
1.473991e-06
1.394239e-06
1.314499e-06
1.234771e-06
1.155055e-06
1.553763e-06
1.473991e-06
1.394239e-06
1.314499e-06
1.234771e-06
1.553741e-06
1.473971e-06
1.39422e-06
)
;
    }
    procBoundary0to4
    {
        type            processor;
        value           nonuniform List<scalar> 
51
(
2.091025e-06
2.024521e-06
1.958027e-06
2.09112e-06
2.024612e-06
1.958115e-06
2.09119e-06
2.02468e-06
1.958179e-06
2.091274e-06
2.02476e-06
1.958256e-06
2.091369e-06
2.024851e-06
1.958343e-06
2.091485e-06
2.024962e-06
1.95845e-06
2.091618e-06
2.025089e-06
1.958572e-06
2.091765e-06
2.02523e-06
1.958707e-06
2.091919e-06
2.025377e-06
1.958848e-06
2.092072e-06
2.025524e-06
1.958988e-06
2.092216e-06
2.025662e-06
1.959121e-06
2.092346e-06
2.025786e-06
1.95924e-06
2.092455e-06
2.025891e-06
1.959341e-06
2.09254e-06
2.025973e-06
1.959419e-06
2.092598e-06
2.026028e-06
1.959473e-06
2.092627e-06
2.026056e-06
1.959499e-06
2.092627e-06
2.026056e-06
1.959499e-06
)
;
    }
    procBoundary0to5
    {
        type            processor;
        value           nonuniform List<scalar> 
240
(
2.157524e-06
2.157629e-06
2.157705e-06
2.157792e-06
2.157892e-06
2.158014e-06
2.158154e-06
2.158308e-06
2.15847e-06
2.158631e-06
2.158782e-06
2.158918e-06
2.159033e-06
2.159121e-06
2.159182e-06
2.159213e-06
2.15751e-06
2.157621e-06
2.157698e-06
2.157787e-06
2.157887e-06
2.158009e-06
2.15815e-06
2.158305e-06
2.158467e-06
2.158629e-06
2.158781e-06
2.158917e-06
2.159032e-06
2.159121e-06
2.159182e-06
2.159212e-06
2.157499e-06
2.157614e-06
2.157693e-06
2.157782e-06
2.157883e-06
2.158005e-06
2.158146e-06
2.158302e-06
2.158465e-06
2.158627e-06
2.15878e-06
2.158916e-06
2.159031e-06
2.159121e-06
2.159181e-06
2.159212e-06
2.157491e-06
2.157609e-06
2.15769e-06
2.157779e-06
2.15788e-06
2.158003e-06
2.158144e-06
2.1583e-06
2.158464e-06
2.158626e-06
2.158779e-06
2.158916e-06
2.159031e-06
2.15912e-06
2.159181e-06
2.159211e-06
2.157485e-06
2.157606e-06
2.157687e-06
2.157777e-06
2.157878e-06
2.158001e-06
2.158142e-06
2.158299e-06
2.158463e-06
2.158625e-06
2.158778e-06
2.158915e-06
2.15903e-06
2.159119e-06
2.15918e-06
2.159211e-06
2.157483e-06
2.157483e-06
2.157605e-06
2.157605e-06
2.157687e-06
2.157687e-06
2.157777e-06
2.157777e-06
2.157878e-06
2.157878e-06
2.158001e-06
2.158001e-06
2.158142e-06
2.158142e-06
2.158299e-06
2.158299e-06
2.158462e-06
2.158462e-06
2.158625e-06
2.158625e-06
2.158778e-06
2.158778e-06
2.158914e-06
2.158914e-06
2.159029e-06
2.159029e-06
2.159118e-06
2.159118e-06
2.159179e-06
2.159179e-06
2.15921e-06
2.15921e-06
2.224006e-06
2.224133e-06
2.224219e-06
2.224313e-06
2.224419e-06
2.224547e-06
2.224695e-06
2.224858e-06
2.225029e-06
2.225199e-06
2.225359e-06
2.225502e-06
2.225621e-06
2.225714e-06
2.225778e-06
2.22581e-06
2.224011e-06
2.224135e-06
2.224222e-06
2.224315e-06
2.224421e-06
2.224549e-06
2.224696e-06
2.22486e-06
2.22503e-06
2.225199e-06
2.225359e-06
2.225501e-06
2.225621e-06
2.225714e-06
2.225777e-06
2.225809e-06
2.224026e-06
2.224139e-06
2.224227e-06
2.224318e-06
2.224423e-06
2.224551e-06
2.224698e-06
2.22486e-06
2.22503e-06
2.225199e-06
2.225358e-06
2.2255e-06
2.22562e-06
2.225712e-06
2.225776e-06
2.225808e-06
2.224066e-06
2.224165e-06
2.224249e-06
2.224339e-06
2.224444e-06
2.224569e-06
2.224714e-06
2.224874e-06
2.22504e-06
2.225206e-06
2.225362e-06
2.225502e-06
2.22562e-06
2.225711e-06
2.225774e-06
2.225805e-06
2.224115e-06
2.224196e-06
2.224273e-06
2.224359e-06
2.224463e-06
2.224587e-06
2.224729e-06
2.224886e-06
2.225049e-06
2.225212e-06
2.225366e-06
2.225504e-06
2.22562e-06
2.22571e-06
2.225772e-06
2.225803e-06
2.224161e-06
2.224222e-06
2.224291e-06
2.224375e-06
2.224478e-06
2.2246e-06
2.224741e-06
2.224895e-06
2.225056e-06
2.225217e-06
2.225368e-06
2.225505e-06
2.22562e-06
2.225709e-06
2.225771e-06
2.225802e-06
2.22419e-06
2.224233e-06
2.224294e-06
2.224376e-06
2.224477e-06
2.2246e-06
2.22474e-06
2.224894e-06
2.225055e-06
2.225215e-06
2.225367e-06
2.225503e-06
2.225619e-06
2.225709e-06
2.22577e-06
2.225801e-06
2.224196e-06
2.224225e-06
2.224281e-06
2.22436e-06
2.224462e-06
2.224585e-06
2.224726e-06
2.224882e-06
2.225045e-06
2.225208e-06
2.225362e-06
2.2255e-06
2.225617e-06
2.225708e-06
2.225771e-06
2.225802e-06
)
;
    }
    procBoundary0to6
    {
        type            processor;
        value           nonuniform List<scalar> 10(2.159213e-06 2.092598e-06 2.026028e-06 1.959472e-06 2.159212e-06 2.092598e-06 2.026027e-06 1.959471e-06 2.026027e-06 1.959471e-06);
    }
    procBoundary0to7
    {
        type            processor;
        value           nonuniform List<scalar> 
80
(
2.159212e-06
2.092597e-06
2.092597e-06
2.025971e-06
1.959417e-06
1.959417e-06
2.159211e-06
2.092596e-06
2.092596e-06
2.02597e-06
1.959417e-06
1.959417e-06
2.159211e-06
2.092596e-06
2.092596e-06
2.025969e-06
1.959416e-06
1.959416e-06
2.15921e-06
2.092595e-06
2.092595e-06
2.025969e-06
1.959415e-06
1.959415e-06
2.159209e-06
2.159209e-06
2.092594e-06
2.092594e-06
2.025968e-06
1.959413e-06
1.959413e-06
2.159208e-06
2.159208e-06
2.092593e-06
2.092593e-06
2.025966e-06
1.959412e-06
1.959412e-06
2.159206e-06
2.159206e-06
2.092591e-06
2.092591e-06
2.025965e-06
1.959411e-06
1.959411e-06
2.159204e-06
2.159204e-06
2.092589e-06
2.092589e-06
2.025964e-06
1.959409e-06
1.959409e-06
2.159202e-06
2.159202e-06
2.092587e-06
2.092587e-06
2.025962e-06
1.959408e-06
1.959408e-06
2.1592e-06
2.1592e-06
2.092586e-06
2.092586e-06
2.025961e-06
1.959407e-06
1.959407e-06
2.1592e-06
2.1592e-06
2.092585e-06
2.092585e-06
2.025961e-06
1.959406e-06
1.959406e-06
2.159201e-06
2.159201e-06
2.092585e-06
2.092585e-06
2.02596e-06
1.959405e-06
1.959405e-06
)
;
    }
}


// ************************************************************************* //
