/*--------------------------------*- C++ -*----------------------------------*\
| =========                 |                                                 |
| \\      /  F ield         | OpenFOAM: The Open Source CFD Toolbox           |
|  \\    /   O peration     | Version:  2406                                  |
|   \\  /    A nd           | Website:  www.openfoam.com                      |
|    \\/     M anipulation  |                                                 |
\*---------------------------------------------------------------------------*/
FoamFile
{
    version     2.0;
    format      ascii;
    arch        "LSB;label=32;scalar=64";
    note        "nPoints:6417  nCells:5364  nFaces:17087  nInternalFaces:15097";
    class       labelList;
    location    "constant/polyMesh";
    object      neighbour;
}
// * * * * * * * * * * * * * * * * * * * * * * * * * * * * * * * * * * * * * //


15097
(
1
20
361
2
21
362
3
22
363
4
23
364
5
24
365
6
25
366
7
26
367
8
27
368
9
28
369
10
29
370
11
30
371
12
31
372
13
32
373
14
33
374
15
34
375
16
35
376
17
36
377
18
37
378
19
38
379
39
380
2184
21
40
381
22
41
382
23
42
383
24
43
384
25
44
385
26
45
386
27
46
387
28
47
388
29
48
389
30
49
390
31
50
391
32
51
392
33
52
393
34
53
394
35
54
395
36
55
396
37
56
397
38
57
398
39
58
399
59
400
2188
41
60
401
42
61
402
43
62
403
44
63
404
45
64
405
46
65
406
47
66
407
48
67
408
49
68
409
50
69
410
51
70
411
52
71
412
53
72
413
54
73
414
55
74
415
56
75
416
57
76
417
58
77
418
59
78
419
79
420
2192
61
80
421
62
81
422
63
82
423
64
83
424
65
84
425
66
85
426
67
86
427
68
87
428
69
88
429
70
89
430
71
90
431
72
91
432
73
92
433
74
93
434
75
94
435
76
95
436
77
96
437
78
97
438
79
98
439
99
440
2196
81
100
441
82
101
442
83
102
443
84
103
444
85
104
445
86
105
446
87
106
447
88
107
448
89
108
449
90
109
450
91
110
451
92
111
452
93
112
453
94
113
454
95
114
455
96
115
456
97
116
457
98
117
458
99
118
459
119
460
2200
101
120
461
102
121
462
103
122
463
104
123
464
105
124
465
106
125
466
107
126
467
108
127
468
109
128
469
110
129
470
111
130
471
112
131
472
113
132
473
114
133
474
115
134
475
116
135
476
117
136
477
118
137
478
119
138
479
139
480
2204
121
140
481
122
141
482
123
142
483
124
143
484
125
144
485
126
145
486
127
146
487
128
147
488
129
148
489
130
149
490
131
150
491
132
151
492
133
152
493
134
153
494
135
154
495
136
155
496
137
156
497
138
157
498
139
158
499
159
500
2208
141
160
501
142
161
502
143
162
503
144
163
504
145
164
505
146
165
506
147
166
507
148
167
508
149
168
509
150
169
510
151
170
511
152
171
512
153
172
513
154
173
514
155
174
515
156
175
516
157
176
517
158
177
518
159
178
519
179
520
2212
161
180
521
162
181
522
163
182
523
164
183
524
165
184
525
166
185
526
167
186
527
168
187
528
169
188
529
170
189
530
171
190
531
172
191
532
173
192
533
174
193
534
175
194
535
176
195
536
177
196
537
178
197
538
179
198
539
199
540
2216
181
200
541
182
201
542
183
202
543
184
203
544
185
204
545
186
205
546
187
206
547
188
207
548
189
208
549
190
209
550
191
210
551
192
211
552
193
212
553
194
213
554
195
214
555
196
215
556
197
216
557
198
217
558
199
218
559
219
560
2220
201
220
561
202
221
562
203
222
563
204
223
564
205
224
565
206
225
566
207
226
567
208
227
568
209
228
569
210
229
570
211
230
571
212
231
572
213
232
573
214
233
574
215
234
575
216
235
576
217
236
577
218
237
578
219
238
579
239
580
2224
221
240
581
222
241
582
223
242
583
224
243
584
225
244
585
226
245
586
227
246
587
228
247
588
229
248
589
230
249
590
231
250
591
232
251
592
233
252
593
234
253
594
235
254
595
236
255
596
237
256
597
238
257
598
239
258
599
259
600
2229
241
260
601
242
261
602
243
262
603
244
263
604
245
264
605
246
265
606
247
266
607
248
267
608
249
268
609
250
269
610
251
270
611
252
271
612
253
272
613
254
273
614
255
274
615
256
275
616
257
276
617
258
277
618
259
278
619
279
620
2234
261
280
621
262
281
622
263
282
623
264
283
624
265
284
625
266
285
626
267
286
627
268
287
628
269
288
629
270
289
630
271
290
631
272
291
632
273
292
633
274
293
634
275
294
635
276
295
636
277
296
637
278
297
638
279
298
639
299
640
2239
281
300
641
282
301
642
283
302
643
284
303
644
285
304
645
286
305
646
287
306
647
288
307
648
289
308
649
290
309
650
291
310
651
292
311
652
293
312
653
294
313
654
295
314
655
296
315
656
297
316
657
298
317
658
299
318
659
319
660
2244
301
320
661
302
321
662
303
322
663
304
323
664
305
324
665
306
325
666
307
326
667
308
327
668
309
328
669
310
329
670
311
330
671
312
331
672
313
332
673
314
333
674
315
334
675
316
676
317
677
318
678
319
679
680
2250
321
335
681
322
336
682
323
337
683
324
338
684
325
339
685
326
340
686
327
341
687
328
342
688
329
343
689
330
344
690
331
345
691
332
346
692
333
347
693
334
348
694
349
695
336
350
696
337
351
697
338
352
698
339
353
699
340
354
700
341
355
701
342
356
702
343
357
703
344
358
704
345
359
705
346
360
706
347
707
348
708
349
709
710
351
711
352
712
353
713
354
714
355
715
356
716
357
717
358
718
359
719
360
720
721
362
381
722
363
382
723
364
383
724
365
384
725
366
385
726
367
386
727
368
387
728
369
388
729
370
389
730
371
390
731
372
391
732
373
392
733
374
393
734
375
394
735
376
395
736
377
396
737
378
397
738
379
398
739
380
399
740
400
741
2256
382
401
742
383
402
743
384
403
744
385
404
745
386
405
746
387
406
747
388
407
748
389
408
749
390
409
750
391
410
751
392
411
752
393
412
753
394
413
754
395
414
755
396
415
756
397
416
757
398
417
758
399
418
759
400
419
760
420
761
2260
402
421
762
403
422
763
404
423
764
405
424
765
406
425
766
407
426
767
408
427
768
409
428
769
410
429
770
411
430
771
412
431
772
413
432
773
414
433
774
415
434
775
416
435
776
417
436
777
418
437
778
419
438
779
420
439
780
440
781
2264
422
441
782
423
442
783
424
443
784
425
444
785
426
445
786
427
446
787
428
447
788
429
448
789
430
449
790
431
450
791
432
451
792
433
452
793
434
453
794
435
454
795
436
455
796
437
456
797
438
457
798
439
458
799
440
459
800
460
801
2268
442
461
802
443
462
803
444
463
804
445
464
805
446
465
806
447
466
807
448
467
808
449
468
809
450
469
810
451
470
811
452
471
812
453
472
813
454
473
814
455
474
815
456
475
816
457
476
817
458
477
818
459
478
819
460
479
820
480
821
2272
462
481
822
463
482
823
464
483
824
465
484
825
466
485
826
467
486
827
468
487
828
469
488
829
470
489
830
471
490
831
472
491
832
473
492
833
474
493
834
475
494
835
476
495
836
477
496
837
478
497
838
479
498
839
480
499
840
500
841
2276
482
501
842
483
502
843
484
503
844
485
504
845
486
505
846
487
506
847
488
507
848
489
508
849
490
509
850
491
510
851
492
511
852
493
512
853
494
513
854
495
514
855
496
515
856
497
516
857
498
517
858
499
518
859
500
519
860
520
861
2280
502
521
862
503
522
863
504
523
864
505
524
865
506
525
866
507
526
867
508
527
868
509
528
869
510
529
870
511
530
871
512
531
872
513
532
873
514
533
874
515
534
875
516
535
876
517
536
877
518
537
878
519
538
879
520
539
880
540
881
2284
522
541
882
523
542
883
524
543
884
525
544
885
526
545
886
527
546
887
528
547
888
529
548
889
530
549
890
531
550
891
532
551
892
533
552
893
534
553
894
535
554
895
536
555
896
537
556
897
538
557
898
539
558
899
540
559
900
560
901
2288
542
561
902
543
562
903
544
563
904
545
564
905
546
565
906
547
566
907
548
567
908
549
568
909
550
569
910
551
570
911
552
571
912
553
572
913
554
573
914
555
574
915
556
575
916
557
576
917
558
577
918
559
578
919
560
579
920
580
921
2292
562
581
922
563
582
923
564
583
924
565
584
925
566
585
926
567
586
927
568
587
928
569
588
929
570
589
930
571
590
931
572
591
932
573
592
933
574
593
934
575
594
935
576
595
936
577
596
937
578
597
938
579
598
939
580
599
940
600
941
2296
582
601
942
583
602
943
584
603
944
585
604
945
586
605
946
587
606
947
588
607
948
589
608
949
590
609
950
591
610
951
592
611
952
593
612
953
594
613
954
595
614
955
596
615
956
597
616
957
598
617
958
599
618
959
600
619
960
620
961
2301
602
621
962
603
622
963
604
623
964
605
624
965
606
625
966
607
626
967
608
627
968
609
628
969
610
629
970
611
630
971
612
631
972
613
632
973
614
633
974
615
634
975
616
635
976
617
636
977
618
637
978
619
638
979
620
639
980
640
981
2306
622
641
982
623
642
983
624
643
984
625
644
985
626
645
986
627
646
987
628
647
988
629
648
989
630
649
990
631
650
991
632
651
992
633
652
993
634
653
994
635
654
995
636
655
996
637
656
997
638
657
998
639
658
999
640
659
1000
660
1001
2311
642
661
1002
643
662
1003
644
663
1004
645
664
1005
646
665
1006
647
666
1007
648
667
1008
649
668
1009
650
669
1010
651
670
1011
652
671
1012
653
672
1013
654
673
1014
655
674
1015
656
675
1016
657
676
1017
658
677
1018
659
678
1019
660
679
1020
680
1021
2316
662
681
1022
663
682
1023
664
683
1024
665
684
1025
666
685
1026
667
686
1027
668
687
1028
669
688
1029
670
689
1030
671
690
1031
672
691
1032
673
692
1033
674
693
1034
675
694
1035
676
695
1036
677
1037
678
1038
679
1039
680
1040
1041
2322
682
696
1042
683
697
1043
684
698
1044
685
699
1045
686
700
1046
687
701
1047
688
702
1048
689
703
1049
690
704
1050
691
705
1051
692
706
1052
693
707
1053
694
708
1054
695
709
1055
710
1056
697
711
1057
698
712
1058
699
713
1059
700
714
1060
701
715
1061
702
716
1062
703
717
1063
704
718
1064
705
719
1065
706
720
1066
707
721
1067
708
1068
709
1069
710
1070
1071
712
1072
713
1073
714
1074
715
1075
716
1076
717
1077
718
1078
719
1079
720
1080
721
1081
1082
723
742
1083
724
743
1084
725
744
1085
726
745
1086
727
746
1087
728
747
1088
729
748
1089
730
749
1090
731
750
1091
732
751
1092
733
752
1093
734
753
1094
735
754
1095
736
755
1096
737
756
1097
738
757
1098
739
758
1099
740
759
1100
741
760
1101
761
1102
2328
743
762
1103
744
763
1104
745
764
1105
746
765
1106
747
766
1107
748
767
1108
749
768
1109
750
769
1110
751
770
1111
752
771
1112
753
772
1113
754
773
1114
755
774
1115
756
775
1116
757
776
1117
758
777
1118
759
778
1119
760
779
1120
761
780
1121
781
1122
2332
763
782
1123
764
783
1124
765
784
1125
766
785
1126
767
786
1127
768
787
1128
769
788
1129
770
789
1130
771
790
1131
772
791
1132
773
792
1133
774
793
1134
775
794
1135
776
795
1136
777
796
1137
778
797
1138
779
798
1139
780
799
1140
781
800
1141
801
1142
2336
783
802
1143
784
803
1144
785
804
1145
786
805
1146
787
806
1147
788
807
1148
789
808
1149
790
809
1150
791
810
1151
792
811
1152
793
812
1153
794
813
1154
795
814
1155
796
815
1156
797
816
1157
798
817
1158
799
818
1159
800
819
1160
801
820
1161
821
1162
2340
803
822
1163
804
823
1164
805
824
1165
806
825
1166
807
826
1167
808
827
1168
809
828
1169
810
829
1170
811
830
1171
812
831
1172
813
832
1173
814
833
1174
815
834
1175
816
835
1176
817
836
1177
818
837
1178
819
838
1179
820
839
1180
821
840
1181
841
1182
2344
823
842
1183
824
843
1184
825
844
1185
826
845
1186
827
846
1187
828
847
1188
829
848
1189
830
849
1190
831
850
1191
832
851
1192
833
852
1193
834
853
1194
835
854
1195
836
855
1196
837
856
1197
838
857
1198
839
858
1199
840
859
1200
841
860
1201
861
1202
2348
843
862
1203
844
863
1204
845
864
1205
846
865
1206
847
866
1207
848
867
1208
849
868
1209
850
869
1210
851
870
1211
852
871
1212
853
872
1213
854
873
1214
855
874
1215
856
875
1216
857
876
1217
858
877
1218
859
878
1219
860
879
1220
861
880
1221
881
1222
2352
863
882
1223
864
883
1224
865
884
1225
866
885
1226
867
886
1227
868
887
1228
869
888
1229
870
889
1230
871
890
1231
872
891
1232
873
892
1233
874
893
1234
875
894
1235
876
895
1236
877
896
1237
878
897
1238
879
898
1239
880
899
1240
881
900
1241
901
1242
2356
883
902
1243
884
903
1244
885
904
1245
886
905
1246
887
906
1247
888
907
1248
889
908
1249
890
909
1250
891
910
1251
892
911
1252
893
912
1253
894
913
1254
895
914
1255
896
915
1256
897
916
1257
898
917
1258
899
918
1259
900
919
1260
901
920
1261
921
1262
2360
903
922
1263
904
923
1264
905
924
1265
906
925
1266
907
926
1267
908
927
1268
909
928
1269
910
929
1270
911
930
1271
912
931
1272
913
932
1273
914
933
1274
915
934
1275
916
935
1276
917
936
1277
918
937
1278
919
938
1279
920
939
1280
921
940
1281
941
1282
2364
923
942
1283
924
943
1284
925
944
1285
926
945
1286
927
946
1287
928
947
1288
929
948
1289
930
949
1290
931
950
1291
932
951
1292
933
952
1293
934
953
1294
935
954
1295
936
955
1296
937
956
1297
938
957
1298
939
958
1299
940
959
1300
941
960
1301
961
1302
2368
943
962
1303
944
963
1304
945
964
1305
946
965
1306
947
966
1307
948
967
1308
949
968
1309
950
969
1310
951
970
1311
952
971
1312
953
972
1313
954
973
1314
955
974
1315
956
975
1316
957
976
1317
958
977
1318
959
978
1319
960
979
1320
961
980
1321
981
1322
2373
963
982
1323
964
983
1324
965
984
1325
966
985
1326
967
986
1327
968
987
1328
969
988
1329
970
989
1330
971
990
1331
972
991
1332
973
992
1333
974
993
1334
975
994
1335
976
995
1336
977
996
1337
978
997
1338
979
998
1339
980
999
1340
981
1000
1341
1001
1342
2378
983
1002
1343
984
1003
1344
985
1004
1345
986
1005
1346
987
1006
1347
988
1007
1348
989
1008
1349
990
1009
1350
991
1010
1351
992
1011
1352
993
1012
1353
994
1013
1354
995
1014
1355
996
1015
1356
997
1016
1357
998
1017
1358
999
1018
1359
1000
1019
1360
1001
1020
1361
1021
1362
2383
1003
1022
1363
1004
1023
1364
1005
1024
1365
1006
1025
1366
1007
1026
1367
1008
1027
1368
1009
1028
1369
1010
1029
1370
1011
1030
1371
1012
1031
1372
1013
1032
1373
1014
1033
1374
1015
1034
1375
1016
1035
1376
1017
1036
1377
1018
1037
1378
1019
1038
1379
1020
1039
1380
1021
1040
1381
1041
1382
2388
1023
1042
1383
1024
1043
1384
1025
1044
1385
1026
1045
1386
1027
1046
1387
1028
1047
1388
1029
1048
1389
1030
1049
1390
1031
1050
1391
1032
1051
1392
1033
1052
1393
1034
1053
1394
1035
1054
1395
1036
1055
1396
1037
1056
1397
1038
1398
1039
1399
1040
1400
1041
1401
1402
2394
1043
1057
1403
1044
1058
1404
1045
1059
1405
1046
1060
1406
1047
1061
1407
1048
1062
1408
1049
1063
1409
1050
1064
1410
1051
1065
1411
1052
1066
1412
1053
1067
1413
1054
1068
1414
1055
1069
1415
1056
1070
1416
1071
1417
1058
1072
1421
1059
1073
1422
1060
1074
1423
1061
1075
1424
1062
1076
1425
1063
1077
1426
1064
1078
1427
1065
1079
1428
1066
1080
1429
1067
1081
1430
1068
1082
1431
1069
1432
1070
1433
1071
1434
1435
1073
1436
1074
1437
1075
1438
1076
1439
1077
1440
1078
1441
1079
1442
1080
1443
1081
1444
1082
1445
1446
1084
1103
1447
1085
1104
1448
1086
1105
1449
1087
1106
1450
1088
1107
1451
1089
1108
1452
1090
1109
1453
1091
1110
1454
1092
1111
1455
1093
1112
1456
1094
1113
1457
1095
1114
1458
1096
1115
1459
1097
1116
1460
1098
1117
1461
1099
1118
1462
1100
1119
1463
1101
1120
1464
1102
1121
1465
1122
1466
2400
1104
1123
1467
1105
1124
1468
1106
1125
1469
1107
1126
1470
1108
1127
1471
1109
1128
1472
1110
1129
1473
1111
1130
1474
1112
1131
1475
1113
1132
1476
1114
1133
1477
1115
1134
1478
1116
1135
1479
1117
1136
1480
1118
1137
1481
1119
1138
1482
1120
1139
1483
1121
1140
1484
1122
1141
1485
1142
1486
2404
1124
1143
1487
1125
1144
1488
1126
1145
1489
1127
1146
1490
1128
1147
1491
1129
1148
1492
1130
1149
1493
1131
1150
1494
1132
1151
1495
1133
1152
1496
1134
1153
1497
1135
1154
1498
1136
1155
1499
1137
1156
1500
1138
1157
1501
1139
1158
1502
1140
1159
1503
1141
1160
1504
1142
1161
1505
1162
1506
2408
1144
1163
1507
1145
1164
1508
1146
1165
1509
1147
1166
1510
1148
1167
1511
1149
1168
1512
1150
1169
1513
1151
1170
1514
1152
1171
1515
1153
1172
1516
1154
1173
1517
1155
1174
1518
1156
1175
1519
1157
1176
1520
1158
1177
1521
1159
1178
1522
1160
1179
1523
1161
1180
1524
1162
1181
1525
1182
1526
2412
1164
1183
1527
1165
1184
1528
1166
1185
1529
1167
1186
1530
1168
1187
1531
1169
1188
1532
1170
1189
1533
1171
1190
1534
1172
1191
1535
1173
1192
1536
1174
1193
1537
1175
1194
1538
1176
1195
1539
1177
1196
1540
1178
1197
1541
1179
1198
1542
1180
1199
1543
1181
1200
1544
1182
1201
1545
1202
1546
2416
1184
1203
1547
1185
1204
1548
1186
1205
1549
1187
1206
1550
1188
1207
1551
1189
1208
1552
1190
1209
1553
1191
1210
1554
1192
1211
1555
1193
1212
1556
1194
1213
1557
1195
1214
1558
1196
1215
1559
1197
1216
1560
1198
1217
1561
1199
1218
1562
1200
1219
1563
1201
1220
1564
1202
1221
1565
1222
1566
2420
1204
1223
1567
1205
1224
1568
1206
1225
1569
1207
1226
1570
1208
1227
1571
1209
1228
1572
1210
1229
1573
1211
1230
1574
1212
1231
1575
1213
1232
1576
1214
1233
1577
1215
1234
1578
1216
1235
1579
1217
1236
1580
1218
1237
1581
1219
1238
1582
1220
1239
1583
1221
1240
1584
1222
1241
1585
1242
1586
2424
1224
1243
1587
1225
1244
1588
1226
1245
1589
1227
1246
1590
1228
1247
1591
1229
1248
1592
1230
1249
1593
1231
1250
1594
1232
1251
1595
1233
1252
1596
1234
1253
1597
1235
1254
1598
1236
1255
1599
1237
1256
1600
1238
1257
1601
1239
1258
1602
1240
1259
1603
1241
1260
1604
1242
1261
1605
1262
1606
2428
1244
1263
1607
1245
1264
1608
1246
1265
1609
1247
1266
1610
1248
1267
1611
1249
1268
1612
1250
1269
1613
1251
1270
1614
1252
1271
1615
1253
1272
1616
1254
1273
1617
1255
1274
1618
1256
1275
1619
1257
1276
1620
1258
1277
1621
1259
1278
1622
1260
1279
1623
1261
1280
1624
1262
1281
1625
1282
1626
2432
1264
1283
1627
1265
1284
1628
1266
1285
1629
1267
1286
1630
1268
1287
1631
1269
1288
1632
1270
1289
1633
1271
1290
1634
1272
1291
1635
1273
1292
1636
1274
1293
1637
1275
1294
1638
1276
1295
1639
1277
1296
1640
1278
1297
1641
1279
1298
1642
1280
1299
1643
1281
1300
1644
1282
1301
1645
1302
1646
2436
1284
1303
1647
1285
1304
1648
1286
1305
1649
1287
1306
1650
1288
1307
1651
1289
1308
1652
1290
1309
1653
1291
1310
1654
1292
1311
1655
1293
1312
1656
1294
1313
1657
1295
1314
1658
1296
1315
1659
1297
1316
1660
1298
1317
1661
1299
1318
1662
1300
1319
1663
1301
1320
1664
1302
1321
1665
1322
1666
2440
1304
1323
1667
1305
1324
1668
1306
1325
1669
1307
1326
1670
1308
1327
1671
1309
1328
1672
1310
1329
1673
1311
1330
1674
1312
1331
1675
1313
1332
1676
1314
1333
1677
1315
1334
1678
1316
1335
1679
1317
1336
1680
1318
1337
1681
1319
1338
1682
1320
1339
1683
1321
1340
1684
1322
1341
1685
1342
1686
2445
1324
1343
1687
1325
1344
1688
1326
1345
1689
1327
1346
1690
1328
1347
1691
1329
1348
1692
1330
1349
1693
1331
1350
1694
1332
1351
1695
1333
1352
1696
1334
1353
1697
1335
1354
1698
1336
1355
1699
1337
1356
1700
1338
1357
1701
1339
1358
1702
1340
1359
1703
1341
1360
1704
1342
1361
1705
1362
1706
2450
1344
1363
1707
1345
1364
1708
1346
1365
1709
1347
1366
1710
1348
1367
1711
1349
1368
1712
1350
1369
1713
1351
1370
1714
1352
1371
1715
1353
1372
1716
1354
1373
1717
1355
1374
1718
1356
1375
1719
1357
1376
1720
1358
1377
1721
1359
1378
1722
1360
1379
1723
1361
1380
1724
1362
1381
1725
1382
1726
2455
1364
1383
1727
1365
1384
1728
1366
1385
1729
1367
1386
1730
1368
1387
1731
1369
1388
1732
1370
1389
1733
1371
1390
1734
1372
1391
1735
1373
1392
1736
1374
1393
1737
1375
1394
1738
1376
1395
1739
1377
1396
1740
1378
1397
1741
1379
1398
1742
1380
1399
1743
1381
1400
1744
1382
1401
1745
1402
1746
2460
1384
1403
1747
1385
1404
1748
1386
1405
1749
1387
1406
1750
1388
1407
1751
1389
1408
1752
1390
1409
1753
1391
1410
1754
1392
1411
1755
1393
1412
1756
1394
1413
1757
1395
1414
1758
1396
1415
1759
1397
1416
1760
1398
1417
1761
1399
1418
1762
1400
1419
1763
1401
1420
1764
1402
1765
1766
2466
1404
1421
1767
1405
1422
1768
1406
1423
1769
1407
1424
1770
1408
1425
1771
1409
1426
1772
1410
1427
1773
1411
1428
1774
1412
1429
1775
1413
1430
1776
1414
1431
1777
1415
1432
1778
1416
1433
1779
1417
1434
1780
1418
1435
1781
1419
1782
1420
1783
1784
1422
1436
1787
1423
1437
1788
1424
1438
1789
1425
1439
1790
1426
1440
1791
1427
1441
1792
1428
1442
1793
1429
1443
1794
1430
1444
1795
1431
1445
1796
1432
1446
1797
1433
1798
1434
1799
1435
1800
1801
1437
1802
1438
1803
1439
1804
1440
1805
1441
1806
1442
1807
1443
1808
1444
1809
1445
1810
1446
1811
1812
1448
1467
1813
1449
1468
1814
1450
1469
1815
1451
1470
1816
1452
1471
1817
1453
1472
1818
1454
1473
1819
1455
1474
1820
1456
1475
1821
1457
1476
1822
1458
1477
1823
1459
1478
1824
1460
1479
1825
1461
1480
1826
1462
1481
1827
1463
1482
1828
1464
1483
1829
1465
1484
1830
1466
1485
1831
1486
1832
2472
1468
1487
1833
1469
1488
1834
1470
1489
1835
1471
1490
1836
1472
1491
1837
1473
1492
1838
1474
1493
1839
1475
1494
1840
1476
1495
1841
1477
1496
1842
1478
1497
1843
1479
1498
1844
1480
1499
1845
1481
1500
1846
1482
1501
1847
1483
1502
1848
1484
1503
1849
1485
1504
1850
1486
1505
1851
1506
1852
2476
1488
1507
1853
1489
1508
1854
1490
1509
1855
1491
1510
1856
1492
1511
1857
1493
1512
1858
1494
1513
1859
1495
1514
1860
1496
1515
1861
1497
1516
1862
1498
1517
1863
1499
1518
1864
1500
1519
1865
1501
1520
1866
1502
1521
1867
1503
1522
1868
1504
1523
1869
1505
1524
1870
1506
1525
1871
1526
1872
2480
1508
1527
1873
1509
1528
1874
1510
1529
1875
1511
1530
1876
1512
1531
1877
1513
1532
1878
1514
1533
1879
1515
1534
1880
1516
1535
1881
1517
1536
1882
1518
1537
1883
1519
1538
1884
1520
1539
1885
1521
1540
1886
1522
1541
1887
1523
1542
1888
1524
1543
1889
1525
1544
1890
1526
1545
1891
1546
1892
2484
1528
1547
1893
1529
1548
1894
1530
1549
1895
1531
1550
1896
1532
1551
1897
1533
1552
1898
1534
1553
1899
1535
1554
1900
1536
1555
1901
1537
1556
1902
1538
1557
1903
1539
1558
1904
1540
1559
1905
1541
1560
1906
1542
1561
1907
1543
1562
1908
1544
1563
1909
1545
1564
1910
1546
1565
1911
1566
1912
2488
1548
1567
1913
1549
1568
1914
1550
1569
1915
1551
1570
1916
1552
1571
1917
1553
1572
1918
1554
1573
1919
1555
1574
1920
1556
1575
1921
1557
1576
1922
1558
1577
1923
1559
1578
1924
1560
1579
1925
1561
1580
1926
1562
1581
1927
1563
1582
1928
1564
1583
1929
1565
1584
1930
1566
1585
1931
1586
1932
2492
1568
1587
1933
1569
1588
1934
1570
1589
1935
1571
1590
1936
1572
1591
1937
1573
1592
1938
1574
1593
1939
1575
1594
1940
1576
1595
1941
1577
1596
1942
1578
1597
1943
1579
1598
1944
1580
1599
1945
1581
1600
1946
1582
1601
1947
1583
1602
1948
1584
1603
1949
1585
1604
1950
1586
1605
1951
1606
1952
2496
1588
1607
1953
1589
1608
1954
1590
1609
1955
1591
1610
1956
1592
1611
1957
1593
1612
1958
1594
1613
1959
1595
1614
1960
1596
1615
1961
1597
1616
1962
1598
1617
1963
1599
1618
1964
1600
1619
1965
1601
1620
1966
1602
1621
1967
1603
1622
1968
1604
1623
1969
1605
1624
1970
1606
1625
1971
1626
1972
2500
1608
1627
1973
1609
1628
1974
1610
1629
1975
1611
1630
1976
1612
1631
1977
1613
1632
1978
1614
1633
1979
1615
1634
1980
1616
1635
1981
1617
1636
1982
1618
1637
1983
1619
1638
1984
1620
1639
1985
1621
1640
1986
1622
1641
1987
1623
1642
1988
1624
1643
1989
1625
1644
1990
1626
1645
1991
1646
1992
2504
1628
1647
1993
1629
1648
1994
1630
1649
1995
1631
1650
1996
1632
1651
1997
1633
1652
1998
1634
1653
1999
1635
1654
2000
1636
1655
2001
1637
1656
2002
1638
1657
2003
1639
1658
2004
1640
1659
2005
1641
1660
2006
1642
1661
2007
1643
1662
2008
1644
1663
2009
1645
1664
2010
1646
1665
2011
1666
2012
2508
1648
1667
2013
1649
1668
2014
1650
1669
2015
1651
1670
2016
1652
1671
2017
1653
1672
2018
1654
1673
2019
1655
1674
2020
1656
1675
2021
1657
1676
2022
1658
1677
2023
1659
1678
2024
1660
1679
2025
1661
1680
2026
1662
1681
2027
1663
1682
2028
1664
1683
2029
1665
1684
2030
1666
1685
2031
1686
2032
2512
1668
1687
2033
1669
1688
2034
1670
1689
2035
1671
1690
2036
1672
1691
2037
1673
1692
2038
1674
1693
2039
1675
1694
2040
1676
1695
2041
1677
1696
2042
1678
1697
2043
1679
1698
2044
1680
1699
2045
1681
1700
2046
1682
1701
2047
1683
1702
2048
1684
1703
2049
1685
1704
2050
1686
1705
2051
1706
2052
2517
1688
1707
2053
1689
1708
2054
1690
1709
2055
1691
1710
2056
1692
1711
2057
1693
1712
2058
1694
1713
2059
1695
1714
2060
1696
1715
2061
1697
1716
2062
1698
1717
2063
1699
1718
2064
1700
1719
2065
1701
1720
2066
1702
1721
2067
1703
1722
2068
1704
1723
2069
1705
1724
2070
1706
1725
2071
1726
2072
2522
1708
1727
2073
1709
1728
2074
1710
1729
2075
1711
1730
2076
1712
1731
2077
1713
1732
2078
1714
1733
2079
1715
1734
2080
1716
1735
2081
1717
1736
2082
1718
1737
2083
1719
1738
2084
1720
1739
2085
1721
1740
2086
1722
1741
2087
1723
1742
2088
1724
1743
2089
1725
1744
2090
1726
1745
2091
1746
2092
2527
1728
1747
2093
1729
1748
2094
1730
1749
2095
1731
1750
2096
1732
1751
2097
1733
1752
2098
1734
1753
2099
1735
1754
2100
1736
1755
2101
1737
1756
2102
1738
1757
2103
1739
1758
2104
1740
1759
2105
1741
1760
2106
1742
1761
2107
1743
1762
2108
1744
1763
2109
1745
1764
2110
1746
1765
2111
1766
2112
2532
1748
1767
2113
1749
1768
2114
1750
1769
2115
1751
1770
2116
1752
1771
2117
1753
1772
2118
1754
1773
2119
1755
1774
2120
1756
1775
2121
1757
1776
2122
1758
1777
2123
1759
1778
2124
1760
1779
2125
1761
1780
2126
1762
1781
2127
1763
1782
2128
1764
1783
2129
1765
1784
2130
1766
1785
2131
1786
2132
2538
1768
1787
2133
1769
1788
2134
1770
1789
2135
1771
1790
2136
1772
1791
2137
1773
1792
2138
1774
1793
2139
1775
1794
2140
1776
1795
2141
1777
1796
2142
1778
1797
2143
1779
1798
2144
1780
1799
2145
1781
1800
2146
1782
1801
2147
1783
2148
1784
2149
1785
2150
1786
2151
2152
2544
1788
1802
2153
1789
1803
2154
1790
1804
2155
1791
1805
2156
1792
1806
2157
1793
1807
2158
1794
1808
2159
1795
1809
2160
1796
1810
2161
1797
1811
2162
1798
1812
2163
1799
2164
1800
2165
1801
2166
2167
1803
2173
1804
2174
1805
2175
1806
2176
1807
2177
1808
2178
1809
2179
1810
2180
1811
2181
1812
2182
2183
1814
1833
2634
1815
1834
2635
1816
1835
2636
1817
1836
2637
1818
1837
2638
1819
1838
2639
1820
1839
2640
1821
1840
2641
1822
1841
2642
1823
1842
2643
1824
1843
2644
1825
1844
2645
1826
1845
2646
1827
1846
2647
1828
1847
2648
1829
1848
2649
1830
1849
2650
1831
1850
2651
1832
1851
2652
1852
2550
2653
1834
1853
2654
1835
1854
2655
1836
1855
2656
1837
1856
2657
1838
1857
2658
1839
1858
2659
1840
1859
2660
1841
1860
2661
1842
1861
2662
1843
1862
2663
1844
1863
2664
1845
1864
2665
1846
1865
2666
1847
1866
2667
1848
1867
2668
1849
1868
2669
1850
1869
2670
1851
1870
2671
1852
1871
2672
1872
2554
2673
1854
1873
2674
1855
1874
2675
1856
1875
2676
1857
1876
2677
1858
1877
2678
1859
1878
2679
1860
1879
2680
1861
1880
2681
1862
1881
2682
1863
1882
2683
1864
1883
2684
1865
1884
2685
1866
1885
2686
1867
1886
2687
1868
1887
2688
1869
1888
2689
1870
1889
2690
1871
1890
2691
1872
1891
2692
1892
2558
2693
1874
1893
2694
1875
1894
2695
1876
1895
2696
1877
1896
2697
1878
1897
2698
1879
1898
2699
1880
1899
2700
1881
1900
2701
1882
1901
2702
1883
1902
2703
1884
1903
2704
1885
1904
2705
1886
1905
2706
1887
1906
2707
1888
1907
2708
1889
1908
2709
1890
1909
2710
1891
1910
2711
1892
1911
2712
1912
2562
2713
1894
1913
2714
1895
1914
2715
1896
1915
2716
1897
1916
2717
1898
1917
2718
1899
1918
2719
1900
1919
2720
1901
1920
2721
1902
1921
2722
1903
1922
2723
1904
1923
2724
1905
1924
2725
1906
1925
2726
1907
1926
2727
1908
1927
2728
1909
1928
2729
1910
1929
2730
1911
1930
2731
1912
1931
2732
1932
2566
2733
1914
1933
2734
1915
1934
2735
1916
1935
2736
1917
1936
2737
1918
1937
2738
1919
1938
2739
1920
1939
2740
1921
1940
2741
1922
1941
2742
1923
1942
2743
1924
1943
2744
1925
1944
2745
1926
1945
2746
1927
1946
2747
1928
1947
2748
1929
1948
2749
1930
1949
2750
1931
1950
2751
1932
1951
2752
1952
2570
2753
1934
1953
2754
1935
1954
2755
1936
1955
2756
1937
1956
2757
1938
1957
2758
1939
1958
2759
1940
1959
2760
1941
1960
2761
1942
1961
2762
1943
1962
2763
1944
1963
2764
1945
1964
2765
1946
1965
2766
1947
1966
2767
1948
1967
2768
1949
1968
2769
1950
1969
2770
1951
1970
2771
1952
1971
2772
1972
2574
2773
1954
1973
2774
1955
1974
2775
1956
1975
2776
1957
1976
2777
1958
1977
2778
1959
1978
2779
1960
1979
2780
1961
1980
2781
1962
1981
2782
1963
1982
2783
1964
1983
2784
1965
1984
2785
1966
1985
2786
1967
1986
2787
1968
1987
2788
1969
1988
2789
1970
1989
2790
1971
1990
2791
1972
1991
2792
1992
2578
2793
1974
1993
2794
1975
1994
2795
1976
1995
2796
1977
1996
2797
1978
1997
2798
1979
1998
2799
1980
1999
2800
1981
2000
2801
1982
2001
2802
1983
2002
2803
1984
2003
2804
1985
2004
2805
1986
2005
2806
1987
2006
2807
1988
2007
2808
1989
2008
2809
1990
2009
2810
1991
2010
2811
1992
2011
2812
2012
2582
2813
1994
2013
2814
1995
2014
2815
1996
2015
2816
1997
2016
2817
1998
2017
2818
1999
2018
2819
2000
2019
2820
2001
2020
2821
2002
2021
2822
2003
2022
2823
2004
2023
2824
2005
2024
2825
2006
2025
2826
2007
2026
2827
2008
2027
2828
2009
2028
2829
2010
2029
2830
2011
2030
2831
2012
2031
2832
2032
2586
2833
2014
2033
2834
2015
2034
2835
2016
2035
2836
2017
2036
2837
2018
2037
2838
2019
2038
2839
2020
2039
2840
2021
2040
2841
2022
2041
2842
2023
2042
2843
2024
2043
2844
2025
2044
2845
2026
2045
2846
2027
2046
2847
2028
2047
2848
2029
2048
2849
2030
2049
2850
2031
2050
2851
2032
2051
2852
2052
2590
2853
2034
2053
2854
2035
2054
2855
2036
2055
2856
2037
2056
2857
2038
2057
2858
2039
2058
2859
2040
2059
2860
2041
2060
2861
2042
2061
2862
2043
2062
2863
2044
2063
2864
2045
2064
2865
2046
2065
2866
2047
2066
2867
2048
2067
2868
2049
2068
2869
2050
2069
2870
2051
2070
2871
2052
2071
2872
2072
2595
2873
2054
2073
2874
2055
2074
2875
2056
2075
2876
2057
2076
2877
2058
2077
2878
2059
2078
2879
2060
2079
2880
2061
2080
2881
2062
2081
2882
2063
2082
2883
2064
2083
2884
2065
2084
2885
2066
2085
2886
2067
2086
2887
2068
2087
2888
2069
2088
2889
2070
2089
2890
2071
2090
2891
2072
2091
2892
2092
2600
2893
2074
2093
2894
2075
2094
2895
2076
2095
2896
2077
2096
2897
2078
2097
2898
2079
2098
2899
2080
2099
2900
2081
2100
2901
2082
2101
2902
2083
2102
2903
2084
2103
2904
2085
2104
2905
2086
2105
2906
2087
2106
2907
2088
2107
2908
2089
2108
2909
2090
2109
2910
2091
2110
2911
2092
2111
2912
2112
2605
2913
2094
2113
2914
2095
2114
2915
2096
2115
2916
2097
2116
2917
2098
2117
2918
2099
2118
2919
2100
2119
2920
2101
2120
2921
2102
2121
2922
2103
2122
2923
2104
2123
2924
2105
2124
2925
2106
2125
2926
2107
2126
2927
2108
2127
2928
2109
2128
2929
2110
2129
2930
2111
2130
2931
2112
2131
2932
2132
2610
2933
2114
2133
2934
2115
2134
2935
2116
2135
2936
2117
2136
2937
2118
2137
2938
2119
2138
2939
2120
2139
2940
2121
2140
2941
2122
2141
2942
2123
2142
2943
2124
2143
2944
2125
2144
2945
2126
2145
2946
2127
2146
2947
2128
2147
2948
2129
2148
2949
2130
2149
2950
2131
2150
2951
2132
2151
2952
2152
2616
2953
2134
2153
2954
2135
2154
2955
2136
2155
2956
2137
2156
2957
2138
2157
2958
2139
2158
2959
2140
2159
2960
2141
2160
2961
2142
2161
2962
2143
2162
2963
2144
2163
2964
2145
2164
2965
2146
2165
2966
2147
2166
2967
2148
2167
2968
2149
2168
2969
2150
2169
2970
2151
2170
2971
2152
2171
2972
2172
2622
2973
2154
2173
2974
2155
2174
2975
2156
2175
2976
2157
2176
2977
2158
2177
2978
2159
2178
2979
2160
2179
2980
2161
2180
2981
2162
2181
2982
2163
2182
2983
2164
2183
2984
2165
2985
2166
2986
2167
2987
2168
2988
2169
2989
2170
2990
2171
2991
2172
2992
2628
2993
2174
2994
2175
2995
2176
2996
2177
2997
2178
2998
2179
2999
2180
3000
2181
3001
2182
3002
2183
3003
3004
2185
2188
2256
2186
2189
2257
2187
2190
2258
2191
2259
2189
2192
2260
2190
2193
2261
2191
2194
2262
2195
2263
2193
2196
2264
2194
2197
2265
2195
2198
2266
2199
2267
2197
2200
2268
2198
2201
2269
2199
2202
2270
2203
2271
2201
2204
2272
2202
2205
2273
2203
2206
2274
2207
2275
2205
2208
2276
2206
2209
2277
2207
2210
2278
2211
2279
2209
2212
2280
2210
2213
2281
2211
2214
2282
2215
2283
2213
2216
2284
2214
2217
2285
2215
2218
2286
2219
2287
2217
2220
2288
2218
2221
2289
2219
2222
2290
2223
2291
2221
2224
2292
2222
2225
2293
2223
2226
2294
2227
2295
2225
2229
2296
2226
2230
2297
2227
2231
2298
2228
2232
2299
2233
2300
2230
2234
2301
2231
2235
2302
2232
2236
2303
2233
2237
2304
2238
2305
2235
2239
2306
2236
2240
2307
2237
2241
2308
2238
2242
2309
2243
2310
2240
2244
2311
2241
2245
2312
2242
2246
2313
2243
2247
2314
2248
2315
2245
2250
2316
2246
2251
2317
2247
2252
2318
2248
2253
2319
2249
2254
2320
2255
2321
2251
2322
2252
2323
2253
2324
2254
2325
2255
2326
2327
2257
2260
2328
2258
2261
2329
2259
2262
2330
2263
2331
2261
2264
2332
2262
2265
2333
2263
2266
2334
2267
2335
2265
2268
2336
2266
2269
2337
2267
2270
2338
2271
2339
2269
2272
2340
2270
2273
2341
2271
2274
2342
2275
2343
2273
2276
2344
2274
2277
2345
2275
2278
2346
2279
2347
2277
2280
2348
2278
2281
2349
2279
2282
2350
2283
2351
2281
2284
2352
2282
2285
2353
2283
2286
2354
2287
2355
2285
2288
2356
2286
2289
2357
2287
2290
2358
2291
2359
2289
2292
2360
2290
2293
2361
2291
2294
2362
2295
2363
2293
2296
2364
2294
2297
2365
2295
2298
2366
2299
2367
2297
2301
2368
2298
2302
2369
2299
2303
2370
2300
2304
2371
2305
2372
2302
2306
2373
2303
2307
2374
2304
2308
2375
2305
2309
2376
2310
2377
2307
2311
2378
2308
2312
2379
2309
2313
2380
2310
2314
2381
2315
2382
2312
2316
2383
2313
2317
2384
2314
2318
2385
2315
2319
2386
2320
2387
2317
2322
2388
2318
2323
2389
2319
2324
2390
2320
2325
2391
2321
2326
2392
2327
2393
2323
2394
2324
2395
2325
2396
2326
2397
2327
2398
2399
2329
2332
2400
2330
2333
2401
2331
2334
2402
2335
2403
2333
2336
2404
2334
2337
2405
2335
2338
2406
2339
2407
2337
2340
2408
2338
2341
2409
2339
2342
2410
2343
2411
2341
2344
2412
2342
2345
2413
2343
2346
2414
2347
2415
2345
2348
2416
2346
2349
2417
2347
2350
2418
2351
2419
2349
2352
2420
2350
2353
2421
2351
2354
2422
2355
2423
2353
2356
2424
2354
2357
2425
2355
2358
2426
2359
2427
2357
2360
2428
2358
2361
2429
2359
2362
2430
2363
2431
2361
2364
2432
2362
2365
2433
2363
2366
2434
2367
2435
2365
2368
2436
2366
2369
2437
2367
2370
2438
2371
2439
2369
2373
2440
2370
2374
2441
2371
2375
2442
2372
2376
2443
2377
2444
2374
2378
2445
2375
2379
2446
2376
2380
2447
2377
2381
2448
2382
2449
2379
2383
2450
2380
2384
2451
2381
2385
2452
2382
2386
2453
2387
2454
2384
2388
2455
2385
2389
2456
2386
2390
2457
2387
2391
2458
2392
2459
2389
2394
2460
2390
2395
2461
2391
2396
2462
2392
2397
2463
2393
2398
2464
2399
2465
2395
2466
2396
2467
2397
2468
2398
2469
2399
2470
2471
2401
2404
2472
2402
2405
2473
2403
2406
2474
2407
2475
2405
2408
2476
2406
2409
2477
2407
2410
2478
2411
2479
2409
2412
2480
2410
2413
2481
2411
2414
2482
2415
2483
2413
2416
2484
2414
2417
2485
2415
2418
2486
2419
2487
2417
2420
2488
2418
2421
2489
2419
2422
2490
2423
2491
2421
2424
2492
2422
2425
2493
2423
2426
2494
2427
2495
2425
2428
2496
2426
2429
2497
2427
2430
2498
2431
2499
2429
2432
2500
2430
2433
2501
2431
2434
2502
2435
2503
2433
2436
2504
2434
2437
2505
2435
2438
2506
2439
2507
2437
2440
2508
2438
2441
2509
2439
2442
2510
2443
2511
2441
2445
2512
2442
2446
2513
2443
2447
2514
2444
2448
2515
2449
2516
2446
2450
2517
2447
2451
2518
2448
2452
2519
2449
2453
2520
2454
2521
2451
2455
2522
2452
2456
2523
2453
2457
2524
2454
2458
2525
2459
2526
2456
2460
2527
2457
2461
2528
2458
2462
2529
2459
2463
2530
2464
2531
2461
2466
2532
2462
2467
2533
2463
2468
2534
2464
2469
2535
2465
2470
2536
2471
2537
2467
2538
2468
2539
2469
2540
2470
2541
2471
2542
2543
2473
2476
2550
2474
2477
2551
2475
2478
2552
2479
2553
2477
2480
2554
2478
2481
2555
2479
2482
2556
2483
2557
2481
2484
2558
2482
2485
2559
2483
2486
2560
2487
2561
2485
2488
2562
2486
2489
2563
2487
2490
2564
2491
2565
2489
2492
2566
2490
2493
2567
2491
2494
2568
2495
2569
2493
2496
2570
2494
2497
2571
2495
2498
2572
2499
2573
2497
2500
2574
2498
2501
2575
2499
2502
2576
2503
2577
2501
2504
2578
2502
2505
2579
2503
2506
2580
2507
2581
2505
2508
2582
2506
2509
2583
2507
2510
2584
2511
2585
2509
2512
2586
2510
2513
2587
2511
2514
2588
2515
2589
2513
2517
2590
2514
2518
2591
2515
2519
2592
2516
2520
2593
2521
2594
2518
2522
2595
2519
2523
2596
2520
2524
2597
2521
2525
2598
2526
2599
2523
2527
2600
2524
2528
2601
2525
2529
2602
2526
2530
2603
2531
2604
2528
2532
2605
2529
2533
2606
2530
2534
2607
2531
2535
2608
2536
2609
2533
2538
2610
2534
2539
2611
2535
2540
2612
2536
2541
2613
2537
2542
2614
2543
2615
2539
2544
2616
2540
2545
2617
2541
2546
2618
2542
2547
2619
2543
2548
2620
2549
2621
2545
2622
2546
2623
2547
2624
2548
2625
2549
2626
2627
2551
2554
4860
2552
2555
4861
2553
2556
4862
2557
4863
2555
2558
4864
2556
2559
4865
2557
2560
4866
2561
4867
2559
2562
4868
2560
2563
4869
2561
2564
4870
2565
4871
2563
2566
4872
2564
2567
4873
2565
2568
4874
2569
4875
2567
2570
4876
2568
2571
4877
2569
2572
4878
2573
4879
2571
2574
4880
2572
2575
4881
2573
2576
4882
2577
4883
2575
2578
4884
2576
2579
4885
2577
2580
4886
2581
4887
2579
2582
4888
2580
2583
4889
2581
2584
4890
2585
4891
2583
2586
4892
2584
2587
4893
2585
2588
4894
2589
4895
2587
2590
4896
2588
2591
4897
2589
2592
4898
2593
4899
2591
2595
4900
2592
2596
4901
2593
2597
4902
2594
2598
4903
2599
4904
2596
2600
4905
2597
2601
4906
2598
2602
4907
2599
2603
4908
2604
4909
2601
2605
4910
2602
2606
4911
2603
2607
4912
2604
2608
4913
2609
4914
2606
2610
4915
2607
2611
4916
2608
2612
4917
2609
2613
4918
2614
4919
2611
2616
4920
2612
2617
4921
2613
2618
4922
2614
2619
4923
2615
2620
4924
2621
4925
2617
2622
4926
2618
2623
4927
2619
2624
4928
2620
2625
4929
2621
2626
4930
2627
4931
2623
2628
4932
2624
2629
4933
2625
2630
4934
2626
2631
4935
2627
2632
4936
2633
4937
2629
4938
2630
4939
2631
4940
2632
4941
2633
4942
4943
2635
2654
3005
2636
2655
3006
2637
2656
3007
2638
2657
3008
2639
2658
3009
2640
2659
3010
2641
2660
3011
2642
2661
3012
2643
2662
3013
2644
2663
3014
2645
2664
3015
2646
2665
3016
2647
2666
3017
2648
2667
3018
2649
2668
3019
2650
2669
3020
2651
2670
3021
2652
2671
3022
2653
2672
3023
2673
3024
4860
2655
2674
3025
2656
2675
3026
2657
2676
3027
2658
2677
3028
2659
2678
3029
2660
2679
3030
2661
2680
3031
2662
2681
3032
2663
2682
3033
2664
2683
3034
2665
2684
3035
2666
2685
3036
2667
2686
3037
2668
2687
3038
2669
2688
3039
2670
2689
3040
2671
2690
3041
2672
2691
3042
2673
2692
3043
2693
3044
4864
2675
2694
3045
2676
2695
3046
2677
2696
3047
2678
2697
3048
2679
2698
3049
2680
2699
3050
2681
2700
3051
2682
2701
3052
2683
2702
3053
2684
2703
3054
2685
2704
3055
2686
2705
3056
2687
2706
3057
2688
2707
3058
2689
2708
3059
2690
2709
3060
2691
2710
3061
2692
2711
3062
2693
2712
3063
2713
3064
4868
2695
2714
3065
2696
2715
3066
2697
2716
3067
2698
2717
3068
2699
2718
3069
2700
2719
3070
2701
2720
3071
2702
2721
3072
2703
2722
3073
2704
2723
3074
2705
2724
3075
2706
2725
3076
2707
2726
3077
2708
2727
3078
2709
2728
3079
2710
2729
3080
2711
2730
3081
2712
2731
3082
2713
2732
3083
2733
3084
4872
2715
2734
3085
2716
2735
3086
2717
2736
3087
2718
2737
3088
2719
2738
3089
2720
2739
3090
2721
2740
3091
2722
2741
3092
2723
2742
3093
2724
2743
3094
2725
2744
3095
2726
2745
3096
2727
2746
3097
2728
2747
3098
2729
2748
3099
2730
2749
3100
2731
2750
3101
2732
2751
3102
2733
2752
3103
2753
3104
4876
2735
2754
3105
2736
2755
3106
2737
2756
3107
2738
2757
3108
2739
2758
3109
2740
2759
3110
2741
2760
3111
2742
2761
3112
2743
2762
3113
2744
2763
3114
2745
2764
3115
2746
2765
3116
2747
2766
3117
2748
2767
3118
2749
2768
3119
2750
2769
3120
2751
2770
3121
2752
2771
3122
2753
2772
3123
2773
3124
4880
2755
2774
3125
2756
2775
3126
2757
2776
3127
2758
2777
3128
2759
2778
3129
2760
2779
3130
2761
2780
3131
2762
2781
3132
2763
2782
3133
2764
2783
3134
2765
2784
3135
2766
2785
3136
2767
2786
3137
2768
2787
3138
2769
2788
3139
2770
2789
3140
2771
2790
3141
2772
2791
3142
2773
2792
3143
2793
3144
4884
2775
2794
3145
2776
2795
3146
2777
2796
3147
2778
2797
3148
2779
2798
3149
2780
2799
3150
2781
2800
3151
2782
2801
3152
2783
2802
3153
2784
2803
3154
2785
2804
3155
2786
2805
3156
2787
2806
3157
2788
2807
3158
2789
2808
3159
2790
2809
3160
2791
2810
3161
2792
2811
3162
2793
2812
3163
2813
3164
4888
2795
2814
3165
2796
2815
3166
2797
2816
3167
2798
2817
3168
2799
2818
3169
2800
2819
3170
2801
2820
3171
2802
2821
3172
2803
2822
3173
2804
2823
3174
2805
2824
3175
2806
2825
3176
2807
2826
3177
2808
2827
3178
2809
2828
3179
2810
2829
3180
2811
2830
3181
2812
2831
3182
2813
2832
3183
2833
3184
4892
2815
2834
3185
2816
2835
3186
2817
2836
3187
2818
2837
3188
2819
2838
3189
2820
2839
3190
2821
2840
3191
2822
2841
3192
2823
2842
3193
2824
2843
3194
2825
2844
3195
2826
2845
3196
2827
2846
3197
2828
2847
3198
2829
2848
3199
2830
2849
3200
2831
2850
3201
2832
2851
3202
2833
2852
3203
2853
3204
4896
2835
2854
3205
2836
2855
3206
2837
2856
3207
2838
2857
3208
2839
2858
3209
2840
2859
3210
2841
2860
3211
2842
2861
3212
2843
2862
3213
2844
2863
3214
2845
2864
3215
2846
2865
3216
2847
2866
3217
2848
2867
3218
2849
2868
3219
2850
2869
3220
2851
2870
3221
2852
2871
3222
2853
2872
3223
2873
3224
4900
2855
2874
3225
2856
2875
3226
2857
2876
3227
2858
2877
3228
2859
2878
3229
2860
2879
3230
2861
2880
3231
2862
2881
3232
2863
2882
3233
2864
2883
3234
2865
2884
3235
2866
2885
3236
2867
2886
3237
2868
2887
3238
2869
2888
3239
2870
2889
3240
2871
2890
3241
2872
2891
3242
2873
2892
3243
2893
3244
4905
2875
2894
3245
2876
2895
3246
2877
2896
3247
2878
2897
3248
2879
2898
3249
2880
2899
3250
2881
2900
3251
2882
2901
3252
2883
2902
3253
2884
2903
3254
2885
2904
3255
2886
2905
3256
2887
2906
3257
2888
2907
3258
2889
2908
3259
2890
2909
3260
2891
2910
3261
2892
2911
3262
2893
2912
3263
2913
3264
4910
2895
2914
3265
2896
2915
3266
2897
2916
3267
2898
2917
3268
2899
2918
3269
2900
2919
3270
2901
2920
3271
2902
2921
3272
2903
2922
3273
2904
2923
3274
2905
2924
3275
2906
2925
3276
2907
2926
3277
2908
2927
3278
2909
2928
3279
2910
2929
3280
2911
2930
3281
2912
2931
3282
2913
2932
3283
2933
3284
4915
2915
2934
3285
2916
2935
3286
2917
2936
3287
2918
2937
3288
2919
2938
3289
2920
2939
3290
2921
2940
3291
2922
2941
3292
2923
2942
3293
2924
2943
3294
2925
2944
3295
2926
2945
3296
2927
2946
3297
2928
2947
3298
2929
2948
3299
2930
2949
3300
2931
2950
3301
2932
2951
3302
2933
2952
3303
2953
3304
4920
2935
2954
3305
2936
2955
3306
2937
2956
3307
2938
2957
3308
2939
2958
3309
2940
2959
3310
2941
2960
3311
2942
2961
3312
2943
2962
3313
2944
2963
3314
2945
2964
3315
2946
2965
3316
2947
2966
3317
2948
2967
3318
2949
2968
3319
2950
2969
3320
2951
2970
3321
2952
2971
3322
2953
2972
3323
2973
3324
4926
2955
2974
3325
2956
2975
3326
2957
2976
3327
2958
2977
3328
2959
2978
3329
2960
2979
3330
2961
2980
3331
2962
2981
3332
2963
2982
3333
2964
2983
3334
2965
2984
3335
2966
2985
3336
2967
2986
3337
2968
2987
3338
2969
2988
3339
2970
2989
3340
2971
2990
3341
2972
2991
3342
2973
2992
3343
2993
3344
4932
2975
2994
3345
2976
2995
3346
2977
2996
3347
2978
2997
3348
2979
2998
3349
2980
2999
3350
2981
3000
3351
2982
3001
3352
2983
3002
3353
2984
3003
3354
2985
3004
3355
2986
3356
2987
3357
2988
3358
2989
3359
2990
3360
2991
3361
2992
3362
2993
3363
3364
4938
2995
3365
2996
3366
2997
3367
2998
3368
2999
3369
3000
3370
3001
3371
3002
3372
3003
3373
3004
3374
3375
3006
3025
3376
3007
3026
3377
3008
3027
3378
3009
3028
3379
3010
3029
3380
3011
3030
3381
3012
3031
3382
3013
3032
3383
3014
3033
3384
3015
3034
3385
3016
3035
3386
3017
3036
3387
3018
3037
3388
3019
3038
3389
3020
3039
3390
3021
3040
3391
3022
3041
3392
3023
3042
3393
3024
3043
3394
3044
3395
4944
3026
3045
3396
3027
3046
3397
3028
3047
3398
3029
3048
3399
3030
3049
3400
3031
3050
3401
3032
3051
3402
3033
3052
3403
3034
3053
3404
3035
3054
3405
3036
3055
3406
3037
3056
3407
3038
3057
3408
3039
3058
3409
3040
3059
3410
3041
3060
3411
3042
3061
3412
3043
3062
3413
3044
3063
3414
3064
3415
4948
3046
3065
3416
3047
3066
3417
3048
3067
3418
3049
3068
3419
3050
3069
3420
3051
3070
3421
3052
3071
3422
3053
3072
3423
3054
3073
3424
3055
3074
3425
3056
3075
3426
3057
3076
3427
3058
3077
3428
3059
3078
3429
3060
3079
3430
3061
3080
3431
3062
3081
3432
3063
3082
3433
3064
3083
3434
3084
3435
4952
3066
3085
3436
3067
3086
3437
3068
3087
3438
3069
3088
3439
3070
3089
3440
3071
3090
3441
3072
3091
3442
3073
3092
3443
3074
3093
3444
3075
3094
3445
3076
3095
3446
3077
3096
3447
3078
3097
3448
3079
3098
3449
3080
3099
3450
3081
3100
3451
3082
3101
3452
3083
3102
3453
3084
3103
3454
3104
3455
4956
3086
3105
3456
3087
3106
3457
3088
3107
3458
3089
3108
3459
3090
3109
3460
3091
3110
3461
3092
3111
3462
3093
3112
3463
3094
3113
3464
3095
3114
3465
3096
3115
3466
3097
3116
3467
3098
3117
3468
3099
3118
3469
3100
3119
3470
3101
3120
3471
3102
3121
3472
3103
3122
3473
3104
3123
3474
3124
3475
4960
3106
3125
3476
3107
3126
3477
3108
3127
3478
3109
3128
3479
3110
3129
3480
3111
3130
3481
3112
3131
3482
3113
3132
3483
3114
3133
3484
3115
3134
3485
3116
3135
3486
3117
3136
3487
3118
3137
3488
3119
3138
3489
3120
3139
3490
3121
3140
3491
3122
3141
3492
3123
3142
3493
3124
3143
3494
3144
3495
4964
3126
3145
3496
3127
3146
3497
3128
3147
3498
3129
3148
3499
3130
3149
3500
3131
3150
3501
3132
3151
3502
3133
3152
3503
3134
3153
3504
3135
3154
3505
3136
3155
3506
3137
3156
3507
3138
3157
3508
3139
3158
3509
3140
3159
3510
3141
3160
3511
3142
3161
3512
3143
3162
3513
3144
3163
3514
3164
3515
4968
3146
3165
3516
3147
3166
3517
3148
3167
3518
3149
3168
3519
3150
3169
3520
3151
3170
3521
3152
3171
3522
3153
3172
3523
3154
3173
3524
3155
3174
3525
3156
3175
3526
3157
3176
3527
3158
3177
3528
3159
3178
3529
3160
3179
3530
3161
3180
3531
3162
3181
3532
3163
3182
3533
3164
3183
3534
3184
3535
4972
3166
3185
3536
3167
3186
3537
3168
3187
3538
3169
3188
3539
3170
3189
3540
3171
3190
3541
3172
3191
3542
3173
3192
3543
3174
3193
3544
3175
3194
3545
3176
3195
3546
3177
3196
3547
3178
3197
3548
3179
3198
3549
3180
3199
3550
3181
3200
3551
3182
3201
3552
3183
3202
3553
3184
3203
3554
3204
3555
4976
3186
3205
3556
3187
3206
3557
3188
3207
3558
3189
3208
3559
3190
3209
3560
3191
3210
3561
3192
3211
3562
3193
3212
3563
3194
3213
3564
3195
3214
3565
3196
3215
3566
3197
3216
3567
3198
3217
3568
3199
3218
3569
3200
3219
3570
3201
3220
3571
3202
3221
3572
3203
3222
3573
3204
3223
3574
3224
3575
4980
3206
3225
3576
3207
3226
3577
3208
3227
3578
3209
3228
3579
3210
3229
3580
3211
3230
3581
3212
3231
3582
3213
3232
3583
3214
3233
3584
3215
3234
3585
3216
3235
3586
3217
3236
3587
3218
3237
3588
3219
3238
3589
3220
3239
3590
3221
3240
3591
3222
3241
3592
3223
3242
3593
3224
3243
3594
3244
3595
4984
3226
3245
3596
3227
3246
3597
3228
3247
3598
3229
3248
3599
3230
3249
3600
3231
3250
3601
3232
3251
3602
3233
3252
3603
3234
3253
3604
3235
3254
3605
3236
3255
3606
3237
3256
3607
3238
3257
3608
3239
3258
3609
3240
3259
3610
3241
3260
3611
3242
3261
3612
3243
3262
3613
3244
3263
3614
3264
3615
4989
3246
3265
3616
3247
3266
3617
3248
3267
3618
3249
3268
3619
3250
3269
3620
3251
3270
3621
3252
3271
3622
3253
3272
3623
3254
3273
3624
3255
3274
3625
3256
3275
3626
3257
3276
3627
3258
3277
3628
3259
3278
3629
3260
3279
3630
3261
3280
3631
3262
3281
3632
3263
3282
3633
3264
3283
3634
3284
3635
4994
3266
3285
3636
3267
3286
3637
3268
3287
3638
3269
3288
3639
3270
3289
3640
3271
3290
3641
3272
3291
3642
3273
3292
3643
3274
3293
3644
3275
3294
3645
3276
3295
3646
3277
3296
3647
3278
3297
3648
3279
3298
3649
3280
3299
3650
3281
3300
3651
3282
3301
3652
3283
3302
3653
3284
3303
3654
3304
3655
4999
3286
3305
3656
3287
3306
3657
3288
3307
3658
3289
3308
3659
3290
3309
3660
3291
3310
3661
3292
3311
3662
3293
3312
3663
3294
3313
3664
3295
3314
3665
3296
3315
3666
3297
3316
3667
3298
3317
3668
3299
3318
3669
3300
3319
3670
3301
3320
3671
3302
3321
3672
3303
3322
3673
3304
3323
3674
3324
3675
5004
3306
3325
3676
3307
3326
3677
3308
3327
3678
3309
3328
3679
3310
3329
3680
3311
3330
3681
3312
3331
3682
3313
3332
3683
3314
3333
3684
3315
3334
3685
3316
3335
3686
3317
3336
3687
3318
3337
3688
3319
3338
3689
3320
3339
3690
3321
3340
3691
3322
3341
3692
3323
3342
3693
3324
3343
3694
3344
3695
5010
3326
3345
3696
3327
3346
3697
3328
3347
3698
3329
3348
3699
3330
3349
3700
3331
3350
3701
3332
3351
3702
3333
3352
3703
3334
3353
3704
3335
3354
3705
3336
3355
3706
3337
3356
3707
3338
3357
3708
3339
3358
3709
3340
3359
3710
3341
3360
3711
3342
3361
3712
3343
3362
3713
3344
3363
3714
3364
3715
5016
3346
3365
3716
3347
3366
3717
3348
3367
3718
3349
3368
3719
3350
3369
3720
3351
3370
3721
3352
3371
3722
3353
3372
3723
3354
3373
3724
3355
3374
3725
3356
3375
3726
3357
3727
3358
3728
3359
3729
3360
3730
3361
3731
3362
3732
3363
3733
3364
3734
3735
5022
3366
3736
3367
3737
3368
3738
3369
3739
3370
3740
3371
3741
3372
3742
3373
3743
3374
3744
3375
3745
3746
3377
3396
3747
3378
3397
3748
3379
3398
3749
3380
3399
3750
3381
3400
3751
3382
3401
3752
3383
3402
3753
3384
3403
3754
3385
3404
3755
3386
3405
3756
3387
3406
3757
3388
3407
3758
3389
3408
3759
3390
3409
3760
3391
3410
3761
3392
3411
3762
3393
3412
3763
3394
3413
3764
3395
3414
3765
3415
3766
5028
3397
3416
3767
3398
3417
3768
3399
3418
3769
3400
3419
3770
3401
3420
3771
3402
3421
3772
3403
3422
3773
3404
3423
3774
3405
3424
3775
3406
3425
3776
3407
3426
3777
3408
3427
3778
3409
3428
3779
3410
3429
3780
3411
3430
3781
3412
3431
3782
3413
3432
3783
3414
3433
3784
3415
3434
3785
3435
3786
5032
3417
3436
3787
3418
3437
3788
3419
3438
3789
3420
3439
3790
3421
3440
3791
3422
3441
3792
3423
3442
3793
3424
3443
3794
3425
3444
3795
3426
3445
3796
3427
3446
3797
3428
3447
3798
3429
3448
3799
3430
3449
3800
3431
3450
3801
3432
3451
3802
3433
3452
3803
3434
3453
3804
3435
3454
3805
3455
3806
5036
3437
3456
3807
3438
3457
3808
3439
3458
3809
3440
3459
3810
3441
3460
3811
3442
3461
3812
3443
3462
3813
3444
3463
3814
3445
3464
3815
3446
3465
3816
3447
3466
3817
3448
3467
3818
3449
3468
3819
3450
3469
3820
3451
3470
3821
3452
3471
3822
3453
3472
3823
3454
3473
3824
3455
3474
3825
3475
3826
5040
3457
3476
3827
3458
3477
3828
3459
3478
3829
3460
3479
3830
3461
3480
3831
3462
3481
3832
3463
3482
3833
3464
3483
3834
3465
3484
3835
3466
3485
3836
3467
3486
3837
3468
3487
3838
3469
3488
3839
3470
3489
3840
3471
3490
3841
3472
3491
3842
3473
3492
3843
3474
3493
3844
3475
3494
3845
3495
3846
5044
3477
3496
3847
3478
3497
3848
3479
3498
3849
3480
3499
3850
3481
3500
3851
3482
3501
3852
3483
3502
3853
3484
3503
3854
3485
3504
3855
3486
3505
3856
3487
3506
3857
3488
3507
3858
3489
3508
3859
3490
3509
3860
3491
3510
3861
3492
3511
3862
3493
3512
3863
3494
3513
3864
3495
3514
3865
3515
3866
5048
3497
3516
3867
3498
3517
3868
3499
3518
3869
3500
3519
3870
3501
3520
3871
3502
3521
3872
3503
3522
3873
3504
3523
3874
3505
3524
3875
3506
3525
3876
3507
3526
3877
3508
3527
3878
3509
3528
3879
3510
3529
3880
3511
3530
3881
3512
3531
3882
3513
3532
3883
3514
3533
3884
3515
3534
3885
3535
3886
5052
3517
3536
3887
3518
3537
3888
3519
3538
3889
3520
3539
3890
3521
3540
3891
3522
3541
3892
3523
3542
3893
3524
3543
3894
3525
3544
3895
3526
3545
3896
3527
3546
3897
3528
3547
3898
3529
3548
3899
3530
3549
3900
3531
3550
3901
3532
3551
3902
3533
3552
3903
3534
3553
3904
3535
3554
3905
3555
3906
5056
3537
3556
3907
3538
3557
3908
3539
3558
3909
3540
3559
3910
3541
3560
3911
3542
3561
3912
3543
3562
3913
3544
3563
3914
3545
3564
3915
3546
3565
3916
3547
3566
3917
3548
3567
3918
3549
3568
3919
3550
3569
3920
3551
3570
3921
3552
3571
3922
3553
3572
3923
3554
3573
3924
3555
3574
3925
3575
3926
5060
3557
3576
3927
3558
3577
3928
3559
3578
3929
3560
3579
3930
3561
3580
3931
3562
3581
3932
3563
3582
3933
3564
3583
3934
3565
3584
3935
3566
3585
3936
3567
3586
3937
3568
3587
3938
3569
3588
3939
3570
3589
3940
3571
3590
3941
3572
3591
3942
3573
3592
3943
3574
3593
3944
3575
3594
3945
3595
3946
5064
3577
3596
3947
3578
3597
3948
3579
3598
3949
3580
3599
3950
3581
3600
3951
3582
3601
3952
3583
3602
3953
3584
3603
3954
3585
3604
3955
3586
3605
3956
3587
3606
3957
3588
3607
3958
3589
3608
3959
3590
3609
3960
3591
3610
3961
3592
3611
3962
3593
3612
3963
3594
3613
3964
3595
3614
3965
3615
3966
5068
3597
3616
3967
3598
3617
3968
3599
3618
3969
3600
3619
3970
3601
3620
3971
3602
3621
3972
3603
3622
3973
3604
3623
3974
3605
3624
3975
3606
3625
3976
3607
3626
3977
3608
3627
3978
3609
3628
3979
3610
3629
3980
3611
3630
3981
3612
3631
3982
3613
3632
3983
3614
3633
3984
3615
3634
3985
3635
3986
5073
3617
3636
3987
3618
3637
3988
3619
3638
3989
3620
3639
3990
3621
3640
3991
3622
3641
3992
3623
3642
3993
3624
3643
3994
3625
3644
3995
3626
3645
3996
3627
3646
3997
3628
3647
3998
3629
3648
3999
3630
3649
4000
3631
3650
4001
3632
3651
4002
3633
3652
4003
3634
3653
4004
3635
3654
4005
3655
4006
5078
3637
3656
4007
3638
3657
4008
3639
3658
4009
3640
3659
4010
3641
3660
4011
3642
3661
4012
3643
3662
4013
3644
3663
4014
3645
3664
4015
3646
3665
4016
3647
3666
4017
3648
3667
4018
3649
3668
4019
3650
3669
4020
3651
3670
4021
3652
3671
4022
3653
3672
4023
3654
3673
4024
3655
3674
4025
3675
4026
5083
3657
3676
4027
3658
3677
4028
3659
3678
4029
3660
3679
4030
3661
3680
4031
3662
3681
4032
3663
3682
4033
3664
3683
4034
3665
3684
4035
3666
3685
4036
3667
3686
4037
3668
3687
4038
3669
3688
4039
3670
3689
4040
3671
3690
4041
3672
3691
4042
3673
3692
4043
3674
3693
4044
3675
3694
4045
3695
4046
5088
3677
3696
4047
3678
3697
4048
3679
3698
4049
3680
3699
4050
3681
3700
4051
3682
3701
4052
3683
3702
4053
3684
3703
4054
3685
3704
4055
3686
3705
4056
3687
3706
4057
3688
3707
4058
3689
3708
4059
3690
3709
4060
3691
3710
4061
3692
3711
4062
3693
3712
4063
3694
3713
4064
3695
3714
4065
3715
4066
5094
3697
3716
4067
3698
3717
4068
3699
3718
4069
3700
3719
4070
3701
3720
4071
3702
3721
4072
3703
3722
4073
3704
3723
4074
3705
3724
4075
3706
3725
4076
3707
3726
4077
3708
3727
4078
3709
3728
4079
3710
3729
4080
3711
3730
4081
3712
3731
4082
3713
3732
4083
3714
3733
4084
3715
3734
4085
3735
4086
5100
3717
3736
4087
3718
3737
4088
3719
3738
4089
3720
3739
4090
3721
3740
4091
3722
3741
4092
3723
3742
4093
3724
3743
4094
3725
3744
4095
3726
3745
4096
3727
3746
4097
3728
4098
3729
4099
3730
4100
3731
4101
3732
4102
3733
4103
3734
4104
3735
4105
4106
5106
3737
4107
3738
4108
3739
4109
3740
4110
3741
4111
3742
4112
3743
4113
3744
4114
3745
4115
3746
4116
4117
3748
3767
4118
3749
3768
4119
3750
3769
4120
3751
3770
4121
3752
3771
4122
3753
3772
4123
3754
3773
4124
3755
3774
4125
3756
3775
4126
3757
3776
4127
3758
3777
4128
3759
3778
4129
3760
3779
4130
3761
3780
4131
3762
3781
4132
3763
3782
4133
3764
3783
4134
3765
3784
4135
3766
3785
4136
3786
4137
5112
3768
3787
4138
3769
3788
4139
3770
3789
4140
3771
3790
4141
3772
3791
4142
3773
3792
4143
3774
3793
4144
3775
3794
4145
3776
3795
4146
3777
3796
4147
3778
3797
4148
3779
3798
4149
3780
3799
4150
3781
3800
4151
3782
3801
4152
3783
3802
4153
3784
3803
4154
3785
3804
4155
3786
3805
4156
3806
4157
5116
3788
3807
4158
3789
3808
4159
3790
3809
4160
3791
3810
4161
3792
3811
4162
3793
3812
4163
3794
3813
4164
3795
3814
4165
3796
3815
4166
3797
3816
4167
3798
3817
4168
3799
3818
4169
3800
3819
4170
3801
3820
4171
3802
3821
4172
3803
3822
4173
3804
3823
4174
3805
3824
4175
3806
3825
4176
3826
4177
5120
3808
3827
4178
3809
3828
4179
3810
3829
4180
3811
3830
4181
3812
3831
4182
3813
3832
4183
3814
3833
4184
3815
3834
4185
3816
3835
4186
3817
3836
4187
3818
3837
4188
3819
3838
4189
3820
3839
4190
3821
3840
4191
3822
3841
4192
3823
3842
4193
3824
3843
4194
3825
3844
4195
3826
3845
4196
3846
4197
5124
3828
3847
4198
3829
3848
4199
3830
3849
4200
3831
3850
4201
3832
3851
4202
3833
3852
4203
3834
3853
4204
3835
3854
4205
3836
3855
4206
3837
3856
4207
3838
3857
4208
3839
3858
4209
3840
3859
4210
3841
3860
4211
3842
3861
4212
3843
3862
4213
3844
3863
4214
3845
3864
4215
3846
3865
4216
3866
4217
5128
3848
3867
4218
3849
3868
4219
3850
3869
4220
3851
3870
4221
3852
3871
4222
3853
3872
4223
3854
3873
4224
3855
3874
4225
3856
3875
4226
3857
3876
4227
3858
3877
4228
3859
3878
4229
3860
3879
4230
3861
3880
4231
3862
3881
4232
3863
3882
4233
3864
3883
4234
3865
3884
4235
3866
3885
4236
3886
4237
5132
3868
3887
4238
3869
3888
4239
3870
3889
4240
3871
3890
4241
3872
3891
4242
3873
3892
4243
3874
3893
4244
3875
3894
4245
3876
3895
4246
3877
3896
4247
3878
3897
4248
3879
3898
4249
3880
3899
4250
3881
3900
4251
3882
3901
4252
3883
3902
4253
3884
3903
4254
3885
3904
4255
3886
3905
4256
3906
4257
5136
3888
3907
4258
3889
3908
4259
3890
3909
4260
3891
3910
4261
3892
3911
4262
3893
3912
4263
3894
3913
4264
3895
3914
4265
3896
3915
4266
3897
3916
4267
3898
3917
4268
3899
3918
4269
3900
3919
4270
3901
3920
4271
3902
3921
4272
3903
3922
4273
3904
3923
4274
3905
3924
4275
3906
3925
4276
3926
4277
5140
3908
3927
4278
3909
3928
4279
3910
3929
4280
3911
3930
4281
3912
3931
4282
3913
3932
4283
3914
3933
4284
3915
3934
4285
3916
3935
4286
3917
3936
4287
3918
3937
4288
3919
3938
4289
3920
3939
4290
3921
3940
4291
3922
3941
4292
3923
3942
4293
3924
3943
4294
3925
3944
4295
3926
3945
4296
3946
4297
5144
3928
3947
4298
3929
3948
4299
3930
3949
4300
3931
3950
4301
3932
3951
4302
3933
3952
4303
3934
3953
4304
3935
3954
4305
3936
3955
4306
3937
3956
4307
3938
3957
4308
3939
3958
4309
3940
3959
4310
3941
3960
4311
3942
3961
4312
3943
3962
4313
3944
3963
4314
3945
3964
4315
3946
3965
4316
3966
4317
5148
3948
3967
4318
3949
3968
4319
3950
3969
4320
3951
3970
4321
3952
3971
4322
3953
3972
4323
3954
3973
4324
3955
3974
4325
3956
3975
4326
3957
3976
4327
3958
3977
4328
3959
3978
4329
3960
3979
4330
3961
3980
4331
3962
3981
4332
3963
3982
4333
3964
3983
4334
3965
3984
4335
3966
3985
4336
3986
4337
5152
3968
3987
4338
3969
3988
4339
3970
3989
4340
3971
3990
4341
3972
3991
4342
3973
3992
4343
3974
3993
4344
3975
3994
4345
3976
3995
4346
3977
3996
4347
3978
3997
4348
3979
3998
4349
3980
3999
4350
3981
4000
4351
3982
4001
4352
3983
4002
4353
3984
4003
4354
3985
4004
4355
3986
4005
4356
4006
4357
5157
3988
4007
4358
3989
4008
4359
3990
4009
4360
3991
4010
4361
3992
4011
4362
3993
4012
4363
3994
4013
4364
3995
4014
4365
3996
4015
4366
3997
4016
4367
3998
4017
4368
3999
4018
4369
4000
4019
4370
4001
4020
4371
4002
4021
4372
4003
4022
4373
4004
4023
4374
4005
4024
4375
4006
4025
4376
4026
4377
5162
4008
4027
4378
4009
4028
4379
4010
4029
4380
4011
4030
4381
4012
4031
4382
4013
4032
4383
4014
4033
4384
4015
4034
4385
4016
4035
4386
4017
4036
4387
4018
4037
4388
4019
4038
4389
4020
4039
4390
4021
4040
4391
4022
4041
4392
4023
4042
4393
4024
4043
4394
4025
4044
4395
4026
4045
4396
4046
4397
5167
4028
4047
4398
4029
4048
4399
4030
4049
4400
4031
4050
4401
4032
4051
4402
4033
4052
4403
4034
4053
4404
4035
4054
4405
4036
4055
4406
4037
4056
4407
4038
4057
4408
4039
4058
4409
4040
4059
4410
4041
4060
4411
4042
4061
4412
4043
4062
4413
4044
4063
4414
4045
4064
4415
4046
4065
4416
4066
4417
5172
4048
4067
4418
4049
4068
4419
4050
4069
4420
4051
4070
4421
4052
4071
4422
4053
4072
4423
4054
4073
4424
4055
4074
4425
4056
4075
4426
4057
4076
4427
4058
4077
4428
4059
4078
4429
4060
4079
4430
4061
4080
4431
4062
4081
4432
4063
4082
4433
4064
4083
4434
4065
4084
4435
4066
4085
4436
4086
4437
5178
4068
4087
4438
4069
4088
4439
4070
4089
4440
4071
4090
4441
4072
4091
4442
4073
4092
4443
4074
4093
4444
4075
4094
4445
4076
4095
4446
4077
4096
4447
4078
4097
4448
4079
4098
4449
4080
4099
4450
4081
4100
4451
4082
4101
4452
4083
4102
4453
4084
4103
4454
4085
4104
4455
4086
4105
4456
4106
4457
5184
4088
4107
4458
4089
4108
4459
4090
4109
4460
4091
4110
4461
4092
4111
4462
4093
4112
4463
4094
4113
4464
4095
4114
4465
4096
4115
4466
4097
4116
4467
4098
4117
4468
4099
4469
4100
4470
4101
4471
4102
4472
4103
4473
4104
4474
4105
4475
4106
4476
4477
5190
4108
4478
4109
4479
4110
4480
4111
4481
4112
4482
4113
4483
4114
4484
4115
4485
4116
4486
4117
4487
4488
4119
4138
4489
4120
4139
4490
4121
4140
4491
4122
4141
4492
4123
4142
4493
4124
4143
4494
4125
4144
4495
4126
4145
4496
4127
4146
4497
4128
4147
4498
4129
4148
4499
4130
4149
4500
4131
4150
4501
4132
4151
4502
4133
4152
4503
4134
4153
4504
4135
4154
4505
4136
4155
4506
4137
4156
4507
4157
4508
5196
4139
4158
4509
4140
4159
4510
4141
4160
4511
4142
4161
4512
4143
4162
4513
4144
4163
4514
4145
4164
4515
4146
4165
4516
4147
4166
4517
4148
4167
4518
4149
4168
4519
4150
4169
4520
4151
4170
4521
4152
4171
4522
4153
4172
4523
4154
4173
4524
4155
4174
4525
4156
4175
4526
4157
4176
4527
4177
4528
5200
4159
4178
4529
4160
4179
4530
4161
4180
4531
4162
4181
4532
4163
4182
4533
4164
4183
4534
4165
4184
4535
4166
4185
4536
4167
4186
4537
4168
4187
4538
4169
4188
4539
4170
4189
4540
4171
4190
4541
4172
4191
4542
4173
4192
4543
4174
4193
4544
4175
4194
4545
4176
4195
4546
4177
4196
4547
4197
4548
5204
4179
4198
4549
4180
4199
4550
4181
4200
4551
4182
4201
4552
4183
4202
4553
4184
4203
4554
4185
4204
4555
4186
4205
4556
4187
4206
4557
4188
4207
4558
4189
4208
4559
4190
4209
4560
4191
4210
4561
4192
4211
4562
4193
4212
4563
4194
4213
4564
4195
4214
4565
4196
4215
4566
4197
4216
4567
4217
4568
5208
4199
4218
4569
4200
4219
4570
4201
4220
4571
4202
4221
4572
4203
4222
4573
4204
4223
4574
4205
4224
4575
4206
4225
4576
4207
4226
4577
4208
4227
4578
4209
4228
4579
4210
4229
4580
4211
4230
4581
4212
4231
4582
4213
4232
4583
4214
4233
4584
4215
4234
4585
4216
4235
4586
4217
4236
4587
4237
4588
5212
4219
4238
4589
4220
4239
4590
4221
4240
4591
4222
4241
4592
4223
4242
4593
4224
4243
4594
4225
4244
4595
4226
4245
4596
4227
4246
4597
4228
4247
4598
4229
4248
4599
4230
4249
4600
4231
4250
4601
4232
4251
4602
4233
4252
4603
4234
4253
4604
4235
4254
4605
4236
4255
4606
4237
4256
4607
4257
4608
5216
4239
4258
4609
4240
4259
4610
4241
4260
4611
4242
4261
4612
4243
4262
4613
4244
4263
4614
4245
4264
4615
4246
4265
4616
4247
4266
4617
4248
4267
4618
4249
4268
4619
4250
4269
4620
4251
4270
4621
4252
4271
4622
4253
4272
4623
4254
4273
4624
4255
4274
4625
4256
4275
4626
4257
4276
4627
4277
4628
5220
4259
4278
4629
4260
4279
4630
4261
4280
4631
4262
4281
4632
4263
4282
4633
4264
4283
4634
4265
4284
4635
4266
4285
4636
4267
4286
4637
4268
4287
4638
4269
4288
4639
4270
4289
4640
4271
4290
4641
4272
4291
4642
4273
4292
4643
4274
4293
4644
4275
4294
4645
4276
4295
4646
4277
4296
4647
4297
4648
5224
4279
4298
4649
4280
4299
4650
4281
4300
4651
4282
4301
4652
4283
4302
4653
4284
4303
4654
4285
4304
4655
4286
4305
4656
4287
4306
4657
4288
4307
4658
4289
4308
4659
4290
4309
4660
4291
4310
4661
4292
4311
4662
4293
4312
4663
4294
4313
4664
4295
4314
4665
4296
4315
4666
4297
4316
4667
4317
4668
5228
4299
4318
4669
4300
4319
4670
4301
4320
4671
4302
4321
4672
4303
4322
4673
4304
4323
4674
4305
4324
4675
4306
4325
4676
4307
4326
4677
4308
4327
4678
4309
4328
4679
4310
4329
4680
4311
4330
4681
4312
4331
4682
4313
4332
4683
4314
4333
4684
4315
4334
4685
4316
4335
4686
4317
4336
4687
4337
4688
5232
4319
4338
4689
4320
4339
4690
4321
4340
4691
4322
4341
4692
4323
4342
4693
4324
4343
4694
4325
4344
4695
4326
4345
4696
4327
4346
4697
4328
4347
4698
4329
4348
4699
4330
4349
4700
4331
4350
4701
4332
4351
4702
4333
4352
4703
4334
4353
4704
4335
4354
4705
4336
4355
4706
4337
4356
4707
4357
4708
5236
4339
4358
4709
4340
4359
4710
4341
4360
4711
4342
4361
4712
4343
4362
4713
4344
4363
4714
4345
4364
4715
4346
4365
4716
4347
4366
4717
4348
4367
4718
4349
4368
4719
4350
4369
4720
4351
4370
4721
4352
4371
4722
4353
4372
4723
4354
4373
4724
4355
4374
4725
4356
4375
4726
4357
4376
4727
4377
4728
5241
4359
4378
4729
4360
4379
4730
4361
4380
4731
4362
4381
4732
4363
4382
4733
4364
4383
4734
4365
4384
4735
4366
4385
4736
4367
4386
4737
4368
4387
4738
4369
4388
4739
4370
4389
4740
4371
4390
4741
4372
4391
4742
4373
4392
4743
4374
4393
4744
4375
4394
4745
4376
4395
4746
4377
4396
4747
4397
4748
5246
4379
4398
4749
4380
4399
4750
4381
4400
4751
4382
4401
4752
4383
4402
4753
4384
4403
4754
4385
4404
4755
4386
4405
4756
4387
4406
4757
4388
4407
4758
4389
4408
4759
4390
4409
4760
4391
4410
4761
4392
4411
4762
4393
4412
4763
4394
4413
4764
4395
4414
4765
4396
4415
4766
4397
4416
4767
4417
4768
5251
4399
4418
4769
4400
4419
4770
4401
4420
4771
4402
4421
4772
4403
4422
4773
4404
4423
4774
4405
4424
4775
4406
4425
4776
4407
4426
4777
4408
4427
4778
4409
4428
4779
4410
4429
4780
4411
4430
4781
4412
4431
4782
4413
4432
4783
4414
4433
4784
4415
4434
4785
4416
4435
4786
4417
4436
4787
4437
4788
5256
4419
4438
4789
4420
4439
4790
4421
4440
4791
4422
4441
4792
4423
4442
4793
4424
4443
4794
4425
4444
4795
4426
4445
4796
4427
4446
4797
4428
4447
4798
4429
4448
4799
4430
4449
4800
4431
4450
4801
4432
4451
4802
4433
4452
4803
4434
4453
4804
4435
4454
4805
4436
4455
4806
4437
4456
4807
4457
4808
5262
4439
4458
4809
4440
4459
4810
4441
4460
4811
4442
4461
4812
4443
4462
4813
4444
4463
4814
4445
4464
4815
4446
4465
4816
4447
4466
4817
4448
4467
4818
4449
4468
4819
4450
4469
4820
4451
4470
4821
4452
4471
4822
4453
4472
4823
4454
4473
4824
4455
4474
4825
4456
4475
4826
4457
4476
4827
4477
4828
5268
4459
4478
4829
4460
4479
4830
4461
4480
4831
4462
4481
4832
4463
4482
4833
4464
4483
4834
4465
4484
4835
4466
4485
4836
4467
4486
4837
4468
4487
4838
4469
4488
4839
4470
4840
4471
4841
4472
4842
4473
4843
4474
4844
4475
4845
4476
4846
4477
4847
4848
5274
4479
4849
4480
4850
4481
4851
4482
4852
4483
4853
4484
4854
4485
4855
4486
4856
4487
4857
4488
4858
4859
4490
4509
4491
4510
4492
4511
4493
4512
4494
4513
4495
4514
4496
4515
4497
4516
4498
4517
4499
4518
4500
4519
4501
4520
4502
4521
4503
4522
4504
4523
4505
4524
4506
4525
4507
4526
4508
4527
4528
5280
4510
4529
4511
4530
4512
4531
4513
4532
4514
4533
4515
4534
4516
4535
4517
4536
4518
4537
4519
4538
4520
4539
4521
4540
4522
4541
4523
4542
4524
4543
4525
4544
4526
4545
4527
4546
4528
4547
4548
5284
4530
4549
4531
4550
4532
4551
4533
4552
4534
4553
4535
4554
4536
4555
4537
4556
4538
4557
4539
4558
4540
4559
4541
4560
4542
4561
4543
4562
4544
4563
4545
4564
4546
4565
4547
4566
4548
4567
4568
5288
4550
4569
4551
4570
4552
4571
4553
4572
4554
4573
4555
4574
4556
4575
4557
4576
4558
4577
4559
4578
4560
4579
4561
4580
4562
4581
4563
4582
4564
4583
4565
4584
4566
4585
4567
4586
4568
4587
4588
5292
4570
4589
4571
4590
4572
4591
4573
4592
4574
4593
4575
4594
4576
4595
4577
4596
4578
4597
4579
4598
4580
4599
4581
4600
4582
4601
4583
4602
4584
4603
4585
4604
4586
4605
4587
4606
4588
4607
4608
5296
4590
4609
4591
4610
4592
4611
4593
4612
4594
4613
4595
4614
4596
4615
4597
4616
4598
4617
4599
4618
4600
4619
4601
4620
4602
4621
4603
4622
4604
4623
4605
4624
4606
4625
4607
4626
4608
4627
4628
5300
4610
4629
4611
4630
4612
4631
4613
4632
4614
4633
4615
4634
4616
4635
4617
4636
4618
4637
4619
4638
4620
4639
4621
4640
4622
4641
4623
4642
4624
4643
4625
4644
4626
4645
4627
4646
4628
4647
4648
5304
4630
4649
4631
4650
4632
4651
4633
4652
4634
4653
4635
4654
4636
4655
4637
4656
4638
4657
4639
4658
4640
4659
4641
4660
4642
4661
4643
4662
4644
4663
4645
4664
4646
4665
4647
4666
4648
4667
4668
5308
4650
4669
4651
4670
4652
4671
4653
4672
4654
4673
4655
4674
4656
4675
4657
4676
4658
4677
4659
4678
4660
4679
4661
4680
4662
4681
4663
4682
4664
4683
4665
4684
4666
4685
4667
4686
4668
4687
4688
5312
4670
4689
4671
4690
4672
4691
4673
4692
4674
4693
4675
4694
4676
4695
4677
4696
4678
4697
4679
4698
4680
4699
4681
4700
4682
4701
4683
4702
4684
4703
4685
4704
4686
4705
4687
4706
4688
4707
4708
5316
4690
4709
4691
4710
4692
4711
4693
4712
4694
4713
4695
4714
4696
4715
4697
4716
4698
4717
4699
4718
4700
4719
4701
4720
4702
4721
4703
4722
4704
4723
4705
4724
4706
4725
4707
4726
4708
4727
4728
5320
4710
4729
4711
4730
4712
4731
4713
4732
4714
4733
4715
4734
4716
4735
4717
4736
4718
4737
4719
4738
4720
4739
4721
4740
4722
4741
4723
4742
4724
4743
4725
4744
4726
4745
4727
4746
4728
4747
4748
5325
4730
4749
4731
4750
4732
4751
4733
4752
4734
4753
4735
4754
4736
4755
4737
4756
4738
4757
4739
4758
4740
4759
4741
4760
4742
4761
4743
4762
4744
4763
4745
4764
4746
4765
4747
4766
4748
4767
4768
5330
4750
4769
4751
4770
4752
4771
4753
4772
4754
4773
4755
4774
4756
4775
4757
4776
4758
4777
4759
4778
4760
4779
4761
4780
4762
4781
4763
4782
4764
4783
4765
4784
4766
4785
4767
4786
4768
4787
4788
5335
4770
4789
4771
4790
4772
4791
4773
4792
4774
4793
4775
4794
4776
4795
4777
4796
4778
4797
4779
4798
4780
4799
4781
4800
4782
4801
4783
4802
4784
4803
4785
4804
4786
4805
4787
4806
4788
4807
4808
5340
4790
4809
4791
4810
4792
4811
4793
4812
4794
4813
4795
4814
4796
4815
4797
4816
4798
4817
4799
4818
4800
4819
4801
4820
4802
4821
4803
4822
4804
4823
4805
4824
4806
4825
4807
4826
4808
4827
4828
5346
4810
4829
4811
4830
4812
4831
4813
4832
4814
4833
4815
4834
4816
4835
4817
4836
4818
4837
4819
4838
4820
4839
4821
4840
4822
4841
4823
4842
4824
4843
4825
4844
4826
4845
4827
4846
4828
4847
4848
5352
4830
4849
4831
4850
4832
4851
4833
4852
4834
4853
4835
4854
4836
4855
4837
4856
4838
4857
4839
4858
4840
4859
4841
4842
4843
4844
4845
4846
4847
4848
5358
4850
4851
4852
4853
4854
4855
4856
4857
4858
4859
4861
4864
4944
4862
4865
4945
4863
4866
4946
4867
4947
4865
4868
4948
4866
4869
4949
4867
4870
4950
4871
4951
4869
4872
4952
4870
4873
4953
4871
4874
4954
4875
4955
4873
4876
4956
4874
4877
4957
4875
4878
4958
4879
4959
4877
4880
4960
4878
4881
4961
4879
4882
4962
4883
4963
4881
4884
4964
4882
4885
4965
4883
4886
4966
4887
4967
4885
4888
4968
4886
4889
4969
4887
4890
4970
4891
4971
4889
4892
4972
4890
4893
4973
4891
4894
4974
4895
4975
4893
4896
4976
4894
4897
4977
4895
4898
4978
4899
4979
4897
4900
4980
4898
4901
4981
4899
4902
4982
4903
4983
4901
4905
4984
4902
4906
4985
4903
4907
4986
4904
4908
4987
4909
4988
4906
4910
4989
4907
4911
4990
4908
4912
4991
4909
4913
4992
4914
4993
4911
4915
4994
4912
4916
4995
4913
4917
4996
4914
4918
4997
4919
4998
4916
4920
4999
4917
4921
5000
4918
4922
5001
4919
4923
5002
4924
5003
4921
4926
5004
4922
4927
5005
4923
4928
5006
4924
4929
5007
4925
4930
5008
4931
5009
4927
4932
5010
4928
4933
5011
4929
4934
5012
4930
4935
5013
4931
4936
5014
4937
5015
4933
4938
5016
4934
4939
5017
4935
4940
5018
4936
4941
5019
4937
4942
5020
4943
5021
4939
5022
4940
5023
4941
5024
4942
5025
4943
5026
5027
4945
4948
5028
4946
4949
5029
4947
4950
5030
4951
5031
4949
4952
5032
4950
4953
5033
4951
4954
5034
4955
5035
4953
4956
5036
4954
4957
5037
4955
4958
5038
4959
5039
4957
4960
5040
4958
4961
5041
4959
4962
5042
4963
5043
4961
4964
5044
4962
4965
5045
4963
4966
5046
4967
5047
4965
4968
5048
4966
4969
5049
4967
4970
5050
4971
5051
4969
4972
5052
4970
4973
5053
4971
4974
5054
4975
5055
4973
4976
5056
4974
4977
5057
4975
4978
5058
4979
5059
4977
4980
5060
4978
4981
5061
4979
4982
5062
4983
5063
4981
4984
5064
4982
4985
5065
4983
4986
5066
4987
5067
4985
4989
5068
4986
4990
5069
4987
4991
5070
4988
4992
5071
4993
5072
4990
4994
5073
4991
4995
5074
4992
4996
5075
4993
4997
5076
4998
5077
4995
4999
5078
4996
5000
5079
4997
5001
5080
4998
5002
5081
5003
5082
5000
5004
5083
5001
5005
5084
5002
5006
5085
5003
5007
5086
5008
5087
5005
5010
5088
5006
5011
5089
5007
5012
5090
5008
5013
5091
5009
5014
5092
5015
5093
5011
5016
5094
5012
5017
5095
5013
5018
5096
5014
5019
5097
5015
5020
5098
5021
5099
5017
5022
5100
5018
5023
5101
5019
5024
5102
5020
5025
5103
5021
5026
5104
5027
5105
5023
5106
5024
5107
5025
5108
5026
5109
5027
5110
5111
5029
5032
5112
5030
5033
5113
5031
5034
5114
5035
5115
5033
5036
5116
5034
5037
5117
5035
5038
5118
5039
5119
5037
5040
5120
5038
5041
5121
5039
5042
5122
5043
5123
5041
5044
5124
5042
5045
5125
5043
5046
5126
5047
5127
5045
5048
5128
5046
5049
5129
5047
5050
5130
5051
5131
5049
5052
5132
5050
5053
5133
5051
5054
5134
5055
5135
5053
5056
5136
5054
5057
5137
5055
5058
5138
5059
5139
5057
5060
5140
5058
5061
5141
5059
5062
5142
5063
5143
5061
5064
5144
5062
5065
5145
5063
5066
5146
5067
5147
5065
5068
5148
5066
5069
5149
5067
5070
5150
5071
5151
5069
5073
5152
5070
5074
5153
5071
5075
5154
5072
5076
5155
5077
5156
5074
5078
5157
5075
5079
5158
5076
5080
5159
5077
5081
5160
5082
5161
5079
5083
5162
5080
5084
5163
5081
5085
5164
5082
5086
5165
5087
5166
5084
5088
5167
5085
5089
5168
5086
5090
5169
5087
5091
5170
5092
5171
5089
5094
5172
5090
5095
5173
5091
5096
5174
5092
5097
5175
5093
5098
5176
5099
5177
5095
5100
5178
5096
5101
5179
5097
5102
5180
5098
5103
5181
5099
5104
5182
5105
5183
5101
5106
5184
5102
5107
5185
5103
5108
5186
5104
5109
5187
5105
5110
5188
5111
5189
5107
5190
5108
5191
5109
5192
5110
5193
5111
5194
5195
5113
5116
5196
5114
5117
5197
5115
5118
5198
5119
5199
5117
5120
5200
5118
5121
5201
5119
5122
5202
5123
5203
5121
5124
5204
5122
5125
5205
5123
5126
5206
5127
5207
5125
5128
5208
5126
5129
5209
5127
5130
5210
5131
5211
5129
5132
5212
5130
5133
5213
5131
5134
5214
5135
5215
5133
5136
5216
5134
5137
5217
5135
5138
5218
5139
5219
5137
5140
5220
5138
5141
5221
5139
5142
5222
5143
5223
5141
5144
5224
5142
5145
5225
5143
5146
5226
5147
5227
5145
5148
5228
5146
5149
5229
5147
5150
5230
5151
5231
5149
5152
5232
5150
5153
5233
5151
5154
5234
5155
5235
5153
5157
5236
5154
5158
5237
5155
5159
5238
5156
5160
5239
5161
5240
5158
5162
5241
5159
5163
5242
5160
5164
5243
5161
5165
5244
5166
5245
5163
5167
5246
5164
5168
5247
5165
5169
5248
5166
5170
5249
5171
5250
5168
5172
5251
5169
5173
5252
5170
5174
5253
5171
5175
5254
5176
5255
5173
5178
5256
5174
5179
5257
5175
5180
5258
5176
5181
5259
5177
5182
5260
5183
5261
5179
5184
5262
5180
5185
5263
5181
5186
5264
5182
5187
5265
5183
5188
5266
5189
5267
5185
5190
5268
5186
5191
5269
5187
5192
5270
5188
5193
5271
5189
5194
5272
5195
5273
5191
5274
5192
5275
5193
5276
5194
5277
5195
5278
5279
5197
5200
5280
5198
5201
5281
5199
5202
5282
5203
5283
5201
5204
5284
5202
5205
5285
5203
5206
5286
5207
5287
5205
5208
5288
5206
5209
5289
5207
5210
5290
5211
5291
5209
5212
5292
5210
5213
5293
5211
5214
5294
5215
5295
5213
5216
5296
5214
5217
5297
5215
5218
5298
5219
5299
5217
5220
5300
5218
5221
5301
5219
5222
5302
5223
5303
5221
5224
5304
5222
5225
5305
5223
5226
5306
5227
5307
5225
5228
5308
5226
5229
5309
5227
5230
5310
5231
5311
5229
5232
5312
5230
5233
5313
5231
5234
5314
5235
5315
5233
5236
5316
5234
5237
5317
5235
5238
5318
5239
5319
5237
5241
5320
5238
5242
5321
5239
5243
5322
5240
5244
5323
5245
5324
5242
5246
5325
5243
5247
5326
5244
5248
5327
5245
5249
5328
5250
5329
5247
5251
5330
5248
5252
5331
5249
5253
5332
5250
5254
5333
5255
5334
5252
5256
5335
5253
5257
5336
5254
5258
5337
5255
5259
5338
5260
5339
5257
5262
5340
5258
5263
5341
5259
5264
5342
5260
5265
5343
5261
5266
5344
5267
5345
5263
5268
5346
5264
5269
5347
5265
5270
5348
5266
5271
5349
5267
5272
5350
5273
5351
5269
5274
5352
5270
5275
5353
5271
5276
5354
5272
5277
5355
5273
5278
5356
5279
5357
5275
5358
5276
5359
5277
5360
5278
5361
5279
5362
5363
5281
5284
5282
5285
5283
5286
5287
5285
5288
5286
5289
5287
5290
5291
5289
5292
5290
5293
5291
5294
5295
5293
5296
5294
5297
5295
5298
5299
5297
5300
5298
5301
5299
5302
5303
5301
5304
5302
5305
5303
5306
5307
5305
5308
5306
5309
5307
5310
5311
5309
5312
5310
5313
5311
5314
5315
5313
5316
5314
5317
5315
5318
5319
5317
5320
5318
5321
5319
5322
5323
5321
5325
5322
5326
5323
5327
5324
5328
5329
5326
5330
5327
5331
5328
5332
5329
5333
5334
5331
5335
5332
5336
5333
5337
5334
5338
5339
5336
5340
5337
5341
5338
5342
5339
5343
5344
5341
5346
5342
5347
5343
5348
5344
5349
5345
5350
5351
5347
5352
5348
5353
5349
5354
5350
5355
5351
5356
5357
5353
5358
5354
5359
5355
5360
5356
5361
5357
5362
5363
5359
5360
5361
5362
5363
)


// ************************************************************************* //
