/*--------------------------------*- C++ -*----------------------------------*\
| =========                 |                                                 |
| \\      /  F ield         | OpenFOAM: The Open Source CFD Toolbox           |
|  \\    /   O peration     | Version:  2406                                  |
|   \\  /    A nd           | Website:  www.openfoam.com                      |
|    \\/     M anipulation  |                                                 |
\*---------------------------------------------------------------------------*/
FoamFile
{
    version     2.0;
    format      ascii;
    arch        "LSB;label=32;scalar=64";
    class       labelList;
    location    "constant/polyMesh";
    object      cellProcAddressing;
}
// * * * * * * * * * * * * * * * * * * * * * * * * * * * * * * * * * * * * * //


5449
(
47632
47633
47634
47635
47636
47656
47657
47658
47659
47660
47680
47681
47682
47683
47684
47704
47705
47706
47707
47708
47728
47729
47730
47731
47732
47752
47753
47754
47755
47756
47776
47777
47778
47779
47780
47800
47801
47802
47803
47804
47824
47825
47826
47827
47828
47848
47849
47850
47851
47852
47872
47873
47874
47875
47876
47896
47897
47898
47899
47900
47920
47921
47922
47923
47924
47944
47945
47946
47947
47948
47968
47969
47970
47971
47972
47992
47993
47994
48016
48017
48018
48400
48401
48402
48403
48404
48405
48406
48407
48424
48425
48426
48427
48428
48429
48430
48431
48448
48449
48450
48451
48452
48453
48454
48455
48472
48473
48474
48475
48476
48477
48478
48479
48496
48497
48498
48499
48500
48501
48502
48503
48520
48521
48522
48523
48524
48525
48526
48527
48544
48545
48546
48547
48548
48549
48550
48551
48568
48569
48570
48571
48572
48573
48574
48575
48592
48593
48594
48595
48596
48597
48598
48599
48616
48617
48618
48619
48620
48621
48622
48623
48640
48641
48642
48643
48644
48645
48646
48647
48664
48665
48666
48667
48668
48669
48670
48671
48688
48689
48690
48691
48692
48693
48694
48695
48712
48713
48714
48715
48716
48717
48718
48719
48736
48737
48738
48739
48740
48741
48742
48743
48760
48761
48762
48784
48785
48786
49168
49169
49170
49171
49172
49173
49174
49175
49192
49193
49194
49195
49196
49197
49198
49199
49216
49217
49218
49219
49220
49221
49222
49223
49240
49241
49242
49243
49244
49245
49246
49247
49264
49265
49266
49267
49268
49269
49270
49271
49288
49289
49290
49291
49292
49293
49294
49295
49312
49313
49314
49315
49316
49317
49318
49319
49336
49337
49338
49339
49340
49341
49342
49343
49360
49361
49362
49363
49364
49365
49366
49367
49384
49385
49386
49387
49388
49389
49390
49391
49408
49409
49410
49411
49412
49413
49414
49415
49432
49433
49434
49435
49436
49437
49438
49439
49456
49457
49458
49459
49460
49461
49462
49463
49480
49481
49482
49483
49484
49485
49486
49487
49504
49505
49506
49507
49508
49509
49510
49511
49528
49529
49530
49531
49532
49533
49534
49535
49552
49553
49554
49555
49556
49557
49558
49559
49577
49578
49579
49580
49581
49582
49583
49603
49604
49605
49606
49936
49937
49938
49939
49940
49941
49942
49943
49960
49961
49962
49963
49964
49965
49966
49967
49984
49985
49986
49987
49988
49989
49990
49991
50008
50009
50010
50011
50012
50013
50014
50015
50032
50033
50034
50035
50036
50037
50038
50039
50056
50057
50058
50059
50060
50061
50062
50063
50080
50081
50082
50083
50084
50085
50086
50087
50104
50105
50106
50107
50108
50109
50110
50111
50128
50129
50130
50131
50132
50133
50134
50135
50152
50153
50154
50155
50156
50157
50158
50159
50176
50177
50178
50179
50180
50181
50182
50183
50200
50201
50202
50203
50204
50205
50206
50207
50224
50225
50226
50227
50228
50229
50230
50231
50248
50249
50250
50251
50252
50253
50254
50255
50272
50273
50274
50275
50276
50277
50278
50279
50296
50297
50298
50299
50300
50301
50302
50303
50320
50321
50322
50323
50324
50325
50326
50327
50345
50346
50347
50348
50349
50350
50351
50371
50372
50373
50374
50704
50705
50706
50707
50708
50709
50710
50711
50728
50729
50730
50731
50732
50733
50734
50735
50752
50753
50754
50755
50756
50757
50758
50759
50776
50777
50778
50779
50780
50781
50782
50783
50800
50801
50802
50803
50804
50805
50806
50807
50824
50825
50826
50827
50828
50829
50830
50831
50848
50849
50850
50851
50852
50853
50854
50855
50872
50873
50874
50875
50876
50877
50878
50879
50896
50897
50898
50899
50900
50901
50902
50903
50920
50921
50922
50923
50924
50925
50926
50927
50944
50945
50946
50947
50948
50949
50950
50951
50968
50969
50970
50971
50972
50973
50974
50975
50992
50993
50994
50995
50996
50997
50998
50999
51016
51017
51018
51019
51020
51021
51022
51023
51040
51041
51042
51043
51044
51045
51046
51047
51064
51065
51066
51067
51068
51069
51070
51071
51088
51089
51090
51091
51092
51093
51094
51095
51113
51114
51115
51116
51117
51118
51119
51139
51140
51141
51142
51472
51473
51474
51475
51476
51477
51478
51479
51496
51497
51498
51499
51500
51501
51502
51503
51520
51521
51522
51523
51524
51525
51526
51527
51544
51545
51546
51547
51548
51549
51550
51551
51568
51569
51570
51571
51572
51573
51574
51575
51592
51593
51594
51595
51596
51597
51598
51599
51616
51617
51618
51619
51620
51621
51622
51623
51640
51641
51642
51643
51644
51645
51646
51647
51664
51665
51666
51667
51668
51669
51670
51671
51688
51689
51690
51691
51692
51693
51694
51695
51712
51713
51714
51715
51716
51717
51718
51719
51736
51737
51738
51739
51740
51741
51742
51743
51760
51761
51762
51763
51764
51765
51766
51767
51784
51785
51786
51787
51788
51789
51790
51791
51808
51809
51810
51811
51812
51813
51814
51815
51832
51833
51834
51835
51836
51837
51838
51839
51856
51857
51858
51859
51860
51861
51862
51863
51881
51882
51883
51884
51885
51886
51887
51907
51908
51909
51910
52239
52240
52241
52242
52243
52244
52245
52246
52247
52263
52264
52265
52266
52267
52268
52269
52270
52271
52287
52288
52289
52290
52291
52292
52293
52294
52295
52311
52312
52313
52314
52315
52316
52317
52318
52319
52335
52336
52337
52338
52339
52340
52341
52342
52343
52359
52360
52361
52362
52363
52364
52365
52366
52367
52383
52384
52385
52386
52387
52388
52389
52390
52391
52407
52408
52409
52410
52411
52412
52413
52414
52415
52431
52432
52433
52434
52435
52436
52437
52438
52439
52455
52456
52457
52458
52459
52460
52461
52462
52463
52479
52480
52481
52482
52483
52484
52485
52486
52487
52503
52504
52505
52506
52507
52508
52509
52510
52511
52527
52528
52529
52530
52531
52532
52533
52534
52535
52551
52552
52553
52554
52555
52556
52557
52558
52559
52575
52576
52577
52578
52579
52580
52581
52582
52583
52599
52600
52601
52602
52603
52604
52605
52606
52607
52624
52625
52626
52627
52628
52629
52630
52631
52649
52650
52651
52652
52653
52654
52655
52675
52676
52677
52678
53007
53008
53009
53010
53011
53012
53013
53014
53015
53031
53032
53033
53034
53035
53036
53037
53038
53039
53055
53056
53057
53058
53059
53060
53061
53062
53063
53079
53080
53081
53082
53083
53084
53085
53086
53087
53103
53104
53105
53106
53107
53108
53109
53110
53111
53127
53128
53129
53130
53131
53132
53133
53134
53135
53151
53152
53153
53154
53155
53156
53157
53158
53159
53175
53176
53177
53178
53179
53180
53181
53182
53183
53199
53200
53201
53202
53203
53204
53205
53206
53207
53223
53224
53225
53226
53227
53228
53229
53230
53231
53247
53248
53249
53250
53251
53252
53253
53254
53255
53271
53272
53273
53274
53275
53276
53277
53278
53279
53295
53296
53297
53298
53299
53300
53301
53302
53303
53319
53320
53321
53322
53323
53324
53325
53326
53327
53343
53344
53345
53346
53347
53348
53349
53350
53351
53367
53368
53369
53370
53371
53372
53373
53374
53375
53392
53393
53394
53395
53396
53397
53398
53399
53417
53418
53419
53420
53421
53422
53423
53443
53444
53445
53446
62080
62081
62100
62101
62120
62121
62140
62141
62160
62161
62180
62181
62200
62201
62220
62221
62240
62241
62260
62261
62280
62281
62300
62301
62320
62321
62340
62341
62360
62361
62720
62721
62722
62723
62724
62725
62740
62741
62742
62743
62744
62745
62760
62761
62762
62763
62764
62765
62780
62781
62782
62783
62784
62785
62800
62801
62802
62803
62804
62805
62820
62821
62822
62823
62824
62825
62840
62841
62842
62843
62844
62845
62860
62861
62862
62863
62864
62865
62880
62881
62882
62883
62884
62885
62900
62901
62902
62903
62904
62905
62920
62921
62922
62923
62924
62925
62940
62941
62942
62943
62944
62945
62960
62961
62962
62963
62964
62965
62980
62981
62982
62983
62984
62985
63000
63001
63002
63003
63004
63005
63020
63021
63022
63023
63024
63025
63040
63041
63042
63043
63044
63060
63061
63062
63360
63361
63362
63363
63364
63365
63366
63367
63380
63381
63382
63383
63384
63385
63386
63387
63400
63401
63402
63403
63404
63405
63406
63407
63420
63421
63422
63423
63424
63425
63426
63427
63440
63441
63442
63443
63444
63445
63446
63447
63460
63461
63462
63463
63464
63465
63466
63467
63480
63481
63482
63483
63484
63485
63486
63487
63500
63501
63502
63503
63504
63505
63506
63507
63520
63521
63522
63523
63524
63525
63526
63527
63540
63541
63542
63543
63544
63545
63546
63547
63560
63561
63562
63563
63564
63565
63566
63567
63580
63581
63582
63583
63584
63585
63586
63587
63600
63601
63602
63603
63604
63605
63606
63607
63620
63621
63622
63623
63624
63625
63626
63627
63640
63641
63642
63643
63644
63645
63646
63647
63660
63661
63662
63663
63664
63665
63666
63667
63680
63681
63682
63683
63684
63700
63701
63702
64000
64001
64002
64003
64004
64005
64006
64007
64008
64009
64010
64011
64012
64013
64014
64015
64016
64017
64018
64019
64020
64021
64022
64023
64024
64025
64026
64027
64028
64029
64030
64031
64032
64033
64034
64035
64036
64037
64038
64039
64040
64041
64042
64043
64044
64045
64046
64047
64048
64049
64050
64051
64052
64053
64054
64055
64056
64057
64058
64059
64060
64061
64062
64063
64064
64065
64066
64067
64068
64069
64070
64071
64072
64073
64074
64075
64076
64077
64078
64079
64080
64081
64082
64083
64084
64085
64086
64087
64088
64089
64090
64091
64092
64093
64094
64095
64096
64097
64098
64099
64100
64101
64102
64103
64104
64105
64106
64107
64108
64109
64110
64111
64112
64113
64114
64115
64116
64117
64118
64119
64120
64121
64122
64123
64124
64125
64126
64127
64128
64129
64130
64131
64132
64133
64134
64135
64136
64137
64138
64139
64140
64141
64142
64143
64144
64145
64146
64147
64148
64149
64150
64151
64152
64153
64154
64155
64156
64157
64158
64159
64160
64161
64162
64163
64164
64165
64166
64167
64168
64169
64170
64171
64172
64173
64174
64175
64176
64177
64178
64179
64180
64181
64182
64183
64184
64185
64186
64187
64188
64189
64190
64191
64192
64193
64194
64195
64196
64197
64198
64199
64200
64201
64202
64203
64204
64205
64206
64207
64208
64209
64210
64211
64212
64213
64214
64215
64216
64217
64218
64219
64220
64221
64222
64223
64224
64225
64226
64227
64228
64229
64230
64231
64232
64233
64234
64235
64236
64237
64238
64239
64240
64241
64242
64243
64244
64245
64246
64247
64248
64249
64250
64251
64252
64253
64254
64255
64256
64257
64258
64259
64260
64261
64262
64263
64264
64265
64266
64267
64268
64269
64270
64271
64272
64273
64274
64275
64276
64277
64278
64279
64280
64281
64282
64283
64284
64285
64286
64287
64288
64289
64290
64300
64301
64302
64303
64304
64305
64306
64307
64308
64320
64321
64322
64323
64324
64340
64341
64342
64640
64641
64642
64643
64644
64645
64646
64647
64648
64649
64650
64651
64652
64653
64654
64655
64656
64657
64658
64659
64660
64661
64662
64663
64664
64665
64666
64667
64668
64669
64670
64671
64672
64673
64674
64675
64676
64677
64678
64679
64680
64681
64682
64683
64684
64685
64686
64687
64688
64689
64690
64691
64692
64693
64694
64695
64696
64697
64698
64699
64700
64701
64702
64703
64704
64705
64706
64707
64708
64709
64710
64711
64712
64713
64714
64715
64716
64717
64718
64719
64720
64721
64722
64723
64724
64725
64726
64727
64728
64729
64730
64731
64732
64733
64734
64735
64736
64737
64738
64739
64740
64741
64742
64743
64744
64745
64746
64747
64748
64749
64750
64751
64752
64753
64754
64755
64756
64757
64758
64759
64760
64761
64762
64763
64764
64765
64766
64767
64768
64769
64770
64771
64772
64773
64774
64775
64776
64777
64778
64779
64780
64781
64782
64783
64784
64785
64786
64787
64788
64789
64790
64791
64792
64793
64794
64795
64796
64797
64798
64799
64800
64801
64802
64803
64804
64805
64806
64807
64808
64809
64810
64811
64812
64813
64814
64815
64816
64817
64818
64819
64820
64821
64822
64823
64824
64825
64826
64827
64828
64829
64830
64831
64832
64833
64834
64835
64836
64837
64838
64839
64840
64841
64842
64843
64844
64845
64846
64847
64848
64849
64850
64851
64852
64853
64854
64855
64856
64857
64858
64859
64860
64861
64862
64863
64864
64865
64866
64867
64868
64869
64870
64871
64872
64873
64874
64875
64876
64877
64878
64879
64880
64881
64882
64883
64884
64885
64886
64887
64888
64889
64890
64891
64892
64893
64894
64895
64896
64897
64898
64899
64900
64901
64902
64903
64904
64905
64906
64907
64908
64909
64910
64911
64912
64913
64914
64915
64916
64917
64918
64919
64920
64921
64922
64923
64924
64925
64926
64927
64928
64929
64930
64940
64941
64942
64943
64944
64945
64946
64947
64948
64960
64961
64962
64963
64964
64980
64981
64982
65280
65281
65282
65283
65284
65285
65286
65287
65288
65289
65290
65291
65292
65293
65294
65295
65296
65297
65298
65299
65300
65301
65302
65303
65304
65305
65306
65307
65308
65309
65310
65311
65312
65313
65314
65315
65316
65317
65318
65319
65320
65321
65322
65323
65324
65325
65326
65327
65328
65329
65330
65331
65332
65333
65334
65335
65336
65337
65338
65339
65340
65341
65342
65343
65344
65345
65346
65347
65348
65349
65350
65351
65352
65353
65354
65355
65356
65357
65358
65359
65360
65361
65362
65363
65364
65365
65366
65367
65368
65369
65370
65371
65372
65373
65374
65375
65376
65377
65378
65379
65380
65381
65382
65383
65384
65385
65386
65387
65388
65389
65390
65391
65392
65393
65394
65395
65396
65397
65398
65399
65400
65401
65402
65403
65404
65405
65406
65407
65408
65409
65410
65411
65412
65413
65414
65415
65416
65417
65418
65419
65420
65421
65422
65423
65424
65425
65426
65427
65428
65429
65430
65431
65432
65433
65434
65435
65436
65437
65438
65439
65440
65441
65442
65443
65444
65445
65446
65447
65448
65449
65450
65451
65452
65453
65454
65455
65456
65457
65458
65459
65460
65461
65462
65463
65464
65465
65466
65467
65468
65469
65470
65471
65472
65473
65474
65475
65476
65477
65478
65479
65480
65481
65482
65483
65484
65485
65486
65487
65488
65489
65490
65491
65492
65493
65494
65495
65496
65497
65498
65499
65500
65501
65502
65503
65504
65505
65506
65507
65508
65509
65510
65511
65512
65513
65514
65515
65516
65517
65518
65519
65520
65521
65522
65523
65524
65525
65526
65527
65528
65529
65530
65531
65532
65533
65534
65535
65536
65537
65538
65539
65540
65541
65542
65543
65544
65545
65546
65547
65548
65549
65550
65551
65552
65553
65554
65555
65556
65557
65558
65559
65560
65561
65562
65563
65564
65565
65566
65567
65568
65569
65570
65580
65581
65582
65583
65584
65585
65586
65587
65588
65600
65601
65602
65603
65604
65620
65621
65622
65920
65921
65922
65923
65924
65925
65926
65927
65928
65929
65930
65931
65932
65933
65934
65935
65936
65937
65938
65939
65940
65941
65942
65943
65944
65945
65946
65947
65948
65949
65950
65951
65952
65953
65954
65955
65956
65957
65958
65959
65960
65961
65962
65963
65964
65965
65966
65967
65968
65969
65970
65971
65972
65973
65974
65975
65976
65977
65978
65979
65980
65981
65982
65983
65984
65985
65986
65987
65988
65989
65990
65991
65992
65993
65994
65995
65996
65997
65998
65999
66000
66001
66002
66003
66004
66005
66006
66007
66008
66009
66010
66011
66012
66013
66014
66015
66016
66017
66018
66019
66020
66021
66022
66023
66024
66025
66026
66027
66028
66029
66030
66031
66032
66033
66034
66035
66036
66037
66038
66039
66040
66041
66042
66043
66044
66045
66046
66047
66048
66049
66050
66051
66052
66053
66054
66055
66056
66057
66058
66059
66060
66061
66062
66063
66064
66065
66066
66067
66068
66069
66070
66071
66072
66073
66074
66075
66076
66077
66078
66079
66080
66081
66082
66083
66084
66085
66086
66087
66088
66089
66090
66091
66092
66093
66094
66095
66096
66097
66098
66099
66100
66101
66102
66103
66104
66105
66106
66107
66108
66109
66110
66111
66112
66113
66114
66115
66116
66117
66118
66119
66120
66121
66122
66123
66124
66125
66126
66127
66128
66129
66130
66131
66132
66133
66134
66135
66136
66137
66138
66139
66140
66141
66142
66143
66144
66145
66146
66147
66148
66149
66150
66151
66152
66153
66154
66155
66156
66157
66158
66159
66160
66161
66162
66163
66164
66165
66166
66167
66168
66169
66170
66171
66172
66173
66174
66175
66176
66177
66178
66179
66180
66181
66182
66183
66184
66185
66186
66187
66188
66189
66190
66191
66192
66193
66194
66195
66196
66197
66198
66199
66200
66201
66202
66203
66204
66205
66206
66207
66208
66209
66210
66220
66221
66222
66223
66224
66225
66226
66227
66228
66240
66241
66242
66243
66244
66260
66261
66262
78095
78096
78097
78098
78099
78100
78101
78102
78103
78119
78120
78121
78122
78123
78124
78125
78126
78127
78143
78144
78145
78146
78147
78148
78149
78150
78151
78167
78168
78169
78170
78171
78172
78173
78174
78175
78191
78192
78193
78194
78195
78196
78197
78198
78199
78215
78216
78217
78218
78219
78220
78221
78222
78223
78239
78240
78241
78242
78243
78244
78245
78246
78247
78263
78264
78265
78266
78267
78268
78269
78270
78271
78287
78288
78289
78290
78291
78292
78293
78294
78295
78311
78312
78313
78314
78315
78316
78317
78318
78319
78335
78336
78337
78338
78339
78340
78341
78342
78343
78359
78360
78361
78362
78363
78364
78365
78366
78367
78383
78384
78385
78386
78387
78388
78389
78390
78391
78407
78408
78409
78410
78411
78412
78413
78414
78415
78431
78432
78433
78434
78435
78436
78437
78438
78439
78455
78456
78457
78458
78459
78460
78461
78462
78463
78480
78481
78482
78483
78484
78485
78486
78487
78505
78506
78507
78508
78509
78510
78511
78531
78532
78533
78534
78863
78864
78865
78866
78867
78868
78869
78870
78871
78887
78888
78889
78890
78891
78892
78893
78894
78895
78911
78912
78913
78914
78915
78916
78917
78918
78919
78935
78936
78937
78938
78939
78940
78941
78942
78943
78959
78960
78961
78962
78963
78964
78965
78966
78967
78983
78984
78985
78986
78987
78988
78989
78990
78991
79007
79008
79009
79010
79011
79012
79013
79014
79015
79031
79032
79033
79034
79035
79036
79037
79038
79039
79055
79056
79057
79058
79059
79060
79061
79062
79063
79079
79080
79081
79082
79083
79084
79085
79086
79087
79103
79104
79105
79106
79107
79108
79109
79110
79111
79127
79128
79129
79130
79131
79132
79133
79134
79135
79151
79152
79153
79154
79155
79156
79157
79158
79159
79175
79176
79177
79178
79179
79180
79181
79182
79183
79199
79200
79201
79202
79203
79204
79205
79206
79207
79223
79224
79225
79226
79227
79228
79229
79230
79231
79248
79249
79250
79251
79252
79253
79254
79255
79273
79274
79275
79276
79277
79278
79279
79299
79300
79301
79302
79631
79632
79633
79634
79635
79636
79637
79638
79639
79655
79656
79657
79658
79659
79660
79661
79662
79663
79679
79680
79681
79682
79683
79684
79685
79686
79687
79703
79704
79705
79706
79707
79708
79709
79710
79711
79727
79728
79729
79730
79731
79732
79733
79734
79735
79751
79752
79753
79754
79755
79756
79757
79758
79759
79775
79776
79777
79778
79779
79780
79781
79782
79783
79799
79800
79801
79802
79803
79804
79805
79806
79807
79823
79824
79825
79826
79827
79828
79829
79830
79831
79847
79848
79849
79850
79851
79852
79853
79854
79855
79871
79872
79873
79874
79875
79876
79877
79878
79879
79895
79896
79897
79898
79899
79900
79901
79902
79903
79919
79920
79921
79922
79923
79924
79925
79926
79927
79943
79944
79945
79946
79947
79948
79949
79950
79951
79967
79968
79969
79970
79971
79972
79973
79974
79975
79991
79992
79993
79994
79995
79996
79997
79998
79999
80016
80017
80018
80019
80020
80021
80022
80023
80041
80042
80043
80044
80045
80046
80047
80067
80068
80069
80070
80399
80400
80401
80402
80403
80404
80405
80406
80407
80423
80424
80425
80426
80427
80428
80429
80430
80431
80447
80448
80449
80450
80451
80452
80453
80454
80455
80471
80472
80473
80474
80475
80476
80477
80478
80479
80495
80496
80497
80498
80499
80500
80501
80502
80503
80519
80520
80521
80522
80523
80524
80525
80526
80527
80543
80544
80545
80546
80547
80548
80549
80550
80551
80567
80568
80569
80570
80571
80572
80573
80574
80575
80591
80592
80593
80594
80595
80596
80597
80598
80599
80615
80616
80617
80618
80619
80620
80621
80622
80623
80639
80640
80641
80642
80643
80644
80645
80646
80647
80663
80664
80665
80666
80667
80668
80669
80670
80671
80687
80688
80689
80690
80691
80692
80693
80694
80695
80711
80712
80713
80714
80715
80716
80717
80718
80719
80735
80736
80737
80738
80739
80740
80741
80742
80743
80759
80760
80761
80762
80763
80764
80765
80766
80767
80784
80785
80786
80787
80788
80789
80790
80791
80809
80810
80811
80812
80813
80814
80815
80835
80836
80837
80838
81167
81168
81169
81170
81171
81172
81173
81174
81175
81191
81192
81193
81194
81195
81196
81197
81198
81199
81215
81216
81217
81218
81219
81220
81221
81222
81223
81239
81240
81241
81242
81243
81244
81245
81246
81247
81263
81264
81265
81266
81267
81268
81269
81270
81271
81287
81288
81289
81290
81291
81292
81293
81294
81295
81311
81312
81313
81314
81315
81316
81317
81318
81319
81335
81336
81337
81338
81339
81340
81341
81342
81343
81359
81360
81361
81362
81363
81364
81365
81366
81367
81383
81384
81385
81386
81387
81388
81389
81390
81391
81407
81408
81409
81410
81411
81412
81413
81414
81415
81431
81432
81433
81434
81435
81436
81437
81438
81439
81455
81456
81457
81458
81459
81460
81461
81462
81463
81479
81480
81481
81482
81483
81484
81485
81486
81487
81503
81504
81505
81506
81507
81508
81509
81510
81511
81527
81528
81529
81530
81531
81532
81533
81534
81535
81552
81553
81554
81555
81556
81557
81558
81559
81577
81578
81579
81580
81581
81582
81583
81603
81604
81605
81606
81935
81936
81937
81938
81939
81940
81941
81942
81943
81959
81960
81961
81962
81963
81964
81965
81966
81967
81983
81984
81985
81986
81987
81988
81989
81990
81991
82007
82008
82009
82010
82011
82012
82013
82014
82015
82031
82032
82033
82034
82035
82036
82037
82038
82039
82055
82056
82057
82058
82059
82060
82061
82062
82063
82079
82080
82081
82082
82083
82084
82085
82086
82087
82103
82104
82105
82106
82107
82108
82109
82110
82111
82127
82128
82129
82130
82131
82132
82133
82134
82135
82151
82152
82153
82154
82155
82156
82157
82158
82159
82175
82176
82177
82178
82179
82180
82181
82182
82183
82199
82200
82201
82202
82203
82204
82205
82206
82207
82223
82224
82225
82226
82227
82228
82229
82230
82231
82247
82248
82249
82250
82251
82252
82253
82254
82255
82271
82272
82273
82274
82275
82276
82277
82278
82279
82295
82296
82297
82298
82299
82300
82301
82302
82303
82320
82321
82322
82323
82324
82325
82326
82327
82345
82346
82347
82348
82349
82350
82351
82371
82372
82373
82374
82688
82689
82690
82691
82692
82693
82694
82695
82696
82697
82698
82699
82700
82701
82702
82703
82704
82705
82706
82707
82708
82709
82710
82711
82712
82713
82714
82715
82716
82717
82718
82719
82720
82721
82722
82723
82724
82725
82726
82727
82728
82729
82730
82731
82732
82733
82734
82735
82736
82737
82738
82739
82740
82741
82742
82743
82744
82745
82746
82747
82748
82749
82750
82751
82752
82753
82754
82755
82756
82757
82758
82759
82760
82761
82762
82763
82764
82765
82766
82767
82768
82769
82770
82771
82772
82773
82774
82775
82776
82777
82778
82779
82780
82781
82782
82783
82784
82785
82786
82787
82788
82789
82790
82791
82792
82793
82794
82795
82796
82797
82798
82799
82800
82801
82802
82803
82804
82805
82806
82807
82808
82809
82810
82811
82812
82813
82814
82815
82816
82817
82818
82819
82820
82821
82822
82823
82824
82825
82826
82827
82828
82829
82830
82831
82832
82833
82834
82835
82836
82837
82838
82839
82840
82841
82842
82843
82844
82845
82846
82847
82848
82849
82850
82851
82852
82853
82854
82855
82856
82857
82858
82859
82860
82861
82862
82863
82864
82865
82866
82867
82868
82869
82870
82871
82872
82873
82874
82875
82876
82877
82878
82879
82880
82881
82882
82883
82884
82885
82886
82887
82888
82889
82890
82891
82892
82893
82894
82895
82896
82897
82898
82899
82900
82901
82902
82903
82904
82905
82906
82907
82908
82909
82910
82911
82912
82913
82914
82915
82916
82917
82918
82919
82920
82921
82922
82923
82924
82925
82926
82927
82928
82929
82930
82931
82932
82933
82934
82935
82936
82937
82938
82939
82940
82941
82942
82943
82944
82945
82946
82947
82948
82949
82950
82951
82952
82953
82954
82955
82956
82957
82958
82959
82960
82961
82962
82963
82964
82965
82966
82967
82968
82969
82970
82971
82972
82973
82974
82975
82976
82977
82978
82988
82989
82990
82991
82992
82993
82994
82995
82996
83008
83009
83010
83011
83012
83028
83029
83030
83328
83329
83330
83331
83332
83333
83334
83335
83336
83337
83338
83339
83340
83341
83342
83343
83344
83345
83346
83347
83348
83349
83350
83351
83352
83353
83354
83355
83356
83357
83358
83359
83360
83361
83362
83363
83364
83365
83366
83367
83368
83369
83370
83371
83372
83373
83374
83375
83376
83377
83378
83379
83380
83381
83382
83383
83384
83385
83386
83387
83388
83389
83390
83391
83392
83393
83394
83395
83396
83397
83398
83399
83400
83401
83402
83403
83404
83405
83406
83407
83408
83409
83410
83411
83412
83413
83414
83415
83416
83417
83418
83419
83420
83421
83422
83423
83424
83425
83426
83427
83428
83429
83430
83431
83432
83433
83434
83435
83436
83437
83438
83439
83440
83441
83442
83443
83444
83445
83446
83447
83448
83449
83450
83451
83452
83453
83454
83455
83456
83457
83458
83459
83460
83461
83462
83463
83464
83465
83466
83467
83468
83469
83470
83471
83472
83473
83474
83475
83476
83477
83478
83479
83480
83481
83482
83483
83484
83485
83486
83487
83488
83489
83490
83491
83492
83493
83494
83495
83496
83497
83498
83499
83500
83501
83502
83503
83504
83505
83506
83507
83508
83509
83510
83511
83512
83513
83514
83515
83516
83517
83518
83519
83520
83521
83522
83523
83524
83525
83526
83527
83528
83529
83530
83531
83532
83533
83534
83535
83536
83537
83538
83539
83540
83541
83542
83543
83544
83545
83546
83547
83548
83549
83550
83551
83552
83553
83554
83555
83556
83557
83558
83559
83560
83561
83562
83563
83564
83565
83566
83567
83568
83569
83570
83571
83572
83573
83574
83575
83576
83577
83578
83579
83580
83581
83582
83583
83584
83585
83586
83587
83588
83589
83590
83591
83592
83593
83594
83595
83596
83597
83598
83599
83600
83601
83602
83603
83604
83605
83606
83607
83608
83609
83610
83611
83612
83613
83614
83615
83616
83617
83618
83628
83629
83630
83631
83632
83633
83634
83635
83636
83648
83649
83650
83651
83652
83668
83669
83670
83968
83969
83970
83971
83972
83973
83974
83975
83976
83977
83978
83979
83980
83981
83982
83983
83984
83985
83986
83987
83988
83989
83990
83991
83992
83993
83994
83995
83996
83997
83998
83999
84000
84001
84002
84003
84004
84005
84006
84007
84008
84009
84010
84011
84012
84013
84014
84015
84016
84017
84018
84019
84020
84021
84022
84023
84024
84025
84026
84027
84028
84029
84030
84031
84032
84033
84034
84035
84036
84037
84038
84039
84040
84041
84042
84043
84044
84045
84046
84047
84048
84049
84050
84051
84052
84053
84054
84055
84056
84057
84058
84059
84060
84061
84062
84063
84064
84065
84066
84067
84068
84069
84070
84071
84072
84073
84074
84075
84076
84077
84078
84079
84080
84081
84082
84083
84084
84085
84086
84087
84088
84089
84090
84091
84092
84093
84094
84095
84096
84097
84098
84099
84100
84101
84102
84103
84104
84105
84106
84107
84108
84109
84110
84111
84112
84113
84114
84115
84116
84117
84118
84119
84120
84121
84122
84123
84124
84125
84126
84127
84128
84129
84130
84131
84132
84133
84134
84135
84136
84137
84138
84139
84140
84141
84142
84143
84144
84145
84146
84147
84148
84149
84150
84151
84152
84153
84154
84155
84156
84157
84158
84159
84160
84161
84162
84163
84164
84165
84166
84167
84168
84169
84170
84171
84172
84173
84174
84175
84176
84177
84178
84179
84180
84181
84182
84183
84184
84185
84186
84187
84188
84189
84190
84191
84192
84193
84194
84195
84196
84197
84198
84199
84200
84201
84202
84203
84204
84205
84206
84207
84208
84209
84210
84211
84212
84213
84214
84215
84216
84217
84218
84219
84220
84221
84222
84223
84224
84225
84226
84227
84228
84229
84230
84231
84232
84233
84234
84235
84236
84237
84238
84239
84240
84241
84242
84243
84244
84245
84246
84247
84248
84249
84250
84251
84252
84253
84254
84255
84256
84257
84258
84268
84269
84270
84271
84272
84273
84274
84275
84276
84288
84289
84290
84291
84292
84308
84309
84310
84608
84609
84610
84611
84612
84613
84614
84615
84616
84617
84618
84619
84620
84621
84622
84623
84624
84625
84626
84627
84628
84629
84630
84631
84632
84633
84634
84635
84636
84637
84638
84639
84640
84641
84642
84643
84644
84645
84646
84647
84648
84649
84650
84651
84652
84653
84654
84655
84656
84657
84658
84659
84660
84661
84662
84663
84664
84665
84666
84667
84668
84669
84670
84671
84672
84673
84674
84675
84676
84677
84678
84679
84680
84681
84682
84683
84684
84685
84686
84687
84688
84689
84690
84691
84692
84693
84694
84695
84696
84697
84698
84699
84700
84701
84702
84703
84704
84705
84706
84707
84708
84709
84710
84711
84712
84713
84714
84715
84716
84717
84718
84719
84720
84721
84722
84723
84724
84725
84726
84727
84728
84729
84730
84731
84732
84733
84734
84735
84736
84737
84738
84739
84740
84741
84742
84743
84744
84745
84746
84747
84748
84749
84750
84751
84752
84753
84754
84755
84756
84757
84758
84759
84760
84761
84762
84763
84764
84765
84766
84767
84768
84769
84770
84771
84772
84773
84774
84775
84776
84777
84778
84779
84780
84781
84782
84783
84784
84785
84786
84787
84788
84789
84790
84791
84792
84793
84794
84795
84796
84797
84798
84799
84800
84801
84802
84803
84804
84805
84806
84807
84808
84809
84810
84811
84812
84813
84814
84815
84816
84817
84818
84819
84820
84821
84822
84823
84824
84825
84826
84827
84828
84829
84830
84831
84832
84833
84834
84835
84836
84837
84838
84839
84840
84841
84842
84843
84844
84845
84846
84847
84848
84849
84850
84851
84852
84853
84854
84855
84856
84857
84858
84859
84860
84861
84862
84863
84864
84865
84866
84867
84868
84869
84870
84871
84872
84873
84874
84875
84876
84877
84878
84879
84880
84881
84882
84883
84884
84885
84886
84887
84888
84889
84890
84891
84892
84893
84894
84895
84896
84897
84898
84908
84909
84910
84911
84912
84913
84914
84915
84916
84928
84929
84930
84931
84932
84948
84949
84950
85248
85249
85250
85251
85252
85253
85254
85255
85256
85257
85258
85259
85260
85261
85262
85263
85264
85265
85266
85267
85268
85269
85270
85271
85272
85273
85274
85275
85276
85277
85278
85279
85280
85281
85282
85283
85284
85285
85286
85287
85288
85289
85290
85291
85292
85293
85294
85295
85296
85297
85298
85299
85300
85301
85302
85303
85304
85305
85306
85307
85308
85309
85310
85311
85312
85313
85314
85315
85316
85317
85318
85319
85320
85321
85322
85323
85324
85325
85326
85327
85328
85329
85330
85331
85332
85333
85334
85335
85336
85337
85338
85339
85340
85341
85342
85343
85344
85345
85346
85347
85348
85349
85350
85351
85352
85353
85354
85355
85356
85357
85358
85359
85360
85361
85362
85363
85364
85365
85366
85367
85368
85369
85370
85371
85372
85373
85374
85375
85376
85377
85378
85379
85380
85381
85382
85383
85384
85385
85386
85387
85388
85389
85390
85391
85392
85393
85394
85395
85396
85397
85398
85399
85400
85401
85402
85403
85404
85405
85406
85407
85408
85409
85410
85411
85412
85413
85414
85415
85416
85417
85418
85419
85420
85421
85422
85423
85424
85425
85426
85427
85428
85429
85430
85431
85432
85433
85434
85435
85436
85437
85438
85439
85440
85441
85442
85443
85444
85445
85446
85447
85448
85449
85450
85451
85452
85453
85454
85455
85456
85457
85458
85459
85460
85461
85462
85463
85464
85465
85466
85467
85468
85469
85470
85471
85472
85473
85474
85475
85476
85477
85478
85479
85480
85481
85482
85483
85484
85485
85486
85487
85488
85489
85490
85491
85492
85493
85494
85495
85496
85497
85498
85499
85500
85501
85502
85503
85504
85505
85506
85507
85508
85509
85510
85511
85512
85513
85514
85515
85516
85517
85518
85519
85520
85521
85522
85523
85524
85525
85526
85527
85528
85529
85530
85531
85532
85533
85534
85535
85536
85537
85538
85548
85549
85550
85551
85552
85553
85554
85555
85556
85568
85569
85570
85571
85572
85588
85589
85590
85888
85889
85890
85891
85892
85893
85894
85895
85896
85897
85898
85899
85900
85901
85902
85903
85904
85905
85906
85907
85908
85909
85910
85911
85912
85913
85914
85915
85916
85917
85918
85919
85920
85921
85922
85923
85924
85925
85926
85927
85928
85929
85930
85931
85932
85933
85934
85935
85936
85937
85938
85939
85940
85941
85942
85943
85944
85945
85946
85947
85948
85949
85950
85951
85952
85953
85954
85955
85956
85957
85958
85959
85960
85961
85962
85963
85964
85965
85966
85967
85968
85969
85970
85971
85972
85973
85974
85975
85976
85977
85978
85979
85980
85981
85982
85983
85984
85985
85986
85987
85988
85989
85990
85991
85992
85993
85994
85995
85996
85997
85998
85999
86000
86001
86002
86003
86004
86005
86006
86007
86008
86009
86010
86011
86012
86013
86014
86015
86016
86017
86018
86019
86020
86021
86022
86023
86024
86025
86026
86027
86028
86029
86030
86031
86032
86033
86034
86035
86036
86037
86038
86039
86040
86041
86042
86043
86044
86045
86046
86047
86048
86049
86050
86051
86052
86053
86054
86055
86056
86057
86058
86059
86060
86061
86062
86063
86064
86065
86066
86067
86068
86069
86070
86071
86072
86073
86074
86075
86076
86077
86078
86079
86080
86081
86082
86083
86084
86085
86086
86087
86088
86089
86090
86091
86092
86093
86094
86095
86096
86097
86098
86099
86100
86101
86102
86103
86104
86105
86106
86107
86108
86109
86110
86111
86112
86113
86114
86115
86116
86117
86118
86119
86120
86121
86122
86123
86124
86125
86126
86127
86128
86129
86130
86131
86132
86133
86134
86135
86136
86137
86138
86139
86140
86141
86142
86143
86144
86145
86146
86147
86148
86149
86150
86151
86152
86153
86154
86155
86156
86157
86158
86159
86160
86161
86162
86163
86164
86165
86166
86167
86168
86169
86170
86171
86172
86173
86174
86175
86176
86177
86178
86188
86189
86190
86191
86192
86193
86194
86195
86196
86208
86209
86210
86211
86212
86228
86229
86230
)


// ************************************************************************* //
