/*--------------------------------*- C++ -*----------------------------------*\
| =========                 |                                                 |
| \\      /  F ield         | OpenFOAM: The Open Source CFD Toolbox           |
|  \\    /   O peration     | Version:  2406                                  |
|   \\  /    A nd           | Website:  www.openfoam.com                      |
|    \\/     M anipulation  |                                                 |
\*---------------------------------------------------------------------------*/
FoamFile
{
    version     2.0;
    format      ascii;
    arch        "LSB;label=32;scalar=64";
    note        "nPoints:6578  nCells:5449  nFaces:17413  nInternalFaces:15281";
    class       labelList;
    location    "constant/polyMesh";
    object      neighbour;
}
// * * * * * * * * * * * * * * * * * * * * * * * * * * * * * * * * * * * * * //


15281
(
1
5
81
2
6
82
3
7
83
4
8
84
9
85
6
10
89
7
11
90
8
12
91
9
13
92
14
93
11
15
97
12
16
98
13
17
99
14
18
100
19
101
16
20
105
17
21
106
18
22
107
19
23
108
24
109
21
25
113
22
26
114
23
27
115
24
28
116
29
117
26
30
121
27
31
122
28
32
123
29
33
124
34
125
31
35
129
32
36
130
33
37
131
34
38
132
39
133
36
40
137
37
41
138
38
42
139
39
43
140
44
141
41
45
145
42
46
146
43
47
147
44
48
148
49
149
46
50
153
47
51
154
48
52
155
49
53
156
54
157
51
55
161
52
56
162
53
57
163
54
58
164
59
165
56
60
169
57
61
170
58
62
171
59
63
172
64
173
61
65
177
62
66
178
63
67
179
64
68
180
69
181
66
70
185
67
71
186
68
72
187
69
73
188
74
189
71
75
193
72
76
194
73
77
195
74
196
197
76
78
201
77
79
202
80
203
79
204
80
205
206
82
89
207
83
90
208
84
91
209
85
92
210
86
93
211
87
94
212
88
95
213
96
214
1121
90
97
215
91
98
216
92
99
217
93
100
218
94
101
219
95
102
220
96
103
221
104
222
1123
98
105
223
99
106
224
100
107
225
101
108
226
102
109
227
103
110
228
104
111
229
112
230
1125
106
113
231
107
114
232
108
115
233
109
116
234
110
117
235
111
118
236
112
119
237
120
238
1127
114
121
239
115
122
240
116
123
241
117
124
242
118
125
243
119
126
244
120
127
245
128
246
1129
122
129
247
123
130
248
124
131
249
125
132
250
126
133
251
127
134
252
128
135
253
136
254
1131
130
137
255
131
138
256
132
139
257
133
140
258
134
141
259
135
142
260
136
143
261
144
262
1133
138
145
263
139
146
264
140
147
265
141
148
266
142
149
267
143
150
268
144
151
269
152
270
1135
146
153
271
147
154
272
148
155
273
149
156
274
150
157
275
151
158
276
152
159
277
160
278
1137
154
161
279
155
162
280
156
163
281
157
164
282
158
165
283
159
166
284
160
167
285
168
286
1139
162
169
287
163
170
288
164
171
289
165
172
290
166
173
291
167
174
292
168
175
293
176
294
1141
170
177
295
171
178
296
172
179
297
173
180
298
174
181
299
175
182
300
176
183
301
184
302
1143
178
185
303
179
186
304
180
187
305
181
188
306
182
189
307
183
190
308
184
191
309
192
310
1145
186
193
311
187
194
312
188
195
313
189
196
314
190
197
315
191
198
316
192
199
317
200
318
1147
194
201
319
195
202
320
196
203
321
197
322
198
323
199
324
200
325
326
1149
202
204
327
203
205
328
206
329
205
335
206
336
337
208
215
354
209
216
355
210
217
356
211
218
357
212
219
358
213
220
359
214
221
360
222
361
1151
216
223
362
217
224
363
218
225
364
219
226
365
220
227
366
221
228
367
222
229
368
230
369
1157
224
231
370
225
232
371
226
233
372
227
234
373
228
235
374
229
236
375
230
237
376
238
377
1163
232
239
378
233
240
379
234
241
380
235
242
381
236
243
382
237
244
383
238
245
384
246
385
1169
240
247
386
241
248
387
242
249
388
243
250
389
244
251
390
245
252
391
246
253
392
254
393
1175
248
255
394
249
256
395
250
257
396
251
258
397
252
259
398
253
260
399
254
261
400
262
401
1181
256
263
402
257
264
403
258
265
404
259
266
405
260
267
406
261
268
407
262
269
408
270
409
1187
264
271
410
265
272
411
266
273
412
267
274
413
268
275
414
269
276
415
270
277
416
278
417
1193
272
279
418
273
280
419
274
281
420
275
282
421
276
283
422
277
284
423
278
285
424
286
425
1199
280
287
426
281
288
427
282
289
428
283
290
429
284
291
430
285
292
431
286
293
432
294
433
1205
288
295
434
289
296
435
290
297
436
291
298
437
292
299
438
293
300
439
294
301
440
302
441
1211
296
303
442
297
304
443
298
305
444
299
306
445
300
307
446
301
308
447
302
309
448
310
449
1217
304
311
450
305
312
451
306
313
452
307
314
453
308
315
454
309
316
455
310
317
456
318
457
1223
312
319
458
313
320
459
314
321
460
315
322
461
316
323
462
317
324
463
318
325
464
326
465
1229
320
327
466
321
328
467
322
329
468
323
330
469
324
331
470
325
332
471
326
333
472
334
473
1235
328
335
474
329
336
475
330
337
476
331
338
477
332
339
478
333
340
479
334
341
480
342
481
1241
336
482
337
343
483
338
344
484
339
345
485
340
346
486
341
347
487
342
348
488
349
489
1247
344
490
345
491
346
350
492
347
351
493
348
352
494
349
353
495
496
1252
351
497
352
498
353
499
500
355
362
501
356
363
502
357
364
503
358
365
504
359
366
505
360
367
506
361
368
507
369
508
1255
363
370
509
364
371
510
365
372
511
366
373
512
367
374
513
368
375
514
369
376
515
377
516
1263
371
378
517
372
379
518
373
380
519
374
381
520
375
382
521
376
383
522
377
384
523
385
524
1271
379
386
525
380
387
526
381
388
527
382
389
528
383
390
529
384
391
530
385
392
531
393
532
1279
387
394
533
388
395
534
389
396
535
390
397
536
391
398
537
392
399
538
393
400
539
401
540
1287
395
402
541
396
403
542
397
404
543
398
405
544
399
406
545
400
407
546
401
408
547
409
548
1295
403
410
549
404
411
550
405
412
551
406
413
552
407
414
553
408
415
554
409
416
555
417
556
1303
411
418
557
412
419
558
413
420
559
414
421
560
415
422
561
416
423
562
417
424
563
425
564
1311
419
426
565
420
427
566
421
428
567
422
429
568
423
430
569
424
431
570
425
432
571
433
572
1319
427
434
573
428
435
574
429
436
575
430
437
576
431
438
577
432
439
578
433
440
579
441
580
1327
435
442
581
436
443
582
437
444
583
438
445
584
439
446
585
440
447
586
441
448
587
449
588
1335
443
450
589
444
451
590
445
452
591
446
453
592
447
454
593
448
455
594
449
456
595
457
596
1343
451
458
597
452
459
598
453
460
599
454
461
600
455
462
601
456
463
602
457
464
603
465
604
1351
459
466
605
460
467
606
461
468
607
462
469
608
463
470
609
464
471
610
465
472
611
473
612
1359
467
474
613
468
475
614
469
476
615
470
477
616
471
478
617
472
479
618
473
480
619
481
620
1367
475
482
621
476
483
622
477
484
623
478
485
624
479
486
625
480
487
626
481
488
627
489
628
1375
483
629
484
490
630
485
491
631
486
492
632
487
493
633
488
494
634
489
495
635
496
636
1383
491
637
492
638
493
497
639
494
498
640
495
499
641
496
500
642
643
1388
498
644
499
645
500
646
647
502
509
648
503
510
649
504
511
650
505
512
651
506
513
652
507
514
653
508
515
654
516
655
1391
510
517
656
511
518
657
512
519
658
513
520
659
514
521
660
515
522
661
516
523
662
524
663
1411
518
525
664
519
526
665
520
527
666
521
528
667
522
529
668
523
530
669
524
531
670
532
671
1431
526
533
672
527
534
673
528
535
674
529
536
675
530
537
676
531
538
677
532
539
678
540
679
1451
534
541
680
535
542
681
536
543
682
537
544
683
538
545
684
539
546
685
540
547
686
548
687
1471
542
549
688
543
550
689
544
551
690
545
552
691
546
553
692
547
554
693
548
555
694
556
695
1491
550
557
696
551
558
697
552
559
698
553
560
699
554
561
700
555
562
701
556
563
702
564
703
1511
558
565
704
559
566
705
560
567
706
561
568
707
562
569
708
563
570
709
564
571
710
572
711
1531
566
573
712
567
574
713
568
575
714
569
576
715
570
577
716
571
578
717
572
579
718
580
719
1551
574
581
720
575
582
721
576
583
722
577
584
723
578
585
724
579
586
725
580
587
726
588
727
1571
582
589
728
583
590
729
584
591
730
585
592
731
586
593
732
587
594
733
588
595
734
596
735
1591
590
597
736
591
598
737
592
599
738
593
600
739
594
601
740
595
602
741
596
603
742
604
743
1611
598
605
744
599
606
745
600
607
746
601
608
747
602
609
748
603
610
749
604
611
750
612
751
1631
606
613
752
607
614
753
608
615
754
609
616
755
610
617
756
611
618
757
612
619
758
620
759
1651
614
621
760
615
622
761
616
623
762
617
624
763
618
625
764
619
626
765
620
627
766
628
767
1671
622
629
768
623
630
769
624
631
770
625
632
771
626
633
772
627
634
773
628
635
774
636
775
1682
630
776
631
637
777
632
638
778
633
639
779
634
640
780
635
641
781
636
642
782
643
783
1691
638
784
639
785
640
644
786
641
645
787
642
646
788
643
647
789
790
1696
645
791
646
792
647
793
794
649
656
796
650
657
797
651
658
798
652
659
799
653
660
800
654
661
801
655
662
802
663
803
1699
657
664
805
658
665
806
659
666
807
660
667
808
661
668
809
662
669
810
663
670
811
671
812
1719
665
672
814
666
673
815
667
674
816
668
675
817
669
676
818
670
677
819
671
678
820
679
821
1739
673
680
823
674
681
824
675
682
825
676
683
826
677
684
827
678
685
828
679
686
829
687
830
1759
681
688
832
682
689
833
683
690
834
684
691
835
685
692
836
686
693
837
687
694
838
695
839
1779
689
696
841
690
697
842
691
698
843
692
699
844
693
700
845
694
701
846
695
702
847
703
848
1799
697
704
850
698
705
851
699
706
852
700
707
853
701
708
854
702
709
855
703
710
856
711
857
1819
705
712
859
706
713
860
707
714
861
708
715
862
709
716
863
710
717
864
711
718
865
719
866
1839
713
720
868
714
721
869
715
722
870
716
723
871
717
724
872
718
725
873
719
726
874
727
875
1859
721
728
877
722
729
878
723
730
879
724
731
880
725
732
881
726
733
882
727
734
883
735
884
1879
729
736
886
730
737
887
731
738
888
732
739
889
733
740
890
734
741
891
735
742
892
743
893
1899
737
744
895
738
745
896
739
746
897
740
747
898
741
748
899
742
749
900
743
750
901
751
902
1919
745
752
904
746
753
905
747
754
906
748
755
907
749
756
908
750
757
909
751
758
910
759
911
1939
753
760
913
754
761
914
755
762
915
756
763
916
757
764
917
758
765
918
759
766
919
767
920
1959
761
768
922
762
769
923
763
770
924
764
771
925
765
772
926
766
773
927
767
774
928
775
929
1979
769
776
931
770
777
932
771
778
933
772
779
934
773
780
935
774
781
936
775
782
937
783
938
1990
777
939
778
784
940
779
785
941
780
786
942
781
787
943
782
788
944
783
789
945
790
946
1999
785
947
786
948
787
791
949
788
792
950
789
793
951
790
794
952
953
2004
792
954
793
955
794
956
957
796
804
958
797
805
959
798
806
960
799
807
961
800
808
962
801
809
963
802
810
964
803
811
965
812
966
2007
805
813
967
806
814
968
807
815
969
808
816
970
809
817
971
810
818
972
811
819
973
812
820
974
821
975
2027
814
822
976
815
823
977
816
824
978
817
825
979
818
826
980
819
827
981
820
828
982
821
829
983
830
984
2047
823
831
985
824
832
986
825
833
987
826
834
988
827
835
989
828
836
990
829
837
991
830
838
992
839
993
2067
832
840
994
833
841
995
834
842
996
835
843
997
836
844
998
837
845
999
838
846
1000
839
847
1001
848
1002
2087
841
849
1003
842
850
1004
843
851
1005
844
852
1006
845
853
1007
846
854
1008
847
855
1009
848
856
1010
857
1011
2107
850
858
1012
851
859
1013
852
860
1014
853
861
1015
854
862
1016
855
863
1017
856
864
1018
857
865
1019
866
1020
2127
859
867
1021
860
868
1022
861
869
1023
862
870
1024
863
871
1025
864
872
1026
865
873
1027
866
874
1028
875
1029
2147
868
876
1030
869
877
1031
870
878
1032
871
879
1033
872
880
1034
873
881
1035
874
882
1036
875
883
1037
884
1038
2167
877
885
1039
878
886
1040
879
887
1041
880
888
1042
881
889
1043
882
890
1044
883
891
1045
884
892
1046
893
1047
2187
886
894
1048
887
895
1049
888
896
1050
889
897
1051
890
898
1052
891
899
1053
892
900
1054
893
901
1055
902
1056
2207
895
903
1057
896
904
1058
897
905
1059
898
906
1060
899
907
1061
900
908
1062
901
909
1063
902
910
1064
911
1065
2227
904
912
1066
905
913
1067
906
914
1068
907
915
1069
908
916
1070
909
917
1071
910
918
1072
911
919
1073
920
1074
2247
913
921
1075
914
922
1076
915
923
1077
916
924
1078
917
925
1079
918
926
1080
919
927
1081
920
928
1082
929
1083
2267
922
930
1084
923
931
1085
924
932
1086
925
933
1087
926
934
1088
927
935
1089
928
936
1090
929
937
1091
938
1092
2287
931
1093
932
939
1094
933
940
1095
934
941
1096
935
942
1097
936
943
1098
937
944
1099
938
945
1100
946
1101
2298
940
1102
941
947
1103
942
948
1104
943
949
1105
944
950
1106
945
951
1107
946
952
1108
953
1109
2307
948
1110
949
1111
950
954
1112
951
955
1113
952
956
1114
953
957
1115
1116
2312
955
1117
956
1118
957
1119
1120
959
967
2623
960
968
2624
961
969
2625
962
970
2626
963
971
2627
964
972
2628
965
973
2629
966
974
2630
975
2315
2631
968
976
2632
969
977
2633
970
978
2634
971
979
2635
972
980
2636
973
981
2637
974
982
2638
975
983
2639
984
2335
2640
977
985
2641
978
986
2642
979
987
2643
980
988
2644
981
989
2645
982
990
2646
983
991
2647
984
992
2648
993
2355
2649
986
994
2650
987
995
2651
988
996
2652
989
997
2653
990
998
2654
991
999
2655
992
1000
2656
993
1001
2657
1002
2375
2658
995
1003
2659
996
1004
2660
997
1005
2661
998
1006
2662
999
1007
2663
1000
1008
2664
1001
1009
2665
1002
1010
2666
1011
2395
2667
1004
1012
2668
1005
1013
2669
1006
1014
2670
1007
1015
2671
1008
1016
2672
1009
1017
2673
1010
1018
2674
1011
1019
2675
1020
2415
2676
1013
1021
2677
1014
1022
2678
1015
1023
2679
1016
1024
2680
1017
1025
2681
1018
1026
2682
1019
1027
2683
1020
1028
2684
1029
2435
2685
1022
1030
2686
1023
1031
2687
1024
1032
2688
1025
1033
2689
1026
1034
2690
1027
1035
2691
1028
1036
2692
1029
1037
2693
1038
2455
2694
1031
1039
2695
1032
1040
2696
1033
1041
2697
1034
1042
2698
1035
1043
2699
1036
1044
2700
1037
1045
2701
1038
1046
2702
1047
2475
2703
1040
1048
2704
1041
1049
2705
1042
1050
2706
1043
1051
2707
1044
1052
2708
1045
1053
2709
1046
1054
2710
1047
1055
2711
1056
2495
2712
1049
1057
2713
1050
1058
2714
1051
1059
2715
1052
1060
2716
1053
1061
2717
1054
1062
2718
1055
1063
2719
1056
1064
2720
1065
2515
2721
1058
1066
2722
1059
1067
2723
1060
1068
2724
1061
1069
2725
1062
1070
2726
1063
1071
2727
1064
1072
2728
1065
1073
2729
1074
2535
2730
1067
1075
2731
1068
1076
2732
1069
1077
2733
1070
1078
2734
1071
1079
2735
1072
1080
2736
1073
1081
2737
1074
1082
2738
1083
2555
2739
1076
1084
2740
1077
1085
2741
1078
1086
2742
1079
1087
2743
1080
1088
2744
1081
1089
2745
1082
1090
2746
1083
1091
2747
1092
2575
2748
1085
1093
2749
1086
1094
2750
1087
1095
2751
1088
1096
2752
1089
1097
2753
1090
1098
2754
1091
1099
2755
1092
1100
2756
1101
2595
2757
1094
2758
1095
1102
2759
1096
1103
2760
1097
1104
2761
1098
1105
2762
1099
1106
2763
1100
1107
2764
1101
1108
2765
1109
2606
2766
1103
2767
1104
1110
2768
1105
1111
2769
1106
1112
2770
1107
1113
2771
1108
1114
2772
1109
1115
2773
1116
2615
2774
1111
2775
1112
2776
1113
1117
2777
1114
1118
2778
1115
1119
2779
1116
1120
2780
2620
2781
1118
2782
1119
2783
1120
2784
2785
1122
1123
1151
1124
1152
1124
1125
1157
1126
1158
1126
1127
1163
1128
1164
1128
1129
1169
1130
1170
1130
1131
1175
1132
1176
1132
1133
1181
1134
1182
1134
1135
1187
1136
1188
1136
1137
1193
1138
1194
1138
1139
1199
1140
1200
1140
1141
1205
1142
1206
1142
1143
1211
1144
1212
1144
1145
1217
1146
1218
1146
1147
1223
1148
1224
1148
1149
1229
1150
1230
1150
1235
1236
1152
1157
1255
1153
1158
1256
1154
1159
1257
1155
1160
1258
1156
1161
1259
1162
1260
1158
1163
1263
1159
1164
1264
1160
1165
1265
1161
1166
1266
1162
1167
1267
1168
1268
1164
1169
1271
1165
1170
1272
1166
1171
1273
1167
1172
1274
1168
1173
1275
1174
1276
1170
1175
1279
1171
1176
1280
1172
1177
1281
1173
1178
1282
1174
1179
1283
1180
1284
1176
1181
1287
1177
1182
1288
1178
1183
1289
1179
1184
1290
1180
1185
1291
1186
1292
1182
1187
1295
1183
1188
1296
1184
1189
1297
1185
1190
1298
1186
1191
1299
1192
1300
1188
1193
1303
1189
1194
1304
1190
1195
1305
1191
1196
1306
1192
1197
1307
1198
1308
1194
1199
1311
1195
1200
1312
1196
1201
1313
1197
1202
1314
1198
1203
1315
1204
1316
1200
1205
1319
1201
1206
1320
1202
1207
1321
1203
1208
1322
1204
1209
1323
1210
1324
1206
1211
1327
1207
1212
1328
1208
1213
1329
1209
1214
1330
1210
1215
1331
1216
1332
1212
1217
1335
1213
1218
1336
1214
1219
1337
1215
1220
1338
1216
1221
1339
1222
1340
1218
1223
1343
1219
1224
1344
1220
1225
1345
1221
1226
1346
1222
1227
1347
1228
1348
1224
1229
1351
1225
1230
1352
1226
1231
1353
1227
1232
1354
1228
1233
1355
1234
1356
1230
1235
1359
1231
1236
1360
1232
1237
1361
1233
1238
1362
1234
1239
1363
1240
1364
1236
1241
1367
1237
1242
1368
1238
1243
1369
1239
1244
1370
1240
1245
1371
1246
1372
1242
1247
1375
1243
1248
1376
1244
1249
1377
1245
1250
1378
1246
1251
1379
1380
1248
1252
1383
1249
1253
1384
1250
1254
1385
1251
1386
1387
1253
1388
1254
1389
1390
1256
1263
1391
1257
1264
1392
1258
1265
1393
1259
1266
1394
1260
1267
1395
1261
1268
1396
1262
1269
1397
1270
1398
1264
1271
1411
1265
1272
1412
1266
1273
1413
1267
1274
1414
1268
1275
1415
1269
1276
1416
1270
1277
1417
1278
1418
1272
1279
1431
1273
1280
1432
1274
1281
1433
1275
1282
1434
1276
1283
1435
1277
1284
1436
1278
1285
1437
1286
1438
1280
1287
1451
1281
1288
1452
1282
1289
1453
1283
1290
1454
1284
1291
1455
1285
1292
1456
1286
1293
1457
1294
1458
1288
1295
1471
1289
1296
1472
1290
1297
1473
1291
1298
1474
1292
1299
1475
1293
1300
1476
1294
1301
1477
1302
1478
1296
1303
1491
1297
1304
1492
1298
1305
1493
1299
1306
1494
1300
1307
1495
1301
1308
1496
1302
1309
1497
1310
1498
1304
1311
1511
1305
1312
1512
1306
1313
1513
1307
1314
1514
1308
1315
1515
1309
1316
1516
1310
1317
1517
1318
1518
1312
1319
1531
1313
1320
1532
1314
1321
1533
1315
1322
1534
1316
1323
1535
1317
1324
1536
1318
1325
1537
1326
1538
1320
1327
1551
1321
1328
1552
1322
1329
1553
1323
1330
1554
1324
1331
1555
1325
1332
1556
1326
1333
1557
1334
1558
1328
1335
1571
1329
1336
1572
1330
1337
1573
1331
1338
1574
1332
1339
1575
1333
1340
1576
1334
1341
1577
1342
1578
1336
1343
1591
1337
1344
1592
1338
1345
1593
1339
1346
1594
1340
1347
1595
1341
1348
1596
1342
1349
1597
1350
1598
1344
1351
1611
1345
1352
1612
1346
1353
1613
1347
1354
1614
1348
1355
1615
1349
1356
1616
1350
1357
1617
1358
1618
1352
1359
1631
1353
1360
1632
1354
1361
1633
1355
1362
1634
1356
1363
1635
1357
1364
1636
1358
1365
1637
1366
1638
1360
1367
1651
1361
1368
1652
1362
1369
1653
1363
1370
1654
1364
1371
1655
1365
1372
1656
1366
1373
1657
1374
1658
1368
1375
1671
1369
1376
1672
1370
1377
1673
1371
1378
1674
1372
1379
1675
1373
1380
1676
1374
1381
1677
1382
1678
1376
1383
1682
1377
1384
1683
1378
1385
1684
1379
1386
1685
1380
1387
1686
1381
1687
1382
1688
1689
1384
1388
1691
1385
1389
1692
1386
1390
1693
1387
1694
1695
1389
1696
1390
1697
1698
1392
1411
1699
1393
1412
1700
1394
1413
1701
1395
1414
1702
1396
1415
1703
1397
1416
1704
1398
1417
1705
1399
1418
1706
1400
1419
1707
1401
1420
1708
1402
1421
1709
1403
1422
1710
1404
1423
1711
1405
1424
1712
1406
1425
1713
1407
1426
1714
1408
1427
1715
1409
1428
1716
1410
1429
1717
1430
1718
1412
1431
1719
1413
1432
1720
1414
1433
1721
1415
1434
1722
1416
1435
1723
1417
1436
1724
1418
1437
1725
1419
1438
1726
1420
1439
1727
1421
1440
1728
1422
1441
1729
1423
1442
1730
1424
1443
1731
1425
1444
1732
1426
1445
1733
1427
1446
1734
1428
1447
1735
1429
1448
1736
1430
1449
1737
1450
1738
1432
1451
1739
1433
1452
1740
1434
1453
1741
1435
1454
1742
1436
1455
1743
1437
1456
1744
1438
1457
1745
1439
1458
1746
1440
1459
1747
1441
1460
1748
1442
1461
1749
1443
1462
1750
1444
1463
1751
1445
1464
1752
1446
1465
1753
1447
1466
1754
1448
1467
1755
1449
1468
1756
1450
1469
1757
1470
1758
1452
1471
1759
1453
1472
1760
1454
1473
1761
1455
1474
1762
1456
1475
1763
1457
1476
1764
1458
1477
1765
1459
1478
1766
1460
1479
1767
1461
1480
1768
1462
1481
1769
1463
1482
1770
1464
1483
1771
1465
1484
1772
1466
1485
1773
1467
1486
1774
1468
1487
1775
1469
1488
1776
1470
1489
1777
1490
1778
1472
1491
1779
1473
1492
1780
1474
1493
1781
1475
1494
1782
1476
1495
1783
1477
1496
1784
1478
1497
1785
1479
1498
1786
1480
1499
1787
1481
1500
1788
1482
1501
1789
1483
1502
1790
1484
1503
1791
1485
1504
1792
1486
1505
1793
1487
1506
1794
1488
1507
1795
1489
1508
1796
1490
1509
1797
1510
1798
1492
1511
1799
1493
1512
1800
1494
1513
1801
1495
1514
1802
1496
1515
1803
1497
1516
1804
1498
1517
1805
1499
1518
1806
1500
1519
1807
1501
1520
1808
1502
1521
1809
1503
1522
1810
1504
1523
1811
1505
1524
1812
1506
1525
1813
1507
1526
1814
1508
1527
1815
1509
1528
1816
1510
1529
1817
1530
1818
1512
1531
1819
1513
1532
1820
1514
1533
1821
1515
1534
1822
1516
1535
1823
1517
1536
1824
1518
1537
1825
1519
1538
1826
1520
1539
1827
1521
1540
1828
1522
1541
1829
1523
1542
1830
1524
1543
1831
1525
1544
1832
1526
1545
1833
1527
1546
1834
1528
1547
1835
1529
1548
1836
1530
1549
1837
1550
1838
1532
1551
1839
1533
1552
1840
1534
1553
1841
1535
1554
1842
1536
1555
1843
1537
1556
1844
1538
1557
1845
1539
1558
1846
1540
1559
1847
1541
1560
1848
1542
1561
1849
1543
1562
1850
1544
1563
1851
1545
1564
1852
1546
1565
1853
1547
1566
1854
1548
1567
1855
1549
1568
1856
1550
1569
1857
1570
1858
1552
1571
1859
1553
1572
1860
1554
1573
1861
1555
1574
1862
1556
1575
1863
1557
1576
1864
1558
1577
1865
1559
1578
1866
1560
1579
1867
1561
1580
1868
1562
1581
1869
1563
1582
1870
1564
1583
1871
1565
1584
1872
1566
1585
1873
1567
1586
1874
1568
1587
1875
1569
1588
1876
1570
1589
1877
1590
1878
1572
1591
1879
1573
1592
1880
1574
1593
1881
1575
1594
1882
1576
1595
1883
1577
1596
1884
1578
1597
1885
1579
1598
1886
1580
1599
1887
1581
1600
1888
1582
1601
1889
1583
1602
1890
1584
1603
1891
1585
1604
1892
1586
1605
1893
1587
1606
1894
1588
1607
1895
1589
1608
1896
1590
1609
1897
1610
1898
1592
1611
1899
1593
1612
1900
1594
1613
1901
1595
1614
1902
1596
1615
1903
1597
1616
1904
1598
1617
1905
1599
1618
1906
1600
1619
1907
1601
1620
1908
1602
1621
1909
1603
1622
1910
1604
1623
1911
1605
1624
1912
1606
1625
1913
1607
1626
1914
1608
1627
1915
1609
1628
1916
1610
1629
1917
1630
1918
1612
1631
1919
1613
1632
1920
1614
1633
1921
1615
1634
1922
1616
1635
1923
1617
1636
1924
1618
1637
1925
1619
1638
1926
1620
1639
1927
1621
1640
1928
1622
1641
1929
1623
1642
1930
1624
1643
1931
1625
1644
1932
1626
1645
1933
1627
1646
1934
1628
1647
1935
1629
1648
1936
1630
1649
1937
1650
1938
1632
1651
1939
1633
1652
1940
1634
1653
1941
1635
1654
1942
1636
1655
1943
1637
1656
1944
1638
1657
1945
1639
1658
1946
1640
1659
1947
1641
1660
1948
1642
1661
1949
1643
1662
1950
1644
1663
1951
1645
1664
1952
1646
1665
1953
1647
1666
1954
1648
1667
1955
1649
1668
1956
1650
1669
1957
1670
1958
1652
1671
1959
1653
1672
1960
1654
1673
1961
1655
1674
1962
1656
1675
1963
1657
1676
1964
1658
1677
1965
1659
1678
1966
1660
1679
1967
1661
1680
1968
1662
1681
1969
1663
1970
1664
1971
1665
1972
1666
1973
1667
1974
1668
1975
1669
1976
1670
1977
1978
1672
1682
1979
1673
1683
1980
1674
1684
1981
1675
1685
1982
1676
1686
1983
1677
1687
1984
1678
1688
1985
1679
1689
1986
1680
1690
1987
1681
1988
1989
1683
1691
1990
1684
1692
1991
1685
1693
1992
1686
1694
1993
1687
1695
1994
1688
1995
1689
1996
1690
1997
1998
1692
1696
1999
1693
1697
2000
1694
1698
2001
1695
2002
2003
1697
2004
1698
2005
2006
1700
1719
2007
1701
1720
2008
1702
1721
2009
1703
1722
2010
1704
1723
2011
1705
1724
2012
1706
1725
2013
1707
1726
2014
1708
1727
2015
1709
1728
2016
1710
1729
2017
1711
1730
2018
1712
1731
2019
1713
1732
2020
1714
1733
2021
1715
1734
2022
1716
1735
2023
1717
1736
2024
1718
1737
2025
1738
2026
1720
1739
2027
1721
1740
2028
1722
1741
2029
1723
1742
2030
1724
1743
2031
1725
1744
2032
1726
1745
2033
1727
1746
2034
1728
1747
2035
1729
1748
2036
1730
1749
2037
1731
1750
2038
1732
1751
2039
1733
1752
2040
1734
1753
2041
1735
1754
2042
1736
1755
2043
1737
1756
2044
1738
1757
2045
1758
2046
1740
1759
2047
1741
1760
2048
1742
1761
2049
1743
1762
2050
1744
1763
2051
1745
1764
2052
1746
1765
2053
1747
1766
2054
1748
1767
2055
1749
1768
2056
1750
1769
2057
1751
1770
2058
1752
1771
2059
1753
1772
2060
1754
1773
2061
1755
1774
2062
1756
1775
2063
1757
1776
2064
1758
1777
2065
1778
2066
1760
1779
2067
1761
1780
2068
1762
1781
2069
1763
1782
2070
1764
1783
2071
1765
1784
2072
1766
1785
2073
1767
1786
2074
1768
1787
2075
1769
1788
2076
1770
1789
2077
1771
1790
2078
1772
1791
2079
1773
1792
2080
1774
1793
2081
1775
1794
2082
1776
1795
2083
1777
1796
2084
1778
1797
2085
1798
2086
1780
1799
2087
1781
1800
2088
1782
1801
2089
1783
1802
2090
1784
1803
2091
1785
1804
2092
1786
1805
2093
1787
1806
2094
1788
1807
2095
1789
1808
2096
1790
1809
2097
1791
1810
2098
1792
1811
2099
1793
1812
2100
1794
1813
2101
1795
1814
2102
1796
1815
2103
1797
1816
2104
1798
1817
2105
1818
2106
1800
1819
2107
1801
1820
2108
1802
1821
2109
1803
1822
2110
1804
1823
2111
1805
1824
2112
1806
1825
2113
1807
1826
2114
1808
1827
2115
1809
1828
2116
1810
1829
2117
1811
1830
2118
1812
1831
2119
1813
1832
2120
1814
1833
2121
1815
1834
2122
1816
1835
2123
1817
1836
2124
1818
1837
2125
1838
2126
1820
1839
2127
1821
1840
2128
1822
1841
2129
1823
1842
2130
1824
1843
2131
1825
1844
2132
1826
1845
2133
1827
1846
2134
1828
1847
2135
1829
1848
2136
1830
1849
2137
1831
1850
2138
1832
1851
2139
1833
1852
2140
1834
1853
2141
1835
1854
2142
1836
1855
2143
1837
1856
2144
1838
1857
2145
1858
2146
1840
1859
2147
1841
1860
2148
1842
1861
2149
1843
1862
2150
1844
1863
2151
1845
1864
2152
1846
1865
2153
1847
1866
2154
1848
1867
2155
1849
1868
2156
1850
1869
2157
1851
1870
2158
1852
1871
2159
1853
1872
2160
1854
1873
2161
1855
1874
2162
1856
1875
2163
1857
1876
2164
1858
1877
2165
1878
2166
1860
1879
2167
1861
1880
2168
1862
1881
2169
1863
1882
2170
1864
1883
2171
1865
1884
2172
1866
1885
2173
1867
1886
2174
1868
1887
2175
1869
1888
2176
1870
1889
2177
1871
1890
2178
1872
1891
2179
1873
1892
2180
1874
1893
2181
1875
1894
2182
1876
1895
2183
1877
1896
2184
1878
1897
2185
1898
2186
1880
1899
2187
1881
1900
2188
1882
1901
2189
1883
1902
2190
1884
1903
2191
1885
1904
2192
1886
1905
2193
1887
1906
2194
1888
1907
2195
1889
1908
2196
1890
1909
2197
1891
1910
2198
1892
1911
2199
1893
1912
2200
1894
1913
2201
1895
1914
2202
1896
1915
2203
1897
1916
2204
1898
1917
2205
1918
2206
1900
1919
2207
1901
1920
2208
1902
1921
2209
1903
1922
2210
1904
1923
2211
1905
1924
2212
1906
1925
2213
1907
1926
2214
1908
1927
2215
1909
1928
2216
1910
1929
2217
1911
1930
2218
1912
1931
2219
1913
1932
2220
1914
1933
2221
1915
1934
2222
1916
1935
2223
1917
1936
2224
1918
1937
2225
1938
2226
1920
1939
2227
1921
1940
2228
1922
1941
2229
1923
1942
2230
1924
1943
2231
1925
1944
2232
1926
1945
2233
1927
1946
2234
1928
1947
2235
1929
1948
2236
1930
1949
2237
1931
1950
2238
1932
1951
2239
1933
1952
2240
1934
1953
2241
1935
1954
2242
1936
1955
2243
1937
1956
2244
1938
1957
2245
1958
2246
1940
1959
2247
1941
1960
2248
1942
1961
2249
1943
1962
2250
1944
1963
2251
1945
1964
2252
1946
1965
2253
1947
1966
2254
1948
1967
2255
1949
1968
2256
1950
1969
2257
1951
1970
2258
1952
1971
2259
1953
1972
2260
1954
1973
2261
1955
1974
2262
1956
1975
2263
1957
1976
2264
1958
1977
2265
1978
2266
1960
1979
2267
1961
1980
2268
1962
1981
2269
1963
1982
2270
1964
1983
2271
1965
1984
2272
1966
1985
2273
1967
1986
2274
1968
1987
2275
1969
1988
2276
1970
1989
2277
1971
2278
1972
2279
1973
2280
1974
2281
1975
2282
1976
2283
1977
2284
1978
2285
2286
1980
1990
2287
1981
1991
2288
1982
1992
2289
1983
1993
2290
1984
1994
2291
1985
1995
2292
1986
1996
2293
1987
1997
2294
1988
1998
2295
1989
2296
2297
1991
1999
2298
1992
2000
2299
1993
2001
2300
1994
2002
2301
1995
2003
2302
1996
2303
1997
2304
1998
2305
2306
2000
2004
2307
2001
2005
2308
2002
2006
2309
2003
2310
2311
2005
2312
2006
2313
2314
2008
2027
2315
2009
2028
2316
2010
2029
2317
2011
2030
2318
2012
2031
2319
2013
2032
2320
2014
2033
2321
2015
2034
2322
2016
2035
2323
2017
2036
2324
2018
2037
2325
2019
2038
2326
2020
2039
2327
2021
2040
2328
2022
2041
2329
2023
2042
2330
2024
2043
2331
2025
2044
2332
2026
2045
2333
2046
2334
2028
2047
2335
2029
2048
2336
2030
2049
2337
2031
2050
2338
2032
2051
2339
2033
2052
2340
2034
2053
2341
2035
2054
2342
2036
2055
2343
2037
2056
2344
2038
2057
2345
2039
2058
2346
2040
2059
2347
2041
2060
2348
2042
2061
2349
2043
2062
2350
2044
2063
2351
2045
2064
2352
2046
2065
2353
2066
2354
2048
2067
2355
2049
2068
2356
2050
2069
2357
2051
2070
2358
2052
2071
2359
2053
2072
2360
2054
2073
2361
2055
2074
2362
2056
2075
2363
2057
2076
2364
2058
2077
2365
2059
2078
2366
2060
2079
2367
2061
2080
2368
2062
2081
2369
2063
2082
2370
2064
2083
2371
2065
2084
2372
2066
2085
2373
2086
2374
2068
2087
2375
2069
2088
2376
2070
2089
2377
2071
2090
2378
2072
2091
2379
2073
2092
2380
2074
2093
2381
2075
2094
2382
2076
2095
2383
2077
2096
2384
2078
2097
2385
2079
2098
2386
2080
2099
2387
2081
2100
2388
2082
2101
2389
2083
2102
2390
2084
2103
2391
2085
2104
2392
2086
2105
2393
2106
2394
2088
2107
2395
2089
2108
2396
2090
2109
2397
2091
2110
2398
2092
2111
2399
2093
2112
2400
2094
2113
2401
2095
2114
2402
2096
2115
2403
2097
2116
2404
2098
2117
2405
2099
2118
2406
2100
2119
2407
2101
2120
2408
2102
2121
2409
2103
2122
2410
2104
2123
2411
2105
2124
2412
2106
2125
2413
2126
2414
2108
2127
2415
2109
2128
2416
2110
2129
2417
2111
2130
2418
2112
2131
2419
2113
2132
2420
2114
2133
2421
2115
2134
2422
2116
2135
2423
2117
2136
2424
2118
2137
2425
2119
2138
2426
2120
2139
2427
2121
2140
2428
2122
2141
2429
2123
2142
2430
2124
2143
2431
2125
2144
2432
2126
2145
2433
2146
2434
2128
2147
2435
2129
2148
2436
2130
2149
2437
2131
2150
2438
2132
2151
2439
2133
2152
2440
2134
2153
2441
2135
2154
2442
2136
2155
2443
2137
2156
2444
2138
2157
2445
2139
2158
2446
2140
2159
2447
2141
2160
2448
2142
2161
2449
2143
2162
2450
2144
2163
2451
2145
2164
2452
2146
2165
2453
2166
2454
2148
2167
2455
2149
2168
2456
2150
2169
2457
2151
2170
2458
2152
2171
2459
2153
2172
2460
2154
2173
2461
2155
2174
2462
2156
2175
2463
2157
2176
2464
2158
2177
2465
2159
2178
2466
2160
2179
2467
2161
2180
2468
2162
2181
2469
2163
2182
2470
2164
2183
2471
2165
2184
2472
2166
2185
2473
2186
2474
2168
2187
2475
2169
2188
2476
2170
2189
2477
2171
2190
2478
2172
2191
2479
2173
2192
2480
2174
2193
2481
2175
2194
2482
2176
2195
2483
2177
2196
2484
2178
2197
2485
2179
2198
2486
2180
2199
2487
2181
2200
2488
2182
2201
2489
2183
2202
2490
2184
2203
2491
2185
2204
2492
2186
2205
2493
2206
2494
2188
2207
2495
2189
2208
2496
2190
2209
2497
2191
2210
2498
2192
2211
2499
2193
2212
2500
2194
2213
2501
2195
2214
2502
2196
2215
2503
2197
2216
2504
2198
2217
2505
2199
2218
2506
2200
2219
2507
2201
2220
2508
2202
2221
2509
2203
2222
2510
2204
2223
2511
2205
2224
2512
2206
2225
2513
2226
2514
2208
2227
2515
2209
2228
2516
2210
2229
2517
2211
2230
2518
2212
2231
2519
2213
2232
2520
2214
2233
2521
2215
2234
2522
2216
2235
2523
2217
2236
2524
2218
2237
2525
2219
2238
2526
2220
2239
2527
2221
2240
2528
2222
2241
2529
2223
2242
2530
2224
2243
2531
2225
2244
2532
2226
2245
2533
2246
2534
2228
2247
2535
2229
2248
2536
2230
2249
2537
2231
2250
2538
2232
2251
2539
2233
2252
2540
2234
2253
2541
2235
2254
2542
2236
2255
2543
2237
2256
2544
2238
2257
2545
2239
2258
2546
2240
2259
2547
2241
2260
2548
2242
2261
2549
2243
2262
2550
2244
2263
2551
2245
2264
2552
2246
2265
2553
2266
2554
2248
2267
2555
2249
2268
2556
2250
2269
2557
2251
2270
2558
2252
2271
2559
2253
2272
2560
2254
2273
2561
2255
2274
2562
2256
2275
2563
2257
2276
2564
2258
2277
2565
2259
2278
2566
2260
2279
2567
2261
2280
2568
2262
2281
2569
2263
2282
2570
2264
2283
2571
2265
2284
2572
2266
2285
2573
2286
2574
2268
2287
2575
2269
2288
2576
2270
2289
2577
2271
2290
2578
2272
2291
2579
2273
2292
2580
2274
2293
2581
2275
2294
2582
2276
2295
2583
2277
2296
2584
2278
2297
2585
2279
2586
2280
2587
2281
2588
2282
2589
2283
2590
2284
2591
2285
2592
2286
2593
2594
2288
2298
2595
2289
2299
2596
2290
2300
2597
2291
2301
2598
2292
2302
2599
2293
2303
2600
2294
2304
2601
2295
2305
2602
2296
2306
2603
2297
2604
2605
2299
2307
2606
2300
2308
2607
2301
2309
2608
2302
2310
2609
2303
2311
2610
2304
2611
2305
2612
2306
2613
2614
2308
2312
2615
2309
2313
2616
2310
2314
2617
2311
2618
2619
2313
2620
2314
2621
2622
2316
2335
3601
2317
2336
3602
2318
2337
3603
2319
2338
3604
2320
2339
3605
2321
2340
3606
2322
2341
3607
2323
2342
3608
2324
2343
3609
2325
2344
3610
2326
2345
3611
2327
2346
3612
2328
2347
3613
2329
2348
3614
2330
2349
3615
2331
2350
3616
2332
2351
3617
2333
2352
3618
2334
2353
3619
2354
3620
2336
2355
3621
2337
2356
3622
2338
2357
3623
2339
2358
3624
2340
2359
3625
2341
2360
3626
2342
2361
3627
2343
2362
3628
2344
2363
3629
2345
2364
3630
2346
2365
3631
2347
2366
3632
2348
2367
3633
2349
2368
3634
2350
2369
3635
2351
2370
3636
2352
2371
3637
2353
2372
3638
2354
2373
3639
2374
3640
2356
2375
3641
2357
2376
3642
2358
2377
3643
2359
2378
3644
2360
2379
3645
2361
2380
3646
2362
2381
3647
2363
2382
3648
2364
2383
3649
2365
2384
3650
2366
2385
3651
2367
2386
3652
2368
2387
3653
2369
2388
3654
2370
2389
3655
2371
2390
3656
2372
2391
3657
2373
2392
3658
2374
2393
3659
2394
3660
2376
2395
3661
2377
2396
3662
2378
2397
3663
2379
2398
3664
2380
2399
3665
2381
2400
3666
2382
2401
3667
2383
2402
3668
2384
2403
3669
2385
2404
3670
2386
2405
3671
2387
2406
3672
2388
2407
3673
2389
2408
3674
2390
2409
3675
2391
2410
3676
2392
2411
3677
2393
2412
3678
2394
2413
3679
2414
3680
2396
2415
3681
2397
2416
3682
2398
2417
3683
2399
2418
3684
2400
2419
3685
2401
2420
3686
2402
2421
3687
2403
2422
3688
2404
2423
3689
2405
2424
3690
2406
2425
3691
2407
2426
3692
2408
2427
3693
2409
2428
3694
2410
2429
3695
2411
2430
3696
2412
2431
3697
2413
2432
3698
2414
2433
3699
2434
3700
2416
2435
3701
2417
2436
3702
2418
2437
3703
2419
2438
3704
2420
2439
3705
2421
2440
3706
2422
2441
3707
2423
2442
3708
2424
2443
3709
2425
2444
3710
2426
2445
3711
2427
2446
3712
2428
2447
3713
2429
2448
3714
2430
2449
3715
2431
2450
3716
2432
2451
3717
2433
2452
3718
2434
2453
3719
2454
3720
2436
2455
3721
2437
2456
3722
2438
2457
3723
2439
2458
3724
2440
2459
3725
2441
2460
3726
2442
2461
3727
2443
2462
3728
2444
2463
3729
2445
2464
3730
2446
2465
3731
2447
2466
3732
2448
2467
3733
2449
2468
3734
2450
2469
3735
2451
2470
3736
2452
2471
3737
2453
2472
3738
2454
2473
3739
2474
3740
2456
2475
3741
2457
2476
3742
2458
2477
3743
2459
2478
3744
2460
2479
3745
2461
2480
3746
2462
2481
3747
2463
2482
3748
2464
2483
3749
2465
2484
3750
2466
2485
3751
2467
2486
3752
2468
2487
3753
2469
2488
3754
2470
2489
3755
2471
2490
3756
2472
2491
3757
2473
2492
3758
2474
2493
3759
2494
3760
2476
2495
3761
2477
2496
3762
2478
2497
3763
2479
2498
3764
2480
2499
3765
2481
2500
3766
2482
2501
3767
2483
2502
3768
2484
2503
3769
2485
2504
3770
2486
2505
3771
2487
2506
3772
2488
2507
3773
2489
2508
3774
2490
2509
3775
2491
2510
3776
2492
2511
3777
2493
2512
3778
2494
2513
3779
2514
3780
2496
2515
3781
2497
2516
3782
2498
2517
3783
2499
2518
3784
2500
2519
3785
2501
2520
3786
2502
2521
3787
2503
2522
3788
2504
2523
3789
2505
2524
3790
2506
2525
3791
2507
2526
3792
2508
2527
3793
2509
2528
3794
2510
2529
3795
2511
2530
3796
2512
2531
3797
2513
2532
3798
2514
2533
3799
2534
3800
2516
2535
3801
2517
2536
3802
2518
2537
3803
2519
2538
3804
2520
2539
3805
2521
2540
3806
2522
2541
3807
2523
2542
3808
2524
2543
3809
2525
2544
3810
2526
2545
3811
2527
2546
3812
2528
2547
3813
2529
2548
3814
2530
2549
3815
2531
2550
3816
2532
2551
3817
2533
2552
3818
2534
2553
3819
2554
3820
2536
2555
3821
2537
2556
3822
2538
2557
3823
2539
2558
3824
2540
2559
3825
2541
2560
3826
2542
2561
3827
2543
2562
3828
2544
2563
3829
2545
2564
3830
2546
2565
3831
2547
2566
3832
2548
2567
3833
2549
2568
3834
2550
2569
3835
2551
2570
3836
2552
2571
3837
2553
2572
3838
2554
2573
3839
2574
3840
2556
2575
3841
2557
2576
3842
2558
2577
3843
2559
2578
3844
2560
2579
3845
2561
2580
3846
2562
2581
3847
2563
2582
3848
2564
2583
3849
2565
2584
3850
2566
2585
3851
2567
2586
3852
2568
2587
3853
2569
2588
3854
2570
2589
3855
2571
2590
3856
2572
2591
3857
2573
2592
3858
2574
2593
3859
2594
3860
2576
2595
3861
2577
2596
3862
2578
2597
3863
2579
2598
3864
2580
2599
3865
2581
2600
3866
2582
2601
3867
2583
2602
3868
2584
2603
3869
2585
2604
3870
2586
2605
3871
2587
3872
2588
3873
2589
3874
2590
3875
2591
3876
2592
3877
2593
3878
2594
3879
3880
2596
2606
3881
2597
2607
3882
2598
2608
3883
2599
2609
3884
2600
2610
3885
2601
2611
3886
2602
2612
3887
2603
2613
3888
2604
2614
3889
2605
3890
3891
2607
2615
3892
2608
2616
3893
2609
2617
3894
2610
2618
3895
2611
2619
3896
2612
3897
2613
3898
2614
3899
3900
2616
2620
3901
2617
2621
3902
2618
2622
3903
2619
3904
3905
2621
3906
2622
3907
3908
2624
2632
2786
2625
2633
2787
2626
2634
2788
2627
2635
2789
2628
2636
2790
2629
2637
2791
2630
2638
2792
2631
2639
2793
2640
2794
3601
2633
2641
2795
2634
2642
2796
2635
2643
2797
2636
2644
2798
2637
2645
2799
2638
2646
2800
2639
2647
2801
2640
2648
2802
2649
2803
3621
2642
2650
2804
2643
2651
2805
2644
2652
2806
2645
2653
2807
2646
2654
2808
2647
2655
2809
2648
2656
2810
2649
2657
2811
2658
2812
3641
2651
2659
2813
2652
2660
2814
2653
2661
2815
2654
2662
2816
2655
2663
2817
2656
2664
2818
2657
2665
2819
2658
2666
2820
2667
2821
3661
2660
2668
2822
2661
2669
2823
2662
2670
2824
2663
2671
2825
2664
2672
2826
2665
2673
2827
2666
2674
2828
2667
2675
2829
2676
2830
3681
2669
2677
2831
2670
2678
2832
2671
2679
2833
2672
2680
2834
2673
2681
2835
2674
2682
2836
2675
2683
2837
2676
2684
2838
2685
2839
3701
2678
2686
2840
2679
2687
2841
2680
2688
2842
2681
2689
2843
2682
2690
2844
2683
2691
2845
2684
2692
2846
2685
2693
2847
2694
2848
3721
2687
2695
2849
2688
2696
2850
2689
2697
2851
2690
2698
2852
2691
2699
2853
2692
2700
2854
2693
2701
2855
2694
2702
2856
2703
2857
3741
2696
2704
2858
2697
2705
2859
2698
2706
2860
2699
2707
2861
2700
2708
2862
2701
2709
2863
2702
2710
2864
2703
2711
2865
2712
2866
3761
2705
2713
2867
2706
2714
2868
2707
2715
2869
2708
2716
2870
2709
2717
2871
2710
2718
2872
2711
2719
2873
2712
2720
2874
2721
2875
3781
2714
2722
2876
2715
2723
2877
2716
2724
2878
2717
2725
2879
2718
2726
2880
2719
2727
2881
2720
2728
2882
2721
2729
2883
2730
2884
3801
2723
2731
2885
2724
2732
2886
2725
2733
2887
2726
2734
2888
2727
2735
2889
2728
2736
2890
2729
2737
2891
2730
2738
2892
2739
2893
3821
2732
2740
2894
2733
2741
2895
2734
2742
2896
2735
2743
2897
2736
2744
2898
2737
2745
2899
2738
2746
2900
2739
2747
2901
2748
2902
3841
2741
2749
2903
2742
2750
2904
2743
2751
2905
2744
2752
2906
2745
2753
2907
2746
2754
2908
2747
2755
2909
2748
2756
2910
2757
2911
3861
2750
2758
2912
2751
2759
2913
2752
2760
2914
2753
2761
2915
2754
2762
2916
2755
2763
2917
2756
2764
2918
2757
2765
2919
2766
2920
3881
2759
2921
2760
2767
2922
2761
2768
2923
2762
2769
2924
2763
2770
2925
2764
2771
2926
2765
2772
2927
2766
2773
2928
2774
2929
3892
2768
2930
2769
2775
2931
2770
2776
2932
2771
2777
2933
2772
2778
2934
2773
2779
2935
2774
2780
2936
2781
2937
3901
2776
2938
2777
2939
2778
2782
2940
2779
2783
2941
2780
2784
2942
2781
2785
2943
2944
3906
2783
2945
2784
2946
2785
2947
2948
2787
2795
2949
2788
2796
2950
2789
2797
2951
2790
2798
2952
2791
2799
2953
2792
2800
2954
2793
2801
2955
2794
2802
2956
2803
2957
3909
2796
2804
2958
2797
2805
2959
2798
2806
2960
2799
2807
2961
2800
2808
2962
2801
2809
2963
2802
2810
2964
2803
2811
2965
2812
2966
3929
2805
2813
2967
2806
2814
2968
2807
2815
2969
2808
2816
2970
2809
2817
2971
2810
2818
2972
2811
2819
2973
2812
2820
2974
2821
2975
3949
2814
2822
2976
2815
2823
2977
2816
2824
2978
2817
2825
2979
2818
2826
2980
2819
2827
2981
2820
2828
2982
2821
2829
2983
2830
2984
3969
2823
2831
2985
2824
2832
2986
2825
2833
2987
2826
2834
2988
2827
2835
2989
2828
2836
2990
2829
2837
2991
2830
2838
2992
2839
2993
3989
2832
2840
2994
2833
2841
2995
2834
2842
2996
2835
2843
2997
2836
2844
2998
2837
2845
2999
2838
2846
3000
2839
2847
3001
2848
3002
4009
2841
2849
3003
2842
2850
3004
2843
2851
3005
2844
2852
3006
2845
2853
3007
2846
2854
3008
2847
2855
3009
2848
2856
3010
2857
3011
4029
2850
2858
3012
2851
2859
3013
2852
2860
3014
2853
2861
3015
2854
2862
3016
2855
2863
3017
2856
2864
3018
2857
2865
3019
2866
3020
4049
2859
2867
3021
2860
2868
3022
2861
2869
3023
2862
2870
3024
2863
2871
3025
2864
2872
3026
2865
2873
3027
2866
2874
3028
2875
3029
4069
2868
2876
3030
2869
2877
3031
2870
2878
3032
2871
2879
3033
2872
2880
3034
2873
2881
3035
2874
2882
3036
2875
2883
3037
2884
3038
4089
2877
2885
3039
2878
2886
3040
2879
2887
3041
2880
2888
3042
2881
2889
3043
2882
2890
3044
2883
2891
3045
2884
2892
3046
2893
3047
4109
2886
2894
3048
2887
2895
3049
2888
2896
3050
2889
2897
3051
2890
2898
3052
2891
2899
3053
2892
2900
3054
2893
2901
3055
2902
3056
4129
2895
2903
3057
2896
2904
3058
2897
2905
3059
2898
2906
3060
2899
2907
3061
2900
2908
3062
2901
2909
3063
2902
2910
3064
2911
3065
4149
2904
2912
3066
2905
2913
3067
2906
2914
3068
2907
2915
3069
2908
2916
3070
2909
2917
3071
2910
2918
3072
2911
2919
3073
2920
3074
4169
2913
2921
3075
2914
2922
3076
2915
2923
3077
2916
2924
3078
2917
2925
3079
2918
2926
3080
2919
2927
3081
2920
2928
3082
2929
3083
4189
2922
3084
2923
2930
3085
2924
2931
3086
2925
2932
3087
2926
2933
3088
2927
2934
3089
2928
2935
3090
2929
2936
3091
2937
3092
4200
2931
3093
2932
2938
3094
2933
2939
3095
2934
2940
3096
2935
2941
3097
2936
2942
3098
2937
2943
3099
2944
3100
4209
2939
3101
2940
3102
2941
2945
3103
2942
2946
3104
2943
2947
3105
2944
2948
3106
3107
4214
2946
3108
2947
3109
2948
3110
3111
2950
2958
3112
2951
2959
3113
2952
2960
3114
2953
2961
3115
2954
2962
3116
2955
2963
3117
2956
2964
3118
2957
2965
3119
2966
3120
4217
2959
2967
3121
2960
2968
3122
2961
2969
3123
2962
2970
3124
2963
2971
3125
2964
2972
3126
2965
2973
3127
2966
2974
3128
2975
3129
4237
2968
2976
3130
2969
2977
3131
2970
2978
3132
2971
2979
3133
2972
2980
3134
2973
2981
3135
2974
2982
3136
2975
2983
3137
2984
3138
4257
2977
2985
3139
2978
2986
3140
2979
2987
3141
2980
2988
3142
2981
2989
3143
2982
2990
3144
2983
2991
3145
2984
2992
3146
2993
3147
4277
2986
2994
3148
2987
2995
3149
2988
2996
3150
2989
2997
3151
2990
2998
3152
2991
2999
3153
2992
3000
3154
2993
3001
3155
3002
3156
4297
2995
3003
3157
2996
3004
3158
2997
3005
3159
2998
3006
3160
2999
3007
3161
3000
3008
3162
3001
3009
3163
3002
3010
3164
3011
3165
4317
3004
3012
3166
3005
3013
3167
3006
3014
3168
3007
3015
3169
3008
3016
3170
3009
3017
3171
3010
3018
3172
3011
3019
3173
3020
3174
4337
3013
3021
3175
3014
3022
3176
3015
3023
3177
3016
3024
3178
3017
3025
3179
3018
3026
3180
3019
3027
3181
3020
3028
3182
3029
3183
4357
3022
3030
3184
3023
3031
3185
3024
3032
3186
3025
3033
3187
3026
3034
3188
3027
3035
3189
3028
3036
3190
3029
3037
3191
3038
3192
4377
3031
3039
3193
3032
3040
3194
3033
3041
3195
3034
3042
3196
3035
3043
3197
3036
3044
3198
3037
3045
3199
3038
3046
3200
3047
3201
4397
3040
3048
3202
3041
3049
3203
3042
3050
3204
3043
3051
3205
3044
3052
3206
3045
3053
3207
3046
3054
3208
3047
3055
3209
3056
3210
4417
3049
3057
3211
3050
3058
3212
3051
3059
3213
3052
3060
3214
3053
3061
3215
3054
3062
3216
3055
3063
3217
3056
3064
3218
3065
3219
4437
3058
3066
3220
3059
3067
3221
3060
3068
3222
3061
3069
3223
3062
3070
3224
3063
3071
3225
3064
3072
3226
3065
3073
3227
3074
3228
4457
3067
3075
3229
3068
3076
3230
3069
3077
3231
3070
3078
3232
3071
3079
3233
3072
3080
3234
3073
3081
3235
3074
3082
3236
3083
3237
4477
3076
3084
3238
3077
3085
3239
3078
3086
3240
3079
3087
3241
3080
3088
3242
3081
3089
3243
3082
3090
3244
3083
3091
3245
3092
3246
4497
3085
3247
3086
3093
3248
3087
3094
3249
3088
3095
3250
3089
3096
3251
3090
3097
3252
3091
3098
3253
3092
3099
3254
3100
3255
4508
3094
3256
3095
3101
3257
3096
3102
3258
3097
3103
3259
3098
3104
3260
3099
3105
3261
3100
3106
3262
3107
3263
4517
3102
3264
3103
3265
3104
3108
3266
3105
3109
3267
3106
3110
3268
3107
3111
3269
3270
4522
3109
3271
3110
3272
3111
3273
3274
3113
3121
3275
3114
3122
3276
3115
3123
3277
3116
3124
3278
3117
3125
3279
3118
3126
3280
3119
3127
3281
3120
3128
3282
3129
3283
4525
3122
3130
3284
3123
3131
3285
3124
3132
3286
3125
3133
3287
3126
3134
3288
3127
3135
3289
3128
3136
3290
3129
3137
3291
3138
3292
4545
3131
3139
3293
3132
3140
3294
3133
3141
3295
3134
3142
3296
3135
3143
3297
3136
3144
3298
3137
3145
3299
3138
3146
3300
3147
3301
4565
3140
3148
3302
3141
3149
3303
3142
3150
3304
3143
3151
3305
3144
3152
3306
3145
3153
3307
3146
3154
3308
3147
3155
3309
3156
3310
4585
3149
3157
3311
3150
3158
3312
3151
3159
3313
3152
3160
3314
3153
3161
3315
3154
3162
3316
3155
3163
3317
3156
3164
3318
3165
3319
4605
3158
3166
3320
3159
3167
3321
3160
3168
3322
3161
3169
3323
3162
3170
3324
3163
3171
3325
3164
3172
3326
3165
3173
3327
3174
3328
4625
3167
3175
3329
3168
3176
3330
3169
3177
3331
3170
3178
3332
3171
3179
3333
3172
3180
3334
3173
3181
3335
3174
3182
3336
3183
3337
4645
3176
3184
3338
3177
3185
3339
3178
3186
3340
3179
3187
3341
3180
3188
3342
3181
3189
3343
3182
3190
3344
3183
3191
3345
3192
3346
4665
3185
3193
3347
3186
3194
3348
3187
3195
3349
3188
3196
3350
3189
3197
3351
3190
3198
3352
3191
3199
3353
3192
3200
3354
3201
3355
4685
3194
3202
3356
3195
3203
3357
3196
3204
3358
3197
3205
3359
3198
3206
3360
3199
3207
3361
3200
3208
3362
3201
3209
3363
3210
3364
4705
3203
3211
3365
3204
3212
3366
3205
3213
3367
3206
3214
3368
3207
3215
3369
3208
3216
3370
3209
3217
3371
3210
3218
3372
3219
3373
4725
3212
3220
3374
3213
3221
3375
3214
3222
3376
3215
3223
3377
3216
3224
3378
3217
3225
3379
3218
3226
3380
3219
3227
3381
3228
3382
4745
3221
3229
3383
3222
3230
3384
3223
3231
3385
3224
3232
3386
3225
3233
3387
3226
3234
3388
3227
3235
3389
3228
3236
3390
3237
3391
4765
3230
3238
3392
3231
3239
3393
3232
3240
3394
3233
3241
3395
3234
3242
3396
3235
3243
3397
3236
3244
3398
3237
3245
3399
3246
3400
4785
3239
3247
3401
3240
3248
3402
3241
3249
3403
3242
3250
3404
3243
3251
3405
3244
3252
3406
3245
3253
3407
3246
3254
3408
3255
3409
4805
3248
3410
3249
3256
3411
3250
3257
3412
3251
3258
3413
3252
3259
3414
3253
3260
3415
3254
3261
3416
3255
3262
3417
3263
3418
4816
3257
3419
3258
3264
3420
3259
3265
3421
3260
3266
3422
3261
3267
3423
3262
3268
3424
3263
3269
3425
3270
3426
4825
3265
3427
3266
3428
3267
3271
3429
3268
3272
3430
3269
3273
3431
3270
3274
3432
3433
4830
3272
3434
3273
3435
3274
3436
3437
3276
3284
3438
3277
3285
3439
3278
3286
3440
3279
3287
3441
3280
3288
3442
3281
3289
3443
3282
3290
3444
3283
3291
3445
3292
3446
4833
3285
3293
3447
3286
3294
3448
3287
3295
3449
3288
3296
3450
3289
3297
3451
3290
3298
3452
3291
3299
3453
3292
3300
3454
3301
3455
4853
3294
3302
3456
3295
3303
3457
3296
3304
3458
3297
3305
3459
3298
3306
3460
3299
3307
3461
3300
3308
3462
3301
3309
3463
3310
3464
4873
3303
3311
3465
3304
3312
3466
3305
3313
3467
3306
3314
3468
3307
3315
3469
3308
3316
3470
3309
3317
3471
3310
3318
3472
3319
3473
4893
3312
3320
3474
3313
3321
3475
3314
3322
3476
3315
3323
3477
3316
3324
3478
3317
3325
3479
3318
3326
3480
3319
3327
3481
3328
3482
4913
3321
3329
3483
3322
3330
3484
3323
3331
3485
3324
3332
3486
3325
3333
3487
3326
3334
3488
3327
3335
3489
3328
3336
3490
3337
3491
4933
3330
3338
3492
3331
3339
3493
3332
3340
3494
3333
3341
3495
3334
3342
3496
3335
3343
3497
3336
3344
3498
3337
3345
3499
3346
3500
4953
3339
3347
3501
3340
3348
3502
3341
3349
3503
3342
3350
3504
3343
3351
3505
3344
3352
3506
3345
3353
3507
3346
3354
3508
3355
3509
4973
3348
3356
3510
3349
3357
3511
3350
3358
3512
3351
3359
3513
3352
3360
3514
3353
3361
3515
3354
3362
3516
3355
3363
3517
3364
3518
4993
3357
3365
3519
3358
3366
3520
3359
3367
3521
3360
3368
3522
3361
3369
3523
3362
3370
3524
3363
3371
3525
3364
3372
3526
3373
3527
5013
3366
3374
3528
3367
3375
3529
3368
3376
3530
3369
3377
3531
3370
3378
3532
3371
3379
3533
3372
3380
3534
3373
3381
3535
3382
3536
5033
3375
3383
3537
3376
3384
3538
3377
3385
3539
3378
3386
3540
3379
3387
3541
3380
3388
3542
3381
3389
3543
3382
3390
3544
3391
3545
5053
3384
3392
3546
3385
3393
3547
3386
3394
3548
3387
3395
3549
3388
3396
3550
3389
3397
3551
3390
3398
3552
3391
3399
3553
3400
3554
5073
3393
3401
3555
3394
3402
3556
3395
3403
3557
3396
3404
3558
3397
3405
3559
3398
3406
3560
3399
3407
3561
3400
3408
3562
3409
3563
5093
3402
3410
3564
3403
3411
3565
3404
3412
3566
3405
3413
3567
3406
3414
3568
3407
3415
3569
3408
3416
3570
3409
3417
3571
3418
3572
5113
3411
3573
3412
3419
3574
3413
3420
3575
3414
3421
3576
3415
3422
3577
3416
3423
3578
3417
3424
3579
3418
3425
3580
3426
3581
5124
3420
3582
3421
3427
3583
3422
3428
3584
3423
3429
3585
3424
3430
3586
3425
3431
3587
3426
3432
3588
3433
3589
5133
3428
3590
3429
3591
3430
3434
3592
3431
3435
3593
3432
3436
3594
3433
3437
3595
3596
5138
3435
3597
3436
3598
3437
3599
3600
3439
3447
3440
3448
3441
3449
3442
3450
3443
3451
3444
3452
3445
3453
3446
3454
3455
5141
3448
3456
3449
3457
3450
3458
3451
3459
3452
3460
3453
3461
3454
3462
3455
3463
3464
5161
3457
3465
3458
3466
3459
3467
3460
3468
3461
3469
3462
3470
3463
3471
3464
3472
3473
5181
3466
3474
3467
3475
3468
3476
3469
3477
3470
3478
3471
3479
3472
3480
3473
3481
3482
5201
3475
3483
3476
3484
3477
3485
3478
3486
3479
3487
3480
3488
3481
3489
3482
3490
3491
5221
3484
3492
3485
3493
3486
3494
3487
3495
3488
3496
3489
3497
3490
3498
3491
3499
3500
5241
3493
3501
3494
3502
3495
3503
3496
3504
3497
3505
3498
3506
3499
3507
3500
3508
3509
5261
3502
3510
3503
3511
3504
3512
3505
3513
3506
3514
3507
3515
3508
3516
3509
3517
3518
5281
3511
3519
3512
3520
3513
3521
3514
3522
3515
3523
3516
3524
3517
3525
3518
3526
3527
5301
3520
3528
3521
3529
3522
3530
3523
3531
3524
3532
3525
3533
3526
3534
3527
3535
3536
5321
3529
3537
3530
3538
3531
3539
3532
3540
3533
3541
3534
3542
3535
3543
3536
3544
3545
5341
3538
3546
3539
3547
3540
3548
3541
3549
3542
3550
3543
3551
3544
3552
3545
3553
3554
5361
3547
3555
3548
3556
3549
3557
3550
3558
3551
3559
3552
3560
3553
3561
3554
3562
3563
5381
3556
3564
3557
3565
3558
3566
3559
3567
3560
3568
3561
3569
3562
3570
3563
3571
3572
5401
3565
3573
3566
3574
3567
3575
3568
3576
3569
3577
3570
3578
3571
3579
3572
3580
3581
5421
3574
3575
3582
3576
3583
3577
3584
3578
3585
3579
3586
3580
3587
3581
3588
3589
5432
3583
3584
3590
3585
3591
3586
3592
3587
3593
3588
3594
3589
3595
3596
5441
3591
3592
3593
3597
3594
3598
3595
3599
3596
3600
5446
3598
3599
3600
3602
3621
3909
3603
3622
3910
3604
3623
3911
3605
3624
3912
3606
3625
3913
3607
3626
3914
3608
3627
3915
3609
3628
3916
3610
3629
3917
3611
3630
3918
3612
3631
3919
3613
3632
3920
3614
3633
3921
3615
3634
3922
3616
3635
3923
3617
3636
3924
3618
3637
3925
3619
3638
3926
3620
3639
3927
3640
3928
3622
3641
3929
3623
3642
3930
3624
3643
3931
3625
3644
3932
3626
3645
3933
3627
3646
3934
3628
3647
3935
3629
3648
3936
3630
3649
3937
3631
3650
3938
3632
3651
3939
3633
3652
3940
3634
3653
3941
3635
3654
3942
3636
3655
3943
3637
3656
3944
3638
3657
3945
3639
3658
3946
3640
3659
3947
3660
3948
3642
3661
3949
3643
3662
3950
3644
3663
3951
3645
3664
3952
3646
3665
3953
3647
3666
3954
3648
3667
3955
3649
3668
3956
3650
3669
3957
3651
3670
3958
3652
3671
3959
3653
3672
3960
3654
3673
3961
3655
3674
3962
3656
3675
3963
3657
3676
3964
3658
3677
3965
3659
3678
3966
3660
3679
3967
3680
3968
3662
3681
3969
3663
3682
3970
3664
3683
3971
3665
3684
3972
3666
3685
3973
3667
3686
3974
3668
3687
3975
3669
3688
3976
3670
3689
3977
3671
3690
3978
3672
3691
3979
3673
3692
3980
3674
3693
3981
3675
3694
3982
3676
3695
3983
3677
3696
3984
3678
3697
3985
3679
3698
3986
3680
3699
3987
3700
3988
3682
3701
3989
3683
3702
3990
3684
3703
3991
3685
3704
3992
3686
3705
3993
3687
3706
3994
3688
3707
3995
3689
3708
3996
3690
3709
3997
3691
3710
3998
3692
3711
3999
3693
3712
4000
3694
3713
4001
3695
3714
4002
3696
3715
4003
3697
3716
4004
3698
3717
4005
3699
3718
4006
3700
3719
4007
3720
4008
3702
3721
4009
3703
3722
4010
3704
3723
4011
3705
3724
4012
3706
3725
4013
3707
3726
4014
3708
3727
4015
3709
3728
4016
3710
3729
4017
3711
3730
4018
3712
3731
4019
3713
3732
4020
3714
3733
4021
3715
3734
4022
3716
3735
4023
3717
3736
4024
3718
3737
4025
3719
3738
4026
3720
3739
4027
3740
4028
3722
3741
4029
3723
3742
4030
3724
3743
4031
3725
3744
4032
3726
3745
4033
3727
3746
4034
3728
3747
4035
3729
3748
4036
3730
3749
4037
3731
3750
4038
3732
3751
4039
3733
3752
4040
3734
3753
4041
3735
3754
4042
3736
3755
4043
3737
3756
4044
3738
3757
4045
3739
3758
4046
3740
3759
4047
3760
4048
3742
3761
4049
3743
3762
4050
3744
3763
4051
3745
3764
4052
3746
3765
4053
3747
3766
4054
3748
3767
4055
3749
3768
4056
3750
3769
4057
3751
3770
4058
3752
3771
4059
3753
3772
4060
3754
3773
4061
3755
3774
4062
3756
3775
4063
3757
3776
4064
3758
3777
4065
3759
3778
4066
3760
3779
4067
3780
4068
3762
3781
4069
3763
3782
4070
3764
3783
4071
3765
3784
4072
3766
3785
4073
3767
3786
4074
3768
3787
4075
3769
3788
4076
3770
3789
4077
3771
3790
4078
3772
3791
4079
3773
3792
4080
3774
3793
4081
3775
3794
4082
3776
3795
4083
3777
3796
4084
3778
3797
4085
3779
3798
4086
3780
3799
4087
3800
4088
3782
3801
4089
3783
3802
4090
3784
3803
4091
3785
3804
4092
3786
3805
4093
3787
3806
4094
3788
3807
4095
3789
3808
4096
3790
3809
4097
3791
3810
4098
3792
3811
4099
3793
3812
4100
3794
3813
4101
3795
3814
4102
3796
3815
4103
3797
3816
4104
3798
3817
4105
3799
3818
4106
3800
3819
4107
3820
4108
3802
3821
4109
3803
3822
4110
3804
3823
4111
3805
3824
4112
3806
3825
4113
3807
3826
4114
3808
3827
4115
3809
3828
4116
3810
3829
4117
3811
3830
4118
3812
3831
4119
3813
3832
4120
3814
3833
4121
3815
3834
4122
3816
3835
4123
3817
3836
4124
3818
3837
4125
3819
3838
4126
3820
3839
4127
3840
4128
3822
3841
4129
3823
3842
4130
3824
3843
4131
3825
3844
4132
3826
3845
4133
3827
3846
4134
3828
3847
4135
3829
3848
4136
3830
3849
4137
3831
3850
4138
3832
3851
4139
3833
3852
4140
3834
3853
4141
3835
3854
4142
3836
3855
4143
3837
3856
4144
3838
3857
4145
3839
3858
4146
3840
3859
4147
3860
4148
3842
3861
4149
3843
3862
4150
3844
3863
4151
3845
3864
4152
3846
3865
4153
3847
3866
4154
3848
3867
4155
3849
3868
4156
3850
3869
4157
3851
3870
4158
3852
3871
4159
3853
3872
4160
3854
3873
4161
3855
3874
4162
3856
3875
4163
3857
3876
4164
3858
3877
4165
3859
3878
4166
3860
3879
4167
3880
4168
3862
3881
4169
3863
3882
4170
3864
3883
4171
3865
3884
4172
3866
3885
4173
3867
3886
4174
3868
3887
4175
3869
3888
4176
3870
3889
4177
3871
3890
4178
3872
3891
4179
3873
4180
3874
4181
3875
4182
3876
4183
3877
4184
3878
4185
3879
4186
3880
4187
4188
3882
3892
4189
3883
3893
4190
3884
3894
4191
3885
3895
4192
3886
3896
4193
3887
3897
4194
3888
3898
4195
3889
3899
4196
3890
3900
4197
3891
4198
4199
3893
3901
4200
3894
3902
4201
3895
3903
4202
3896
3904
4203
3897
3905
4204
3898
4205
3899
4206
3900
4207
4208
3902
3906
4209
3903
3907
4210
3904
3908
4211
3905
4212
4213
3907
4214
3908
4215
4216
3910
3929
4217
3911
3930
4218
3912
3931
4219
3913
3932
4220
3914
3933
4221
3915
3934
4222
3916
3935
4223
3917
3936
4224
3918
3937
4225
3919
3938
4226
3920
3939
4227
3921
3940
4228
3922
3941
4229
3923
3942
4230
3924
3943
4231
3925
3944
4232
3926
3945
4233
3927
3946
4234
3928
3947
4235
3948
4236
3930
3949
4237
3931
3950
4238
3932
3951
4239
3933
3952
4240
3934
3953
4241
3935
3954
4242
3936
3955
4243
3937
3956
4244
3938
3957
4245
3939
3958
4246
3940
3959
4247
3941
3960
4248
3942
3961
4249
3943
3962
4250
3944
3963
4251
3945
3964
4252
3946
3965
4253
3947
3966
4254
3948
3967
4255
3968
4256
3950
3969
4257
3951
3970
4258
3952
3971
4259
3953
3972
4260
3954
3973
4261
3955
3974
4262
3956
3975
4263
3957
3976
4264
3958
3977
4265
3959
3978
4266
3960
3979
4267
3961
3980
4268
3962
3981
4269
3963
3982
4270
3964
3983
4271
3965
3984
4272
3966
3985
4273
3967
3986
4274
3968
3987
4275
3988
4276
3970
3989
4277
3971
3990
4278
3972
3991
4279
3973
3992
4280
3974
3993
4281
3975
3994
4282
3976
3995
4283
3977
3996
4284
3978
3997
4285
3979
3998
4286
3980
3999
4287
3981
4000
4288
3982
4001
4289
3983
4002
4290
3984
4003
4291
3985
4004
4292
3986
4005
4293
3987
4006
4294
3988
4007
4295
4008
4296
3990
4009
4297
3991
4010
4298
3992
4011
4299
3993
4012
4300
3994
4013
4301
3995
4014
4302
3996
4015
4303
3997
4016
4304
3998
4017
4305
3999
4018
4306
4000
4019
4307
4001
4020
4308
4002
4021
4309
4003
4022
4310
4004
4023
4311
4005
4024
4312
4006
4025
4313
4007
4026
4314
4008
4027
4315
4028
4316
4010
4029
4317
4011
4030
4318
4012
4031
4319
4013
4032
4320
4014
4033
4321
4015
4034
4322
4016
4035
4323
4017
4036
4324
4018
4037
4325
4019
4038
4326
4020
4039
4327
4021
4040
4328
4022
4041
4329
4023
4042
4330
4024
4043
4331
4025
4044
4332
4026
4045
4333
4027
4046
4334
4028
4047
4335
4048
4336
4030
4049
4337
4031
4050
4338
4032
4051
4339
4033
4052
4340
4034
4053
4341
4035
4054
4342
4036
4055
4343
4037
4056
4344
4038
4057
4345
4039
4058
4346
4040
4059
4347
4041
4060
4348
4042
4061
4349
4043
4062
4350
4044
4063
4351
4045
4064
4352
4046
4065
4353
4047
4066
4354
4048
4067
4355
4068
4356
4050
4069
4357
4051
4070
4358
4052
4071
4359
4053
4072
4360
4054
4073
4361
4055
4074
4362
4056
4075
4363
4057
4076
4364
4058
4077
4365
4059
4078
4366
4060
4079
4367
4061
4080
4368
4062
4081
4369
4063
4082
4370
4064
4083
4371
4065
4084
4372
4066
4085
4373
4067
4086
4374
4068
4087
4375
4088
4376
4070
4089
4377
4071
4090
4378
4072
4091
4379
4073
4092
4380
4074
4093
4381
4075
4094
4382
4076
4095
4383
4077
4096
4384
4078
4097
4385
4079
4098
4386
4080
4099
4387
4081
4100
4388
4082
4101
4389
4083
4102
4390
4084
4103
4391
4085
4104
4392
4086
4105
4393
4087
4106
4394
4088
4107
4395
4108
4396
4090
4109
4397
4091
4110
4398
4092
4111
4399
4093
4112
4400
4094
4113
4401
4095
4114
4402
4096
4115
4403
4097
4116
4404
4098
4117
4405
4099
4118
4406
4100
4119
4407
4101
4120
4408
4102
4121
4409
4103
4122
4410
4104
4123
4411
4105
4124
4412
4106
4125
4413
4107
4126
4414
4108
4127
4415
4128
4416
4110
4129
4417
4111
4130
4418
4112
4131
4419
4113
4132
4420
4114
4133
4421
4115
4134
4422
4116
4135
4423
4117
4136
4424
4118
4137
4425
4119
4138
4426
4120
4139
4427
4121
4140
4428
4122
4141
4429
4123
4142
4430
4124
4143
4431
4125
4144
4432
4126
4145
4433
4127
4146
4434
4128
4147
4435
4148
4436
4130
4149
4437
4131
4150
4438
4132
4151
4439
4133
4152
4440
4134
4153
4441
4135
4154
4442
4136
4155
4443
4137
4156
4444
4138
4157
4445
4139
4158
4446
4140
4159
4447
4141
4160
4448
4142
4161
4449
4143
4162
4450
4144
4163
4451
4145
4164
4452
4146
4165
4453
4147
4166
4454
4148
4167
4455
4168
4456
4150
4169
4457
4151
4170
4458
4152
4171
4459
4153
4172
4460
4154
4173
4461
4155
4174
4462
4156
4175
4463
4157
4176
4464
4158
4177
4465
4159
4178
4466
4160
4179
4467
4161
4180
4468
4162
4181
4469
4163
4182
4470
4164
4183
4471
4165
4184
4472
4166
4185
4473
4167
4186
4474
4168
4187
4475
4188
4476
4170
4189
4477
4171
4190
4478
4172
4191
4479
4173
4192
4480
4174
4193
4481
4175
4194
4482
4176
4195
4483
4177
4196
4484
4178
4197
4485
4179
4198
4486
4180
4199
4487
4181
4488
4182
4489
4183
4490
4184
4491
4185
4492
4186
4493
4187
4494
4188
4495
4496
4190
4200
4497
4191
4201
4498
4192
4202
4499
4193
4203
4500
4194
4204
4501
4195
4205
4502
4196
4206
4503
4197
4207
4504
4198
4208
4505
4199
4506
4507
4201
4209
4508
4202
4210
4509
4203
4211
4510
4204
4212
4511
4205
4213
4512
4206
4513
4207
4514
4208
4515
4516
4210
4214
4517
4211
4215
4518
4212
4216
4519
4213
4520
4521
4215
4522
4216
4523
4524
4218
4237
4525
4219
4238
4526
4220
4239
4527
4221
4240
4528
4222
4241
4529
4223
4242
4530
4224
4243
4531
4225
4244
4532
4226
4245
4533
4227
4246
4534
4228
4247
4535
4229
4248
4536
4230
4249
4537
4231
4250
4538
4232
4251
4539
4233
4252
4540
4234
4253
4541
4235
4254
4542
4236
4255
4543
4256
4544
4238
4257
4545
4239
4258
4546
4240
4259
4547
4241
4260
4548
4242
4261
4549
4243
4262
4550
4244
4263
4551
4245
4264
4552
4246
4265
4553
4247
4266
4554
4248
4267
4555
4249
4268
4556
4250
4269
4557
4251
4270
4558
4252
4271
4559
4253
4272
4560
4254
4273
4561
4255
4274
4562
4256
4275
4563
4276
4564
4258
4277
4565
4259
4278
4566
4260
4279
4567
4261
4280
4568
4262
4281
4569
4263
4282
4570
4264
4283
4571
4265
4284
4572
4266
4285
4573
4267
4286
4574
4268
4287
4575
4269
4288
4576
4270
4289
4577
4271
4290
4578
4272
4291
4579
4273
4292
4580
4274
4293
4581
4275
4294
4582
4276
4295
4583
4296
4584
4278
4297
4585
4279
4298
4586
4280
4299
4587
4281
4300
4588
4282
4301
4589
4283
4302
4590
4284
4303
4591
4285
4304
4592
4286
4305
4593
4287
4306
4594
4288
4307
4595
4289
4308
4596
4290
4309
4597
4291
4310
4598
4292
4311
4599
4293
4312
4600
4294
4313
4601
4295
4314
4602
4296
4315
4603
4316
4604
4298
4317
4605
4299
4318
4606
4300
4319
4607
4301
4320
4608
4302
4321
4609
4303
4322
4610
4304
4323
4611
4305
4324
4612
4306
4325
4613
4307
4326
4614
4308
4327
4615
4309
4328
4616
4310
4329
4617
4311
4330
4618
4312
4331
4619
4313
4332
4620
4314
4333
4621
4315
4334
4622
4316
4335
4623
4336
4624
4318
4337
4625
4319
4338
4626
4320
4339
4627
4321
4340
4628
4322
4341
4629
4323
4342
4630
4324
4343
4631
4325
4344
4632
4326
4345
4633
4327
4346
4634
4328
4347
4635
4329
4348
4636
4330
4349
4637
4331
4350
4638
4332
4351
4639
4333
4352
4640
4334
4353
4641
4335
4354
4642
4336
4355
4643
4356
4644
4338
4357
4645
4339
4358
4646
4340
4359
4647
4341
4360
4648
4342
4361
4649
4343
4362
4650
4344
4363
4651
4345
4364
4652
4346
4365
4653
4347
4366
4654
4348
4367
4655
4349
4368
4656
4350
4369
4657
4351
4370
4658
4352
4371
4659
4353
4372
4660
4354
4373
4661
4355
4374
4662
4356
4375
4663
4376
4664
4358
4377
4665
4359
4378
4666
4360
4379
4667
4361
4380
4668
4362
4381
4669
4363
4382
4670
4364
4383
4671
4365
4384
4672
4366
4385
4673
4367
4386
4674
4368
4387
4675
4369
4388
4676
4370
4389
4677
4371
4390
4678
4372
4391
4679
4373
4392
4680
4374
4393
4681
4375
4394
4682
4376
4395
4683
4396
4684
4378
4397
4685
4379
4398
4686
4380
4399
4687
4381
4400
4688
4382
4401
4689
4383
4402
4690
4384
4403
4691
4385
4404
4692
4386
4405
4693
4387
4406
4694
4388
4407
4695
4389
4408
4696
4390
4409
4697
4391
4410
4698
4392
4411
4699
4393
4412
4700
4394
4413
4701
4395
4414
4702
4396
4415
4703
4416
4704
4398
4417
4705
4399
4418
4706
4400
4419
4707
4401
4420
4708
4402
4421
4709
4403
4422
4710
4404
4423
4711
4405
4424
4712
4406
4425
4713
4407
4426
4714
4408
4427
4715
4409
4428
4716
4410
4429
4717
4411
4430
4718
4412
4431
4719
4413
4432
4720
4414
4433
4721
4415
4434
4722
4416
4435
4723
4436
4724
4418
4437
4725
4419
4438
4726
4420
4439
4727
4421
4440
4728
4422
4441
4729
4423
4442
4730
4424
4443
4731
4425
4444
4732
4426
4445
4733
4427
4446
4734
4428
4447
4735
4429
4448
4736
4430
4449
4737
4431
4450
4738
4432
4451
4739
4433
4452
4740
4434
4453
4741
4435
4454
4742
4436
4455
4743
4456
4744
4438
4457
4745
4439
4458
4746
4440
4459
4747
4441
4460
4748
4442
4461
4749
4443
4462
4750
4444
4463
4751
4445
4464
4752
4446
4465
4753
4447
4466
4754
4448
4467
4755
4449
4468
4756
4450
4469
4757
4451
4470
4758
4452
4471
4759
4453
4472
4760
4454
4473
4761
4455
4474
4762
4456
4475
4763
4476
4764
4458
4477
4765
4459
4478
4766
4460
4479
4767
4461
4480
4768
4462
4481
4769
4463
4482
4770
4464
4483
4771
4465
4484
4772
4466
4485
4773
4467
4486
4774
4468
4487
4775
4469
4488
4776
4470
4489
4777
4471
4490
4778
4472
4491
4779
4473
4492
4780
4474
4493
4781
4475
4494
4782
4476
4495
4783
4496
4784
4478
4497
4785
4479
4498
4786
4480
4499
4787
4481
4500
4788
4482
4501
4789
4483
4502
4790
4484
4503
4791
4485
4504
4792
4486
4505
4793
4487
4506
4794
4488
4507
4795
4489
4796
4490
4797
4491
4798
4492
4799
4493
4800
4494
4801
4495
4802
4496
4803
4804
4498
4508
4805
4499
4509
4806
4500
4510
4807
4501
4511
4808
4502
4512
4809
4503
4513
4810
4504
4514
4811
4505
4515
4812
4506
4516
4813
4507
4814
4815
4509
4517
4816
4510
4518
4817
4511
4519
4818
4512
4520
4819
4513
4521
4820
4514
4821
4515
4822
4516
4823
4824
4518
4522
4825
4519
4523
4826
4520
4524
4827
4521
4828
4829
4523
4830
4524
4831
4832
4526
4545
4833
4527
4546
4834
4528
4547
4835
4529
4548
4836
4530
4549
4837
4531
4550
4838
4532
4551
4839
4533
4552
4840
4534
4553
4841
4535
4554
4842
4536
4555
4843
4537
4556
4844
4538
4557
4845
4539
4558
4846
4540
4559
4847
4541
4560
4848
4542
4561
4849
4543
4562
4850
4544
4563
4851
4564
4852
4546
4565
4853
4547
4566
4854
4548
4567
4855
4549
4568
4856
4550
4569
4857
4551
4570
4858
4552
4571
4859
4553
4572
4860
4554
4573
4861
4555
4574
4862
4556
4575
4863
4557
4576
4864
4558
4577
4865
4559
4578
4866
4560
4579
4867
4561
4580
4868
4562
4581
4869
4563
4582
4870
4564
4583
4871
4584
4872
4566
4585
4873
4567
4586
4874
4568
4587
4875
4569
4588
4876
4570
4589
4877
4571
4590
4878
4572
4591
4879
4573
4592
4880
4574
4593
4881
4575
4594
4882
4576
4595
4883
4577
4596
4884
4578
4597
4885
4579
4598
4886
4580
4599
4887
4581
4600
4888
4582
4601
4889
4583
4602
4890
4584
4603
4891
4604
4892
4586
4605
4893
4587
4606
4894
4588
4607
4895
4589
4608
4896
4590
4609
4897
4591
4610
4898
4592
4611
4899
4593
4612
4900
4594
4613
4901
4595
4614
4902
4596
4615
4903
4597
4616
4904
4598
4617
4905
4599
4618
4906
4600
4619
4907
4601
4620
4908
4602
4621
4909
4603
4622
4910
4604
4623
4911
4624
4912
4606
4625
4913
4607
4626
4914
4608
4627
4915
4609
4628
4916
4610
4629
4917
4611
4630
4918
4612
4631
4919
4613
4632
4920
4614
4633
4921
4615
4634
4922
4616
4635
4923
4617
4636
4924
4618
4637
4925
4619
4638
4926
4620
4639
4927
4621
4640
4928
4622
4641
4929
4623
4642
4930
4624
4643
4931
4644
4932
4626
4645
4933
4627
4646
4934
4628
4647
4935
4629
4648
4936
4630
4649
4937
4631
4650
4938
4632
4651
4939
4633
4652
4940
4634
4653
4941
4635
4654
4942
4636
4655
4943
4637
4656
4944
4638
4657
4945
4639
4658
4946
4640
4659
4947
4641
4660
4948
4642
4661
4949
4643
4662
4950
4644
4663
4951
4664
4952
4646
4665
4953
4647
4666
4954
4648
4667
4955
4649
4668
4956
4650
4669
4957
4651
4670
4958
4652
4671
4959
4653
4672
4960
4654
4673
4961
4655
4674
4962
4656
4675
4963
4657
4676
4964
4658
4677
4965
4659
4678
4966
4660
4679
4967
4661
4680
4968
4662
4681
4969
4663
4682
4970
4664
4683
4971
4684
4972
4666
4685
4973
4667
4686
4974
4668
4687
4975
4669
4688
4976
4670
4689
4977
4671
4690
4978
4672
4691
4979
4673
4692
4980
4674
4693
4981
4675
4694
4982
4676
4695
4983
4677
4696
4984
4678
4697
4985
4679
4698
4986
4680
4699
4987
4681
4700
4988
4682
4701
4989
4683
4702
4990
4684
4703
4991
4704
4992
4686
4705
4993
4687
4706
4994
4688
4707
4995
4689
4708
4996
4690
4709
4997
4691
4710
4998
4692
4711
4999
4693
4712
5000
4694
4713
5001
4695
4714
5002
4696
4715
5003
4697
4716
5004
4698
4717
5005
4699
4718
5006
4700
4719
5007
4701
4720
5008
4702
4721
5009
4703
4722
5010
4704
4723
5011
4724
5012
4706
4725
5013
4707
4726
5014
4708
4727
5015
4709
4728
5016
4710
4729
5017
4711
4730
5018
4712
4731
5019
4713
4732
5020
4714
4733
5021
4715
4734
5022
4716
4735
5023
4717
4736
5024
4718
4737
5025
4719
4738
5026
4720
4739
5027
4721
4740
5028
4722
4741
5029
4723
4742
5030
4724
4743
5031
4744
5032
4726
4745
5033
4727
4746
5034
4728
4747
5035
4729
4748
5036
4730
4749
5037
4731
4750
5038
4732
4751
5039
4733
4752
5040
4734
4753
5041
4735
4754
5042
4736
4755
5043
4737
4756
5044
4738
4757
5045
4739
4758
5046
4740
4759
5047
4741
4760
5048
4742
4761
5049
4743
4762
5050
4744
4763
5051
4764
5052
4746
4765
5053
4747
4766
5054
4748
4767
5055
4749
4768
5056
4750
4769
5057
4751
4770
5058
4752
4771
5059
4753
4772
5060
4754
4773
5061
4755
4774
5062
4756
4775
5063
4757
4776
5064
4758
4777
5065
4759
4778
5066
4760
4779
5067
4761
4780
5068
4762
4781
5069
4763
4782
5070
4764
4783
5071
4784
5072
4766
4785
5073
4767
4786
5074
4768
4787
5075
4769
4788
5076
4770
4789
5077
4771
4790
5078
4772
4791
5079
4773
4792
5080
4774
4793
5081
4775
4794
5082
4776
4795
5083
4777
4796
5084
4778
4797
5085
4779
4798
5086
4780
4799
5087
4781
4800
5088
4782
4801
5089
4783
4802
5090
4784
4803
5091
4804
5092
4786
4805
5093
4787
4806
5094
4788
4807
5095
4789
4808
5096
4790
4809
5097
4791
4810
5098
4792
4811
5099
4793
4812
5100
4794
4813
5101
4795
4814
5102
4796
4815
5103
4797
5104
4798
5105
4799
5106
4800
5107
4801
5108
4802
5109
4803
5110
4804
5111
5112
4806
4816
5113
4807
4817
5114
4808
4818
5115
4809
4819
5116
4810
4820
5117
4811
4821
5118
4812
4822
5119
4813
4823
5120
4814
4824
5121
4815
5122
5123
4817
4825
5124
4818
4826
5125
4819
4827
5126
4820
4828
5127
4821
4829
5128
4822
5129
4823
5130
4824
5131
5132
4826
4830
5133
4827
4831
5134
4828
4832
5135
4829
5136
5137
4831
5138
4832
5139
5140
4834
4853
5141
4835
4854
5142
4836
4855
5143
4837
4856
5144
4838
4857
5145
4839
4858
5146
4840
4859
5147
4841
4860
5148
4842
4861
5149
4843
4862
5150
4844
4863
5151
4845
4864
5152
4846
4865
5153
4847
4866
5154
4848
4867
5155
4849
4868
5156
4850
4869
5157
4851
4870
5158
4852
4871
5159
4872
5160
4854
4873
5161
4855
4874
5162
4856
4875
5163
4857
4876
5164
4858
4877
5165
4859
4878
5166
4860
4879
5167
4861
4880
5168
4862
4881
5169
4863
4882
5170
4864
4883
5171
4865
4884
5172
4866
4885
5173
4867
4886
5174
4868
4887
5175
4869
4888
5176
4870
4889
5177
4871
4890
5178
4872
4891
5179
4892
5180
4874
4893
5181
4875
4894
5182
4876
4895
5183
4877
4896
5184
4878
4897
5185
4879
4898
5186
4880
4899
5187
4881
4900
5188
4882
4901
5189
4883
4902
5190
4884
4903
5191
4885
4904
5192
4886
4905
5193
4887
4906
5194
4888
4907
5195
4889
4908
5196
4890
4909
5197
4891
4910
5198
4892
4911
5199
4912
5200
4894
4913
5201
4895
4914
5202
4896
4915
5203
4897
4916
5204
4898
4917
5205
4899
4918
5206
4900
4919
5207
4901
4920
5208
4902
4921
5209
4903
4922
5210
4904
4923
5211
4905
4924
5212
4906
4925
5213
4907
4926
5214
4908
4927
5215
4909
4928
5216
4910
4929
5217
4911
4930
5218
4912
4931
5219
4932
5220
4914
4933
5221
4915
4934
5222
4916
4935
5223
4917
4936
5224
4918
4937
5225
4919
4938
5226
4920
4939
5227
4921
4940
5228
4922
4941
5229
4923
4942
5230
4924
4943
5231
4925
4944
5232
4926
4945
5233
4927
4946
5234
4928
4947
5235
4929
4948
5236
4930
4949
5237
4931
4950
5238
4932
4951
5239
4952
5240
4934
4953
5241
4935
4954
5242
4936
4955
5243
4937
4956
5244
4938
4957
5245
4939
4958
5246
4940
4959
5247
4941
4960
5248
4942
4961
5249
4943
4962
5250
4944
4963
5251
4945
4964
5252
4946
4965
5253
4947
4966
5254
4948
4967
5255
4949
4968
5256
4950
4969
5257
4951
4970
5258
4952
4971
5259
4972
5260
4954
4973
5261
4955
4974
5262
4956
4975
5263
4957
4976
5264
4958
4977
5265
4959
4978
5266
4960
4979
5267
4961
4980
5268
4962
4981
5269
4963
4982
5270
4964
4983
5271
4965
4984
5272
4966
4985
5273
4967
4986
5274
4968
4987
5275
4969
4988
5276
4970
4989
5277
4971
4990
5278
4972
4991
5279
4992
5280
4974
4993
5281
4975
4994
5282
4976
4995
5283
4977
4996
5284
4978
4997
5285
4979
4998
5286
4980
4999
5287
4981
5000
5288
4982
5001
5289
4983
5002
5290
4984
5003
5291
4985
5004
5292
4986
5005
5293
4987
5006
5294
4988
5007
5295
4989
5008
5296
4990
5009
5297
4991
5010
5298
4992
5011
5299
5012
5300
4994
5013
5301
4995
5014
5302
4996
5015
5303
4997
5016
5304
4998
5017
5305
4999
5018
5306
5000
5019
5307
5001
5020
5308
5002
5021
5309
5003
5022
5310
5004
5023
5311
5005
5024
5312
5006
5025
5313
5007
5026
5314
5008
5027
5315
5009
5028
5316
5010
5029
5317
5011
5030
5318
5012
5031
5319
5032
5320
5014
5033
5321
5015
5034
5322
5016
5035
5323
5017
5036
5324
5018
5037
5325
5019
5038
5326
5020
5039
5327
5021
5040
5328
5022
5041
5329
5023
5042
5330
5024
5043
5331
5025
5044
5332
5026
5045
5333
5027
5046
5334
5028
5047
5335
5029
5048
5336
5030
5049
5337
5031
5050
5338
5032
5051
5339
5052
5340
5034
5053
5341
5035
5054
5342
5036
5055
5343
5037
5056
5344
5038
5057
5345
5039
5058
5346
5040
5059
5347
5041
5060
5348
5042
5061
5349
5043
5062
5350
5044
5063
5351
5045
5064
5352
5046
5065
5353
5047
5066
5354
5048
5067
5355
5049
5068
5356
5050
5069
5357
5051
5070
5358
5052
5071
5359
5072
5360
5054
5073
5361
5055
5074
5362
5056
5075
5363
5057
5076
5364
5058
5077
5365
5059
5078
5366
5060
5079
5367
5061
5080
5368
5062
5081
5369
5063
5082
5370
5064
5083
5371
5065
5084
5372
5066
5085
5373
5067
5086
5374
5068
5087
5375
5069
5088
5376
5070
5089
5377
5071
5090
5378
5072
5091
5379
5092
5380
5074
5093
5381
5075
5094
5382
5076
5095
5383
5077
5096
5384
5078
5097
5385
5079
5098
5386
5080
5099
5387
5081
5100
5388
5082
5101
5389
5083
5102
5390
5084
5103
5391
5085
5104
5392
5086
5105
5393
5087
5106
5394
5088
5107
5395
5089
5108
5396
5090
5109
5397
5091
5110
5398
5092
5111
5399
5112
5400
5094
5113
5401
5095
5114
5402
5096
5115
5403
5097
5116
5404
5098
5117
5405
5099
5118
5406
5100
5119
5407
5101
5120
5408
5102
5121
5409
5103
5122
5410
5104
5123
5411
5105
5412
5106
5413
5107
5414
5108
5415
5109
5416
5110
5417
5111
5418
5112
5419
5420
5114
5124
5421
5115
5125
5422
5116
5126
5423
5117
5127
5424
5118
5128
5425
5119
5129
5426
5120
5130
5427
5121
5131
5428
5122
5132
5429
5123
5430
5431
5125
5133
5432
5126
5134
5433
5127
5135
5434
5128
5136
5435
5129
5137
5436
5130
5437
5131
5438
5132
5439
5440
5134
5138
5441
5135
5139
5442
5136
5140
5443
5137
5444
5445
5139
5446
5140
5447
5448
5142
5161
5143
5162
5144
5163
5145
5164
5146
5165
5147
5166
5148
5167
5149
5168
5150
5169
5151
5170
5152
5171
5153
5172
5154
5173
5155
5174
5156
5175
5157
5176
5158
5177
5159
5178
5160
5179
5180
5162
5181
5163
5182
5164
5183
5165
5184
5166
5185
5167
5186
5168
5187
5169
5188
5170
5189
5171
5190
5172
5191
5173
5192
5174
5193
5175
5194
5176
5195
5177
5196
5178
5197
5179
5198
5180
5199
5200
5182
5201
5183
5202
5184
5203
5185
5204
5186
5205
5187
5206
5188
5207
5189
5208
5190
5209
5191
5210
5192
5211
5193
5212
5194
5213
5195
5214
5196
5215
5197
5216
5198
5217
5199
5218
5200
5219
5220
5202
5221
5203
5222
5204
5223
5205
5224
5206
5225
5207
5226
5208
5227
5209
5228
5210
5229
5211
5230
5212
5231
5213
5232
5214
5233
5215
5234
5216
5235
5217
5236
5218
5237
5219
5238
5220
5239
5240
5222
5241
5223
5242
5224
5243
5225
5244
5226
5245
5227
5246
5228
5247
5229
5248
5230
5249
5231
5250
5232
5251
5233
5252
5234
5253
5235
5254
5236
5255
5237
5256
5238
5257
5239
5258
5240
5259
5260
5242
5261
5243
5262
5244
5263
5245
5264
5246
5265
5247
5266
5248
5267
5249
5268
5250
5269
5251
5270
5252
5271
5253
5272
5254
5273
5255
5274
5256
5275
5257
5276
5258
5277
5259
5278
5260
5279
5280
5262
5281
5263
5282
5264
5283
5265
5284
5266
5285
5267
5286
5268
5287
5269
5288
5270
5289
5271
5290
5272
5291
5273
5292
5274
5293
5275
5294
5276
5295
5277
5296
5278
5297
5279
5298
5280
5299
5300
5282
5301
5283
5302
5284
5303
5285
5304
5286
5305
5287
5306
5288
5307
5289
5308
5290
5309
5291
5310
5292
5311
5293
5312
5294
5313
5295
5314
5296
5315
5297
5316
5298
5317
5299
5318
5300
5319
5320
5302
5321
5303
5322
5304
5323
5305
5324
5306
5325
5307
5326
5308
5327
5309
5328
5310
5329
5311
5330
5312
5331
5313
5332
5314
5333
5315
5334
5316
5335
5317
5336
5318
5337
5319
5338
5320
5339
5340
5322
5341
5323
5342
5324
5343
5325
5344
5326
5345
5327
5346
5328
5347
5329
5348
5330
5349
5331
5350
5332
5351
5333
5352
5334
5353
5335
5354
5336
5355
5337
5356
5338
5357
5339
5358
5340
5359
5360
5342
5361
5343
5362
5344
5363
5345
5364
5346
5365
5347
5366
5348
5367
5349
5368
5350
5369
5351
5370
5352
5371
5353
5372
5354
5373
5355
5374
5356
5375
5357
5376
5358
5377
5359
5378
5360
5379
5380
5362
5381
5363
5382
5364
5383
5365
5384
5366
5385
5367
5386
5368
5387
5369
5388
5370
5389
5371
5390
5372
5391
5373
5392
5374
5393
5375
5394
5376
5395
5377
5396
5378
5397
5379
5398
5380
5399
5400
5382
5401
5383
5402
5384
5403
5385
5404
5386
5405
5387
5406
5388
5407
5389
5408
5390
5409
5391
5410
5392
5411
5393
5412
5394
5413
5395
5414
5396
5415
5397
5416
5398
5417
5399
5418
5400
5419
5420
5402
5421
5403
5422
5404
5423
5405
5424
5406
5425
5407
5426
5408
5427
5409
5428
5410
5429
5411
5430
5412
5431
5413
5414
5415
5416
5417
5418
5419
5420
5422
5432
5423
5433
5424
5434
5425
5435
5426
5436
5427
5437
5428
5438
5429
5439
5430
5440
5431
5433
5441
5434
5442
5435
5443
5436
5444
5437
5445
5438
5439
5440
5442
5446
5443
5447
5444
5448
5445
5447
5448
)


// ************************************************************************* //
