/*--------------------------------*- C++ -*----------------------------------*\
| =========                 |                                                 |
| \\      /  F ield         | OpenFOAM: The Open Source CFD Toolbox           |
|  \\    /   O peration     | Version:  2406                                  |
|   \\  /    A nd           | Website:  www.openfoam.com                      |
|    \\/     M anipulation  |                                                 |
\*---------------------------------------------------------------------------*/
FoamFile
{
    version     2.0;
    format      ascii;
    arch        "LSB;label=32;scalar=64";
    class       labelList;
    location    "constant/polyMesh";
    object      pointProcAddressing;
}
// * * * * * * * * * * * * * * * * * * * * * * * * * * * * * * * * * * * * * //


6578
(
51792
51793
51794
51795
51796
51797
51816
51817
51818
51819
51820
51821
51840
51841
51842
51843
51844
51845
51864
51865
51866
51867
51868
51869
51888
51889
51890
51891
51892
51893
51912
51913
51914
51915
51916
51917
51936
51937
51938
51939
51940
51941
51960
51961
51962
51963
51964
51965
51984
51985
51986
51987
51988
51989
52008
52009
52010
52011
52012
52013
52032
52033
52034
52035
52036
52037
52056
52057
52058
52059
52060
52061
52080
52081
52082
52083
52084
52085
52104
52105
52106
52107
52108
52109
52128
52129
52130
52131
52132
52133
52152
52153
52154
52155
52156
52157
52176
52177
52178
52179
52200
52201
52202
52203
52584
52585
52586
52587
52588
52589
52590
52591
52592
52608
52609
52610
52611
52612
52613
52614
52615
52616
52632
52633
52634
52635
52636
52637
52638
52639
52640
52656
52657
52658
52659
52660
52661
52662
52663
52664
52680
52681
52682
52683
52684
52685
52686
52687
52688
52704
52705
52706
52707
52708
52709
52710
52711
52712
52728
52729
52730
52731
52732
52733
52734
52735
52736
52752
52753
52754
52755
52756
52757
52758
52759
52760
52776
52777
52778
52779
52780
52781
52782
52783
52784
52800
52801
52802
52803
52804
52805
52806
52807
52808
52824
52825
52826
52827
52828
52829
52830
52831
52832
52848
52849
52850
52851
52852
52853
52854
52855
52856
52872
52873
52874
52875
52876
52877
52878
52879
52880
52896
52897
52898
52899
52900
52901
52902
52903
52904
52920
52921
52922
52923
52924
52925
52926
52927
52928
52944
52945
52946
52947
52948
52949
52950
52951
52952
52968
52969
52970
52971
52992
52993
52994
52995
53376
53377
53378
53379
53380
53381
53382
53383
53384
53400
53401
53402
53403
53404
53405
53406
53407
53408
53424
53425
53426
53427
53428
53429
53430
53431
53432
53448
53449
53450
53451
53452
53453
53454
53455
53456
53472
53473
53474
53475
53476
53477
53478
53479
53480
53496
53497
53498
53499
53500
53501
53502
53503
53504
53520
53521
53522
53523
53524
53525
53526
53527
53528
53544
53545
53546
53547
53548
53549
53550
53551
53552
53568
53569
53570
53571
53572
53573
53574
53575
53576
53592
53593
53594
53595
53596
53597
53598
53599
53600
53616
53617
53618
53619
53620
53621
53622
53623
53624
53640
53641
53642
53643
53644
53645
53646
53647
53648
53664
53665
53666
53667
53668
53669
53670
53671
53672
53688
53689
53690
53691
53692
53693
53694
53695
53696
53712
53713
53714
53715
53716
53717
53718
53719
53720
53736
53737
53738
53739
53740
53741
53742
53743
53744
53760
53761
53762
53763
53764
53765
53766
53767
53768
53784
53785
53786
53787
53788
53789
53790
53791
53792
53809
53810
53811
53812
53813
53814
53815
53816
53835
53836
53837
53838
53839
54168
54169
54170
54171
54172
54173
54174
54175
54176
54192
54193
54194
54195
54196
54197
54198
54199
54200
54216
54217
54218
54219
54220
54221
54222
54223
54224
54240
54241
54242
54243
54244
54245
54246
54247
54248
54264
54265
54266
54267
54268
54269
54270
54271
54272
54288
54289
54290
54291
54292
54293
54294
54295
54296
54312
54313
54314
54315
54316
54317
54318
54319
54320
54336
54337
54338
54339
54340
54341
54342
54343
54344
54360
54361
54362
54363
54364
54365
54366
54367
54368
54384
54385
54386
54387
54388
54389
54390
54391
54392
54408
54409
54410
54411
54412
54413
54414
54415
54416
54432
54433
54434
54435
54436
54437
54438
54439
54440
54456
54457
54458
54459
54460
54461
54462
54463
54464
54480
54481
54482
54483
54484
54485
54486
54487
54488
54504
54505
54506
54507
54508
54509
54510
54511
54512
54528
54529
54530
54531
54532
54533
54534
54535
54536
54552
54553
54554
54555
54556
54557
54558
54559
54560
54576
54577
54578
54579
54580
54581
54582
54583
54584
54601
54602
54603
54604
54605
54606
54607
54608
54627
54628
54629
54630
54631
54960
54961
54962
54963
54964
54965
54966
54967
54968
54984
54985
54986
54987
54988
54989
54990
54991
54992
55008
55009
55010
55011
55012
55013
55014
55015
55016
55032
55033
55034
55035
55036
55037
55038
55039
55040
55056
55057
55058
55059
55060
55061
55062
55063
55064
55080
55081
55082
55083
55084
55085
55086
55087
55088
55104
55105
55106
55107
55108
55109
55110
55111
55112
55128
55129
55130
55131
55132
55133
55134
55135
55136
55152
55153
55154
55155
55156
55157
55158
55159
55160
55176
55177
55178
55179
55180
55181
55182
55183
55184
55200
55201
55202
55203
55204
55205
55206
55207
55208
55224
55225
55226
55227
55228
55229
55230
55231
55232
55248
55249
55250
55251
55252
55253
55254
55255
55256
55272
55273
55274
55275
55276
55277
55278
55279
55280
55296
55297
55298
55299
55300
55301
55302
55303
55304
55320
55321
55322
55323
55324
55325
55326
55327
55328
55344
55345
55346
55347
55348
55349
55350
55351
55352
55368
55369
55370
55371
55372
55373
55374
55375
55376
55393
55394
55395
55396
55397
55398
55399
55400
55419
55420
55421
55422
55423
55752
55753
55754
55755
55756
55757
55758
55759
55760
55776
55777
55778
55779
55780
55781
55782
55783
55784
55800
55801
55802
55803
55804
55805
55806
55807
55808
55824
55825
55826
55827
55828
55829
55830
55831
55832
55848
55849
55850
55851
55852
55853
55854
55855
55856
55872
55873
55874
55875
55876
55877
55878
55879
55880
55896
55897
55898
55899
55900
55901
55902
55903
55904
55920
55921
55922
55923
55924
55925
55926
55927
55928
55944
55945
55946
55947
55948
55949
55950
55951
55952
55968
55969
55970
55971
55972
55973
55974
55975
55976
55992
55993
55994
55995
55996
55997
55998
55999
56000
56016
56017
56018
56019
56020
56021
56022
56023
56024
56040
56041
56042
56043
56044
56045
56046
56047
56048
56064
56065
56066
56067
56068
56069
56070
56071
56072
56088
56089
56090
56091
56092
56093
56094
56095
56096
56112
56113
56114
56115
56116
56117
56118
56119
56120
56136
56137
56138
56139
56140
56141
56142
56143
56144
56160
56161
56162
56163
56164
56165
56166
56167
56168
56185
56186
56187
56188
56189
56190
56191
56192
56211
56212
56213
56214
56215
56543
56544
56545
56546
56547
56548
56549
56550
56551
56552
56567
56568
56569
56570
56571
56572
56573
56574
56575
56576
56591
56592
56593
56594
56595
56596
56597
56598
56599
56600
56615
56616
56617
56618
56619
56620
56621
56622
56623
56624
56639
56640
56641
56642
56643
56644
56645
56646
56647
56648
56663
56664
56665
56666
56667
56668
56669
56670
56671
56672
56687
56688
56689
56690
56691
56692
56693
56694
56695
56696
56711
56712
56713
56714
56715
56716
56717
56718
56719
56720
56735
56736
56737
56738
56739
56740
56741
56742
56743
56744
56759
56760
56761
56762
56763
56764
56765
56766
56767
56768
56783
56784
56785
56786
56787
56788
56789
56790
56791
56792
56807
56808
56809
56810
56811
56812
56813
56814
56815
56816
56831
56832
56833
56834
56835
56836
56837
56838
56839
56840
56855
56856
56857
56858
56859
56860
56861
56862
56863
56864
56879
56880
56881
56882
56883
56884
56885
56886
56887
56888
56903
56904
56905
56906
56907
56908
56909
56910
56911
56912
56927
56928
56929
56930
56931
56932
56933
56934
56935
56936
56952
56953
56954
56955
56956
56957
56958
56959
56960
56977
56978
56979
56980
56981
56982
56983
56984
57003
57004
57005
57006
57007
57335
57336
57337
57338
57339
57340
57341
57342
57343
57344
57359
57360
57361
57362
57363
57364
57365
57366
57367
57368
57383
57384
57385
57386
57387
57388
57389
57390
57391
57392
57407
57408
57409
57410
57411
57412
57413
57414
57415
57416
57431
57432
57433
57434
57435
57436
57437
57438
57439
57440
57455
57456
57457
57458
57459
57460
57461
57462
57463
57464
57479
57480
57481
57482
57483
57484
57485
57486
57487
57488
57503
57504
57505
57506
57507
57508
57509
57510
57511
57512
57527
57528
57529
57530
57531
57532
57533
57534
57535
57536
57551
57552
57553
57554
57555
57556
57557
57558
57559
57560
57575
57576
57577
57578
57579
57580
57581
57582
57583
57584
57599
57600
57601
57602
57603
57604
57605
57606
57607
57608
57623
57624
57625
57626
57627
57628
57629
57630
57631
57632
57647
57648
57649
57650
57651
57652
57653
57654
57655
57656
57671
57672
57673
57674
57675
57676
57677
57678
57679
57680
57695
57696
57697
57698
57699
57700
57701
57702
57703
57704
57719
57720
57721
57722
57723
57724
57725
57726
57727
57728
57744
57745
57746
57747
57748
57749
57750
57751
57752
57769
57770
57771
57772
57773
57774
57775
57776
57795
57796
57797
57798
57799
58127
58128
58129
58130
58131
58132
58133
58134
58135
58136
58151
58152
58153
58154
58155
58156
58157
58158
58159
58160
58175
58176
58177
58178
58179
58180
58181
58182
58183
58184
58199
58200
58201
58202
58203
58204
58205
58206
58207
58208
58223
58224
58225
58226
58227
58228
58229
58230
58231
58232
58247
58248
58249
58250
58251
58252
58253
58254
58255
58256
58271
58272
58273
58274
58275
58276
58277
58278
58279
58280
58295
58296
58297
58298
58299
58300
58301
58302
58303
58304
58319
58320
58321
58322
58323
58324
58325
58326
58327
58328
58343
58344
58345
58346
58347
58348
58349
58350
58351
58352
58367
58368
58369
58370
58371
58372
58373
58374
58375
58376
58391
58392
58393
58394
58395
58396
58397
58398
58399
58400
58415
58416
58417
58418
58419
58420
58421
58422
58423
58424
58439
58440
58441
58442
58443
58444
58445
58446
58447
58448
58463
58464
58465
58466
58467
58468
58469
58470
58471
58472
58487
58488
58489
58490
58491
58492
58493
58494
58495
58496
58511
58512
58513
58514
58515
58516
58517
58518
58519
58520
58536
58537
58538
58539
58540
58541
58542
58543
58544
58561
58562
58563
58564
58565
58566
58567
58568
58587
58588
58589
58590
58591
67485
67486
67505
67506
67525
67526
67545
67546
67565
67566
67585
67586
67605
67606
67625
67626
67645
67646
67665
67666
67685
67686
67705
67706
67725
67726
67745
67746
67765
67766
67785
67786
68145
68146
68147
68148
68149
68150
68165
68166
68167
68168
68169
68170
68185
68186
68187
68188
68189
68190
68205
68206
68207
68208
68209
68210
68225
68226
68227
68228
68229
68230
68245
68246
68247
68248
68249
68250
68265
68266
68267
68268
68269
68270
68285
68286
68287
68288
68289
68290
68305
68306
68307
68308
68309
68310
68325
68326
68327
68328
68329
68330
68345
68346
68347
68348
68349
68350
68365
68366
68367
68368
68369
68370
68385
68386
68387
68388
68389
68390
68405
68406
68407
68408
68409
68410
68425
68426
68427
68428
68429
68430
68445
68446
68447
68448
68449
68450
68465
68466
68467
68468
68469
68470
68485
68486
68487
68488
68489
68505
68506
68507
68805
68806
68807
68808
68809
68810
68811
68812
68825
68826
68827
68828
68829
68830
68831
68832
68845
68846
68847
68848
68849
68850
68851
68852
68865
68866
68867
68868
68869
68870
68871
68872
68885
68886
68887
68888
68889
68890
68891
68892
68905
68906
68907
68908
68909
68910
68911
68912
68925
68926
68927
68928
68929
68930
68931
68932
68945
68946
68947
68948
68949
68950
68951
68952
68965
68966
68967
68968
68969
68970
68971
68972
68985
68986
68987
68988
68989
68990
68991
68992
69005
69006
69007
69008
69009
69010
69011
69012
69025
69026
69027
69028
69029
69030
69031
69032
69045
69046
69047
69048
69049
69050
69051
69052
69065
69066
69067
69068
69069
69070
69071
69072
69085
69086
69087
69088
69089
69090
69091
69092
69105
69106
69107
69108
69109
69110
69111
69112
69125
69126
69127
69128
69129
69130
69131
69132
69145
69146
69147
69148
69149
69165
69166
69167
69465
69466
69467
69468
69469
69470
69471
69472
69473
69474
69475
69476
69477
69478
69479
69480
69481
69482
69483
69484
69485
69486
69487
69488
69489
69490
69491
69492
69493
69494
69495
69496
69497
69498
69499
69500
69501
69502
69503
69504
69505
69506
69507
69508
69509
69510
69511
69512
69513
69514
69515
69516
69517
69518
69519
69520
69521
69522
69523
69524
69525
69526
69527
69528
69529
69530
69531
69532
69533
69534
69535
69536
69537
69538
69539
69540
69541
69542
69543
69544
69545
69546
69547
69548
69549
69550
69551
69552
69553
69554
69555
69556
69557
69558
69559
69560
69561
69562
69563
69564
69565
69566
69567
69568
69569
69570
69571
69572
69573
69574
69575
69576
69577
69578
69579
69580
69581
69582
69583
69584
69585
69586
69587
69588
69589
69590
69591
69592
69593
69594
69595
69596
69597
69598
69599
69600
69601
69602
69603
69604
69605
69606
69607
69608
69609
69610
69611
69612
69613
69614
69615
69616
69617
69618
69619
69620
69621
69622
69623
69624
69625
69626
69627
69628
69629
69630
69631
69632
69633
69634
69635
69636
69637
69638
69639
69640
69641
69642
69643
69644
69645
69646
69647
69648
69649
69650
69651
69652
69653
69654
69655
69656
69657
69658
69659
69660
69661
69662
69663
69664
69665
69666
69667
69668
69669
69670
69671
69672
69673
69674
69675
69676
69677
69678
69679
69680
69681
69682
69683
69684
69685
69686
69687
69688
69689
69690
69691
69692
69693
69694
69695
69696
69697
69698
69699
69700
69701
69702
69703
69704
69705
69706
69707
69708
69709
69710
69711
69712
69713
69714
69715
69716
69717
69718
69719
69720
69721
69722
69723
69724
69725
69726
69727
69728
69729
69730
69731
69732
69733
69734
69735
69736
69737
69738
69739
69740
69741
69742
69743
69744
69745
69746
69747
69748
69749
69750
69751
69752
69753
69754
69755
69756
69757
69758
69759
69760
69761
69762
69763
69764
69765
69766
69767
69768
69769
69770
69771
69772
69773
69774
69775
69785
69786
69787
69788
69789
69790
69791
69792
69793
69805
69806
69807
69808
69809
69825
69826
69827
70125
70126
70127
70128
70129
70130
70131
70132
70133
70134
70135
70136
70137
70138
70139
70140
70141
70142
70143
70144
70145
70146
70147
70148
70149
70150
70151
70152
70153
70154
70155
70156
70157
70158
70159
70160
70161
70162
70163
70164
70165
70166
70167
70168
70169
70170
70171
70172
70173
70174
70175
70176
70177
70178
70179
70180
70181
70182
70183
70184
70185
70186
70187
70188
70189
70190
70191
70192
70193
70194
70195
70196
70197
70198
70199
70200
70201
70202
70203
70204
70205
70206
70207
70208
70209
70210
70211
70212
70213
70214
70215
70216
70217
70218
70219
70220
70221
70222
70223
70224
70225
70226
70227
70228
70229
70230
70231
70232
70233
70234
70235
70236
70237
70238
70239
70240
70241
70242
70243
70244
70245
70246
70247
70248
70249
70250
70251
70252
70253
70254
70255
70256
70257
70258
70259
70260
70261
70262
70263
70264
70265
70266
70267
70268
70269
70270
70271
70272
70273
70274
70275
70276
70277
70278
70279
70280
70281
70282
70283
70284
70285
70286
70287
70288
70289
70290
70291
70292
70293
70294
70295
70296
70297
70298
70299
70300
70301
70302
70303
70304
70305
70306
70307
70308
70309
70310
70311
70312
70313
70314
70315
70316
70317
70318
70319
70320
70321
70322
70323
70324
70325
70326
70327
70328
70329
70330
70331
70332
70333
70334
70335
70336
70337
70338
70339
70340
70341
70342
70343
70344
70345
70346
70347
70348
70349
70350
70351
70352
70353
70354
70355
70356
70357
70358
70359
70360
70361
70362
70363
70364
70365
70366
70367
70368
70369
70370
70371
70372
70373
70374
70375
70376
70377
70378
70379
70380
70381
70382
70383
70384
70385
70386
70387
70388
70389
70390
70391
70392
70393
70394
70395
70396
70397
70398
70399
70400
70401
70402
70403
70404
70405
70406
70407
70408
70409
70410
70411
70412
70413
70414
70415
70416
70417
70418
70419
70420
70421
70422
70423
70424
70425
70426
70427
70428
70429
70430
70431
70432
70433
70434
70435
70445
70446
70447
70448
70449
70450
70451
70452
70453
70465
70466
70467
70468
70469
70485
70486
70487
70785
70786
70787
70788
70789
70790
70791
70792
70793
70794
70795
70796
70797
70798
70799
70800
70801
70802
70803
70804
70805
70806
70807
70808
70809
70810
70811
70812
70813
70814
70815
70816
70817
70818
70819
70820
70821
70822
70823
70824
70825
70826
70827
70828
70829
70830
70831
70832
70833
70834
70835
70836
70837
70838
70839
70840
70841
70842
70843
70844
70845
70846
70847
70848
70849
70850
70851
70852
70853
70854
70855
70856
70857
70858
70859
70860
70861
70862
70863
70864
70865
70866
70867
70868
70869
70870
70871
70872
70873
70874
70875
70876
70877
70878
70879
70880
70881
70882
70883
70884
70885
70886
70887
70888
70889
70890
70891
70892
70893
70894
70895
70896
70897
70898
70899
70900
70901
70902
70903
70904
70905
70906
70907
70908
70909
70910
70911
70912
70913
70914
70915
70916
70917
70918
70919
70920
70921
70922
70923
70924
70925
70926
70927
70928
70929
70930
70931
70932
70933
70934
70935
70936
70937
70938
70939
70940
70941
70942
70943
70944
70945
70946
70947
70948
70949
70950
70951
70952
70953
70954
70955
70956
70957
70958
70959
70960
70961
70962
70963
70964
70965
70966
70967
70968
70969
70970
70971
70972
70973
70974
70975
70976
70977
70978
70979
70980
70981
70982
70983
70984
70985
70986
70987
70988
70989
70990
70991
70992
70993
70994
70995
70996
70997
70998
70999
71000
71001
71002
71003
71004
71005
71006
71007
71008
71009
71010
71011
71012
71013
71014
71015
71016
71017
71018
71019
71020
71021
71022
71023
71024
71025
71026
71027
71028
71029
71030
71031
71032
71033
71034
71035
71036
71037
71038
71039
71040
71041
71042
71043
71044
71045
71046
71047
71048
71049
71050
71051
71052
71053
71054
71055
71056
71057
71058
71059
71060
71061
71062
71063
71064
71065
71066
71067
71068
71069
71070
71071
71072
71073
71074
71075
71076
71077
71078
71079
71080
71081
71082
71083
71084
71085
71086
71087
71088
71089
71090
71091
71092
71093
71094
71095
71105
71106
71107
71108
71109
71110
71111
71112
71113
71125
71126
71127
71128
71129
71145
71146
71147
71445
71446
71447
71448
71449
71450
71451
71452
71453
71454
71455
71456
71457
71458
71459
71460
71461
71462
71463
71464
71465
71466
71467
71468
71469
71470
71471
71472
71473
71474
71475
71476
71477
71478
71479
71480
71481
71482
71483
71484
71485
71486
71487
71488
71489
71490
71491
71492
71493
71494
71495
71496
71497
71498
71499
71500
71501
71502
71503
71504
71505
71506
71507
71508
71509
71510
71511
71512
71513
71514
71515
71516
71517
71518
71519
71520
71521
71522
71523
71524
71525
71526
71527
71528
71529
71530
71531
71532
71533
71534
71535
71536
71537
71538
71539
71540
71541
71542
71543
71544
71545
71546
71547
71548
71549
71550
71551
71552
71553
71554
71555
71556
71557
71558
71559
71560
71561
71562
71563
71564
71565
71566
71567
71568
71569
71570
71571
71572
71573
71574
71575
71576
71577
71578
71579
71580
71581
71582
71583
71584
71585
71586
71587
71588
71589
71590
71591
71592
71593
71594
71595
71596
71597
71598
71599
71600
71601
71602
71603
71604
71605
71606
71607
71608
71609
71610
71611
71612
71613
71614
71615
71616
71617
71618
71619
71620
71621
71622
71623
71624
71625
71626
71627
71628
71629
71630
71631
71632
71633
71634
71635
71636
71637
71638
71639
71640
71641
71642
71643
71644
71645
71646
71647
71648
71649
71650
71651
71652
71653
71654
71655
71656
71657
71658
71659
71660
71661
71662
71663
71664
71665
71666
71667
71668
71669
71670
71671
71672
71673
71674
71675
71676
71677
71678
71679
71680
71681
71682
71683
71684
71685
71686
71687
71688
71689
71690
71691
71692
71693
71694
71695
71696
71697
71698
71699
71700
71701
71702
71703
71704
71705
71706
71707
71708
71709
71710
71711
71712
71713
71714
71715
71716
71717
71718
71719
71720
71721
71722
71723
71724
71725
71726
71727
71728
71729
71730
71731
71732
71733
71734
71735
71736
71737
71738
71739
71740
71741
71742
71743
71744
71745
71746
71747
71748
71749
71750
71751
71752
71753
71754
71755
71765
71766
71767
71768
71769
71770
71771
71772
71773
71785
71786
71787
71788
71789
71805
71806
71807
72105
72106
72107
72108
72109
72110
72111
72112
72113
72114
72115
72116
72117
72118
72119
72120
72121
72122
72123
72124
72125
72126
72127
72128
72129
72130
72131
72132
72133
72134
72135
72136
72137
72138
72139
72140
72141
72142
72143
72144
72145
72146
72147
72148
72149
72150
72151
72152
72153
72154
72155
72156
72157
72158
72159
72160
72161
72162
72163
72164
72165
72166
72167
72168
72169
72170
72171
72172
72173
72174
72175
72176
72177
72178
72179
72180
72181
72182
72183
72184
72185
72186
72187
72188
72189
72190
72191
72192
72193
72194
72195
72196
72197
72198
72199
72200
72201
72202
72203
72204
72205
72206
72207
72208
72209
72210
72211
72212
72213
72214
72215
72216
72217
72218
72219
72220
72221
72222
72223
72224
72225
72226
72227
72228
72229
72230
72231
72232
72233
72234
72235
72236
72237
72238
72239
72240
72241
72242
72243
72244
72245
72246
72247
72248
72249
72250
72251
72252
72253
72254
72255
72256
72257
72258
72259
72260
72261
72262
72263
72264
72265
72266
72267
72268
72269
72270
72271
72272
72273
72274
72275
72276
72277
72278
72279
72280
72281
72282
72283
72284
72285
72286
72287
72288
72289
72290
72291
72292
72293
72294
72295
72296
72297
72298
72299
72300
72301
72302
72303
72304
72305
72306
72307
72308
72309
72310
72311
72312
72313
72314
72315
72316
72317
72318
72319
72320
72321
72322
72323
72324
72325
72326
72327
72328
72329
72330
72331
72332
72333
72334
72335
72336
72337
72338
72339
72340
72341
72342
72343
72344
72345
72346
72347
72348
72349
72350
72351
72352
72353
72354
72355
72356
72357
72358
72359
72360
72361
72362
72363
72364
72365
72366
72367
72368
72369
72370
72371
72372
72373
72374
72375
72376
72377
72378
72379
72380
72381
72382
72383
72384
72385
72386
72387
72388
72389
72390
72391
72392
72393
72394
72395
72396
72397
72398
72399
72400
72401
72402
72403
72404
72405
72406
72407
72408
72409
72410
72411
72412
72413
72414
72415
72425
72426
72427
72428
72429
72430
72431
72432
72433
72445
72446
72447
72448
72449
72465
72466
72467
84857
84858
84859
84860
84861
84862
84863
84864
84865
84866
84881
84882
84883
84884
84885
84886
84887
84888
84889
84890
84905
84906
84907
84908
84909
84910
84911
84912
84913
84914
84929
84930
84931
84932
84933
84934
84935
84936
84937
84938
84953
84954
84955
84956
84957
84958
84959
84960
84961
84962
84977
84978
84979
84980
84981
84982
84983
84984
84985
84986
85001
85002
85003
85004
85005
85006
85007
85008
85009
85010
85025
85026
85027
85028
85029
85030
85031
85032
85033
85034
85049
85050
85051
85052
85053
85054
85055
85056
85057
85058
85073
85074
85075
85076
85077
85078
85079
85080
85081
85082
85097
85098
85099
85100
85101
85102
85103
85104
85105
85106
85121
85122
85123
85124
85125
85126
85127
85128
85129
85130
85145
85146
85147
85148
85149
85150
85151
85152
85153
85154
85169
85170
85171
85172
85173
85174
85175
85176
85177
85178
85193
85194
85195
85196
85197
85198
85199
85200
85201
85202
85217
85218
85219
85220
85221
85222
85223
85224
85225
85226
85241
85242
85243
85244
85245
85246
85247
85248
85249
85250
85266
85267
85268
85269
85270
85271
85272
85273
85274
85291
85292
85293
85294
85295
85296
85297
85298
85317
85318
85319
85320
85321
85649
85650
85651
85652
85653
85654
85655
85656
85657
85658
85673
85674
85675
85676
85677
85678
85679
85680
85681
85682
85697
85698
85699
85700
85701
85702
85703
85704
85705
85706
85721
85722
85723
85724
85725
85726
85727
85728
85729
85730
85745
85746
85747
85748
85749
85750
85751
85752
85753
85754
85769
85770
85771
85772
85773
85774
85775
85776
85777
85778
85793
85794
85795
85796
85797
85798
85799
85800
85801
85802
85817
85818
85819
85820
85821
85822
85823
85824
85825
85826
85841
85842
85843
85844
85845
85846
85847
85848
85849
85850
85865
85866
85867
85868
85869
85870
85871
85872
85873
85874
85889
85890
85891
85892
85893
85894
85895
85896
85897
85898
85913
85914
85915
85916
85917
85918
85919
85920
85921
85922
85937
85938
85939
85940
85941
85942
85943
85944
85945
85946
85961
85962
85963
85964
85965
85966
85967
85968
85969
85970
85985
85986
85987
85988
85989
85990
85991
85992
85993
85994
86009
86010
86011
86012
86013
86014
86015
86016
86017
86018
86033
86034
86035
86036
86037
86038
86039
86040
86041
86042
86058
86059
86060
86061
86062
86063
86064
86065
86066
86083
86084
86085
86086
86087
86088
86089
86090
86109
86110
86111
86112
86113
86441
86442
86443
86444
86445
86446
86447
86448
86449
86450
86465
86466
86467
86468
86469
86470
86471
86472
86473
86474
86489
86490
86491
86492
86493
86494
86495
86496
86497
86498
86513
86514
86515
86516
86517
86518
86519
86520
86521
86522
86537
86538
86539
86540
86541
86542
86543
86544
86545
86546
86561
86562
86563
86564
86565
86566
86567
86568
86569
86570
86585
86586
86587
86588
86589
86590
86591
86592
86593
86594
86609
86610
86611
86612
86613
86614
86615
86616
86617
86618
86633
86634
86635
86636
86637
86638
86639
86640
86641
86642
86657
86658
86659
86660
86661
86662
86663
86664
86665
86666
86681
86682
86683
86684
86685
86686
86687
86688
86689
86690
86705
86706
86707
86708
86709
86710
86711
86712
86713
86714
86729
86730
86731
86732
86733
86734
86735
86736
86737
86738
86753
86754
86755
86756
86757
86758
86759
86760
86761
86762
86777
86778
86779
86780
86781
86782
86783
86784
86785
86786
86801
86802
86803
86804
86805
86806
86807
86808
86809
86810
86825
86826
86827
86828
86829
86830
86831
86832
86833
86834
86850
86851
86852
86853
86854
86855
86856
86857
86858
86875
86876
86877
86878
86879
86880
86881
86882
86901
86902
86903
86904
86905
87233
87234
87235
87236
87237
87238
87239
87240
87241
87242
87257
87258
87259
87260
87261
87262
87263
87264
87265
87266
87281
87282
87283
87284
87285
87286
87287
87288
87289
87290
87305
87306
87307
87308
87309
87310
87311
87312
87313
87314
87329
87330
87331
87332
87333
87334
87335
87336
87337
87338
87353
87354
87355
87356
87357
87358
87359
87360
87361
87362
87377
87378
87379
87380
87381
87382
87383
87384
87385
87386
87401
87402
87403
87404
87405
87406
87407
87408
87409
87410
87425
87426
87427
87428
87429
87430
87431
87432
87433
87434
87449
87450
87451
87452
87453
87454
87455
87456
87457
87458
87473
87474
87475
87476
87477
87478
87479
87480
87481
87482
87497
87498
87499
87500
87501
87502
87503
87504
87505
87506
87521
87522
87523
87524
87525
87526
87527
87528
87529
87530
87545
87546
87547
87548
87549
87550
87551
87552
87553
87554
87569
87570
87571
87572
87573
87574
87575
87576
87577
87578
87593
87594
87595
87596
87597
87598
87599
87600
87601
87602
87617
87618
87619
87620
87621
87622
87623
87624
87625
87626
87642
87643
87644
87645
87646
87647
87648
87649
87650
87667
87668
87669
87670
87671
87672
87673
87674
87693
87694
87695
87696
87697
88025
88026
88027
88028
88029
88030
88031
88032
88033
88034
88049
88050
88051
88052
88053
88054
88055
88056
88057
88058
88073
88074
88075
88076
88077
88078
88079
88080
88081
88082
88097
88098
88099
88100
88101
88102
88103
88104
88105
88106
88121
88122
88123
88124
88125
88126
88127
88128
88129
88130
88145
88146
88147
88148
88149
88150
88151
88152
88153
88154
88169
88170
88171
88172
88173
88174
88175
88176
88177
88178
88193
88194
88195
88196
88197
88198
88199
88200
88201
88202
88217
88218
88219
88220
88221
88222
88223
88224
88225
88226
88241
88242
88243
88244
88245
88246
88247
88248
88249
88250
88265
88266
88267
88268
88269
88270
88271
88272
88273
88274
88289
88290
88291
88292
88293
88294
88295
88296
88297
88298
88313
88314
88315
88316
88317
88318
88319
88320
88321
88322
88337
88338
88339
88340
88341
88342
88343
88344
88345
88346
88361
88362
88363
88364
88365
88366
88367
88368
88369
88370
88385
88386
88387
88388
88389
88390
88391
88392
88393
88394
88409
88410
88411
88412
88413
88414
88415
88416
88417
88418
88434
88435
88436
88437
88438
88439
88440
88441
88442
88459
88460
88461
88462
88463
88464
88465
88466
88485
88486
88487
88488
88489
88817
88818
88819
88820
88821
88822
88823
88824
88825
88826
88841
88842
88843
88844
88845
88846
88847
88848
88849
88850
88865
88866
88867
88868
88869
88870
88871
88872
88873
88874
88889
88890
88891
88892
88893
88894
88895
88896
88897
88898
88913
88914
88915
88916
88917
88918
88919
88920
88921
88922
88937
88938
88939
88940
88941
88942
88943
88944
88945
88946
88961
88962
88963
88964
88965
88966
88967
88968
88969
88970
88985
88986
88987
88988
88989
88990
88991
88992
88993
88994
89009
89010
89011
89012
89013
89014
89015
89016
89017
89018
89033
89034
89035
89036
89037
89038
89039
89040
89041
89042
89057
89058
89059
89060
89061
89062
89063
89064
89065
89066
89081
89082
89083
89084
89085
89086
89087
89088
89089
89090
89105
89106
89107
89108
89109
89110
89111
89112
89113
89114
89129
89130
89131
89132
89133
89134
89135
89136
89137
89138
89153
89154
89155
89156
89157
89158
89159
89160
89161
89162
89177
89178
89179
89180
89181
89182
89183
89184
89185
89186
89201
89202
89203
89204
89205
89206
89207
89208
89209
89210
89226
89227
89228
89229
89230
89231
89232
89233
89234
89251
89252
89253
89254
89255
89256
89257
89258
89277
89278
89279
89280
89281
89595
89596
89597
89598
89599
89600
89601
89602
89603
89604
89605
89606
89607
89608
89609
89610
89611
89612
89613
89614
89615
89616
89617
89618
89619
89620
89621
89622
89623
89624
89625
89626
89627
89628
89629
89630
89631
89632
89633
89634
89635
89636
89637
89638
89639
89640
89641
89642
89643
89644
89645
89646
89647
89648
89649
89650
89651
89652
89653
89654
89655
89656
89657
89658
89659
89660
89661
89662
89663
89664
89665
89666
89667
89668
89669
89670
89671
89672
89673
89674
89675
89676
89677
89678
89679
89680
89681
89682
89683
89684
89685
89686
89687
89688
89689
89690
89691
89692
89693
89694
89695
89696
89697
89698
89699
89700
89701
89702
89703
89704
89705
89706
89707
89708
89709
89710
89711
89712
89713
89714
89715
89716
89717
89718
89719
89720
89721
89722
89723
89724
89725
89726
89727
89728
89729
89730
89731
89732
89733
89734
89735
89736
89737
89738
89739
89740
89741
89742
89743
89744
89745
89746
89747
89748
89749
89750
89751
89752
89753
89754
89755
89756
89757
89758
89759
89760
89761
89762
89763
89764
89765
89766
89767
89768
89769
89770
89771
89772
89773
89774
89775
89776
89777
89778
89779
89780
89781
89782
89783
89784
89785
89786
89787
89788
89789
89790
89791
89792
89793
89794
89795
89796
89797
89798
89799
89800
89801
89802
89803
89804
89805
89806
89807
89808
89809
89810
89811
89812
89813
89814
89815
89816
89817
89818
89819
89820
89821
89822
89823
89824
89825
89826
89827
89828
89829
89830
89831
89832
89833
89834
89835
89836
89837
89838
89839
89840
89841
89842
89843
89844
89845
89846
89847
89848
89849
89850
89851
89852
89853
89854
89855
89856
89857
89858
89859
89860
89861
89862
89863
89864
89865
89866
89867
89868
89869
89870
89871
89872
89873
89874
89875
89876
89877
89878
89879
89880
89881
89882
89883
89884
89885
89886
89887
89888
89889
89890
89891
89892
89893
89894
89895
89896
89897
89898
89899
89900
89901
89902
89903
89904
89905
89915
89916
89917
89918
89919
89920
89921
89922
89923
89935
89936
89937
89938
89939
89955
89956
89957
90255
90256
90257
90258
90259
90260
90261
90262
90263
90264
90265
90266
90267
90268
90269
90270
90271
90272
90273
90274
90275
90276
90277
90278
90279
90280
90281
90282
90283
90284
90285
90286
90287
90288
90289
90290
90291
90292
90293
90294
90295
90296
90297
90298
90299
90300
90301
90302
90303
90304
90305
90306
90307
90308
90309
90310
90311
90312
90313
90314
90315
90316
90317
90318
90319
90320
90321
90322
90323
90324
90325
90326
90327
90328
90329
90330
90331
90332
90333
90334
90335
90336
90337
90338
90339
90340
90341
90342
90343
90344
90345
90346
90347
90348
90349
90350
90351
90352
90353
90354
90355
90356
90357
90358
90359
90360
90361
90362
90363
90364
90365
90366
90367
90368
90369
90370
90371
90372
90373
90374
90375
90376
90377
90378
90379
90380
90381
90382
90383
90384
90385
90386
90387
90388
90389
90390
90391
90392
90393
90394
90395
90396
90397
90398
90399
90400
90401
90402
90403
90404
90405
90406
90407
90408
90409
90410
90411
90412
90413
90414
90415
90416
90417
90418
90419
90420
90421
90422
90423
90424
90425
90426
90427
90428
90429
90430
90431
90432
90433
90434
90435
90436
90437
90438
90439
90440
90441
90442
90443
90444
90445
90446
90447
90448
90449
90450
90451
90452
90453
90454
90455
90456
90457
90458
90459
90460
90461
90462
90463
90464
90465
90466
90467
90468
90469
90470
90471
90472
90473
90474
90475
90476
90477
90478
90479
90480
90481
90482
90483
90484
90485
90486
90487
90488
90489
90490
90491
90492
90493
90494
90495
90496
90497
90498
90499
90500
90501
90502
90503
90504
90505
90506
90507
90508
90509
90510
90511
90512
90513
90514
90515
90516
90517
90518
90519
90520
90521
90522
90523
90524
90525
90526
90527
90528
90529
90530
90531
90532
90533
90534
90535
90536
90537
90538
90539
90540
90541
90542
90543
90544
90545
90546
90547
90548
90549
90550
90551
90552
90553
90554
90555
90556
90557
90558
90559
90560
90561
90562
90563
90564
90565
90575
90576
90577
90578
90579
90580
90581
90582
90583
90595
90596
90597
90598
90599
90615
90616
90617
90915
90916
90917
90918
90919
90920
90921
90922
90923
90924
90925
90926
90927
90928
90929
90930
90931
90932
90933
90934
90935
90936
90937
90938
90939
90940
90941
90942
90943
90944
90945
90946
90947
90948
90949
90950
90951
90952
90953
90954
90955
90956
90957
90958
90959
90960
90961
90962
90963
90964
90965
90966
90967
90968
90969
90970
90971
90972
90973
90974
90975
90976
90977
90978
90979
90980
90981
90982
90983
90984
90985
90986
90987
90988
90989
90990
90991
90992
90993
90994
90995
90996
90997
90998
90999
91000
91001
91002
91003
91004
91005
91006
91007
91008
91009
91010
91011
91012
91013
91014
91015
91016
91017
91018
91019
91020
91021
91022
91023
91024
91025
91026
91027
91028
91029
91030
91031
91032
91033
91034
91035
91036
91037
91038
91039
91040
91041
91042
91043
91044
91045
91046
91047
91048
91049
91050
91051
91052
91053
91054
91055
91056
91057
91058
91059
91060
91061
91062
91063
91064
91065
91066
91067
91068
91069
91070
91071
91072
91073
91074
91075
91076
91077
91078
91079
91080
91081
91082
91083
91084
91085
91086
91087
91088
91089
91090
91091
91092
91093
91094
91095
91096
91097
91098
91099
91100
91101
91102
91103
91104
91105
91106
91107
91108
91109
91110
91111
91112
91113
91114
91115
91116
91117
91118
91119
91120
91121
91122
91123
91124
91125
91126
91127
91128
91129
91130
91131
91132
91133
91134
91135
91136
91137
91138
91139
91140
91141
91142
91143
91144
91145
91146
91147
91148
91149
91150
91151
91152
91153
91154
91155
91156
91157
91158
91159
91160
91161
91162
91163
91164
91165
91166
91167
91168
91169
91170
91171
91172
91173
91174
91175
91176
91177
91178
91179
91180
91181
91182
91183
91184
91185
91186
91187
91188
91189
91190
91191
91192
91193
91194
91195
91196
91197
91198
91199
91200
91201
91202
91203
91204
91205
91206
91207
91208
91209
91210
91211
91212
91213
91214
91215
91216
91217
91218
91219
91220
91221
91222
91223
91224
91225
91235
91236
91237
91238
91239
91240
91241
91242
91243
91255
91256
91257
91258
91259
91275
91276
91277
91575
91576
91577
91578
91579
91580
91581
91582
91583
91584
91585
91586
91587
91588
91589
91590
91591
91592
91593
91594
91595
91596
91597
91598
91599
91600
91601
91602
91603
91604
91605
91606
91607
91608
91609
91610
91611
91612
91613
91614
91615
91616
91617
91618
91619
91620
91621
91622
91623
91624
91625
91626
91627
91628
91629
91630
91631
91632
91633
91634
91635
91636
91637
91638
91639
91640
91641
91642
91643
91644
91645
91646
91647
91648
91649
91650
91651
91652
91653
91654
91655
91656
91657
91658
91659
91660
91661
91662
91663
91664
91665
91666
91667
91668
91669
91670
91671
91672
91673
91674
91675
91676
91677
91678
91679
91680
91681
91682
91683
91684
91685
91686
91687
91688
91689
91690
91691
91692
91693
91694
91695
91696
91697
91698
91699
91700
91701
91702
91703
91704
91705
91706
91707
91708
91709
91710
91711
91712
91713
91714
91715
91716
91717
91718
91719
91720
91721
91722
91723
91724
91725
91726
91727
91728
91729
91730
91731
91732
91733
91734
91735
91736
91737
91738
91739
91740
91741
91742
91743
91744
91745
91746
91747
91748
91749
91750
91751
91752
91753
91754
91755
91756
91757
91758
91759
91760
91761
91762
91763
91764
91765
91766
91767
91768
91769
91770
91771
91772
91773
91774
91775
91776
91777
91778
91779
91780
91781
91782
91783
91784
91785
91786
91787
91788
91789
91790
91791
91792
91793
91794
91795
91796
91797
91798
91799
91800
91801
91802
91803
91804
91805
91806
91807
91808
91809
91810
91811
91812
91813
91814
91815
91816
91817
91818
91819
91820
91821
91822
91823
91824
91825
91826
91827
91828
91829
91830
91831
91832
91833
91834
91835
91836
91837
91838
91839
91840
91841
91842
91843
91844
91845
91846
91847
91848
91849
91850
91851
91852
91853
91854
91855
91856
91857
91858
91859
91860
91861
91862
91863
91864
91865
91866
91867
91868
91869
91870
91871
91872
91873
91874
91875
91876
91877
91878
91879
91880
91881
91882
91883
91884
91885
91895
91896
91897
91898
91899
91900
91901
91902
91903
91915
91916
91917
91918
91919
91935
91936
91937
92235
92236
92237
92238
92239
92240
92241
92242
92243
92244
92245
92246
92247
92248
92249
92250
92251
92252
92253
92254
92255
92256
92257
92258
92259
92260
92261
92262
92263
92264
92265
92266
92267
92268
92269
92270
92271
92272
92273
92274
92275
92276
92277
92278
92279
92280
92281
92282
92283
92284
92285
92286
92287
92288
92289
92290
92291
92292
92293
92294
92295
92296
92297
92298
92299
92300
92301
92302
92303
92304
92305
92306
92307
92308
92309
92310
92311
92312
92313
92314
92315
92316
92317
92318
92319
92320
92321
92322
92323
92324
92325
92326
92327
92328
92329
92330
92331
92332
92333
92334
92335
92336
92337
92338
92339
92340
92341
92342
92343
92344
92345
92346
92347
92348
92349
92350
92351
92352
92353
92354
92355
92356
92357
92358
92359
92360
92361
92362
92363
92364
92365
92366
92367
92368
92369
92370
92371
92372
92373
92374
92375
92376
92377
92378
92379
92380
92381
92382
92383
92384
92385
92386
92387
92388
92389
92390
92391
92392
92393
92394
92395
92396
92397
92398
92399
92400
92401
92402
92403
92404
92405
92406
92407
92408
92409
92410
92411
92412
92413
92414
92415
92416
92417
92418
92419
92420
92421
92422
92423
92424
92425
92426
92427
92428
92429
92430
92431
92432
92433
92434
92435
92436
92437
92438
92439
92440
92441
92442
92443
92444
92445
92446
92447
92448
92449
92450
92451
92452
92453
92454
92455
92456
92457
92458
92459
92460
92461
92462
92463
92464
92465
92466
92467
92468
92469
92470
92471
92472
92473
92474
92475
92476
92477
92478
92479
92480
92481
92482
92483
92484
92485
92486
92487
92488
92489
92490
92491
92492
92493
92494
92495
92496
92497
92498
92499
92500
92501
92502
92503
92504
92505
92506
92507
92508
92509
92510
92511
92512
92513
92514
92515
92516
92517
92518
92519
92520
92521
92522
92523
92524
92525
92526
92527
92528
92529
92530
92531
92532
92533
92534
92535
92536
92537
92538
92539
92540
92541
92542
92543
92544
92545
92555
92556
92557
92558
92559
92560
92561
92562
92563
92575
92576
92577
92578
92579
92595
92596
92597
92895
92896
92897
92898
92899
92900
92901
92902
92903
92904
92905
92906
92907
92908
92909
92910
92911
92912
92913
92914
92915
92916
92917
92918
92919
92920
92921
92922
92923
92924
92925
92926
92927
92928
92929
92930
92931
92932
92933
92934
92935
92936
92937
92938
92939
92940
92941
92942
92943
92944
92945
92946
92947
92948
92949
92950
92951
92952
92953
92954
92955
92956
92957
92958
92959
92960
92961
92962
92963
92964
92965
92966
92967
92968
92969
92970
92971
92972
92973
92974
92975
92976
92977
92978
92979
92980
92981
92982
92983
92984
92985
92986
92987
92988
92989
92990
92991
92992
92993
92994
92995
92996
92997
92998
92999
93000
93001
93002
93003
93004
93005
93006
93007
93008
93009
93010
93011
93012
93013
93014
93015
93016
93017
93018
93019
93020
93021
93022
93023
93024
93025
93026
93027
93028
93029
93030
93031
93032
93033
93034
93035
93036
93037
93038
93039
93040
93041
93042
93043
93044
93045
93046
93047
93048
93049
93050
93051
93052
93053
93054
93055
93056
93057
93058
93059
93060
93061
93062
93063
93064
93065
93066
93067
93068
93069
93070
93071
93072
93073
93074
93075
93076
93077
93078
93079
93080
93081
93082
93083
93084
93085
93086
93087
93088
93089
93090
93091
93092
93093
93094
93095
93096
93097
93098
93099
93100
93101
93102
93103
93104
93105
93106
93107
93108
93109
93110
93111
93112
93113
93114
93115
93116
93117
93118
93119
93120
93121
93122
93123
93124
93125
93126
93127
93128
93129
93130
93131
93132
93133
93134
93135
93136
93137
93138
93139
93140
93141
93142
93143
93144
93145
93146
93147
93148
93149
93150
93151
93152
93153
93154
93155
93156
93157
93158
93159
93160
93161
93162
93163
93164
93165
93166
93167
93168
93169
93170
93171
93172
93173
93174
93175
93176
93177
93178
93179
93180
93181
93182
93183
93184
93185
93186
93187
93188
93189
93190
93191
93192
93193
93194
93195
93196
93197
93198
93199
93200
93201
93202
93203
93204
93205
93215
93216
93217
93218
93219
93220
93221
93222
93223
93235
93236
93237
93238
93239
93255
93256
93257
)


// ************************************************************************* //
