/*--------------------------------*- C++ -*----------------------------------*\
| =========                 |                                                 |
| \\      /  F ield         | OpenFOAM: The Open Source CFD Toolbox           |
|  \\    /   O peration     | Version:  2406                                  |
|   \\  /    A nd           | Website:  www.openfoam.com                      |
|    \\/     M anipulation  |                                                 |
\*---------------------------------------------------------------------------*/
FoamFile
{
    version     2.0;
    format      ascii;
    arch        "LSB;label=32;scalar=64";
    class       volScalarField;
    location    "320";
    object      p;
}
// * * * * * * * * * * * * * * * * * * * * * * * * * * * * * * * * * * * * * //

dimensions      [0 2 -2 0 0 0 0];

internalField   nonuniform List<scalar> 
5419
(
5.472693e-06
5.402725e-06
5.332957e-06
5.263378e-06
5.193977e-06
5.124745e-06
5.055671e-06
4.986748e-06
4.917966e-06
4.849317e-06
4.780794e-06
4.712389e-06
4.644097e-06
4.575911e-06
4.507823e-06
4.439833e-06
5.472693e-06
5.402725e-06
5.332957e-06
5.263378e-06
5.193977e-06
5.124745e-06
5.055671e-06
4.986748e-06
4.917966e-06
4.849317e-06
4.780794e-06
4.712389e-06
4.644097e-06
4.575911e-06
4.507823e-06
4.439833e-06
5.472281e-06
5.402332e-06
5.332582e-06
5.263021e-06
5.193638e-06
5.124423e-06
5.055366e-06
4.986458e-06
4.917691e-06
4.849057e-06
4.780548e-06
4.712157e-06
4.643878e-06
4.575703e-06
4.507627e-06
4.439648e-06
5.471457e-06
5.401545e-06
5.331832e-06
5.262308e-06
5.19296e-06
5.12378e-06
5.054756e-06
4.98588e-06
4.917144e-06
4.848539e-06
4.780058e-06
4.711694e-06
4.64344e-06
4.57529e-06
4.507237e-06
4.43928e-06
5.470217e-06
5.400363e-06
5.330707e-06
5.261238e-06
5.191945e-06
5.122816e-06
5.053843e-06
4.985016e-06
4.916326e-06
4.847766e-06
4.779328e-06
4.711004e-06
4.642788e-06
4.574675e-06
4.506657e-06
4.438732e-06
5.468562e-06
5.398787e-06
5.329209e-06
5.259815e-06
5.190595e-06
5.121537e-06
5.052632e-06
4.983871e-06
4.915244e-06
4.846744e-06
4.778362e-06
4.710093e-06
4.641929e-06
4.573865e-06
4.505893e-06
4.438012e-06
5.466496e-06
5.396824e-06
5.327346e-06
5.258049e-06
5.188923e-06
5.119955e-06
5.051137e-06
4.982458e-06
4.913911e-06
4.845486e-06
4.777177e-06
4.708976e-06
4.640876e-06
4.572873e-06
4.504959e-06
4.437133e-06
5.464042e-06
5.394496e-06
5.325142e-06
5.255965e-06
5.186953e-06
5.118096e-06
5.049383e-06
4.980806e-06
4.912354e-06
4.84402e-06
4.775797e-06
4.707678e-06
4.639656e-06
4.571725e-06
4.50388e-06
4.436118e-06
5.472737e-06
5.402764e-06
5.332991e-06
5.263408e-06
5.194004e-06
5.124769e-06
5.055692e-06
4.986766e-06
4.917982e-06
4.849331e-06
4.780807e-06
4.712401e-06
4.644107e-06
4.57592e-06
4.507831e-06
4.43984e-06
5.472737e-06
5.402764e-06
5.332991e-06
5.263408e-06
5.194004e-06
5.124769e-06
5.055692e-06
4.986766e-06
4.917982e-06
4.849331e-06
4.780806e-06
4.712401e-06
4.644107e-06
4.57592e-06
4.507831e-06
4.43984e-06
5.472326e-06
5.402371e-06
5.332616e-06
5.263051e-06
5.193665e-06
5.124447e-06
5.055387e-06
4.986477e-06
4.917708e-06
4.849072e-06
4.780561e-06
4.712169e-06
4.643888e-06
4.575712e-06
4.507635e-06
4.439655e-06
5.471501e-06
5.401584e-06
5.331867e-06
5.262338e-06
5.192987e-06
5.123803e-06
5.054777e-06
4.985898e-06
4.91716e-06
4.848553e-06
4.780071e-06
4.711705e-06
4.64345e-06
4.575299e-06
4.507245e-06
4.439287e-06
5.47026e-06
5.400401e-06
5.330741e-06
5.261268e-06
5.19197e-06
5.122839e-06
5.053863e-06
4.985033e-06
4.916341e-06
4.847779e-06
4.779339e-06
4.711014e-06
4.642797e-06
4.574683e-06
4.506664e-06
4.438739e-06
5.468604e-06
5.398823e-06
5.329241e-06
5.259843e-06
5.190619e-06
5.121558e-06
5.052651e-06
4.983887e-06
4.915258e-06
4.846755e-06
4.778372e-06
4.710102e-06
4.641937e-06
4.573871e-06
4.505898e-06
4.438017e-06
5.466535e-06
5.396857e-06
5.327374e-06
5.258073e-06
5.188943e-06
5.119973e-06
5.051152e-06
4.982471e-06
4.913921e-06
4.845495e-06
4.777184e-06
4.708982e-06
4.640881e-06
4.572877e-06
4.504962e-06
4.437136e-06
5.464074e-06
5.394523e-06
5.325164e-06
5.255983e-06
5.186968e-06
5.118108e-06
5.049393e-06
4.980813e-06
4.912359e-06
4.844024e-06
4.7758e-06
4.70768e-06
4.639657e-06
4.571725e-06
4.50388e-06
4.436117e-06
5.461265e-06
5.391869e-06
5.322658e-06
5.25362e-06
5.184742e-06
5.116012e-06
5.047421e-06
4.978959e-06
4.910617e-06
4.842388e-06
4.774263e-06
4.706237e-06
4.638303e-06
4.570455e-06
4.502688e-06
4.434998e-06
5.458206e-06
5.388988e-06
5.319949e-06
5.251074e-06
5.182351e-06
5.113768e-06
5.045317e-06
4.976986e-06
4.908769e-06
4.840656e-06
4.772642e-06
4.704719e-06
4.636882e-06
4.569125e-06
4.501443e-06
4.433831e-06
5.455042e-06
5.386022e-06
5.317171e-06
5.248474e-06
5.179918e-06
5.111494e-06
5.043191e-06
4.975001e-06
4.906914e-06
4.838925e-06
4.771025e-06
4.70321e-06
4.635473e-06
4.567809e-06
4.500214e-06
4.432681e-06
5.451991e-06
5.383176e-06
5.314516e-06
5.245998e-06
5.177612e-06
5.109345e-06
5.04119e-06
4.973137e-06
4.905179e-06
4.837309e-06
4.769521e-06
4.701809e-06
4.634168e-06
4.566593e-06
4.499081e-06
4.431625e-06
5.449262e-06
5.38064e-06
5.31216e-06
5.24381e-06
5.175579e-06
5.107458e-06
5.039437e-06
4.971509e-06
4.903667e-06
4.835904e-06
4.768216e-06
4.700596e-06
4.633041e-06
4.565545e-06
4.498106e-06
4.430716e-06
5.447063e-06
5.378602e-06
5.310272e-06
5.242061e-06
5.173959e-06
5.105956e-06
5.038045e-06
4.970218e-06
4.90247e-06
4.834794e-06
4.767185e-06
4.699639e-06
4.632151e-06
4.564718e-06
4.497337e-06
4.430001e-06
5.445352e-06
5.377019e-06
5.308807e-06
5.240704e-06
5.172701e-06
5.104791e-06
5.036964e-06
4.969215e-06
4.901539e-06
4.833929e-06
4.766381e-06
4.69889e-06
4.631455e-06
4.564069e-06
4.496732e-06
4.429438e-06
5.444108e-06
5.375866e-06
5.307738e-06
5.239713e-06
5.171781e-06
5.103936e-06
5.036169e-06
4.968475e-06
4.900849e-06
4.833286e-06
4.765781e-06
4.69833e-06
4.630931e-06
4.563579e-06
4.496274e-06
4.429009e-06
5.442616e-06
5.374484e-06
5.306456e-06
5.238521e-06
5.170673e-06
5.102904e-06
5.035207e-06
4.967577e-06
4.90001e-06
4.832501e-06
4.765045e-06
4.697641e-06
4.630284e-06
4.562971e-06
4.495701e-06
4.428471e-06
5.472779e-06
5.4028e-06
5.333024e-06
5.263437e-06
5.19403e-06
5.124791e-06
5.055712e-06
4.986784e-06
4.917998e-06
4.849345e-06
4.780819e-06
4.712412e-06
4.644117e-06
4.575928e-06
4.507839e-06
4.439847e-06
5.472779e-06
5.4028e-06
5.333024e-06
5.263437e-06
5.19403e-06
5.124791e-06
5.055712e-06
4.986784e-06
4.917998e-06
4.849345e-06
4.780819e-06
4.712412e-06
4.644117e-06
4.575928e-06
4.507839e-06
4.439847e-06
5.472367e-06
5.402407e-06
5.332649e-06
5.26308e-06
5.19369e-06
5.124469e-06
5.055407e-06
4.986494e-06
4.917723e-06
4.849085e-06
4.780573e-06
4.712179e-06
4.643897e-06
4.575721e-06
4.507643e-06
4.439662e-06
5.471542e-06
5.40162e-06
5.331899e-06
5.262366e-06
5.193012e-06
5.123825e-06
5.054796e-06
4.985916e-06
4.917175e-06
4.848567e-06
4.780083e-06
4.711716e-06
4.643459e-06
4.575307e-06
4.507252e-06
4.439294e-06
5.470301e-06
5.400437e-06
5.330772e-06
5.261295e-06
5.191995e-06
5.12286e-06
5.053882e-06
4.98505e-06
4.916356e-06
4.847792e-06
4.77935e-06
4.711024e-06
4.642806e-06
4.57469e-06
4.50667e-06
4.438745e-06
5.468643e-06
5.398858e-06
5.329271e-06
5.259869e-06
5.190642e-06
5.121579e-06
5.052668e-06
4.983902e-06
4.915271e-06
4.846767e-06
4.778382e-06
4.71011e-06
4.641944e-06
4.573877e-06
4.505904e-06
4.438022e-06
5.466571e-06
5.396888e-06
5.327401e-06
5.258097e-06
5.188964e-06
5.11999e-06
5.051167e-06
4.982484e-06
4.913932e-06
4.845504e-06
4.777192e-06
4.708988e-06
4.640886e-06
4.572881e-06
4.504966e-06
4.437139e-06
5.464104e-06
5.394549e-06
5.325186e-06
5.256001e-06
5.186983e-06
5.118121e-06
5.049403e-06
4.980821e-06
4.912366e-06
4.844029e-06
4.775803e-06
4.707682e-06
4.639658e-06
4.571726e-06
4.50388e-06
4.436117e-06
5.461286e-06
5.391885e-06
5.322671e-06
5.25363e-06
5.184749e-06
5.116017e-06
5.047424e-06
4.97896e-06
4.910617e-06
4.842386e-06
4.774261e-06
4.706234e-06
4.638299e-06
4.570451e-06
4.502683e-06
4.434993e-06
5.458212e-06
5.388991e-06
5.319948e-06
5.251071e-06
5.182346e-06
5.113762e-06
5.045309e-06
4.976978e-06
4.90876e-06
4.840647e-06
4.772632e-06
4.704709e-06
4.636872e-06
4.569115e-06
4.501433e-06
4.433821e-06
5.455028e-06
5.386006e-06
5.317153e-06
5.248455e-06
5.179899e-06
5.111474e-06
5.043171e-06
4.97498e-06
4.906894e-06
4.838905e-06
4.771006e-06
4.703191e-06
4.635454e-06
4.567791e-06
4.500197e-06
4.432665e-06
5.451954e-06
5.383139e-06
5.314479e-06
5.245962e-06
5.177576e-06
5.109311e-06
5.041156e-06
4.973105e-06
4.905148e-06
4.837279e-06
4.769492e-06
4.701781e-06
4.634142e-06
4.566568e-06
4.499058e-06
4.431602e-06
5.449203e-06
5.380583e-06
5.312105e-06
5.243757e-06
5.175529e-06
5.10741e-06
5.039392e-06
4.971466e-06
4.903626e-06
4.835866e-06
4.768179e-06
4.700562e-06
4.633008e-06
4.565514e-06
4.498077e-06
4.430689e-06
5.446985e-06
5.378528e-06
5.310202e-06
5.241995e-06
5.173897e-06
5.105898e-06
5.03799e-06
4.970167e-06
4.902421e-06
4.834748e-06
4.767142e-06
4.699598e-06
4.632113e-06
4.564682e-06
4.497304e-06
4.42997e-06
5.445257e-06
5.37693e-06
5.308723e-06
5.240626e-06
5.172628e-06
5.104722e-06
5.0369e-06
4.969156e-06
4.901483e-06
4.833876e-06
4.766332e-06
4.698845e-06
4.631412e-06
4.564029e-06
4.496695e-06
4.429403e-06
5.443986e-06
5.375753e-06
5.307632e-06
5.239614e-06
5.171689e-06
5.10385e-06
5.036089e-06
4.968401e-06
4.900779e-06
4.833221e-06
4.76572e-06
4.698273e-06
4.630878e-06
4.563529e-06
4.496227e-06
4.428965e-06
5.442424e-06
5.374305e-06
5.306289e-06
5.238366e-06
5.170528e-06
5.102768e-06
5.035081e-06
4.96746e-06
4.8999e-06
4.832398e-06
4.76495e-06
4.697551e-06
4.6302e-06
4.562893e-06
4.495628e-06
4.428402e-06
5.472816e-06
5.402833e-06
5.333053e-06
5.263463e-06
5.194053e-06
5.124812e-06
5.05573e-06
4.9868e-06
4.918012e-06
4.849358e-06
4.78083e-06
4.712421e-06
4.644125e-06
4.575936e-06
4.507846e-06
4.439854e-06
5.472816e-06
5.402833e-06
5.333053e-06
5.263463e-06
5.194053e-06
5.124812e-06
5.05573e-06
4.9868e-06
4.918012e-06
4.849358e-06
4.78083e-06
4.712421e-06
4.644125e-06
4.575936e-06
4.507846e-06
4.439854e-06
5.472404e-06
5.40244e-06
5.332678e-06
5.263106e-06
5.193713e-06
5.124489e-06
5.055425e-06
4.98651e-06
4.917737e-06
4.849098e-06
4.780584e-06
4.712189e-06
4.643906e-06
4.575728e-06
4.507649e-06
4.439669e-06
5.471578e-06
5.401652e-06
5.331928e-06
5.262392e-06
5.193035e-06
5.123845e-06
5.054814e-06
4.985931e-06
4.917189e-06
4.848579e-06
4.780093e-06
4.711725e-06
4.643468e-06
4.575315e-06
4.507259e-06
4.4393e-06
5.470337e-06
5.400469e-06
5.3308e-06
5.26132e-06
5.192017e-06
5.12288e-06
5.053899e-06
4.985065e-06
4.916369e-06
4.847804e-06
4.779361e-06
4.711033e-06
4.642814e-06
4.574697e-06
4.506676e-06
4.43875e-06
5.468678e-06
5.398888e-06
5.329298e-06
5.259893e-06
5.190663e-06
5.121597e-06
5.052684e-06
4.983916e-06
4.915283e-06
4.846777e-06
4.778392e-06
4.710118e-06
4.641951e-06
4.573883e-06
4.505909e-06
4.438027e-06
5.466604e-06
5.396917e-06
5.327426e-06
5.258118e-06
5.188982e-06
5.120006e-06
5.051181e-06
4.982496e-06
4.913942e-06
4.845513e-06
4.777199e-06
4.708994e-06
4.640892e-06
4.572886e-06
4.504969e-06
4.437142e-06
5.464132e-06
5.394573e-06
5.325206e-06
5.256019e-06
5.186998e-06
5.118133e-06
5.049413e-06
4.980829e-06
4.912373e-06
4.844035e-06
4.775808e-06
4.707685e-06
4.639661e-06
4.571728e-06
4.503881e-06
4.436118e-06
5.461307e-06
5.391902e-06
5.322685e-06
5.25364e-06
5.184757e-06
5.116023e-06
5.047428e-06
4.978963e-06
4.910618e-06
4.842387e-06
4.774261e-06
4.706233e-06
4.638298e-06
4.570449e-06
4.502681e-06
4.434991e-06
5.458221e-06
5.388996e-06
5.319951e-06
5.251072e-06
5.182345e-06
5.11376e-06
5.045305e-06
4.976973e-06
4.908754e-06
4.840641e-06
4.772626e-06
4.704702e-06
4.636865e-06
4.569107e-06
4.501425e-06
4.433814e-06
5.455021e-06
5.385998e-06
5.317143e-06
5.248443e-06
5.179886e-06
5.111461e-06
5.043158e-06
4.974967e-06
4.90688e-06
4.838891e-06
4.770992e-06
4.703177e-06
4.635441e-06
4.567778e-06
4.500184e-06
4.432653e-06
5.451929e-06
5.383113e-06
5.314453e-06
5.245936e-06
5.177551e-06
5.109286e-06
5.041132e-06
4.973081e-06
4.905125e-06
4.837257e-06
4.769471e-06
4.701761e-06
4.634122e-06
4.56655e-06
4.49904e-06
4.431585e-06
5.44916e-06
5.380541e-06
5.312065e-06
5.243719e-06
5.175492e-06
5.107375e-06
5.039358e-06
4.971434e-06
4.903596e-06
4.835837e-06
4.768152e-06
4.700535e-06
4.632983e-06
4.565491e-06
4.498055e-06
4.430668e-06
5.446926e-06
5.378473e-06
5.31015e-06
5.241945e-06
5.17385e-06
5.105853e-06
5.037948e-06
4.970127e-06
4.902384e-06
4.834713e-06
4.767109e-06
4.699567e-06
4.632084e-06
4.564655e-06
4.497278e-06
4.429945e-06
5.445186e-06
5.376863e-06
5.308661e-06
5.240567e-06
5.172573e-06
5.104671e-06
5.036852e-06
4.96911e-06
4.90144e-06
4.833837e-06
4.766294e-06
4.69881e-06
4.631379e-06
4.563999e-06
4.496666e-06
4.429376e-06
5.443892e-06
5.375665e-06
5.30755e-06
5.239538e-06
5.171618e-06
5.103783e-06
5.036027e-06
4.968342e-06
4.900725e-06
4.83317e-06
4.765672e-06
4.698229e-06
4.630836e-06
4.56349e-06
4.49619e-06
4.428931e-06
5.442276e-06
5.374167e-06
5.30616e-06
5.238246e-06
5.170416e-06
5.102664e-06
5.034984e-06
4.967369e-06
4.899815e-06
4.832319e-06
4.764876e-06
4.697482e-06
4.630135e-06
4.562832e-06
4.495571e-06
4.428349e-06
5.472847e-06
5.402861e-06
5.333078e-06
5.263485e-06
5.194072e-06
5.124829e-06
5.055746e-06
4.986814e-06
4.918024e-06
4.849369e-06
4.78084e-06
4.71243e-06
4.644133e-06
4.575943e-06
4.507851e-06
4.439859e-06
5.472847e-06
5.402861e-06
5.333078e-06
5.263485e-06
5.194072e-06
5.124829e-06
5.055746e-06
4.986814e-06
4.918024e-06
4.849369e-06
4.78084e-06
4.71243e-06
4.644133e-06
4.575943e-06
4.507851e-06
4.439859e-06
5.472435e-06
5.402468e-06
5.332703e-06
5.263128e-06
5.193733e-06
5.124507e-06
5.05544e-06
4.986524e-06
4.91775e-06
4.849109e-06
4.780594e-06
4.712197e-06
4.643913e-06
4.575735e-06
4.507655e-06
4.439674e-06
5.471609e-06
5.40168e-06
5.331952e-06
5.262414e-06
5.193054e-06
5.123863e-06
5.054829e-06
4.985945e-06
4.917201e-06
4.84859e-06
4.780103e-06
4.711734e-06
4.643475e-06
4.575321e-06
4.507264e-06
4.439305e-06
5.470367e-06
5.400496e-06
5.330825e-06
5.261342e-06
5.192036e-06
5.122897e-06
5.053914e-06
4.985078e-06
4.916381e-06
4.847814e-06
4.77937e-06
4.711041e-06
4.642821e-06
4.574703e-06
4.506682e-06
4.438755e-06
5.468707e-06
5.398915e-06
5.329321e-06
5.259914e-06
5.190681e-06
5.121613e-06
5.052698e-06
4.983928e-06
4.915294e-06
4.846787e-06
4.7784e-06
4.710125e-06
4.641957e-06
4.573889e-06
4.505914e-06
4.438031e-06
5.466631e-06
5.396941e-06
5.327447e-06
5.258137e-06
5.188999e-06
5.120021e-06
5.051193e-06
4.982507e-06
4.913952e-06
4.845521e-06
4.777206e-06
4.709e-06
4.640897e-06
4.57289e-06
4.504973e-06
4.437145e-06
5.464157e-06
5.394594e-06
5.325225e-06
5.256035e-06
5.187012e-06
5.118145e-06
5.049423e-06
4.980838e-06
4.91238e-06
4.844041e-06
4.775813e-06
4.707689e-06
4.639664e-06
4.571731e-06
4.503883e-06
4.436119e-06
5.461326e-06
5.391919e-06
5.322698e-06
5.253652e-06
5.184766e-06
5.116031e-06
5.047434e-06
4.978968e-06
4.910622e-06
4.84239e-06
4.774262e-06
4.706234e-06
4.638298e-06
4.570449e-06
4.502681e-06
4.43499e-06
5.458232e-06
5.389005e-06
5.319958e-06
5.251077e-06
5.182348e-06
5.113761e-06
5.045306e-06
4.976973e-06
4.908753e-06
4.840639e-06
4.772623e-06
4.7047e-06
4.636862e-06
4.569104e-06
4.501422e-06
4.43381e-06
5.455022e-06
5.385997e-06
5.31714e-06
5.24844e-06
5.179882e-06
5.111456e-06
5.043152e-06
4.97496e-06
4.906874e-06
4.838884e-06
4.770985e-06
4.70317e-06
4.635434e-06
4.567771e-06
4.500177e-06
4.432646e-06
5.451917e-06
5.3831e-06
5.31444e-06
5.245923e-06
5.177537e-06
5.109272e-06
5.041118e-06
4.973068e-06
4.905112e-06
4.837244e-06
4.769458e-06
4.701749e-06
4.634111e-06
4.566538e-06
4.499029e-06
4.431574e-06
5.449136e-06
5.380517e-06
5.312042e-06
5.243696e-06
5.17547e-06
5.107354e-06
5.039338e-06
4.971414e-06
4.903577e-06
4.835819e-06
4.768135e-06
4.700519e-06
4.632968e-06
4.565476e-06
4.498041e-06
4.430655e-06
5.44689e-06
5.378439e-06
5.310117e-06
5.241915e-06
5.17382e-06
5.105825e-06
5.037922e-06
4.970102e-06
4.90236e-06
4.834691e-06
4.767088e-06
4.699548e-06
4.632065e-06
4.564637e-06
4.497261e-06
4.429929e-06
5.445141e-06
5.376821e-06
5.308621e-06
5.24053e-06
5.172539e-06
5.104638e-06
5.036821e-06
4.969082e-06
4.901413e-06
4.833811e-06
4.766271e-06
4.698787e-06
4.631358e-06
4.563979e-06
4.496648e-06
4.429358e-06
5.44383e-06
5.375608e-06
5.307497e-06
5.239487e-06
5.171571e-06
5.103739e-06
5.035986e-06
4.968304e-06
4.900689e-06
4.833136e-06
4.765641e-06
4.698199e-06
4.630808e-06
4.563464e-06
4.496166e-06
4.428908e-06
5.44218e-06
5.374077e-06
5.306076e-06
5.238167e-06
5.170343e-06
5.102596e-06
5.03492e-06
4.967309e-06
4.89976e-06
4.832267e-06
4.764827e-06
4.697436e-06
4.630092e-06
4.562792e-06
4.495533e-06
4.428313e-06
5.47287e-06
5.402882e-06
5.333097e-06
5.263502e-06
5.194088e-06
5.124843e-06
5.055759e-06
4.986825e-06
4.918034e-06
4.849377e-06
4.780847e-06
4.712437e-06
4.644139e-06
4.575948e-06
4.507856e-06
4.439863e-06
5.47287e-06
5.402882e-06
5.333097e-06
5.263502e-06
5.194088e-06
5.124843e-06
5.055759e-06
4.986825e-06
4.918034e-06
4.849377e-06
4.780847e-06
4.712437e-06
4.644139e-06
4.575948e-06
4.507856e-06
4.439863e-06
5.472458e-06
5.402489e-06
5.332722e-06
5.263145e-06
5.193748e-06
5.124521e-06
5.055453e-06
4.986535e-06
4.917759e-06
4.849117e-06
4.780601e-06
4.712204e-06
4.643919e-06
4.57574e-06
4.50766e-06
4.439678e-06
5.471633e-06
5.401701e-06
5.331971e-06
5.262431e-06
5.19307e-06
5.123876e-06
5.054841e-06
4.985956e-06
4.917211e-06
4.848598e-06
4.78011e-06
4.71174e-06
4.643481e-06
4.575326e-06
4.507269e-06
4.439309e-06
5.470391e-06
5.400517e-06
5.330843e-06
5.261359e-06
5.192051e-06
5.12291e-06
5.053926e-06
4.985089e-06
4.91639e-06
4.847822e-06
4.779377e-06
4.711047e-06
4.642826e-06
4.574709e-06
4.506686e-06
4.438759e-06
5.46873e-06
5.398935e-06
5.329339e-06
5.25993e-06
5.190696e-06
5.121626e-06
5.05271e-06
4.983938e-06
4.915303e-06
4.846795e-06
4.778407e-06
4.710132e-06
4.641963e-06
4.573894e-06
4.505918e-06
4.438035e-06
5.466653e-06
5.396961e-06
5.327465e-06
5.258153e-06
5.189013e-06
5.120033e-06
5.051204e-06
4.982516e-06
4.91396e-06
4.845528e-06
4.777212e-06
4.709006e-06
4.640902e-06
4.572894e-06
4.504977e-06
4.437148e-06
5.464177e-06
5.394612e-06
5.325241e-06
5.256049e-06
5.187024e-06
5.118156e-06
5.049433e-06
4.980847e-06
4.912387e-06
4.844047e-06
4.775818e-06
4.707694e-06
4.639668e-06
4.571734e-06
4.503886e-06
4.436122e-06
5.461344e-06
5.391934e-06
5.322712e-06
5.253664e-06
5.184777e-06
5.11604e-06
5.047442e-06
4.978975e-06
4.910628e-06
4.842395e-06
4.774267e-06
4.706238e-06
4.638301e-06
4.570451e-06
4.502683e-06
4.434992e-06
5.458246e-06
5.389017e-06
5.319969e-06
5.251086e-06
5.182356e-06
5.113768e-06
5.045312e-06
4.976977e-06
4.908757e-06
4.840642e-06
4.772626e-06
4.704701e-06
4.636863e-06
4.569105e-06
4.501422e-06
4.43381e-06
5.455031e-06
5.386004e-06
5.317147e-06
5.248445e-06
5.179886e-06
5.111459e-06
5.043154e-06
4.974962e-06
4.906874e-06
4.838884e-06
4.770985e-06
4.70317e-06
4.635433e-06
4.56777e-06
4.500176e-06
4.432644e-06
5.451919e-06
5.383102e-06
5.314441e-06
5.245923e-06
5.177536e-06
5.109271e-06
5.041117e-06
4.973065e-06
4.905109e-06
4.837241e-06
4.769456e-06
4.701746e-06
4.634108e-06
4.566535e-06
4.499026e-06
4.431571e-06
5.449132e-06
5.380513e-06
5.312037e-06
5.243692e-06
5.175466e-06
5.107349e-06
5.039333e-06
4.971409e-06
4.903572e-06
4.835814e-06
4.76813e-06
4.700514e-06
4.632963e-06
4.565471e-06
4.498036e-06
4.43065e-06
5.44688e-06
5.378428e-06
5.310107e-06
5.241905e-06
5.173811e-06
5.105816e-06
5.037913e-06
4.970094e-06
4.902352e-06
4.834683e-06
4.76708e-06
4.69954e-06
4.632058e-06
4.564631e-06
4.497255e-06
4.429923e-06
5.445127e-06
5.376808e-06
5.308609e-06
5.240518e-06
5.172527e-06
5.104627e-06
5.036811e-06
4.969072e-06
4.901404e-06
4.833802e-06
4.766262e-06
4.698779e-06
4.63135e-06
4.563971e-06
4.49664e-06
4.429351e-06
5.443805e-06
5.375584e-06
5.307474e-06
5.239466e-06
5.171551e-06
5.103721e-06
5.035968e-06
4.968287e-06
4.900673e-06
4.833121e-06
4.765627e-06
4.698186e-06
4.630796e-06
4.563453e-06
4.496155e-06
4.428897e-06
5.442138e-06
5.374038e-06
5.306039e-06
5.238133e-06
5.170311e-06
5.102566e-06
5.034891e-06
4.967283e-06
4.899735e-06
4.832243e-06
4.764805e-06
4.697416e-06
4.630073e-06
4.562774e-06
4.495516e-06
4.428297e-06
5.472887e-06
5.402897e-06
5.333111e-06
5.263515e-06
5.194099e-06
5.124853e-06
5.055768e-06
4.986833e-06
4.918041e-06
4.849384e-06
4.780853e-06
4.712442e-06
4.644143e-06
4.575952e-06
4.50786e-06
4.439866e-06
5.472887e-06
5.402897e-06
5.333111e-06
5.263515e-06
5.194099e-06
5.124853e-06
5.055768e-06
4.986833e-06
4.918041e-06
4.849384e-06
4.780853e-06
4.712442e-06
4.644143e-06
4.575952e-06
4.50786e-06
4.439866e-06
5.472475e-06
5.402504e-06
5.332736e-06
5.263158e-06
5.19376e-06
5.124531e-06
5.055462e-06
4.986543e-06
4.917767e-06
4.849124e-06
4.780607e-06
4.712209e-06
4.643924e-06
4.575744e-06
4.507664e-06
4.439681e-06
5.471649e-06
5.401716e-06
5.331985e-06
5.262443e-06
5.193081e-06
5.123886e-06
5.05485e-06
4.985964e-06
4.917218e-06
4.848605e-06
4.780116e-06
4.711745e-06
4.643485e-06
4.57533e-06
4.507273e-06
4.439312e-06
5.470406e-06
5.400531e-06
5.330857e-06
5.261371e-06
5.192062e-06
5.12292e-06
5.053935e-06
4.985097e-06
4.916398e-06
4.847829e-06
4.779383e-06
4.711052e-06
4.642831e-06
4.574712e-06
4.50669e-06
4.438762e-06
5.468746e-06
5.398949e-06
5.329353e-06
5.259942e-06
5.190707e-06
5.121636e-06
5.052719e-06
4.983947e-06
4.91531e-06
4.846801e-06
4.778413e-06
4.710137e-06
4.641967e-06
4.573898e-06
4.505922e-06
4.438038e-06
5.466669e-06
5.396975e-06
5.327478e-06
5.258165e-06
5.189024e-06
5.120043e-06
5.051213e-06
4.982525e-06
4.913968e-06
4.845535e-06
4.777218e-06
4.709011e-06
4.640907e-06
4.572899e-06
4.504981e-06
4.437152e-06
5.464193e-06
5.394627e-06
5.325255e-06
5.256062e-06
5.187036e-06
5.118166e-06
5.049443e-06
4.980855e-06
4.912395e-06
4.844054e-06
4.775825e-06
4.7077e-06
4.639673e-06
4.571739e-06
4.50389e-06
4.436126e-06
5.461361e-06
5.39195e-06
5.322727e-06
5.253677e-06
5.184789e-06
5.116051e-06
5.047452e-06
4.978984e-06
4.910636e-06
4.842402e-06
4.774274e-06
4.706244e-06
4.638307e-06
4.570456e-06
4.502687e-06
4.434996e-06
5.458263e-06
5.389034e-06
5.319983e-06
5.251099e-06
5.182368e-06
5.11378e-06
5.045322e-06
4.976987e-06
4.908766e-06
4.84065e-06
4.772633e-06
4.704708e-06
4.636869e-06
4.56911e-06
4.501427e-06
4.433815e-06
5.455049e-06
5.386021e-06
5.317162e-06
5.248459e-06
5.179899e-06
5.111471e-06
5.043165e-06
4.974972e-06
4.906884e-06
4.838893e-06
4.770993e-06
4.703177e-06
4.63544e-06
4.567776e-06
4.500181e-06
4.432649e-06
5.451938e-06
5.383119e-06
5.314456e-06
5.245937e-06
5.17755e-06
5.109283e-06
5.041128e-06
4.973076e-06
4.905119e-06
4.83725e-06
4.769463e-06
4.701753e-06
4.634114e-06
4.566541e-06
4.499031e-06
4.431576e-06
5.449151e-06
5.380531e-06
5.312054e-06
5.243707e-06
5.175479e-06
5.107361e-06
5.039344e-06
4.97142e-06
4.903582e-06
4.835823e-06
4.768138e-06
4.700522e-06
4.63297e-06
4.565477e-06
4.498042e-06
4.430655e-06
5.446896e-06
5.378443e-06
5.310121e-06
5.241917e-06
5.173822e-06
5.105827e-06
5.037923e-06
4.970102e-06
4.90236e-06
4.83469e-06
4.767087e-06
4.699546e-06
4.632064e-06
4.564635e-06
4.497259e-06
4.429927e-06
5.445145e-06
5.376824e-06
5.308624e-06
5.240532e-06
5.17254e-06
5.104639e-06
5.036821e-06
4.969081e-06
4.901413e-06
4.83381e-06
4.766269e-06
4.698786e-06
4.631356e-06
4.563977e-06
4.496645e-06
4.429356e-06
5.443816e-06
5.375594e-06
5.307483e-06
5.239475e-06
5.171559e-06
5.103727e-06
5.035974e-06
4.968293e-06
4.900679e-06
4.833126e-06
4.765631e-06
4.69819e-06
4.630799e-06
4.563456e-06
4.496157e-06
4.428899e-06
5.44215e-06
5.37405e-06
5.30605e-06
5.238143e-06
5.17032e-06
5.102574e-06
5.034899e-06
4.96729e-06
4.899741e-06
4.832249e-06
4.76481e-06
4.69742e-06
4.630077e-06
4.562778e-06
4.49552e-06
4.428301e-06
5.613531e-06
5.543099e-06
5.472895e-06
5.402906e-06
5.333118e-06
5.263522e-06
5.194106e-06
5.12486e-06
5.055774e-06
4.986839e-06
4.918046e-06
4.849388e-06
4.780857e-06
4.712446e-06
4.644147e-06
4.575955e-06
4.507862e-06
4.439868e-06
5.61353e-06
5.543099e-06
5.472895e-06
5.402906e-06
5.333118e-06
5.263522e-06
5.194106e-06
5.12486e-06
5.055774e-06
4.986839e-06
4.918046e-06
4.849388e-06
4.780857e-06
4.712446e-06
4.644147e-06
4.575955e-06
4.507862e-06
4.439868e-06
5.613081e-06
5.542668e-06
5.472483e-06
5.402512e-06
5.332743e-06
5.263165e-06
5.193767e-06
5.124537e-06
5.055468e-06
4.986549e-06
4.917772e-06
4.849128e-06
4.780611e-06
4.712213e-06
4.643927e-06
4.575747e-06
4.507666e-06
4.439683e-06
5.541804e-06
5.471657e-06
5.401724e-06
5.331992e-06
5.262451e-06
5.193088e-06
5.123893e-06
5.054856e-06
4.985969e-06
4.917223e-06
4.848609e-06
4.78012e-06
4.711749e-06
4.643489e-06
4.575333e-06
4.507275e-06
4.439314e-06
5.540503e-06
5.470414e-06
5.400539e-06
5.330864e-06
5.261378e-06
5.192069e-06
5.122927e-06
5.053941e-06
4.985102e-06
4.916403e-06
4.847833e-06
4.779387e-06
4.711056e-06
4.642834e-06
4.574715e-06
4.506692e-06
4.438764e-06
5.538762e-06
5.468753e-06
5.398957e-06
5.32936e-06
5.25995e-06
5.190714e-06
5.121643e-06
5.052725e-06
4.983952e-06
4.915315e-06
4.846806e-06
4.778417e-06
4.710141e-06
4.641971e-06
4.573901e-06
4.505925e-06
4.43804e-06
5.536581e-06
5.466677e-06
5.396983e-06
5.327486e-06
5.258173e-06
5.189031e-06
5.12005e-06
5.05122e-06
4.982531e-06
4.913973e-06
4.84554e-06
4.777223e-06
4.709016e-06
4.640911e-06
4.572902e-06
4.504984e-06
4.437154e-06
5.533975e-06
5.464202e-06
5.394636e-06
5.325263e-06
5.25607e-06
5.187044e-06
5.118174e-06
5.04945e-06
4.980862e-06
4.912402e-06
4.84406e-06
4.77583e-06
4.707705e-06
4.639678e-06
4.571743e-06
4.503894e-06
4.436129e-06
5.530985e-06
5.461372e-06
5.391961e-06
5.322737e-06
5.253688e-06
5.184799e-06
5.116061e-06
5.047461e-06
4.978992e-06
4.910644e-06
4.84241e-06
4.774281e-06
4.70625e-06
4.638313e-06
4.570462e-06
4.502692e-06
4.435e-06
5.527702e-06
5.458277e-06
5.389047e-06
5.319997e-06
5.251112e-06
5.182381e-06
5.113791e-06
5.045333e-06
4.976998e-06
4.908776e-06
4.840659e-06
4.772642e-06
4.704716e-06
4.636876e-06
4.569117e-06
4.501434e-06
4.433821e-06
5.524281e-06
5.455068e-06
5.386039e-06
5.31718e-06
5.248476e-06
5.179915e-06
5.111486e-06
5.043179e-06
4.974985e-06
4.906896e-06
4.838905e-06
4.771004e-06
4.703187e-06
4.635449e-06
4.567784e-06
4.500189e-06
4.432657e-06
5.520952e-06
5.451961e-06
5.383141e-06
5.314478e-06
5.245957e-06
5.177569e-06
5.109301e-06
5.041145e-06
4.973091e-06
4.905133e-06
4.837263e-06
4.769476e-06
4.701765e-06
4.634125e-06
4.566551e-06
4.49904e-06
4.431585e-06
5.517959e-06
5.44918e-06
5.380558e-06
5.312079e-06
5.243731e-06
5.175502e-06
5.107382e-06
5.039364e-06
4.971438e-06
4.903598e-06
4.835838e-06
4.768152e-06
4.700535e-06
4.632982e-06
4.565488e-06
4.498052e-06
4.430665e-06
5.515524e-06
5.446926e-06
5.378471e-06
5.310147e-06
5.241942e-06
5.173845e-06
5.105848e-06
5.037942e-06
4.97012e-06
4.902377e-06
4.834705e-06
4.767101e-06
4.699559e-06
4.632076e-06
4.564647e-06
4.497269e-06
4.429937e-06
5.513638e-06
5.445183e-06
5.37686e-06
5.308657e-06
5.240562e-06
5.172568e-06
5.104665e-06
5.036846e-06
4.969104e-06
4.901433e-06
4.833829e-06
4.766287e-06
4.698802e-06
4.631371e-06
4.563991e-06
4.496658e-06
4.429368e-06
5.512193e-06
5.443846e-06
5.375622e-06
5.30751e-06
5.239499e-06
5.171581e-06
5.103748e-06
5.035994e-06
4.968311e-06
4.900695e-06
4.833141e-06
4.765645e-06
4.698203e-06
4.630811e-06
4.563467e-06
4.496167e-06
4.428909e-06
5.510435e-06
5.442218e-06
5.374112e-06
5.306109e-06
5.238197e-06
5.17037e-06
5.102621e-06
5.034942e-06
4.96733e-06
4.899779e-06
4.832284e-06
4.764842e-06
4.69745e-06
4.630105e-06
4.562804e-06
4.495544e-06
4.428323e-06
4.138956e-06
4.062955e-06
3.987035e-06
3.911191e-06
4.367678e-06
4.29138e-06
4.215195e-06
4.139099e-06
4.063089e-06
3.987161e-06
3.911309e-06
4.367678e-06
4.29138e-06
4.215195e-06
4.139099e-06
4.063089e-06
3.987161e-06
3.911309e-06
4.367504e-06
4.291217e-06
4.215042e-06
4.138956e-06
4.062955e-06
3.987035e-06
3.911191e-06
4.367158e-06
4.290893e-06
4.214739e-06
4.138672e-06
4.062689e-06
3.986786e-06
3.910957e-06
4.366643e-06
4.290412e-06
4.214288e-06
4.13825e-06
4.062294e-06
3.986416e-06
3.910611e-06
4.365967e-06
4.28978e-06
4.213697e-06
4.137698e-06
4.061777e-06
3.985932e-06
3.910158e-06
4.365144e-06
4.289012e-06
4.212979e-06
4.137027e-06
4.061151e-06
3.985347e-06
3.909611e-06
4.364195e-06
4.28813e-06
4.212156e-06
4.136259e-06
4.060434e-06
3.984679e-06
3.908987e-06
4.13896e-06
4.062959e-06
3.987038e-06
3.911193e-06
4.367684e-06
4.291385e-06
4.215199e-06
4.139103e-06
4.063093e-06
3.987164e-06
3.911311e-06
4.367684e-06
4.291385e-06
4.215199e-06
4.139103e-06
4.063093e-06
3.987164e-06
3.911311e-06
4.36751e-06
4.291222e-06
4.215046e-06
4.13896e-06
4.062959e-06
3.987038e-06
3.911193e-06
4.367163e-06
4.290897e-06
4.214742e-06
4.138675e-06
4.062692e-06
3.986788e-06
3.910959e-06
4.366648e-06
4.290415e-06
4.214291e-06
4.138253e-06
4.062296e-06
3.986418e-06
3.910612e-06
4.365971e-06
4.289783e-06
4.213699e-06
4.137699e-06
4.061778e-06
3.985933e-06
3.910159e-06
4.365145e-06
4.289012e-06
4.21298e-06
4.137027e-06
4.06115e-06
3.985347e-06
3.90961e-06
4.364193e-06
4.288127e-06
4.212153e-06
4.136256e-06
4.060431e-06
3.984676e-06
3.908984e-06
4.36315e-06
4.287159e-06
4.211251e-06
4.135416e-06
4.059649e-06
3.983947e-06
3.908305e-06
4.362065e-06
4.286155e-06
4.210317e-06
4.134548e-06
4.058843e-06
3.983197e-06
3.907608e-06
4.360998e-06
4.285171e-06
4.209404e-06
4.133701e-06
4.058057e-06
3.982468e-06
3.906931e-06
4.360019e-06
4.284268e-06
4.208568e-06
4.132927e-06
4.057341e-06
3.981804e-06
3.906316e-06
4.359178e-06
4.283493e-06
4.207851e-06
4.132264e-06
4.056727e-06
3.981236e-06
3.905789e-06
4.358514e-06
4.282879e-06
4.207283e-06
4.131739e-06
4.056241e-06
3.980785e-06
3.90537e-06
4.35799e-06
4.28239e-06
4.206831e-06
4.13132e-06
4.055851e-06
3.980422e-06
3.905032e-06
4.357586e-06
4.282012e-06
4.20648e-06
4.130991e-06
4.055544e-06
3.980135e-06
3.904762e-06
4.357081e-06
4.281537e-06
4.206035e-06
4.130574e-06
4.055151e-06
3.979765e-06
3.904414e-06
4.138964e-06
4.062962e-06
3.987041e-06
3.911196e-06
4.36769e-06
4.291389e-06
4.215203e-06
4.139107e-06
4.063096e-06
3.987167e-06
3.911314e-06
4.36769e-06
4.291389e-06
4.215203e-06
4.139107e-06
4.063096e-06
3.987167e-06
3.911314e-06
4.367515e-06
4.291226e-06
4.21505e-06
4.138964e-06
4.062962e-06
3.987041e-06
3.911196e-06
4.367169e-06
4.290901e-06
4.214746e-06
4.138679e-06
4.062695e-06
3.986791e-06
3.910961e-06
4.366653e-06
4.290418e-06
4.214294e-06
4.138256e-06
4.062299e-06
3.98642e-06
3.910614e-06
4.365975e-06
4.289785e-06
4.213701e-06
4.137701e-06
4.06178e-06
3.985935e-06
3.91016e-06
4.365147e-06
4.289013e-06
4.21298e-06
4.137027e-06
4.06115e-06
3.985346e-06
3.90961e-06
4.364192e-06
4.288125e-06
4.212151e-06
4.136254e-06
4.060429e-06
3.984673e-06
3.908982e-06
4.363145e-06
4.287153e-06
4.211246e-06
4.13541e-06
4.059644e-06
3.983942e-06
3.9083e-06
4.362054e-06
4.286145e-06
4.210308e-06
4.134539e-06
4.058834e-06
3.983189e-06
3.9076e-06
4.360982e-06
4.285156e-06
4.209389e-06
4.133687e-06
4.058044e-06
3.982456e-06
3.90692e-06
4.359998e-06
4.284249e-06
4.208549e-06
4.132909e-06
4.057324e-06
3.981789e-06
3.906301e-06
4.359153e-06
4.283469e-06
4.207828e-06
4.132243e-06
4.056707e-06
3.981217e-06
3.905771e-06
4.358485e-06
4.282852e-06
4.207258e-06
4.131715e-06
4.056219e-06
3.980765e-06
3.905351e-06
4.357957e-06
4.28236e-06
4.206803e-06
4.131293e-06
4.055826e-06
3.980399e-06
3.905011e-06
4.357546e-06
4.281974e-06
4.206444e-06
4.130958e-06
4.055513e-06
3.980106e-06
3.904735e-06
4.357017e-06
4.281478e-06
4.205979e-06
4.130522e-06
4.055102e-06
3.979719e-06
3.904371e-06
4.367695e-06
4.291393e-06
4.215207e-06
4.13911e-06
4.063099e-06
3.987169e-06
3.911316e-06
4.367695e-06
4.291393e-06
4.215207e-06
4.13911e-06
4.063099e-06
3.987169e-06
3.911316e-06
4.367521e-06
4.29123e-06
4.215054e-06
4.138967e-06
4.062964e-06
3.987043e-06
3.911198e-06
4.367174e-06
4.290905e-06
4.214749e-06
4.138682e-06
4.062697e-06
3.986793e-06
3.910963e-06
4.366657e-06
4.290422e-06
4.214297e-06
4.138258e-06
4.062301e-06
3.986422e-06
3.910615e-06
4.365979e-06
4.289787e-06
4.213704e-06
4.137703e-06
4.061781e-06
3.985936e-06
3.910161e-06
4.365149e-06
4.289014e-06
4.212981e-06
4.137028e-06
4.061151e-06
3.985346e-06
3.90961e-06
4.364192e-06
4.288124e-06
4.21215e-06
4.136253e-06
4.060428e-06
3.984672e-06
3.90898e-06
4.363142e-06
4.28715e-06
4.211242e-06
4.135407e-06
4.05964e-06
3.983938e-06
3.908297e-06
4.362047e-06
4.286138e-06
4.210301e-06
4.134532e-06
4.058827e-06
3.983182e-06
3.907594e-06
4.360971e-06
4.285145e-06
4.209379e-06
4.133677e-06
4.058034e-06
3.982447e-06
3.906911e-06
4.359982e-06
4.284234e-06
4.208535e-06
4.132896e-06
4.057311e-06
3.981777e-06
3.906289e-06
4.359133e-06
4.283451e-06
4.207811e-06
4.132227e-06
4.056692e-06
3.981203e-06
3.905758e-06
4.358463e-06
4.282831e-06
4.207239e-06
4.131697e-06
4.056202e-06
3.980749e-06
3.905336e-06
4.357932e-06
4.282337e-06
4.206781e-06
4.131273e-06
4.055807e-06
3.980382e-06
3.904994e-06
4.357514e-06
4.281945e-06
4.206417e-06
4.130932e-06
4.055489e-06
3.980083e-06
3.904714e-06
4.356967e-06
4.281431e-06
4.205936e-06
4.130481e-06
4.055065e-06
3.979684e-06
3.904338e-06
4.367699e-06
4.291397e-06
4.21521e-06
4.139113e-06
4.063101e-06
3.987171e-06
3.911318e-06
4.367699e-06
4.291397e-06
4.21521e-06
4.139113e-06
4.063101e-06
3.987171e-06
3.911318e-06
4.367525e-06
4.291233e-06
4.215057e-06
4.13897e-06
4.062967e-06
3.987045e-06
3.9112e-06
4.367178e-06
4.290908e-06
4.214752e-06
4.138684e-06
4.0627e-06
3.986795e-06
3.910965e-06
4.366661e-06
4.290425e-06
4.2143e-06
4.138261e-06
4.062303e-06
3.986423e-06
3.910617e-06
4.365982e-06
4.28979e-06
4.213706e-06
4.137705e-06
4.061783e-06
3.985937e-06
3.910162e-06
4.365152e-06
4.289016e-06
4.212982e-06
4.137029e-06
4.061151e-06
3.985347e-06
3.90961e-06
4.364193e-06
4.288124e-06
4.21215e-06
4.136253e-06
4.060427e-06
3.984671e-06
3.908979e-06
4.363141e-06
4.287148e-06
4.21124e-06
4.135405e-06
4.059638e-06
3.983936e-06
3.908295e-06
4.362043e-06
4.286134e-06
4.210297e-06
4.134528e-06
4.058823e-06
3.983179e-06
3.90759e-06
4.360964e-06
4.285138e-06
4.209372e-06
4.133671e-06
4.058028e-06
3.982441e-06
3.906905e-06
4.359972e-06
4.284224e-06
4.208526e-06
4.132887e-06
4.057303e-06
3.981769e-06
3.906282e-06
4.35912e-06
4.283439e-06
4.2078e-06
4.132216e-06
4.056682e-06
3.981194e-06
3.905749e-06
4.358448e-06
4.282817e-06
4.207226e-06
4.131685e-06
4.05619e-06
3.980738e-06
3.905326e-06
4.357915e-06
4.282322e-06
4.206767e-06
4.13126e-06
4.055795e-06
3.98037e-06
3.904983e-06
4.357492e-06
4.281925e-06
4.206398e-06
4.130915e-06
4.055472e-06
3.980068e-06
3.9047e-06
4.356934e-06
4.281401e-06
4.205908e-06
4.130455e-06
4.05504e-06
3.979661e-06
3.904316e-06
4.367703e-06
4.2914e-06
4.215212e-06
4.139115e-06
4.063103e-06
3.987173e-06
3.911319e-06
4.367703e-06
4.2914e-06
4.215212e-06
4.139115e-06
4.063103e-06
3.987173e-06
3.911319e-06
4.367529e-06
4.291236e-06
4.215059e-06
4.138972e-06
4.062969e-06
3.987047e-06
3.911201e-06
4.367182e-06
4.290911e-06
4.214755e-06
4.138687e-06
4.062701e-06
3.986796e-06
3.910966e-06
4.366665e-06
4.290427e-06
4.214302e-06
4.138263e-06
4.062305e-06
3.986425e-06
3.910618e-06
4.365985e-06
4.289792e-06
4.213708e-06
4.137707e-06
4.061785e-06
3.985938e-06
3.910163e-06
4.365155e-06
4.289018e-06
4.212984e-06
4.13703e-06
4.061153e-06
3.985348e-06
3.909611e-06
4.364196e-06
4.288126e-06
4.212151e-06
4.136254e-06
4.060428e-06
3.984672e-06
3.90898e-06
4.363142e-06
4.287149e-06
4.211241e-06
4.135405e-06
4.059638e-06
3.983936e-06
3.908295e-06
4.362043e-06
4.286133e-06
4.210296e-06
4.134527e-06
4.058823e-06
3.983178e-06
3.907589e-06
4.360962e-06
4.285136e-06
4.209371e-06
4.133669e-06
4.058027e-06
3.982439e-06
3.906903e-06
4.359969e-06
4.284221e-06
4.208523e-06
4.132884e-06
4.0573e-06
3.981766e-06
3.906279e-06
4.359116e-06
4.283435e-06
4.207796e-06
4.132212e-06
4.056679e-06
3.981191e-06
3.905746e-06
4.358442e-06
4.282812e-06
4.20722e-06
4.13168e-06
4.056186e-06
3.980734e-06
3.905322e-06
4.357909e-06
4.282316e-06
4.206762e-06
4.131254e-06
4.05579e-06
3.980365e-06
3.904979e-06
4.357482e-06
4.281915e-06
4.206389e-06
4.130907e-06
4.055465e-06
3.980061e-06
3.904693e-06
4.356919e-06
4.281386e-06
4.205894e-06
4.130442e-06
4.055028e-06
3.97965e-06
3.904306e-06
4.367706e-06
4.291402e-06
4.215214e-06
4.139117e-06
4.063104e-06
3.987174e-06
3.91132e-06
4.367706e-06
4.291402e-06
4.215214e-06
4.139117e-06
4.063104e-06
3.987174e-06
3.91132e-06
4.367531e-06
4.291238e-06
4.215061e-06
4.138973e-06
4.06297e-06
3.987048e-06
3.911202e-06
4.367184e-06
4.290913e-06
4.214756e-06
4.138688e-06
4.062703e-06
3.986798e-06
3.910967e-06
4.366668e-06
4.29043e-06
4.214304e-06
4.138264e-06
4.062306e-06
3.986426e-06
3.910619e-06
4.365988e-06
4.289795e-06
4.21371e-06
4.137709e-06
4.061786e-06
3.98594e-06
3.910164e-06
4.365158e-06
4.289021e-06
4.212986e-06
4.137033e-06
4.061155e-06
3.985349e-06
3.909612e-06
4.364199e-06
4.288129e-06
4.212154e-06
4.136256e-06
4.06043e-06
3.984673e-06
3.908981e-06
4.363145e-06
4.287152e-06
4.211244e-06
4.135408e-06
4.059641e-06
3.983938e-06
3.908296e-06
4.362047e-06
4.286137e-06
4.210299e-06
4.13453e-06
4.058825e-06
3.98318e-06
3.907591e-06
4.360967e-06
4.28514e-06
4.209374e-06
4.133672e-06
4.058029e-06
3.982442e-06
3.906906e-06
4.359973e-06
4.284225e-06
4.208526e-06
4.132887e-06
4.057303e-06
3.981769e-06
3.906282e-06
4.35912e-06
4.283439e-06
4.2078e-06
4.132215e-06
4.056681e-06
3.981193e-06
3.905748e-06
4.358445e-06
4.282815e-06
4.207223e-06
4.131682e-06
4.056188e-06
3.980736e-06
3.905324e-06
4.357913e-06
4.282319e-06
4.206765e-06
4.131257e-06
4.055793e-06
3.980368e-06
3.904981e-06
4.357484e-06
4.281917e-06
4.206391e-06
4.130908e-06
4.055466e-06
3.980062e-06
3.904694e-06
4.356922e-06
4.281389e-06
4.205897e-06
4.130444e-06
4.05503e-06
3.979652e-06
3.904308e-06
4.367708e-06
4.291404e-06
4.215215e-06
4.139118e-06
4.063106e-06
3.987175e-06
3.911321e-06
4.367708e-06
4.291404e-06
4.215215e-06
4.139118e-06
4.063106e-06
3.987175e-06
3.911321e-06
4.367533e-06
4.291241e-06
4.215062e-06
4.138975e-06
4.062971e-06
3.987049e-06
3.911203e-06
4.367187e-06
4.290916e-06
4.214758e-06
4.138689e-06
4.062704e-06
3.986799e-06
3.910968e-06
4.36667e-06
4.290432e-06
4.214305e-06
4.138266e-06
4.062307e-06
3.986427e-06
3.91062e-06
4.365991e-06
4.289797e-06
4.213711e-06
4.13771e-06
4.061788e-06
3.985941e-06
3.910165e-06
4.365161e-06
4.289024e-06
4.212988e-06
4.137035e-06
4.061156e-06
3.985351e-06
3.909614e-06
4.364202e-06
4.288132e-06
4.212157e-06
4.136258e-06
4.060432e-06
3.984676e-06
3.908983e-06
4.36315e-06
4.287156e-06
4.211247e-06
4.135411e-06
4.059644e-06
3.983941e-06
3.908299e-06
4.362053e-06
4.286142e-06
4.210304e-06
4.134534e-06
4.058829e-06
3.983184e-06
3.907595e-06
4.360973e-06
4.285146e-06
4.20938e-06
4.133677e-06
4.058034e-06
3.982446e-06
3.90691e-06
4.359981e-06
4.284231e-06
4.208533e-06
4.132893e-06
4.057308e-06
3.981773e-06
3.906286e-06
4.359129e-06
4.283446e-06
4.207807e-06
4.132222e-06
4.056687e-06
3.981199e-06
3.905753e-06
4.358454e-06
4.282822e-06
4.20723e-06
4.131689e-06
4.056194e-06
3.980741e-06
3.905329e-06
4.357924e-06
4.282329e-06
4.206774e-06
4.131266e-06
4.0558e-06
3.980375e-06
3.904988e-06
4.357492e-06
4.281924e-06
4.206398e-06
4.130914e-06
4.055472e-06
3.980067e-06
3.904699e-06
4.356943e-06
4.281409e-06
4.205915e-06
4.130461e-06
4.055046e-06
3.979666e-06
3.904322e-06
5.613518e-06
5.543092e-06
5.472892e-06
5.402906e-06
5.333122e-06
5.263527e-06
5.194112e-06
5.124867e-06
5.055781e-06
4.986846e-06
4.918054e-06
4.849396e-06
4.780865e-06
4.712453e-06
4.644153e-06
4.575961e-06
4.507868e-06
4.439873e-06
5.613518e-06
5.543092e-06
5.472892e-06
5.402906e-06
5.333122e-06
5.263527e-06
5.194112e-06
5.124867e-06
5.055781e-06
4.986846e-06
4.918054e-06
4.849396e-06
4.780864e-06
4.712453e-06
4.644153e-06
4.575961e-06
4.507868e-06
4.439873e-06
5.613068e-06
5.54266e-06
5.47248e-06
5.402513e-06
5.332746e-06
5.26317e-06
5.193773e-06
5.124544e-06
5.055475e-06
4.986556e-06
4.917779e-06
4.849136e-06
4.780618e-06
4.71222e-06
4.643934e-06
4.575753e-06
4.507672e-06
4.439687e-06
5.541796e-06
5.471653e-06
5.401724e-06
5.331995e-06
5.262455e-06
5.193093e-06
5.123899e-06
5.054863e-06
4.985977e-06
4.91723e-06
4.848616e-06
4.780127e-06
4.711756e-06
4.643495e-06
4.575339e-06
4.507281e-06
4.439318e-06
5.540494e-06
5.47041e-06
5.400538e-06
5.330866e-06
5.261381e-06
5.192074e-06
5.122932e-06
5.053947e-06
4.985109e-06
4.916409e-06
4.84784e-06
4.779393e-06
4.711062e-06
4.64284e-06
4.574721e-06
4.506697e-06
4.438768e-06
5.538751e-06
5.468747e-06
5.398955e-06
5.32936e-06
5.259951e-06
5.190717e-06
5.121647e-06
5.05273e-06
4.983957e-06
4.915321e-06
4.846811e-06
4.778422e-06
4.710146e-06
4.641975e-06
4.573905e-06
4.505929e-06
4.438043e-06
5.536567e-06
5.466668e-06
5.396978e-06
5.327484e-06
5.258173e-06
5.189033e-06
5.120053e-06
5.051223e-06
4.982534e-06
4.913977e-06
4.845544e-06
4.777227e-06
4.709019e-06
4.640914e-06
4.572905e-06
4.504987e-06
4.437156e-06
5.533958e-06
5.46419e-06
5.394628e-06
5.325258e-06
5.256067e-06
5.187043e-06
5.118174e-06
5.049451e-06
4.980863e-06
4.912403e-06
4.844062e-06
4.775832e-06
4.707707e-06
4.63968e-06
4.571744e-06
4.503896e-06
4.436129e-06
5.530964e-06
5.461356e-06
5.39195e-06
5.322729e-06
5.253682e-06
5.184796e-06
5.116058e-06
5.04746e-06
4.978992e-06
4.910644e-06
4.84241e-06
4.774281e-06
4.70625e-06
4.638313e-06
4.570462e-06
4.502692e-06
4.434999e-06
5.52768e-06
5.45826e-06
5.389035e-06
5.319988e-06
5.251106e-06
5.182376e-06
5.113788e-06
5.045331e-06
4.976996e-06
4.908774e-06
4.840658e-06
4.77264e-06
4.704715e-06
4.636875e-06
4.569116e-06
4.501432e-06
4.433819e-06
5.524262e-06
5.455054e-06
5.38603e-06
5.317173e-06
5.248471e-06
5.179911e-06
5.111484e-06
5.043177e-06
4.974984e-06
4.906895e-06
4.838904e-06
4.771003e-06
4.703186e-06
4.635448e-06
4.567783e-06
4.500188e-06
4.432656e-06
5.520942e-06
5.451954e-06
5.383137e-06
5.314476e-06
5.245957e-06
5.177569e-06
5.109302e-06
5.041146e-06
4.973092e-06
4.905134e-06
4.837264e-06
4.769476e-06
4.701765e-06
4.634125e-06
4.566551e-06
4.49904e-06
4.431585e-06
5.517965e-06
5.449188e-06
5.380567e-06
5.312088e-06
5.24374e-06
5.175511e-06
5.107391e-06
5.039371e-06
4.971445e-06
4.903605e-06
4.835844e-06
4.768157e-06
4.700539e-06
4.632986e-06
4.565492e-06
4.498055e-06
4.430668e-06
5.515546e-06
5.446947e-06
5.378492e-06
5.310167e-06
5.24196e-06
5.173862e-06
5.105864e-06
5.037956e-06
4.970134e-06
4.902389e-06
4.834716e-06
4.767111e-06
4.699568e-06
4.632083e-06
4.564654e-06
4.497275e-06
4.429943e-06
5.513701e-06
5.445241e-06
5.376914e-06
5.308707e-06
5.240609e-06
5.172611e-06
5.104705e-06
5.036882e-06
4.969138e-06
4.901465e-06
4.833858e-06
4.766313e-06
4.698827e-06
4.631394e-06
4.564012e-06
4.496677e-06
4.429387e-06
5.512264e-06
5.443912e-06
5.375683e-06
5.307567e-06
5.239552e-06
5.17163e-06
5.103793e-06
5.036035e-06
4.968349e-06
4.90073e-06
4.833174e-06
4.765675e-06
4.69823e-06
4.630837e-06
4.56349e-06
4.496189e-06
4.428929e-06
5.51068e-06
5.442446e-06
5.374325e-06
5.306306e-06
5.238381e-06
5.170542e-06
5.10278e-06
5.035091e-06
4.967468e-06
4.899907e-06
4.832404e-06
4.764954e-06
4.697554e-06
4.630202e-06
4.562894e-06
4.495629e-06
4.428403e-06
5.613456e-06
5.54304e-06
5.472849e-06
5.40287e-06
5.33309e-06
5.2635e-06
5.194089e-06
5.124847e-06
5.055764e-06
4.986831e-06
4.91804e-06
4.849384e-06
4.780853e-06
4.712442e-06
4.644144e-06
4.575952e-06
4.50786e-06
4.439864e-06
5.613456e-06
5.54304e-06
5.472849e-06
5.40287e-06
5.33309e-06
5.2635e-06
5.194089e-06
5.124847e-06
5.055764e-06
4.986831e-06
4.91804e-06
4.849384e-06
4.780853e-06
4.712442e-06
4.644144e-06
4.575952e-06
4.50786e-06
4.439864e-06
5.613006e-06
5.542609e-06
5.472436e-06
5.402476e-06
5.332715e-06
5.263143e-06
5.19375e-06
5.124524e-06
5.055458e-06
4.986541e-06
4.917766e-06
4.849124e-06
4.780608e-06
4.71221e-06
4.643925e-06
4.575745e-06
4.507664e-06
4.439679e-06
5.541744e-06
5.47161e-06
5.401688e-06
5.331964e-06
5.262429e-06
5.193071e-06
5.12388e-06
5.054847e-06
4.985963e-06
4.917218e-06
4.848606e-06
4.780118e-06
4.711747e-06
4.643487e-06
4.575332e-06
4.507274e-06
4.439311e-06
5.540444e-06
5.470368e-06
5.400504e-06
5.330838e-06
5.261358e-06
5.192054e-06
5.122916e-06
5.053934e-06
4.985098e-06
4.9164e-06
4.847832e-06
4.779387e-06
4.711057e-06
4.642835e-06
4.574717e-06
4.506694e-06
4.438764e-06
5.538705e-06
5.468711e-06
5.398926e-06
5.329338e-06
5.259934e-06
5.190704e-06
5.121637e-06
5.052723e-06
4.983952e-06
4.915318e-06
4.84681e-06
4.778422e-06
4.710146e-06
4.641976e-06
4.573907e-06
4.50593e-06
4.438044e-06
5.536533e-06
5.466643e-06
5.396961e-06
5.327473e-06
5.258167e-06
5.189031e-06
5.120054e-06
5.051227e-06
4.98254e-06
4.913985e-06
4.845553e-06
4.777237e-06
4.709029e-06
4.640924e-06
4.572916e-06
4.504998e-06
4.437166e-06
5.533946e-06
5.464187e-06
5.394633e-06
5.325269e-06
5.256082e-06
5.187061e-06
5.118195e-06
5.049474e-06
4.980888e-06
4.912428e-06
4.844088e-06
4.775858e-06
4.707732e-06
4.639705e-06
4.571769e-06
4.50392e-06
4.436152e-06
5.530991e-06
5.461391e-06
5.391991e-06
5.322775e-06
5.25373e-06
5.184846e-06
5.11611e-06
5.047512e-06
4.979043e-06
4.910695e-06
4.84246e-06
4.77433e-06
4.706298e-06
4.638359e-06
4.570506e-06
4.502735e-06
4.43504e-06
5.527765e-06
5.45835e-06
5.389128e-06
5.320082e-06
5.2512e-06
5.18247e-06
5.11388e-06
5.045421e-06
4.977083e-06
4.908859e-06
4.84074e-06
4.772719e-06
4.70479e-06
4.636947e-06
4.569185e-06
4.501498e-06
4.433881e-06
5.524423e-06
5.455215e-06
5.386188e-06
5.317329e-06
5.248623e-06
5.180058e-06
5.111625e-06
5.043313e-06
4.975114e-06
4.907019e-06
4.839022e-06
4.771115e-06
4.703292e-06
4.635548e-06
4.567878e-06
4.500278e-06
4.432741e-06
5.521186e-06
5.452191e-06
5.383366e-06
5.314695e-06
5.246167e-06
5.177769e-06
5.109492e-06
5.041326e-06
4.973263e-06
4.905295e-06
4.837416e-06
4.769619e-06
4.7019e-06
4.634251e-06
4.56667e-06
4.499151e-06
4.43169e-06
5.518287e-06
5.449495e-06
5.380858e-06
5.312365e-06
5.244001e-06
5.175757e-06
5.107622e-06
5.039589e-06
4.971649e-06
4.903796e-06
4.836023e-06
4.768325e-06
4.700696e-06
4.633133e-06
4.565629e-06
4.498183e-06
4.430789e-06
5.515922e-06
5.447302e-06
5.378825e-06
5.31048e-06
5.242254e-06
5.174137e-06
5.10612e-06
5.038196e-06
4.970357e-06
4.902597e-06
4.834911e-06
4.767292e-06
4.699737e-06
4.632241e-06
4.564801e-06
4.497413e-06
4.430072e-06
5.514126e-06
5.445639e-06
5.377286e-06
5.309054e-06
5.240933e-06
5.172913e-06
5.104986e-06
5.037144e-06
4.969381e-06
4.901691e-06
4.834069e-06
4.76651e-06
4.699009e-06
4.631564e-06
4.56417e-06
4.496825e-06
4.429524e-06
5.512757e-06
5.444371e-06
5.376111e-06
5.307965e-06
5.239923e-06
5.171975e-06
5.104115e-06
5.036334e-06
4.968627e-06
4.900989e-06
4.833414e-06
4.765899e-06
4.698439e-06
4.631031e-06
4.563671e-06
4.496358e-06
4.429087e-06
5.511389e-06
5.443106e-06
5.37494e-06
5.306879e-06
5.238914e-06
5.171037e-06
5.103242e-06
5.03552e-06
4.967868e-06
4.90028e-06
4.832751e-06
4.765278e-06
4.697856e-06
4.630484e-06
4.563157e-06
4.495874e-06
4.428632e-06
5.613369e-06
5.542967e-06
5.472788e-06
5.402818e-06
5.333047e-06
5.263464e-06
5.194058e-06
5.12482e-06
5.055741e-06
4.986811e-06
4.918023e-06
4.849369e-06
4.78084e-06
4.712431e-06
4.644134e-06
4.575942e-06
4.507851e-06
4.439855e-06
5.613369e-06
5.542967e-06
5.472788e-06
5.402818e-06
5.333047e-06
5.263464e-06
5.194058e-06
5.12482e-06
5.055741e-06
4.986811e-06
4.918023e-06
4.849369e-06
4.78084e-06
4.712431e-06
4.644134e-06
4.575942e-06
4.507851e-06
4.439855e-06
5.612918e-06
5.542535e-06
5.472375e-06
5.402424e-06
5.332672e-06
5.263106e-06
5.193718e-06
5.124498e-06
5.055435e-06
4.986522e-06
4.917749e-06
4.849109e-06
4.780595e-06
4.712199e-06
4.643915e-06
4.575736e-06
4.507656e-06
4.439671e-06
5.541671e-06
5.471549e-06
5.401636e-06
5.331921e-06
5.262393e-06
5.19304e-06
5.123854e-06
5.054825e-06
4.985944e-06
4.917202e-06
4.848592e-06
4.780106e-06
4.711737e-06
4.643478e-06
4.575324e-06
4.507267e-06
4.439304e-06
5.540371e-06
5.470308e-06
5.400454e-06
5.330796e-06
5.261323e-06
5.192025e-06
5.122892e-06
5.053913e-06
4.985081e-06
4.916386e-06
4.84782e-06
4.779377e-06
4.711049e-06
4.642828e-06
4.57471e-06
4.506689e-06
4.438758e-06
5.538636e-06
5.468654e-06
5.39888e-06
5.3293e-06
5.259903e-06
5.190679e-06
5.121617e-06
5.052707e-06
4.98394e-06
4.915308e-06
4.846803e-06
4.778416e-06
4.710142e-06
4.641974e-06
4.573905e-06
4.505929e-06
4.438043e-06
5.536473e-06
5.466596e-06
5.396925e-06
5.327445e-06
5.258146e-06
5.189016e-06
5.120044e-06
5.051221e-06
4.982537e-06
4.913984e-06
4.845554e-06
4.77724e-06
4.709034e-06
4.64093e-06
4.572922e-06
4.505004e-06
4.437172e-06
5.533906e-06
5.46416e-06
5.394616e-06
5.32526e-06
5.25608e-06
5.187065e-06
5.118203e-06
5.049484e-06
4.980901e-06
4.912443e-06
4.844104e-06
4.775875e-06
4.70775e-06
4.639723e-06
4.571787e-06
4.503937e-06
4.436169e-06
5.530988e-06
5.4614e-06
5.392008e-06
5.322799e-06
5.253759e-06
5.184878e-06
5.116145e-06
5.047549e-06
4.979081e-06
4.910734e-06
4.842498e-06
4.774368e-06
4.706335e-06
4.638395e-06
4.570542e-06
4.502769e-06
4.435073e-06
5.527819e-06
5.458412e-06
5.389196e-06
5.320154e-06
5.251274e-06
5.182544e-06
5.113954e-06
5.045494e-06
4.977155e-06
4.908929e-06
4.840808e-06
4.772784e-06
4.704853e-06
4.637008e-06
4.569243e-06
4.501553e-06
4.433934e-06
5.524554e-06
5.455349e-06
5.386322e-06
5.317461e-06
5.248752e-06
5.180185e-06
5.111747e-06
5.043431e-06
4.975227e-06
4.907127e-06
4.839124e-06
4.771212e-06
4.703385e-06
4.635636e-06
4.567962e-06
4.500356e-06
4.432815e-06
5.521405e-06
5.452405e-06
5.383572e-06
5.314894e-06
5.246357e-06
5.17795e-06
5.109664e-06
5.041489e-06
4.973417e-06
4.905441e-06
4.837553e-06
4.769748e-06
4.702021e-06
4.634365e-06
4.566777e-06
4.499252e-06
4.431785e-06
5.518591e-06
5.449784e-06
5.381133e-06
5.312624e-06
5.244246e-06
5.175987e-06
5.107839e-06
5.039792e-06
4.971839e-06
4.903974e-06
4.836189e-06
4.76848e-06
4.700841e-06
4.633268e-06
4.565756e-06
4.498302e-06
4.4309e-06
5.516294e-06
5.447651e-06
5.379153e-06
5.310786e-06
5.24254e-06
5.174404e-06
5.106369e-06
5.038428e-06
4.970573e-06
4.902798e-06
4.835098e-06
4.767466e-06
4.699899e-06
4.632392e-06
4.564941e-06
4.497544e-06
4.430195e-06
5.514565e-06
5.446048e-06
5.377667e-06
5.309408e-06
5.241262e-06
5.173219e-06
5.10527e-06
5.037408e-06
4.969626e-06
4.901919e-06
4.83428e-06
4.766706e-06
4.699192e-06
4.631734e-06
4.564328e-06
4.496972e-06
4.429662e-06
5.513312e-06
5.444887e-06
5.376591e-06
5.308411e-06
5.240337e-06
5.17236e-06
5.104472e-06
5.036665e-06
4.968935e-06
4.901275e-06
4.833681e-06
4.766147e-06
4.698669e-06
4.631246e-06
4.563872e-06
4.496545e-06
4.429261e-06
5.512235e-06
5.443892e-06
5.37567e-06
5.307557e-06
5.239545e-06
5.171623e-06
5.103787e-06
5.036027e-06
4.96834e-06
4.900719e-06
4.83316e-06
4.765659e-06
4.698212e-06
4.630816e-06
4.563467e-06
4.496164e-06
4.428903e-06
5.613301e-06
5.542911e-06
5.472741e-06
5.402779e-06
5.333014e-06
5.263436e-06
5.194034e-06
5.1248e-06
5.055723e-06
4.986796e-06
4.91801e-06
4.849357e-06
4.78083e-06
4.712422e-06
4.644126e-06
4.575935e-06
4.507845e-06
4.439848e-06
5.613301e-06
5.542911e-06
5.472741e-06
5.402779e-06
5.333014e-06
5.263436e-06
5.194034e-06
5.1248e-06
5.055723e-06
4.986796e-06
4.91801e-06
4.849357e-06
4.78083e-06
4.712422e-06
4.644126e-06
4.575935e-06
4.507845e-06
4.439848e-06
5.61285e-06
5.542479e-06
5.472328e-06
5.402385e-06
5.332638e-06
5.263078e-06
5.193695e-06
5.124477e-06
5.055418e-06
4.986507e-06
4.917736e-06
4.849098e-06
4.780585e-06
4.71219e-06
4.643907e-06
4.575729e-06
4.507649e-06
4.439664e-06
5.541614e-06
5.471501e-06
5.401596e-06
5.331887e-06
5.262364e-06
5.193016e-06
5.123834e-06
5.054808e-06
4.985929e-06
4.917189e-06
4.848581e-06
4.780096e-06
4.711729e-06
4.643471e-06
4.575317e-06
4.507261e-06
4.439297e-06
5.540313e-06
5.47026e-06
5.400414e-06
5.330763e-06
5.261296e-06
5.192002e-06
5.122872e-06
5.053897e-06
4.985067e-06
4.916374e-06
4.847811e-06
4.779369e-06
4.711042e-06
4.642822e-06
4.574705e-06
4.506684e-06
4.438753e-06
5.53858e-06
5.468608e-06
5.398842e-06
5.329269e-06
5.259878e-06
5.190659e-06
5.1216e-06
5.052693e-06
4.983929e-06
4.915299e-06
4.846796e-06
4.778411e-06
4.710138e-06
4.641971e-06
4.573902e-06
4.505927e-06
4.43804e-06
5.536424e-06
5.466558e-06
5.396894e-06
5.327422e-06
5.258128e-06
5.189002e-06
5.120034e-06
5.051214e-06
4.982533e-06
4.913982e-06
4.845553e-06
4.77724e-06
4.709035e-06
4.640932e-06
4.572924e-06
4.505007e-06
4.437174e-06
5.533873e-06
5.464137e-06
5.3946e-06
5.325251e-06
5.256076e-06
5.187064e-06
5.118206e-06
5.04949e-06
4.980908e-06
4.912452e-06
4.844114e-06
4.775886e-06
4.707761e-06
4.639734e-06
4.571799e-06
4.503949e-06
4.43618e-06
5.530984e-06
5.461404e-06
5.392019e-06
5.322815e-06
5.253779e-06
5.184901e-06
5.116169e-06
5.047575e-06
4.979108e-06
4.910761e-06
4.842525e-06
4.774394e-06
4.706362e-06
4.638421e-06
4.570567e-06
4.502793e-06
4.435096e-06
5.527861e-06
5.458461e-06
5.389247e-06
5.320208e-06
5.251329e-06
5.1826e-06
5.11401e-06
5.045549e-06
4.977209e-06
4.908981e-06
4.840858e-06
4.772833e-06
4.704899e-06
4.637052e-06
4.569285e-06
4.501593e-06
4.433972e-06
5.52466e-06
5.455455e-06
5.386428e-06
5.317565e-06
5.248853e-06
5.180282e-06
5.111841e-06
5.04352e-06
4.975312e-06
4.907208e-06
4.839201e-06
4.771285e-06
4.703453e-06
4.635701e-06
4.568023e-06
4.500414e-06
4.43287e-06
5.521582e-06
5.452575e-06
5.383736e-06
5.31505e-06
5.246505e-06
5.17809e-06
5.109796e-06
5.041614e-06
4.973534e-06
4.905551e-06
4.837656e-06
4.769845e-06
4.702111e-06
4.63445e-06
4.566857e-06
4.499327e-06
4.431856e-06
5.518836e-06
5.450015e-06
5.38135e-06
5.312828e-06
5.244436e-06
5.176165e-06
5.108005e-06
5.039947e-06
4.971983e-06
4.904108e-06
4.836314e-06
4.768597e-06
4.70095e-06
4.633369e-06
4.56585e-06
4.49839e-06
4.430983e-06
5.516592e-06
5.447929e-06
5.379411e-06
5.311026e-06
5.242763e-06
5.17461e-06
5.106561e-06
5.038606e-06
4.970738e-06
4.902951e-06
4.835239e-06
4.767597e-06
4.700021e-06
4.632505e-06
4.565046e-06
4.497641e-06
4.430286e-06
5.514919e-06
5.446376e-06
5.37797e-06
5.309689e-06
5.241522e-06
5.173459e-06
5.105492e-06
5.037613e-06
4.969816e-06
4.902094e-06
4.834443e-06
4.766857e-06
4.699332e-06
4.631864e-06
4.564449e-06
4.497085e-06
4.429767e-06
5.513781e-06
5.445321e-06
5.376992e-06
5.308782e-06
5.24068e-06
5.172678e-06
5.104766e-06
5.036938e-06
4.969188e-06
4.90151e-06
4.833899e-06
4.766349e-06
4.698858e-06
4.631421e-06
4.564035e-06
4.496697e-06
4.429404e-06
5.512996e-06
5.444597e-06
5.376323e-06
5.308162e-06
5.240106e-06
5.172144e-06
5.10427e-06
5.036476e-06
4.968757e-06
4.901107e-06
4.833521e-06
4.765995e-06
4.698526e-06
4.631109e-06
4.563742e-06
4.496421e-06
4.429144e-06
5.613275e-06
5.542892e-06
5.472728e-06
5.40277e-06
5.333009e-06
5.263433e-06
5.194034e-06
5.124801e-06
5.055726e-06
4.9868e-06
4.918014e-06
4.849362e-06
4.780835e-06
4.712427e-06
4.644131e-06
4.57594e-06
4.507849e-06
4.439852e-06
5.613275e-06
5.542892e-06
5.472728e-06
5.40277e-06
5.333009e-06
5.263433e-06
5.194034e-06
5.124801e-06
5.055726e-06
4.9868e-06
4.918014e-06
4.849362e-06
4.780835e-06
4.712427e-06
4.644131e-06
4.57594e-06
4.507849e-06
4.439852e-06
5.612823e-06
5.542459e-06
5.472314e-06
5.402375e-06
5.332633e-06
5.263075e-06
5.193694e-06
5.124478e-06
5.05542e-06
4.98651e-06
4.91774e-06
4.849102e-06
4.780589e-06
4.712195e-06
4.643911e-06
4.575733e-06
4.507653e-06
4.439667e-06
5.541592e-06
5.471485e-06
5.401585e-06
5.33188e-06
5.26236e-06
5.193014e-06
5.123833e-06
5.054808e-06
4.985931e-06
4.917192e-06
4.848584e-06
4.780099e-06
4.711732e-06
4.643474e-06
4.57532e-06
4.507263e-06
4.439299e-06
5.540289e-06
5.470242e-06
5.4004e-06
5.330752e-06
5.261288e-06
5.191997e-06
5.122869e-06
5.053895e-06
4.985066e-06
4.916374e-06
4.847811e-06
4.779369e-06
4.711042e-06
4.642823e-06
4.574706e-06
4.506685e-06
4.438754e-06
5.538551e-06
5.468585e-06
5.398824e-06
5.329255e-06
5.259867e-06
5.19065e-06
5.121593e-06
5.052688e-06
4.983925e-06
4.915296e-06
4.846793e-06
4.778409e-06
4.710136e-06
4.641969e-06
4.5739e-06
4.505925e-06
4.438038e-06
5.536389e-06
5.466529e-06
5.39687e-06
5.327402e-06
5.258112e-06
5.188988e-06
5.120022e-06
5.051204e-06
4.982524e-06
4.913974e-06
4.845547e-06
4.777234e-06
4.70903e-06
4.640927e-06
4.572919e-06
4.505002e-06
4.437169e-06
5.533831e-06
5.464101e-06
5.394571e-06
5.325225e-06
5.256054e-06
5.187045e-06
5.118189e-06
5.049475e-06
4.980895e-06
4.91244e-06
4.844103e-06
4.775876e-06
4.707752e-06
4.639726e-06
4.57179e-06
4.503941e-06
4.436172e-06
5.530938e-06
5.461364e-06
5.391985e-06
5.322785e-06
5.253753e-06
5.184878e-06
5.116149e-06
5.047556e-06
4.979091e-06
4.910745e-06
4.842511e-06
4.774381e-06
4.706349e-06
4.638409e-06
4.570555e-06
4.502782e-06
4.435085e-06
5.527815e-06
5.458421e-06
5.389212e-06
5.320177e-06
5.251301e-06
5.182575e-06
5.113987e-06
5.045528e-06
4.977189e-06
4.908963e-06
4.840841e-06
4.772817e-06
4.704884e-06
4.637038e-06
4.569271e-06
4.50158e-06
4.43396e-06
5.52462e-06
5.45542e-06
5.386397e-06
5.317537e-06
5.248828e-06
5.180258e-06
5.111819e-06
5.0435e-06
4.975293e-06
4.90719e-06
4.839184e-06
4.771268e-06
4.703438e-06
4.635686e-06
4.568009e-06
4.500401e-06
4.432857e-06
5.521554e-06
5.452551e-06
5.383713e-06
5.315029e-06
5.246485e-06
5.178071e-06
5.109778e-06
5.041596e-06
4.973517e-06
4.905534e-06
4.83764e-06
4.769829e-06
4.702096e-06
4.634435e-06
4.566842e-06
4.499313e-06
4.431843e-06
5.518825e-06
5.450004e-06
5.381339e-06
5.312816e-06
5.244424e-06
5.176153e-06
5.107992e-06
5.039933e-06
4.97197e-06
4.904094e-06
4.836301e-06
4.768583e-06
4.700936e-06
4.633356e-06
4.565838e-06
4.498377e-06
4.430971e-06
5.516602e-06
5.447936e-06
5.379416e-06
5.311028e-06
5.242763e-06
5.174609e-06
5.106557e-06
5.038601e-06
4.970732e-06
4.902944e-06
4.835232e-06
4.767589e-06
4.700013e-06
4.632497e-06
4.565038e-06
4.497633e-06
4.430279e-06
5.514971e-06
5.446421e-06
5.378009e-06
5.309723e-06
5.241551e-06
5.173484e-06
5.105514e-06
5.037632e-06
4.969832e-06
4.902108e-06
4.834455e-06
4.766867e-06
4.699341e-06
4.631872e-06
4.564456e-06
4.497091e-06
4.429773e-06
5.51394e-06
5.445466e-06
5.377124e-06
5.308902e-06
5.24079e-06
5.172778e-06
5.104858e-06
5.037023e-06
4.969266e-06
4.901582e-06
4.833965e-06
4.76641e-06
4.698915e-06
4.631474e-06
4.564084e-06
4.496743e-06
4.429448e-06
5.513421e-06
5.444987e-06
5.376682e-06
5.308494e-06
5.240412e-06
5.172427e-06
5.104532e-06
5.036719e-06
4.968982e-06
4.901317e-06
4.833717e-06
4.766178e-06
4.698696e-06
4.631268e-06
4.563891e-06
4.496561e-06
4.429275e-06
5.613284e-06
5.542906e-06
5.472745e-06
5.402789e-06
5.33303e-06
5.263455e-06
5.194056e-06
5.124824e-06
5.055748e-06
4.986822e-06
4.918036e-06
4.849382e-06
4.780855e-06
4.712446e-06
4.644148e-06
4.575957e-06
4.507865e-06
4.439867e-06
5.613284e-06
5.542906e-06
5.472745e-06
5.402789e-06
5.33303e-06
5.263455e-06
5.194056e-06
5.124824e-06
5.055748e-06
4.986822e-06
4.918036e-06
4.849382e-06
4.780855e-06
4.712446e-06
4.644148e-06
4.575957e-06
4.507865e-06
4.439867e-06
5.612831e-06
5.542472e-06
5.47233e-06
5.402394e-06
5.332652e-06
5.263096e-06
5.193715e-06
5.1245e-06
5.055441e-06
4.98653e-06
4.91776e-06
4.849121e-06
4.780608e-06
4.712212e-06
4.643928e-06
4.575748e-06
4.507668e-06
4.439681e-06
5.541603e-06
5.471499e-06
5.401601e-06
5.331898e-06
5.262378e-06
5.193033e-06
5.123852e-06
5.054827e-06
4.985949e-06
4.917209e-06
4.8486e-06
4.780115e-06
4.711747e-06
4.643488e-06
4.575333e-06
4.507276e-06
4.439311e-06
5.540294e-06
5.47025e-06
5.400411e-06
5.330765e-06
5.261301e-06
5.192011e-06
5.122883e-06
5.053908e-06
4.985079e-06
4.916386e-06
4.847823e-06
4.77938e-06
4.711053e-06
4.642833e-06
4.574715e-06
4.506692e-06
4.43876e-06
5.538546e-06
5.468583e-06
5.398824e-06
5.329257e-06
5.25987e-06
5.190653e-06
5.121597e-06
5.052692e-06
4.983928e-06
4.915299e-06
4.846796e-06
4.778411e-06
4.710138e-06
4.64197e-06
4.573901e-06
4.505925e-06
4.438038e-06
5.536365e-06
5.466508e-06
5.396853e-06
5.327386e-06
5.258097e-06
5.188975e-06
5.12001e-06
5.051192e-06
4.982512e-06
4.913963e-06
4.845535e-06
4.777223e-06
4.709018e-06
4.640916e-06
4.572908e-06
4.504991e-06
4.437158e-06
5.533777e-06
5.464052e-06
5.394525e-06
5.325183e-06
5.256014e-06
5.187008e-06
5.118153e-06
5.049441e-06
4.980862e-06
4.912408e-06
4.844072e-06
4.775846e-06
4.707723e-06
4.639697e-06
4.571763e-06
4.503914e-06
4.436146e-06
5.530842e-06
5.461276e-06
5.391901e-06
5.322706e-06
5.253679e-06
5.184807e-06
5.116081e-06
5.047492e-06
4.979029e-06
4.910686e-06
4.842454e-06
4.774327e-06
4.706297e-06
4.638359e-06
4.570507e-06
4.502736e-06
4.435041e-06
5.527668e-06
5.458283e-06
5.389083e-06
5.320054e-06
5.251185e-06
5.182465e-06
5.113882e-06
5.045428e-06
4.977094e-06
4.908872e-06
4.840755e-06
4.772735e-06
4.704806e-06
4.636963e-06
4.569201e-06
4.501513e-06
4.433896e-06
5.524417e-06
5.455229e-06
5.386217e-06
5.317367e-06
5.248667e-06
5.180107e-06
5.111675e-06
5.043364e-06
4.975164e-06
4.907067e-06
4.839068e-06
4.771159e-06
4.703334e-06
4.635588e-06
4.567916e-06
4.500313e-06
4.432775e-06
5.5213e-06
5.452311e-06
5.383488e-06
5.314816e-06
5.246285e-06
5.177882e-06
5.109599e-06
5.041427e-06
4.973358e-06
4.905384e-06
4.837498e-06
4.769696e-06
4.70197e-06
4.634317e-06
4.566731e-06
4.499208e-06
4.431745e-06
5.518533e-06
5.44973e-06
5.381081e-06
5.312574e-06
5.244196e-06
5.175938e-06
5.10779e-06
5.039743e-06
4.971791e-06
4.903926e-06
4.836143e-06
4.768435e-06
4.700797e-06
4.633225e-06
4.565715e-06
4.498262e-06
4.430864e-06
5.516299e-06
5.447651e-06
5.379148e-06
5.310777e-06
5.242526e-06
5.174387e-06
5.106349e-06
5.038406e-06
4.970549e-06
4.902772e-06
4.835071e-06
4.767439e-06
4.699871e-06
4.632364e-06
4.564914e-06
4.497518e-06
4.430171e-06
5.514694e-06
5.446161e-06
5.377766e-06
5.309494e-06
5.241337e-06
5.173283e-06
5.105326e-06
5.037456e-06
4.969667e-06
4.901954e-06
4.834311e-06
4.766733e-06
4.699215e-06
4.631754e-06
4.564346e-06
4.496988e-06
4.429678e-06
5.513752e-06
5.445289e-06
5.376958e-06
5.308746e-06
5.240643e-06
5.172641e-06
5.10473e-06
5.036903e-06
4.969154e-06
4.901477e-06
4.833867e-06
4.766319e-06
4.69883e-06
4.631394e-06
4.56401e-06
4.496675e-06
4.429384e-06
5.513432e-06
5.444995e-06
5.376687e-06
5.308496e-06
5.240412e-06
5.172427e-06
5.104531e-06
5.036718e-06
4.968981e-06
4.901315e-06
4.833716e-06
4.766177e-06
4.698696e-06
4.631269e-06
4.563892e-06
4.496562e-06
4.429278e-06
4.367713e-06
4.29141e-06
4.215219e-06
4.139122e-06
4.063109e-06
3.987178e-06
3.911323e-06
4.367713e-06
4.29141e-06
4.215219e-06
4.139122e-06
4.063109e-06
3.987178e-06
3.911323e-06
4.367539e-06
4.291247e-06
4.215066e-06
4.138978e-06
4.062975e-06
3.987052e-06
3.911205e-06
4.367191e-06
4.290921e-06
4.214761e-06
4.138693e-06
4.062707e-06
3.986801e-06
3.91097e-06
4.366674e-06
4.290437e-06
4.214308e-06
4.138269e-06
4.06231e-06
3.986429e-06
3.910622e-06
4.365994e-06
4.289802e-06
4.213714e-06
4.137713e-06
4.06179e-06
3.985943e-06
3.910167e-06
4.365163e-06
4.289027e-06
4.21299e-06
4.137036e-06
4.061158e-06
3.985352e-06
3.909615e-06
4.364204e-06
4.288134e-06
4.212157e-06
4.136259e-06
4.060433e-06
3.984676e-06
3.908983e-06
4.36315e-06
4.287157e-06
4.211247e-06
4.135411e-06
4.059643e-06
3.98394e-06
3.908298e-06
4.362052e-06
4.286141e-06
4.210303e-06
4.134533e-06
4.058828e-06
3.983182e-06
3.907593e-06
4.360973e-06
4.285145e-06
4.209379e-06
4.133676e-06
4.058033e-06
3.982445e-06
3.906909e-06
4.359981e-06
4.284231e-06
4.208533e-06
4.132893e-06
4.057308e-06
3.981773e-06
3.906286e-06
4.359133e-06
4.283448e-06
4.20781e-06
4.132224e-06
4.056689e-06
3.981201e-06
3.905755e-06
4.35846e-06
4.282827e-06
4.207236e-06
4.131693e-06
4.056198e-06
3.980745e-06
3.905333e-06
4.357942e-06
4.282345e-06
4.206789e-06
4.13128e-06
4.055813e-06
3.980387e-06
3.904999e-06
4.357511e-06
4.281941e-06
4.206414e-06
4.130929e-06
4.055485e-06
3.98008e-06
3.904711e-06
4.357018e-06
4.281478e-06
4.20598e-06
4.130522e-06
4.055102e-06
3.979719e-06
3.904371e-06
4.367707e-06
4.291406e-06
4.215215e-06
4.139117e-06
4.063105e-06
3.987174e-06
3.911319e-06
4.367707e-06
4.291406e-06
4.215215e-06
4.139117e-06
4.063105e-06
3.987174e-06
3.911319e-06
4.367533e-06
4.291243e-06
4.215062e-06
4.138974e-06
4.062971e-06
3.987048e-06
3.911202e-06
4.367187e-06
4.290919e-06
4.214759e-06
4.13869e-06
4.062705e-06
3.986799e-06
3.910968e-06
4.366673e-06
4.290438e-06
4.214308e-06
4.138269e-06
4.06231e-06
3.986429e-06
3.910622e-06
4.365997e-06
4.289807e-06
4.213718e-06
4.137717e-06
4.061794e-06
3.985947e-06
3.91017e-06
4.365174e-06
4.28904e-06
4.213002e-06
4.137047e-06
4.061168e-06
3.985362e-06
3.909624e-06
4.364227e-06
4.288158e-06
4.212179e-06
4.13628e-06
4.060453e-06
3.984695e-06
3.909001e-06
4.363189e-06
4.287194e-06
4.211282e-06
4.135444e-06
4.059675e-06
3.983971e-06
3.908327e-06
4.36211e-06
4.286196e-06
4.210355e-06
4.134582e-06
4.058874e-06
3.983226e-06
3.907634e-06
4.361052e-06
4.285218e-06
4.209448e-06
4.133741e-06
4.058093e-06
3.982502e-06
3.906962e-06
4.360078e-06
4.28432e-06
4.208616e-06
4.132971e-06
4.057381e-06
3.981841e-06
3.906349e-06
4.359243e-06
4.28355e-06
4.207904e-06
4.132312e-06
4.056771e-06
3.981277e-06
3.905826e-06
4.358578e-06
4.282934e-06
4.207336e-06
4.131787e-06
4.056284e-06
3.980825e-06
3.905407e-06
4.358068e-06
4.282461e-06
4.206898e-06
4.13138e-06
4.055906e-06
3.980474e-06
3.90508e-06
4.357657e-06
4.282076e-06
4.206539e-06
4.131045e-06
4.055593e-06
3.98018e-06
3.904804e-06
4.357231e-06
4.281676e-06
4.206164e-06
4.130693e-06
4.055262e-06
3.979868e-06
3.90451e-06
4.3677e-06
4.291402e-06
4.215211e-06
4.139113e-06
4.0631e-06
3.98717e-06
3.911316e-06
4.3677e-06
4.291402e-06
4.215211e-06
4.139113e-06
4.0631e-06
3.98717e-06
3.911316e-06
4.367527e-06
4.29124e-06
4.215059e-06
4.13897e-06
4.062967e-06
3.987045e-06
3.911198e-06
4.367182e-06
4.290917e-06
4.214756e-06
4.138687e-06
4.062702e-06
3.986796e-06
3.910966e-06
4.366669e-06
4.290438e-06
4.214308e-06
4.138267e-06
4.062309e-06
3.986429e-06
3.910622e-06
4.365998e-06
4.28981e-06
4.213721e-06
4.137719e-06
4.061796e-06
3.985949e-06
3.910173e-06
4.365182e-06
4.289049e-06
4.21301e-06
4.137055e-06
4.061176e-06
3.98537e-06
3.909632e-06
4.364244e-06
4.288177e-06
4.212197e-06
4.136296e-06
4.060469e-06
3.98471e-06
3.909016e-06
4.363221e-06
4.287226e-06
4.211313e-06
4.135473e-06
4.059702e-06
3.983996e-06
3.908351e-06
4.362161e-06
4.286244e-06
4.2104e-06
4.134625e-06
4.058914e-06
3.983264e-06
3.90767e-06
4.361122e-06
4.285283e-06
4.209509e-06
4.133799e-06
4.058148e-06
3.982553e-06
3.90701e-06
4.360166e-06
4.284401e-06
4.208693e-06
4.133043e-06
4.057448e-06
3.981904e-06
3.906408e-06
4.359346e-06
4.283644e-06
4.207993e-06
4.132395e-06
4.056848e-06
3.981348e-06
3.905893e-06
4.358692e-06
4.283039e-06
4.207433e-06
4.131877e-06
4.056368e-06
3.980903e-06
3.90548e-06
4.358196e-06
4.282579e-06
4.207007e-06
4.131482e-06
4.056001e-06
3.980561e-06
3.905161e-06
4.35782e-06
4.282226e-06
4.206679e-06
4.131175e-06
4.055714e-06
3.980293e-06
3.90491e-06
4.357484e-06
4.281911e-06
4.206382e-06
4.130896e-06
4.055451e-06
3.980045e-06
3.904676e-06
4.367695e-06
4.2914e-06
4.215208e-06
4.13911e-06
4.063097e-06
3.987167e-06
3.911313e-06
4.367695e-06
4.2914e-06
4.215208e-06
4.139109e-06
4.063097e-06
3.987167e-06
3.911313e-06
4.367522e-06
4.291238e-06
4.215056e-06
4.138967e-06
4.062964e-06
3.987042e-06
3.911196e-06
4.367177e-06
4.290915e-06
4.214754e-06
4.138685e-06
4.062699e-06
3.986794e-06
3.910964e-06
4.366666e-06
4.290437e-06
4.214307e-06
4.138266e-06
4.062308e-06
3.986428e-06
3.910621e-06
4.365997e-06
4.289812e-06
4.213723e-06
4.13772e-06
4.061797e-06
3.98595e-06
3.910174e-06
4.365186e-06
4.289055e-06
4.213016e-06
4.13706e-06
4.061181e-06
3.985375e-06
3.909637e-06
4.364256e-06
4.288189e-06
4.212209e-06
4.136307e-06
4.060479e-06
3.98472e-06
3.909026e-06
4.363244e-06
4.287249e-06
4.211334e-06
4.135493e-06
4.059721e-06
3.984014e-06
3.908369e-06
4.362197e-06
4.286278e-06
4.210432e-06
4.134655e-06
4.058943e-06
3.983291e-06
3.907696e-06
4.361173e-06
4.28533e-06
4.209554e-06
4.13384e-06
4.058187e-06
3.98259e-06
3.907044e-06
4.360231e-06
4.28446e-06
4.208748e-06
4.133095e-06
4.057496e-06
3.981949e-06
3.90645e-06
4.359422e-06
4.283712e-06
4.208057e-06
4.132455e-06
4.056904e-06
3.9814e-06
3.905941e-06
4.358775e-06
4.283114e-06
4.207504e-06
4.131943e-06
4.056429e-06
3.98096e-06
3.905533e-06
4.358293e-06
4.282667e-06
4.207089e-06
4.131558e-06
4.056072e-06
3.980628e-06
3.905223e-06
4.357953e-06
4.282349e-06
4.206793e-06
4.131282e-06
4.055814e-06
3.980386e-06
3.904997e-06
4.357707e-06
4.282119e-06
4.206576e-06
4.131078e-06
4.055621e-06
3.980204e-06
3.904824e-06
4.367699e-06
4.291405e-06
4.215213e-06
4.139113e-06
4.063101e-06
3.98717e-06
3.911315e-06
4.367699e-06
4.291405e-06
4.215213e-06
4.139113e-06
4.063101e-06
3.98717e-06
3.911315e-06
4.367525e-06
4.291243e-06
4.21506e-06
4.13897e-06
4.062967e-06
3.987044e-06
3.911198e-06
4.36718e-06
4.290919e-06
4.214757e-06
4.138687e-06
4.062701e-06
3.986796e-06
3.910965e-06
4.366667e-06
4.290439e-06
4.214308e-06
4.138267e-06
4.062308e-06
3.986428e-06
3.910621e-06
4.365996e-06
4.289812e-06
4.213722e-06
4.137719e-06
4.061796e-06
3.985949e-06
3.910173e-06
4.365182e-06
4.289052e-06
4.213013e-06
4.137056e-06
4.061177e-06
3.985371e-06
3.909633e-06
4.364249e-06
4.288183e-06
4.212203e-06
4.136301e-06
4.060474e-06
3.984715e-06
3.909021e-06
4.363234e-06
4.28724e-06
4.211325e-06
4.135484e-06
4.059713e-06
3.984007e-06
3.908361e-06
4.362185e-06
4.286267e-06
4.210421e-06
4.134645e-06
4.058933e-06
3.983282e-06
3.907687e-06
4.36116e-06
4.285317e-06
4.209542e-06
4.133829e-06
4.058177e-06
3.98258e-06
3.907035e-06
4.360218e-06
4.284447e-06
4.208736e-06
4.133083e-06
4.057485e-06
3.981939e-06
3.906441e-06
4.359409e-06
4.2837e-06
4.208045e-06
4.132444e-06
4.056894e-06
3.981391e-06
3.905933e-06
4.358767e-06
4.283105e-06
4.207496e-06
4.131936e-06
4.056423e-06
3.980954e-06
3.905527e-06
4.358297e-06
4.28267e-06
4.207092e-06
4.131561e-06
4.056075e-06
3.980631e-06
3.905226e-06
4.357993e-06
4.282386e-06
4.206828e-06
4.131315e-06
4.055844e-06
3.980415e-06
3.905024e-06
4.35783e-06
4.282233e-06
4.206683e-06
4.131178e-06
4.055715e-06
3.980293e-06
3.904908e-06
4.367713e-06
4.291419e-06
4.215225e-06
4.139124e-06
4.063111e-06
3.987179e-06
3.911324e-06
4.367713e-06
4.291419e-06
4.215225e-06
4.139124e-06
4.063111e-06
3.987179e-06
3.911324e-06
4.367538e-06
4.291255e-06
4.215071e-06
4.13898e-06
4.062976e-06
3.987053e-06
3.911206e-06
4.36719e-06
4.290929e-06
4.214766e-06
4.138695e-06
4.062708e-06
3.986802e-06
3.910971e-06
4.366673e-06
4.290445e-06
4.214313e-06
4.138271e-06
4.062312e-06
3.986431e-06
3.910623e-06
4.365995e-06
4.289811e-06
4.213721e-06
4.137717e-06
4.061793e-06
3.985946e-06
3.91017e-06
4.365171e-06
4.289042e-06
4.213002e-06
4.137046e-06
4.061167e-06
3.985361e-06
3.909623e-06
4.364224e-06
4.28816e-06
4.21218e-06
4.136279e-06
4.060452e-06
3.984694e-06
3.909001e-06
4.363192e-06
4.2872e-06
4.211287e-06
4.135449e-06
4.059679e-06
3.983975e-06
3.908331e-06
4.362125e-06
4.28621e-06
4.210368e-06
4.134595e-06
4.058886e-06
3.983237e-06
3.907645e-06
4.361082e-06
4.285245e-06
4.209474e-06
4.133766e-06
4.058117e-06
3.982524e-06
3.906983e-06
4.360126e-06
4.284361e-06
4.208656e-06
4.133009e-06
4.057416e-06
3.981874e-06
3.90638e-06
4.35931e-06
4.283606e-06
4.207959e-06
4.132364e-06
4.056819e-06
3.981321e-06
3.905868e-06
4.358667e-06
4.283012e-06
4.20741e-06
4.131856e-06
4.056349e-06
3.980885e-06
3.905463e-06
4.358209e-06
4.282588e-06
4.207017e-06
4.131491e-06
4.05601e-06
3.98057e-06
3.90517e-06
4.357935e-06
4.282333e-06
4.206779e-06
4.131269e-06
4.055803e-06
3.980376e-06
3.904988e-06
4.357834e-06
4.282237e-06
4.206688e-06
4.131184e-06
4.055721e-06
3.980299e-06
3.904915e-06
)
;

boundaryField
{
    inlet
    {
        type            zeroGradient;
    }
    outlet
    {
        type            fixedValue;
        value           nonuniform List<scalar> 0();
    }
    chip_bases
    {
        type            zeroGradient;
    }
    walls
    {
        type            zeroGradient;
    }
    procBoundary11to5
    {
        type            processor;
        value           nonuniform List<scalar> 10(3.835417e-06 3.835528e-06 3.835528e-06 3.835417e-06 3.83542e-06 3.83553e-06 3.83553e-06 3.83542e-06 3.835422e-06 3.835532e-06);
    }
    procBoundary11to6
    {
        type            processor;
        value           nonuniform List<scalar> 
19
(
3.835198e-06
3.834874e-06
3.83445e-06
3.833939e-06
3.833356e-06
3.8352e-06
3.834875e-06
3.834451e-06
3.833938e-06
3.833353e-06
3.832721e-06
3.832072e-06
3.831443e-06
3.830872e-06
3.830383e-06
3.829994e-06
3.829678e-06
3.829425e-06
3.829096e-06
)
;
    }
    procBoundary11to7
    {
        type            processor;
        value           nonuniform List<scalar> 
203
(
3.835532e-06
3.835422e-06
3.835202e-06
3.834876e-06
3.834451e-06
3.833937e-06
3.833351e-06
3.832716e-06
3.832064e-06
3.831432e-06
3.830858e-06
3.830367e-06
3.829976e-06
3.829658e-06
3.8294e-06
3.829056e-06
3.835534e-06
3.835534e-06
3.835423e-06
3.835204e-06
3.834878e-06
3.834452e-06
3.833937e-06
3.833349e-06
3.832712e-06
3.832058e-06
3.831424e-06
3.830847e-06
3.830354e-06
3.829962e-06
3.829643e-06
3.82938e-06
3.829026e-06
3.835536e-06
3.835536e-06
3.835425e-06
3.835205e-06
3.834879e-06
3.834453e-06
3.833937e-06
3.833348e-06
3.83271e-06
3.832055e-06
3.831418e-06
3.83084e-06
3.830346e-06
3.829953e-06
3.829633e-06
3.829367e-06
3.829005e-06
3.835537e-06
3.835537e-06
3.835426e-06
3.835206e-06
3.83488e-06
3.834454e-06
3.833938e-06
3.833349e-06
3.83271e-06
3.832054e-06
3.831417e-06
3.830838e-06
3.830343e-06
3.829949e-06
3.829629e-06
3.829361e-06
3.828995e-06
3.835538e-06
3.835538e-06
3.835427e-06
3.835207e-06
3.834881e-06
3.834455e-06
3.833939e-06
3.83335e-06
3.832712e-06
3.832056e-06
3.831419e-06
3.83084e-06
3.830345e-06
3.829951e-06
3.829631e-06
3.829361e-06
3.828997e-06
3.835538e-06
3.835538e-06
3.835427e-06
3.835208e-06
3.834882e-06
3.834456e-06
3.83394e-06
3.833352e-06
3.832714e-06
3.832058e-06
3.831422e-06
3.830844e-06
3.83035e-06
3.829955e-06
3.829637e-06
3.829366e-06
3.82901e-06
3.835541e-06
3.835541e-06
3.83543e-06
3.83521e-06
3.834883e-06
3.834457e-06
3.833941e-06
3.833352e-06
3.832713e-06
3.832057e-06
3.831421e-06
3.830843e-06
3.830351e-06
3.829959e-06
3.829648e-06
3.829377e-06
3.829056e-06
3.835537e-06
3.835537e-06
3.835426e-06
3.835208e-06
3.834883e-06
3.834461e-06
3.83395e-06
3.833369e-06
3.83274e-06
3.832096e-06
3.831471e-06
3.830903e-06
3.830417e-06
3.830028e-06
3.829723e-06
3.829464e-06
3.829186e-06
3.835533e-06
3.835533e-06
3.835423e-06
3.835205e-06
3.834883e-06
3.834463e-06
3.833958e-06
3.833383e-06
3.832764e-06
3.83213e-06
3.831516e-06
3.830957e-06
3.83048e-06
3.830096e-06
3.829799e-06
3.829562e-06
3.829341e-06
3.835531e-06
3.83553e-06
3.835421e-06
3.835203e-06
3.834882e-06
3.834465e-06
3.833962e-06
3.833393e-06
3.83278e-06
3.832154e-06
3.831549e-06
3.830997e-06
3.830525e-06
3.830145e-06
3.829856e-06
3.829644e-06
3.82948e-06
3.835533e-06
3.835533e-06
3.835423e-06
3.835205e-06
3.834882e-06
3.834463e-06
3.833959e-06
3.833388e-06
3.832773e-06
3.832146e-06
3.83154e-06
3.830989e-06
3.830517e-06
3.83014e-06
3.829859e-06
3.82967e-06
3.82956e-06
3.835541e-06
3.835541e-06
3.83543e-06
3.83521e-06
3.834884e-06
3.83446e-06
3.833949e-06
3.833369e-06
3.832744e-06
3.832106e-06
3.831491e-06
3.830932e-06
3.830456e-06
3.83008e-06
3.829808e-06
3.829637e-06
3.829567e-06
)
;
    }
    procBoundary11to8
    {
        type            processor;
        value           nonuniform List<scalar> 
327
(
5.472326e-06
5.402371e-06
5.332616e-06
5.263051e-06
5.193665e-06
5.124447e-06
5.055387e-06
4.986477e-06
4.917708e-06
4.849072e-06
4.780561e-06
4.712169e-06
4.643888e-06
4.575712e-06
4.507635e-06
4.439655e-06
5.542924e-06
5.472367e-06
5.402407e-06
5.332649e-06
5.26308e-06
5.19369e-06
5.124469e-06
5.055407e-06
4.986494e-06
4.917723e-06
4.849085e-06
4.780573e-06
4.712179e-06
4.643897e-06
4.575721e-06
4.507643e-06
4.439662e-06
5.542971e-06
5.472404e-06
5.40244e-06
5.332678e-06
5.263106e-06
5.193713e-06
5.124489e-06
5.055425e-06
4.98651e-06
4.917737e-06
4.849098e-06
4.780584e-06
4.712189e-06
4.643906e-06
4.575728e-06
4.507649e-06
4.439669e-06
5.543012e-06
5.472435e-06
5.402468e-06
5.332703e-06
5.263128e-06
5.193733e-06
5.124507e-06
5.05544e-06
4.986524e-06
4.91775e-06
4.849109e-06
4.780594e-06
4.712197e-06
4.643913e-06
4.575735e-06
4.507655e-06
4.439674e-06
5.543047e-06
5.472458e-06
5.402489e-06
5.332722e-06
5.263145e-06
5.193748e-06
5.124521e-06
5.055453e-06
4.986535e-06
4.917759e-06
4.849117e-06
4.780601e-06
4.712204e-06
4.643919e-06
4.57574e-06
4.50766e-06
4.439678e-06
5.543073e-06
5.472475e-06
5.402504e-06
5.332736e-06
5.263158e-06
5.19376e-06
5.124531e-06
5.055462e-06
4.986543e-06
4.917767e-06
4.849124e-06
4.780607e-06
4.712209e-06
4.643924e-06
4.575744e-06
4.507664e-06
4.439681e-06
5.613522e-06
5.54309e-06
5.54309e-06
5.613081e-06
5.542668e-06
5.472483e-06
5.402512e-06
5.332743e-06
5.263165e-06
5.193767e-06
5.124537e-06
5.055468e-06
4.986549e-06
4.917772e-06
4.849128e-06
4.780611e-06
4.712213e-06
4.643927e-06
4.575747e-06
4.507666e-06
4.439683e-06
4.138676e-06
4.062692e-06
3.986788e-06
3.910959e-06
4.36751e-06
4.291222e-06
4.215046e-06
4.215046e-06
4.138679e-06
4.062695e-06
3.986791e-06
3.910961e-06
4.367516e-06
4.291226e-06
4.21505e-06
4.21505e-06
4.138967e-06
4.062964e-06
3.987043e-06
3.911198e-06
4.367521e-06
4.29123e-06
4.215054e-06
4.138967e-06
4.062964e-06
3.987043e-06
3.911198e-06
4.367525e-06
4.291233e-06
4.215057e-06
4.13897e-06
4.062967e-06
3.987045e-06
3.9112e-06
4.367529e-06
4.291236e-06
4.215059e-06
4.138972e-06
4.062969e-06
3.987047e-06
3.911201e-06
4.367531e-06
4.291239e-06
4.215061e-06
4.138973e-06
4.06297e-06
3.987048e-06
3.911202e-06
4.367534e-06
4.291241e-06
4.215062e-06
4.138975e-06
4.062971e-06
3.987049e-06
3.911203e-06
5.613068e-06
5.542661e-06
5.47248e-06
5.402513e-06
5.332746e-06
5.26317e-06
5.193773e-06
5.124544e-06
5.055475e-06
4.986556e-06
4.917779e-06
4.849136e-06
4.780618e-06
4.71222e-06
4.643934e-06
4.575753e-06
4.507672e-06
4.439687e-06
5.613006e-06
5.542609e-06
5.472436e-06
5.402476e-06
5.332715e-06
5.263143e-06
5.19375e-06
5.124524e-06
5.055458e-06
4.986541e-06
4.917766e-06
4.849124e-06
4.780608e-06
4.71221e-06
4.643925e-06
4.575745e-06
4.507664e-06
4.439679e-06
5.612918e-06
5.542535e-06
5.472375e-06
5.402424e-06
5.332672e-06
5.263106e-06
5.193718e-06
5.124498e-06
5.055435e-06
4.986522e-06
4.917749e-06
4.849109e-06
4.780595e-06
4.712199e-06
4.643915e-06
4.575736e-06
4.507656e-06
4.439671e-06
5.61285e-06
5.542479e-06
5.472328e-06
5.402385e-06
5.332638e-06
5.263078e-06
5.193695e-06
5.124477e-06
5.055418e-06
4.986507e-06
4.917736e-06
4.849098e-06
4.780585e-06
4.71219e-06
4.643907e-06
4.575729e-06
4.507649e-06
4.439664e-06
5.612823e-06
5.542459e-06
5.472314e-06
5.402375e-06
5.332633e-06
5.263075e-06
5.193694e-06
5.124478e-06
5.05542e-06
4.98651e-06
4.91774e-06
4.849102e-06
4.780589e-06
4.712195e-06
4.643911e-06
4.575733e-06
4.507653e-06
4.439667e-06
5.612831e-06
5.542472e-06
5.47233e-06
5.402394e-06
5.332653e-06
5.263096e-06
5.193715e-06
5.1245e-06
5.055441e-06
4.98653e-06
4.91776e-06
4.849121e-06
4.780608e-06
4.712212e-06
4.643928e-06
4.575748e-06
4.507668e-06
4.439681e-06
4.367539e-06
4.291247e-06
4.215066e-06
4.138979e-06
4.062975e-06
3.987052e-06
3.911205e-06
4.367533e-06
4.291243e-06
4.215062e-06
4.138974e-06
4.062971e-06
3.987048e-06
3.911202e-06
4.367527e-06
4.29124e-06
4.215059e-06
4.13897e-06
4.062967e-06
3.987045e-06
3.911198e-06
4.367522e-06
4.291238e-06
4.215056e-06
4.138967e-06
4.062964e-06
3.987042e-06
3.911196e-06
4.367526e-06
4.291243e-06
4.21506e-06
4.13897e-06
4.062967e-06
3.987044e-06
3.911198e-06
4.367538e-06
4.291255e-06
4.215071e-06
4.13898e-06
4.062976e-06
3.987053e-06
3.911206e-06
)
;
    }
    procBoundary11to9
    {
        type            processor;
        value           nonuniform List<scalar> 
41
(
5.472648e-06
5.402685e-06
5.332921e-06
5.263347e-06
5.19395e-06
5.124721e-06
5.05565e-06
4.986729e-06
4.917949e-06
4.849302e-06
4.780781e-06
5.472648e-06
5.402685e-06
5.332921e-06
5.263347e-06
5.19395e-06
5.472281e-06
5.402332e-06
5.332582e-06
5.263021e-06
5.193638e-06
5.124423e-06
5.055366e-06
4.986458e-06
4.917691e-06
4.849057e-06
4.780548e-06
4.712157e-06
4.643878e-06
4.575703e-06
4.507627e-06
4.439648e-06
5.542874e-06
4.138672e-06
4.062689e-06
3.986786e-06
3.910957e-06
4.367504e-06
4.291217e-06
4.215042e-06
4.215042e-06
)
;
    }
    procBoundary11to10
    {
        type            processor;
        value           nonuniform List<scalar> 
402
(
4.712378e-06
4.644087e-06
4.575902e-06
4.507815e-06
4.439825e-06
5.124721e-06
5.05565e-06
4.986729e-06
4.917949e-06
4.849302e-06
4.780781e-06
4.712378e-06
4.644087e-06
4.575902e-06
4.507815e-06
4.439825e-06
5.472236e-06
5.402292e-06
5.332547e-06
5.26299e-06
5.193611e-06
5.124399e-06
5.055345e-06
4.98644e-06
4.917675e-06
4.849043e-06
4.780535e-06
4.712146e-06
4.643868e-06
4.575694e-06
4.507619e-06
4.439641e-06
5.471412e-06
5.401505e-06
5.331797e-06
5.262277e-06
5.192933e-06
5.123756e-06
5.054735e-06
4.985862e-06
4.917128e-06
4.848525e-06
4.780046e-06
4.711683e-06
4.643431e-06
4.575282e-06
4.50723e-06
4.439273e-06
5.470173e-06
5.400324e-06
5.330673e-06
5.261208e-06
5.191918e-06
5.122793e-06
5.053823e-06
4.984998e-06
4.916311e-06
4.847753e-06
4.779316e-06
4.710994e-06
4.642779e-06
4.574667e-06
4.50665e-06
4.438726e-06
5.468519e-06
5.398749e-06
5.329176e-06
5.259787e-06
5.190571e-06
5.121516e-06
5.052614e-06
4.983855e-06
4.91523e-06
4.846732e-06
4.778352e-06
4.710084e-06
4.641922e-06
4.573858e-06
4.505887e-06
4.438007e-06
5.466457e-06
5.39679e-06
5.327317e-06
5.258024e-06
5.188902e-06
5.119937e-06
5.051122e-06
4.982446e-06
4.9139e-06
4.845477e-06
4.77717e-06
4.70897e-06
4.640872e-06
4.572869e-06
4.504956e-06
4.43713e-06
5.46401e-06
5.39447e-06
5.32512e-06
5.255947e-06
5.186939e-06
5.118085e-06
5.049374e-06
4.980799e-06
4.912349e-06
4.844017e-06
4.775795e-06
4.707677e-06
4.639656e-06
4.571726e-06
4.503881e-06
4.436119e-06
5.461245e-06
5.391853e-06
5.322647e-06
5.253612e-06
5.184736e-06
5.116009e-06
5.04742e-06
4.978959e-06
4.910619e-06
4.842391e-06
4.774267e-06
4.706242e-06
4.638308e-06
4.570461e-06
4.502694e-06
4.435004e-06
5.461245e-06
5.391853e-06
5.322647e-06
5.253612e-06
5.184736e-06
5.116009e-06
5.04742e-06
4.978959e-06
4.910619e-06
4.842391e-06
4.774267e-06
4.706242e-06
4.638308e-06
4.570461e-06
4.502694e-06
4.435004e-06
5.458203e-06
5.388989e-06
5.319952e-06
5.25108e-06
5.182359e-06
5.113778e-06
5.045327e-06
4.976998e-06
4.908781e-06
4.840669e-06
4.772655e-06
4.704732e-06
4.636895e-06
4.569138e-06
4.501456e-06
4.433843e-06
5.455062e-06
5.386045e-06
5.317195e-06
5.248498e-06
5.179944e-06
5.11152e-06
5.043217e-06
4.975026e-06
4.906939e-06
4.838949e-06
4.771049e-06
4.703233e-06
4.635495e-06
4.56783e-06
4.500234e-06
4.432701e-06
5.452038e-06
5.383222e-06
5.314562e-06
5.246044e-06
5.177656e-06
5.109388e-06
5.041231e-06
4.973176e-06
4.905217e-06
4.837345e-06
4.769555e-06
4.701842e-06
4.634199e-06
4.566623e-06
4.49911e-06
4.431652e-06
5.449334e-06
5.380709e-06
5.312226e-06
5.243874e-06
5.17564e-06
5.107515e-06
5.039492e-06
4.971561e-06
4.903716e-06
4.835951e-06
4.768259e-06
4.700637e-06
4.633079e-06
4.565581e-06
4.498141e-06
4.430749e-06
5.447157e-06
5.378691e-06
5.310356e-06
5.24214e-06
5.174033e-06
5.106026e-06
5.03811e-06
4.97028e-06
4.902527e-06
4.834847e-06
4.767235e-06
4.699686e-06
4.632195e-06
4.56476e-06
4.497376e-06
4.430038e-06
5.445465e-06
5.377125e-06
5.308906e-06
5.240797e-06
5.172788e-06
5.104872e-06
5.03704e-06
4.969286e-06
4.901605e-06
4.83399e-06
4.766438e-06
4.698944e-06
4.631505e-06
4.564116e-06
4.496777e-06
4.429479e-06
5.444252e-06
5.376001e-06
5.307863e-06
5.239829e-06
5.17189e-06
5.104037e-06
5.036264e-06
4.968564e-06
4.900932e-06
4.833363e-06
4.765853e-06
4.698397e-06
4.630994e-06
4.563638e-06
4.496328e-06
4.42906e-06
5.442845e-06
5.374697e-06
5.306654e-06
5.238706e-06
5.170845e-06
5.103064e-06
5.035357e-06
4.967717e-06
4.90014e-06
4.832622e-06
4.765159e-06
4.697747e-06
4.630383e-06
4.563064e-06
4.495788e-06
4.428552e-06
4.138953e-06
4.062952e-06
3.987032e-06
3.911188e-06
4.367672e-06
4.291376e-06
4.215191e-06
4.139095e-06
4.063086e-06
3.987158e-06
3.911306e-06
4.367672e-06
4.291376e-06
4.215191e-06
4.139095e-06
4.063086e-06
3.987158e-06
3.911306e-06
4.367498e-06
4.291213e-06
4.215038e-06
4.138953e-06
4.062952e-06
3.987032e-06
3.911188e-06
4.367152e-06
4.290889e-06
4.214735e-06
4.138669e-06
4.062686e-06
3.986783e-06
3.910955e-06
4.366638e-06
4.290408e-06
4.214285e-06
4.138247e-06
4.062291e-06
3.986414e-06
3.910609e-06
4.365964e-06
4.289778e-06
4.213695e-06
4.137696e-06
4.061776e-06
3.985932e-06
3.910158e-06
4.365143e-06
4.289012e-06
4.21298e-06
4.137027e-06
4.061151e-06
3.985348e-06
3.909612e-06
4.364197e-06
4.288133e-06
4.212159e-06
4.136262e-06
4.060438e-06
3.984682e-06
3.908991e-06
4.363156e-06
4.287166e-06
4.211258e-06
4.135422e-06
4.059656e-06
3.983953e-06
3.908312e-06
4.363156e-06
4.287166e-06
4.211258e-06
4.135422e-06
4.059656e-06
3.983953e-06
3.908312e-06
4.362077e-06
4.286167e-06
4.210329e-06
4.134559e-06
4.058854e-06
3.983208e-06
3.907618e-06
4.361017e-06
4.285188e-06
4.209421e-06
4.133717e-06
4.058072e-06
3.982483e-06
3.906945e-06
4.360044e-06
4.284292e-06
4.20859e-06
4.132948e-06
4.05736e-06
3.981823e-06
3.906333e-06
4.359209e-06
4.283521e-06
4.207877e-06
4.132288e-06
4.05675e-06
3.981258e-06
3.905809e-06
4.358549e-06
4.28291e-06
4.207313e-06
4.131767e-06
4.056267e-06
3.980809e-06
3.905393e-06
4.358028e-06
4.282426e-06
4.206864e-06
4.13135e-06
4.055879e-06
3.980449e-06
3.905057e-06
4.357634e-06
4.282057e-06
4.206521e-06
4.13103e-06
4.05558e-06
3.980168e-06
3.904794e-06
4.357157e-06
4.281608e-06
4.206101e-06
4.130635e-06
4.055208e-06
3.979818e-06
3.904464e-06
)
;
    }
    procBoundary11to13
    {
        type            processor;
        value           nonuniform List<scalar> 
226
(
5.542874e-06
5.542443e-06
5.541581e-06
5.540282e-06
5.538547e-06
5.536377e-06
5.533792e-06
5.542924e-06
5.542493e-06
5.54163e-06
5.540332e-06
5.538595e-06
5.536422e-06
5.53383e-06
5.530863e-06
5.527616e-06
5.524244e-06
5.520977e-06
5.51804e-06
5.515667e-06
5.513817e-06
5.512473e-06
5.510863e-06
5.542971e-06
5.54254e-06
5.541677e-06
5.540378e-06
5.53864e-06
5.536464e-06
5.533866e-06
5.530889e-06
5.527627e-06
5.524233e-06
5.52094e-06
5.51798e-06
5.515585e-06
5.513716e-06
5.512343e-06
5.510657e-06
5.543012e-06
5.542581e-06
5.541718e-06
5.540419e-06
5.538679e-06
5.536501e-06
5.533899e-06
5.530914e-06
5.527639e-06
5.524229e-06
5.520916e-06
5.517936e-06
5.515523e-06
5.51364e-06
5.512242e-06
5.510498e-06
5.543047e-06
5.542616e-06
5.541752e-06
5.540452e-06
5.538712e-06
5.536532e-06
5.533927e-06
5.530936e-06
5.527654e-06
5.524232e-06
5.520905e-06
5.517911e-06
5.515486e-06
5.513593e-06
5.512176e-06
5.510394e-06
5.543073e-06
5.542642e-06
5.541778e-06
5.540478e-06
5.538737e-06
5.536556e-06
5.533949e-06
5.530957e-06
5.52767e-06
5.524243e-06
5.520909e-06
5.517908e-06
5.515475e-06
5.513578e-06
5.512149e-06
5.510349e-06
5.613522e-06
5.54309e-06
5.54309e-06
5.613073e-06
5.54266e-06
5.54266e-06
5.541796e-06
5.541796e-06
5.540495e-06
5.540495e-06
5.538754e-06
5.538754e-06
5.536573e-06
5.536573e-06
5.533967e-06
5.533967e-06
5.530974e-06
5.530974e-06
5.527688e-06
5.527688e-06
5.524262e-06
5.524262e-06
5.520928e-06
5.520928e-06
5.517929e-06
5.517929e-06
5.515492e-06
5.515492e-06
5.513597e-06
5.513597e-06
5.512161e-06
5.512161e-06
5.510363e-06
5.510363e-06
5.612179e-06
5.612179e-06
5.61082e-06
5.608998e-06
5.606712e-06
5.603972e-06
5.600818e-06
5.597339e-06
5.593696e-06
5.590131e-06
5.58691e-06
5.58428e-06
5.58224e-06
5.580677e-06
5.578777e-06
5.612166e-06
5.612166e-06
5.610805e-06
5.608981e-06
5.606692e-06
5.603949e-06
5.60079e-06
5.59731e-06
5.593671e-06
5.590116e-06
5.586914e-06
5.584302e-06
5.582306e-06
5.580752e-06
5.57904e-06
5.612103e-06
5.612103e-06
5.610744e-06
5.608924e-06
5.606646e-06
5.603925e-06
5.600807e-06
5.597388e-06
5.593829e-06
5.590365e-06
5.58725e-06
5.584699e-06
5.58276e-06
5.58128e-06
5.579801e-06
5.612015e-06
5.612015e-06
5.610656e-06
5.608839e-06
5.60657e-06
5.60387e-06
5.600789e-06
5.59743e-06
5.593955e-06
5.590588e-06
5.587568e-06
5.585095e-06
5.583231e-06
5.581878e-06
5.580711e-06
5.611946e-06
5.611946e-06
5.610586e-06
5.608771e-06
5.606509e-06
5.603824e-06
5.600774e-06
5.597465e-06
5.594059e-06
5.590771e-06
5.587827e-06
5.585415e-06
5.583614e-06
5.582385e-06
5.581534e-06
5.611917e-06
5.611917e-06
5.610554e-06
5.608734e-06
5.606465e-06
5.603773e-06
5.600719e-06
5.59741e-06
5.594012e-06
5.590739e-06
5.587815e-06
5.585428e-06
5.583673e-06
5.58256e-06
5.581995e-06
5.611923e-06
5.611923e-06
5.610555e-06
5.608725e-06
5.606436e-06
5.603714e-06
5.600616e-06
5.597253e-06
5.593796e-06
5.590468e-06
5.587505e-06
5.585105e-06
5.583377e-06
5.58236e-06
5.582012e-06
)
;
    }
    procBoundary11to14
    {
        type            processor;
        value           nonuniform List<scalar> 
21
(
5.684205e-06
5.684205e-06
5.683737e-06
5.684184e-06
5.684184e-06
5.683716e-06
5.684109e-06
5.684109e-06
5.68364e-06
5.684004e-06
5.684004e-06
5.683534e-06
5.683922e-06
5.683922e-06
5.683452e-06
5.683887e-06
5.683887e-06
5.683416e-06
5.683889e-06
5.683889e-06
5.683418e-06
)
;
    }
}


// ************************************************************************* //
