/*--------------------------------*- C++ -*----------------------------------*\
| =========                 |                                                 |
| \\      /  F ield         | OpenFOAM: The Open Source CFD Toolbox           |
|  \\    /   O peration     | Version:  2406                                  |
|   \\  /    A nd           | Website:  www.openfoam.com                      |
|    \\/     M anipulation  |                                                 |
\*---------------------------------------------------------------------------*/
FoamFile
{
    version     2.0;
    format      ascii;
    arch        "LSB;label=32;scalar=64";
    class       labelList;
    location    "constant/polyMesh";
    object      cellProcAddressing;
}
// * * * * * * * * * * * * * * * * * * * * * * * * * * * * * * * * * * * * * //


5409
(
13179
13180
13181
13182
13183
13197
13198
13199
13200
13201
13202
13203
13204
13205
13206
13207
13214
13215
13216
13217
13218
13219
13220
13221
13222
13223
13224
13225
13226
13227
13228
13229
13230
13231
13238
13239
13240
13241
13242
13243
13244
13245
13246
13247
13248
13249
13250
13251
13252
13253
13254
13255
13262
13263
13264
13265
13266
13267
13268
13269
13270
13271
13272
13273
13274
13275
13276
13277
13278
13279
13286
13287
13288
13289
13290
13291
13292
13293
13294
13295
13296
13297
13298
13299
13300
13301
13302
13303
13310
13311
13312
13313
13314
13315
13316
13317
13318
13319
13320
13321
13322
13323
13324
13325
13326
13327
13334
13335
13336
13337
13338
13339
13340
13341
13342
13343
13344
13345
13346
13347
13348
13349
13350
13351
13358
13359
13360
13361
13362
13363
13364
13365
13366
13367
13368
13369
13370
13371
13372
13373
13374
13375
13382
13383
13384
13385
13386
13387
13388
13389
13390
13391
13392
13393
13394
13395
13396
13397
13398
13399
13406
13407
13408
13409
13410
13411
13412
13413
13414
13415
13416
13417
13418
13419
13420
13421
13422
13423
13430
13431
13432
13433
13434
13435
13436
13437
13438
13439
13440
13441
13442
13443
13444
13445
13446
13447
13453
13454
13455
13456
13457
13458
13459
13460
13461
13462
13463
13464
13465
13466
13467
13468
13469
13470
13471
13477
13478
13479
13480
13481
13482
13483
13484
13485
13486
13487
13488
13489
13490
13491
13492
13493
13494
13495
13501
13502
13503
13504
13505
13506
13507
13508
13509
13510
13511
13512
13513
13514
13515
13516
13517
13518
13519
13525
13526
13527
13528
13529
13530
13531
13532
13533
13534
13535
13536
13537
13538
13539
13540
13541
13542
13543
13549
13550
13551
13552
13553
13554
13555
13556
13557
13558
13559
13560
13561
13562
13563
13564
13565
13566
13567
13947
13948
13949
13950
13951
13965
13966
13967
13968
13969
13970
13971
13972
13973
13974
13975
13982
13983
13984
13985
13986
13987
13988
13989
13990
13991
13992
13993
13994
13995
13996
13997
13998
13999
14006
14007
14008
14009
14010
14011
14012
14013
14014
14015
14016
14017
14018
14019
14020
14021
14022
14023
14030
14031
14032
14033
14034
14035
14036
14037
14038
14039
14040
14041
14042
14043
14044
14045
14046
14047
14054
14055
14056
14057
14058
14059
14060
14061
14062
14063
14064
14065
14066
14067
14068
14069
14070
14071
14078
14079
14080
14081
14082
14083
14084
14085
14086
14087
14088
14089
14090
14091
14092
14093
14094
14095
14102
14103
14104
14105
14106
14107
14108
14109
14110
14111
14112
14113
14114
14115
14116
14117
14118
14119
14126
14127
14128
14129
14130
14131
14132
14133
14134
14135
14136
14137
14138
14139
14140
14141
14142
14143
14150
14151
14152
14153
14154
14155
14156
14157
14158
14159
14160
14161
14162
14163
14164
14165
14166
14167
14174
14175
14176
14177
14178
14179
14180
14181
14182
14183
14184
14185
14186
14187
14188
14189
14190
14191
14198
14199
14200
14201
14202
14203
14204
14205
14206
14207
14208
14209
14210
14211
14212
14213
14214
14215
14221
14222
14223
14224
14225
14226
14227
14228
14229
14230
14231
14232
14233
14234
14235
14236
14237
14238
14239
14245
14246
14247
14248
14249
14250
14251
14252
14253
14254
14255
14256
14257
14258
14259
14260
14261
14262
14263
14269
14270
14271
14272
14273
14274
14275
14276
14277
14278
14279
14280
14281
14282
14283
14284
14285
14286
14287
14293
14294
14295
14296
14297
14298
14299
14300
14301
14302
14303
14304
14305
14306
14307
14308
14309
14310
14311
14317
14318
14319
14320
14321
14322
14323
14324
14325
14326
14327
14328
14329
14330
14331
14332
14333
14334
14335
14715
14716
14717
14718
14719
14733
14734
14735
14736
14737
14738
14739
14740
14741
14742
14743
14750
14751
14752
14753
14754
14755
14756
14757
14758
14759
14760
14761
14762
14763
14764
14765
14766
14767
14774
14775
14776
14777
14778
14779
14780
14781
14782
14783
14784
14785
14786
14787
14788
14789
14790
14791
14798
14799
14800
14801
14802
14803
14804
14805
14806
14807
14808
14809
14810
14811
14812
14813
14814
14815
14822
14823
14824
14825
14826
14827
14828
14829
14830
14831
14832
14833
14834
14835
14836
14837
14838
14839
14846
14847
14848
14849
14850
14851
14852
14853
14854
14855
14856
14857
14858
14859
14860
14861
14862
14863
14870
14871
14872
14873
14874
14875
14876
14877
14878
14879
14880
14881
14882
14883
14884
14885
14886
14887
14894
14895
14896
14897
14898
14899
14900
14901
14902
14903
14904
14905
14906
14907
14908
14909
14910
14911
14918
14919
14920
14921
14922
14923
14924
14925
14926
14927
14928
14929
14930
14931
14932
14933
14934
14935
14942
14943
14944
14945
14946
14947
14948
14949
14950
14951
14952
14953
14954
14955
14956
14957
14958
14959
14966
14967
14968
14969
14970
14971
14972
14973
14974
14975
14976
14977
14978
14979
14980
14981
14982
14983
14989
14990
14991
14992
14993
14994
14995
14996
14997
14998
14999
15000
15001
15002
15003
15004
15005
15006
15007
15013
15014
15015
15016
15017
15018
15019
15020
15021
15022
15023
15024
15025
15026
15027
15028
15029
15030
15031
15037
15038
15039
15040
15041
15042
15043
15044
15045
15046
15047
15048
15049
15050
15051
15052
15053
15054
15055
15061
15062
15063
15064
15065
15066
15067
15068
15069
15070
15071
15072
15073
15074
15075
15076
15077
15078
15079
15085
15086
15087
15088
15089
15090
15091
15092
15093
15094
15095
15096
15097
15098
15099
15100
15101
15102
15103
15483
15484
15485
15486
15487
15501
15502
15503
15504
15505
15506
15507
15508
15509
15510
15511
15518
15519
15520
15521
15522
15523
15524
15525
15526
15527
15528
15529
15530
15531
15532
15533
15534
15535
15542
15543
15544
15545
15546
15547
15548
15549
15550
15551
15552
15553
15554
15555
15556
15557
15558
15559
15566
15567
15568
15569
15570
15571
15572
15573
15574
15575
15576
15577
15578
15579
15580
15581
15582
15583
15590
15591
15592
15593
15594
15595
15596
15597
15598
15599
15600
15601
15602
15603
15604
15605
15606
15607
15614
15615
15616
15617
15618
15619
15620
15621
15622
15623
15624
15625
15626
15627
15628
15629
15630
15631
15638
15639
15640
15641
15642
15643
15644
15645
15646
15647
15648
15649
15650
15651
15652
15653
15654
15655
15662
15663
15664
15665
15666
15667
15668
15669
15670
15671
15672
15673
15674
15675
15676
15677
15678
15679
15686
15687
15688
15689
15690
15691
15692
15693
15694
15695
15696
15697
15698
15699
15700
15701
15702
15703
15710
15711
15712
15713
15714
15715
15716
15717
15718
15719
15720
15721
15722
15723
15724
15725
15726
15727
15734
15735
15736
15737
15738
15739
15740
15741
15742
15743
15744
15745
15746
15747
15748
15749
15750
15751
15757
15758
15759
15760
15761
15762
15763
15764
15765
15766
15767
15768
15769
15770
15771
15772
15773
15774
15775
15781
15782
15783
15784
15785
15786
15787
15788
15789
15790
15791
15792
15793
15794
15795
15796
15797
15798
15799
15805
15806
15807
15808
15809
15810
15811
15812
15813
15814
15815
15816
15817
15818
15819
15820
15821
15822
15823
15829
15830
15831
15832
15833
15834
15835
15836
15837
15838
15839
15840
15841
15842
15843
15844
15845
15846
15847
15853
15854
15855
15856
15857
15858
15859
15860
15861
15862
15863
15864
15865
15866
15867
15868
15869
15870
15871
16251
16252
16253
16254
16255
16269
16270
16271
16272
16273
16274
16275
16276
16277
16278
16279
16286
16287
16288
16289
16290
16291
16292
16293
16294
16295
16296
16297
16298
16299
16300
16301
16302
16303
16310
16311
16312
16313
16314
16315
16316
16317
16318
16319
16320
16321
16322
16323
16324
16325
16326
16327
16334
16335
16336
16337
16338
16339
16340
16341
16342
16343
16344
16345
16346
16347
16348
16349
16350
16351
16358
16359
16360
16361
16362
16363
16364
16365
16366
16367
16368
16369
16370
16371
16372
16373
16374
16375
16382
16383
16384
16385
16386
16387
16388
16389
16390
16391
16392
16393
16394
16395
16396
16397
16398
16399
16406
16407
16408
16409
16410
16411
16412
16413
16414
16415
16416
16417
16418
16419
16420
16421
16422
16423
16430
16431
16432
16433
16434
16435
16436
16437
16438
16439
16440
16441
16442
16443
16444
16445
16446
16447
16454
16455
16456
16457
16458
16459
16460
16461
16462
16463
16464
16465
16466
16467
16468
16469
16470
16471
16478
16479
16480
16481
16482
16483
16484
16485
16486
16487
16488
16489
16490
16491
16492
16493
16494
16495
16502
16503
16504
16505
16506
16507
16508
16509
16510
16511
16512
16513
16514
16515
16516
16517
16518
16519
16525
16526
16527
16528
16529
16530
16531
16532
16533
16534
16535
16536
16537
16538
16539
16540
16541
16542
16543
16549
16550
16551
16552
16553
16554
16555
16556
16557
16558
16559
16560
16561
16562
16563
16564
16565
16566
16567
16573
16574
16575
16576
16577
16578
16579
16580
16581
16582
16583
16584
16585
16586
16587
16588
16589
16590
16591
16597
16598
16599
16600
16601
16602
16603
16604
16605
16606
16607
16608
16609
16610
16611
16612
16613
16614
16615
16621
16622
16623
16624
16625
16626
16627
16628
16629
16630
16631
16632
16633
16634
16635
16636
16637
16638
16639
17019
17020
17021
17022
17023
17037
17038
17039
17040
17041
17042
17043
17044
17045
17046
17047
17054
17055
17056
17057
17058
17059
17060
17061
17062
17063
17064
17065
17066
17067
17068
17069
17070
17071
17078
17079
17080
17081
17082
17083
17084
17085
17086
17087
17088
17089
17090
17091
17092
17093
17094
17095
17102
17103
17104
17105
17106
17107
17108
17109
17110
17111
17112
17113
17114
17115
17116
17117
17118
17119
17126
17127
17128
17129
17130
17131
17132
17133
17134
17135
17136
17137
17138
17139
17140
17141
17142
17143
17150
17151
17152
17153
17154
17155
17156
17157
17158
17159
17160
17161
17162
17163
17164
17165
17166
17167
17174
17175
17176
17177
17178
17179
17180
17181
17182
17183
17184
17185
17186
17187
17188
17189
17190
17191
17198
17199
17200
17201
17202
17203
17204
17205
17206
17207
17208
17209
17210
17211
17212
17213
17214
17215
17222
17223
17224
17225
17226
17227
17228
17229
17230
17231
17232
17233
17234
17235
17236
17237
17238
17239
17246
17247
17248
17249
17250
17251
17252
17253
17254
17255
17256
17257
17258
17259
17260
17261
17262
17263
17270
17271
17272
17273
17274
17275
17276
17277
17278
17279
17280
17281
17282
17283
17284
17285
17286
17287
17293
17294
17295
17296
17297
17298
17299
17300
17301
17302
17303
17304
17305
17306
17307
17308
17309
17310
17311
17317
17318
17319
17320
17321
17322
17323
17324
17325
17326
17327
17328
17329
17330
17331
17332
17333
17334
17335
17341
17342
17343
17344
17345
17346
17347
17348
17349
17350
17351
17352
17353
17354
17355
17356
17357
17358
17359
17365
17366
17367
17368
17369
17370
17371
17372
17373
17374
17375
17376
17377
17378
17379
17380
17381
17382
17383
17389
17390
17391
17392
17393
17394
17395
17396
17397
17398
17399
17400
17401
17402
17403
17404
17405
17406
17407
17787
17788
17789
17790
17791
17805
17806
17807
17808
17809
17810
17811
17812
17813
17814
17815
17822
17823
17824
17825
17826
17827
17828
17829
17830
17831
17832
17833
17834
17835
17836
17837
17838
17839
17846
17847
17848
17849
17850
17851
17852
17853
17854
17855
17856
17857
17858
17859
17860
17861
17862
17863
17870
17871
17872
17873
17874
17875
17876
17877
17878
17879
17880
17881
17882
17883
17884
17885
17886
17887
17894
17895
17896
17897
17898
17899
17900
17901
17902
17903
17904
17905
17906
17907
17908
17909
17910
17911
17918
17919
17920
17921
17922
17923
17924
17925
17926
17927
17928
17929
17930
17931
17932
17933
17934
17935
17942
17943
17944
17945
17946
17947
17948
17949
17950
17951
17952
17953
17954
17955
17956
17957
17958
17959
17966
17967
17968
17969
17970
17971
17972
17973
17974
17975
17976
17977
17978
17979
17980
17981
17982
17983
17990
17991
17992
17993
17994
17995
17996
17997
17998
17999
18000
18001
18002
18003
18004
18005
18006
18007
18014
18015
18016
18017
18018
18019
18020
18021
18022
18023
18024
18025
18026
18027
18028
18029
18030
18031
18038
18039
18040
18041
18042
18043
18044
18045
18046
18047
18048
18049
18050
18051
18052
18053
18054
18055
18061
18062
18063
18064
18065
18066
18067
18068
18069
18070
18071
18072
18073
18074
18075
18076
18077
18078
18079
18085
18086
18087
18088
18089
18090
18091
18092
18093
18094
18095
18096
18097
18098
18099
18100
18101
18102
18103
18109
18110
18111
18112
18113
18114
18115
18116
18117
18118
18119
18120
18121
18122
18123
18124
18125
18126
18127
18133
18134
18135
18136
18137
18138
18139
18140
18141
18142
18143
18144
18145
18146
18147
18148
18149
18150
18151
18157
18158
18159
18160
18161
18162
18163
18164
18165
18166
18167
18168
18169
18170
18171
18172
18173
18174
18175
18555
18556
18557
18558
18559
18573
18574
18575
18576
18577
18578
18579
18580
18581
18582
18583
18590
18591
18592
18593
18594
18595
18596
18597
18598
18599
18600
18601
18602
18603
18604
18605
18606
18607
18614
18615
18616
18617
18618
18619
18620
18621
18622
18623
18624
18625
18626
18627
18628
18629
18630
18631
18638
18639
18640
18641
18642
18643
18644
18645
18646
18647
18648
18649
18650
18651
18652
18653
18654
18655
18662
18663
18664
18665
18666
18667
18668
18669
18670
18671
18672
18673
18674
18675
18676
18677
18678
18679
18686
18687
18688
18689
18690
18691
18692
18693
18694
18695
18696
18697
18698
18699
18700
18701
18702
18703
18710
18711
18712
18713
18714
18715
18716
18717
18718
18719
18720
18721
18722
18723
18724
18725
18726
18727
18734
18735
18736
18737
18738
18739
18740
18741
18742
18743
18744
18745
18746
18747
18748
18749
18750
18751
18758
18759
18760
18761
18762
18763
18764
18765
18766
18767
18768
18769
18770
18771
18772
18773
18774
18775
18782
18783
18784
18785
18786
18787
18788
18789
18790
18791
18792
18793
18794
18795
18796
18797
18798
18799
18806
18807
18808
18809
18810
18811
18812
18813
18814
18815
18816
18817
18818
18819
18820
18821
18822
18823
18829
18830
18831
18832
18833
18834
18835
18836
18837
18838
18839
18840
18841
18842
18843
18844
18845
18846
18847
18853
18854
18855
18856
18857
18858
18859
18860
18861
18862
18863
18864
18865
18866
18867
18868
18869
18870
18871
18877
18878
18879
18880
18881
18882
18883
18884
18885
18886
18887
18888
18889
18890
18891
18892
18893
18894
18895
18901
18902
18903
18904
18905
18906
18907
18908
18909
18910
18911
18912
18913
18914
18915
18916
18917
18918
18919
18925
18926
18927
18928
18929
18930
18931
18932
18933
18934
18935
18936
18937
18938
18939
18940
18941
18942
18943
19323
19324
19325
19326
19327
19341
19342
19343
19344
19345
19346
19347
19348
19349
19350
19351
19358
19359
19360
19361
19362
19363
19364
19365
19366
19367
19368
19369
19370
19371
19372
19373
19374
19375
19382
19383
19384
19385
19386
19387
19388
19389
19390
19391
19392
19393
19394
19395
19396
19397
19398
19399
19406
19407
19408
19409
19410
19411
19412
19413
19414
19415
19416
19417
19418
19419
19420
19421
19422
19423
19430
19431
19432
19433
19434
19435
19436
19437
19438
19439
19440
19441
19442
19443
19444
19445
19446
19447
19454
19455
19456
19457
19458
19459
19460
19461
19462
19463
19464
19465
19466
19467
19468
19469
19470
19471
19478
19479
19480
19481
19482
19483
19484
19485
19486
19487
19488
19489
19490
19491
19492
19493
19494
19495
19502
19503
19504
19505
19506
19507
19508
19509
19510
19511
19512
19513
19514
19515
19516
19517
19518
19519
19526
19527
19528
19529
19530
19531
19532
19533
19534
19535
19536
19537
19538
19539
19540
19541
19542
19543
19550
19551
19552
19553
19554
19555
19556
19557
19558
19559
19560
19561
19562
19563
19564
19565
19566
19567
19574
19575
19576
19577
19578
19579
19580
19581
19582
19583
19584
19585
19586
19587
19588
19589
19590
19591
19597
19598
19599
19600
19601
19602
19603
19604
19605
19606
19607
19608
19609
19610
19611
19612
19613
19614
19615
19621
19622
19623
19624
19625
19626
19627
19628
19629
19630
19631
19632
19633
19634
19635
19636
19637
19638
19639
19645
19646
19647
19648
19649
19650
19651
19652
19653
19654
19655
19656
19657
19658
19659
19660
19661
19662
19663
19669
19670
19671
19672
19673
19674
19675
19676
19677
19678
19679
19680
19681
19682
19683
19684
19685
19686
19687
19693
19694
19695
19696
19697
19698
19699
19700
19701
19702
19703
19704
19705
19706
19707
19708
19709
19710
19711
20091
20092
20093
20094
20095
20109
20110
20111
20112
20113
20114
20115
20116
20117
20118
20119
20126
20127
20128
20129
20130
20131
20132
20133
20134
20135
20136
20137
20138
20139
20140
20141
20142
20143
20150
20151
20152
20153
20154
20155
20156
20157
20158
20159
20160
20161
20162
20163
20164
20165
20166
20167
20174
20175
20176
20177
20178
20179
20180
20181
20182
20183
20184
20185
20186
20187
20188
20189
20190
20191
20198
20199
20200
20201
20202
20203
20204
20205
20206
20207
20208
20209
20210
20211
20212
20213
20214
20215
20222
20223
20224
20225
20226
20227
20228
20229
20230
20231
20232
20233
20234
20235
20236
20237
20238
20239
20246
20247
20248
20249
20250
20251
20252
20253
20254
20255
20256
20257
20258
20259
20260
20261
20262
20263
20270
20271
20272
20273
20274
20275
20276
20277
20278
20279
20280
20281
20282
20283
20284
20285
20286
20287
20294
20295
20296
20297
20298
20299
20300
20301
20302
20303
20304
20305
20306
20307
20308
20309
20310
20311
20318
20319
20320
20321
20322
20323
20324
20325
20326
20327
20328
20329
20330
20331
20332
20333
20334
20335
20342
20343
20344
20345
20346
20347
20348
20349
20350
20351
20352
20353
20354
20355
20356
20357
20358
20359
20365
20366
20367
20368
20369
20370
20371
20372
20373
20374
20375
20376
20377
20378
20379
20380
20381
20382
20383
20389
20390
20391
20392
20393
20394
20395
20396
20397
20398
20399
20400
20401
20402
20403
20404
20405
20406
20407
20413
20414
20415
20416
20417
20418
20419
20420
20421
20422
20423
20424
20425
20426
20427
20428
20429
20430
20431
20437
20438
20439
20440
20441
20442
20443
20444
20445
20446
20447
20448
20449
20450
20451
20452
20453
20454
20455
20461
20462
20463
20464
20465
20466
20467
20468
20469
20470
20471
20472
20473
20474
20475
20476
20477
20478
20479
20859
20860
20861
20862
20863
20877
20878
20879
20880
20881
20882
20883
20884
20885
20886
20887
20894
20895
20896
20897
20898
20899
20900
20901
20902
20903
20904
20905
20906
20907
20908
20909
20910
20911
20918
20919
20920
20921
20922
20923
20924
20925
20926
20927
20928
20929
20930
20931
20932
20933
20934
20935
20942
20943
20944
20945
20946
20947
20948
20949
20950
20951
20952
20953
20954
20955
20956
20957
20958
20959
20966
20967
20968
20969
20970
20971
20972
20973
20974
20975
20976
20977
20978
20979
20980
20981
20982
20983
20990
20991
20992
20993
20994
20995
20996
20997
20998
20999
21000
21001
21002
21003
21004
21005
21006
21007
21014
21015
21016
21017
21018
21019
21020
21021
21022
21023
21024
21025
21026
21027
21028
21029
21030
21031
21038
21039
21040
21041
21042
21043
21044
21045
21046
21047
21048
21049
21050
21051
21052
21053
21054
21055
21062
21063
21064
21065
21066
21067
21068
21069
21070
21071
21072
21073
21074
21075
21076
21077
21078
21079
21086
21087
21088
21089
21090
21091
21092
21093
21094
21095
21096
21097
21098
21099
21100
21101
21102
21103
21110
21111
21112
21113
21114
21115
21116
21117
21118
21119
21120
21121
21122
21123
21124
21125
21126
21127
21134
21135
21136
21137
21138
21139
21140
21141
21142
21143
21144
21145
21146
21147
21148
21149
21150
21151
21158
21159
21160
21161
21162
21163
21164
21165
21166
21167
21168
21169
21170
21171
21172
21173
21174
21175
21182
21183
21184
21185
21186
21187
21188
21189
21190
21191
21192
21193
21194
21195
21196
21197
21198
21199
21206
21207
21208
21209
21210
21211
21212
21213
21214
21215
21216
21217
21218
21219
21220
21221
21222
21223
21230
21231
21232
21233
21234
21235
21236
21237
21238
21239
21240
21241
21242
21243
21244
21245
21246
21247
21627
21628
21629
21630
21631
21645
21646
21647
21648
21649
21650
21651
21652
21653
21654
21655
21664
21665
21666
21667
21668
21669
21670
21671
21672
21673
21674
21675
21676
21677
21678
21679
21688
21689
21690
21691
21692
21693
21694
21695
21696
21697
21698
21699
21700
21701
21702
21703
21712
21713
21714
21715
21716
21717
21718
21719
21720
21721
21722
21723
21724
21725
21726
21727
21736
21737
21738
21739
21740
21741
21742
21743
21744
21745
21746
21747
21748
21749
21750
21751
21760
21761
21762
21763
21764
21765
21766
21767
21768
21769
21770
21771
21772
21773
21774
21775
21784
21785
21786
21787
21788
21789
21790
21791
21792
21793
21794
21795
21796
21797
21798
21799
21808
21809
21810
21811
21812
21813
21814
21815
21816
21817
21818
21819
21820
21821
21822
21823
21832
21833
21834
21835
21836
21837
21838
21839
21840
21841
21842
21843
21844
21845
21846
21847
21856
21857
21858
21859
21860
21861
21862
21863
21864
21865
21866
21867
21868
21869
21870
21871
21880
21881
21882
21883
21884
21885
21886
21887
21888
21889
21890
21891
21892
21893
21894
21895
21904
21905
21906
21907
21908
21909
21910
21911
21912
21913
21914
21915
21916
21917
21918
21919
21928
21929
21930
21931
21932
21933
21934
21935
21936
21937
21938
21939
21940
21941
21942
21943
21952
21953
21954
21955
21956
21957
21958
21959
21960
21961
21962
21963
21964
21965
21966
21967
21976
21977
21978
21979
21980
21981
21982
21983
21984
21985
21986
21987
21988
21989
21990
21991
22000
22001
22002
22003
22004
22005
22006
22007
22008
22009
22010
22011
22012
22013
22014
22015
22576
22577
22578
22579
22580
22581
22582
22583
22584
22585
22586
22587
22588
22589
22590
22591
22600
22601
22602
22603
22604
22605
22606
22607
22608
22609
22610
22611
22612
22613
22614
22615
22624
22625
22626
22627
22628
22629
22630
22631
22632
22633
22634
22635
22636
22637
22638
22639
22648
22649
22650
22651
22652
22653
22654
22655
22656
22657
22658
22659
22660
22661
22662
22663
22672
22673
22674
22675
22676
22677
22678
22679
22680
22681
22682
22683
22684
22685
22686
22687
22696
22697
22698
22699
22700
22701
22702
22703
22704
22705
22706
22707
22708
22709
22710
22711
22720
22721
22722
22723
22724
22725
22726
22727
22728
22729
22730
22731
22732
22733
22734
22735
22744
22745
22746
22747
22748
22749
22750
22751
22752
22753
22754
22755
22756
22757
22758
22759
22768
22769
22770
22771
22772
22773
22774
22775
22776
22777
22778
22779
22780
22781
22782
22783
28387
28388
28389
28390
28391
28400
28401
28402
28403
28404
28405
28406
28407
28416
28417
28418
28419
28420
28421
28422
28423
28432
28433
28434
28435
28436
28437
28438
28439
28448
28449
28450
28451
28452
28453
28454
28455
28456
28464
28465
28466
28467
28468
28469
28470
28471
28472
28480
28481
28482
28483
28484
28485
28486
28487
28488
28496
28497
28498
28499
28500
28501
28502
28503
28504
28512
28513
28514
28515
28516
28517
28518
28519
28520
28528
28529
28530
28531
28532
28533
28534
28535
28536
28544
28545
28546
28547
28548
28549
28550
28551
28552
28560
28561
28562
28563
28564
28565
28566
28567
28568
28576
28577
28578
28579
28580
28581
28582
28583
28584
28592
28593
28594
28595
28596
28597
28598
28599
28600
28608
28609
28610
28611
28612
28613
28614
28615
28616
28624
28625
28626
28627
28628
28629
28630
28631
28632
28640
28641
28642
28643
28644
28645
28646
28647
28648
28656
28657
28658
28659
28660
28661
28662
28663
28664
28899
28900
28901
28902
28903
28912
28913
28914
28915
28916
28917
28918
28919
28928
28929
28930
28931
28932
28933
28934
28935
28944
28945
28946
28947
28948
28949
28950
28951
28960
28961
28962
28963
28964
28965
28966
28967
28968
28976
28977
28978
28979
28980
28981
28982
28983
28984
28992
28993
28994
28995
28996
28997
28998
28999
29000
29008
29009
29010
29011
29012
29013
29014
29015
29016
29024
29025
29026
29027
29028
29029
29030
29031
29032
29040
29041
29042
29043
29044
29045
29046
29047
29048
29056
29057
29058
29059
29060
29061
29062
29063
29064
29072
29073
29074
29075
29076
29077
29078
29079
29080
29088
29089
29090
29091
29092
29093
29094
29095
29096
29104
29105
29106
29107
29108
29109
29110
29111
29112
29120
29121
29122
29123
29124
29125
29126
29127
29128
29136
29137
29138
29139
29140
29141
29142
29143
29144
29152
29153
29154
29155
29156
29157
29158
29159
29160
29168
29169
29170
29171
29172
29173
29174
29175
29176
29411
29412
29413
29414
29415
29424
29425
29426
29427
29428
29429
29430
29431
29440
29441
29442
29443
29444
29445
29446
29447
29456
29457
29458
29459
29460
29461
29462
29463
29472
29473
29474
29475
29476
29477
29478
29479
29480
29488
29489
29490
29491
29492
29493
29494
29495
29496
29504
29505
29506
29507
29508
29509
29510
29511
29512
29520
29521
29522
29523
29524
29525
29526
29527
29528
29536
29537
29538
29539
29540
29541
29542
29543
29544
29552
29553
29554
29555
29556
29557
29558
29559
29560
29568
29569
29570
29571
29572
29573
29574
29575
29576
29584
29585
29586
29587
29588
29589
29590
29591
29592
29600
29601
29602
29603
29604
29605
29606
29607
29608
29616
29617
29618
29619
29620
29621
29622
29623
29624
29632
29633
29634
29635
29636
29637
29638
29639
29640
29648
29649
29650
29651
29652
29653
29654
29655
29656
29664
29665
29666
29667
29668
29669
29670
29671
29672
29680
29681
29682
29683
29684
29685
29686
29687
29688
29923
29924
29925
29926
29927
29936
29937
29938
29939
29940
29941
29942
29943
29952
29953
29954
29955
29956
29957
29958
29959
29968
29969
29970
29971
29972
29973
29974
29975
29984
29985
29986
29987
29988
29989
29990
29991
29992
30000
30001
30002
30003
30004
30005
30006
30007
30008
30016
30017
30018
30019
30020
30021
30022
30023
30024
30032
30033
30034
30035
30036
30037
30038
30039
30040
30048
30049
30050
30051
30052
30053
30054
30055
30056
30064
30065
30066
30067
30068
30069
30070
30071
30072
30080
30081
30082
30083
30084
30085
30086
30087
30088
30096
30097
30098
30099
30100
30101
30102
30103
30104
30112
30113
30114
30115
30116
30117
30118
30119
30120
30128
30129
30130
30131
30132
30133
30134
30135
30136
30144
30145
30146
30147
30148
30149
30150
30151
30152
30160
30161
30162
30163
30164
30165
30166
30167
30168
30176
30177
30178
30179
30180
30181
30182
30183
30184
30192
30193
30194
30195
30196
30197
30198
30199
30200
30435
30436
30437
30438
30439
30448
30449
30450
30451
30452
30453
30454
30455
30464
30465
30466
30467
30468
30469
30470
30471
30480
30481
30482
30483
30484
30485
30486
30487
30496
30497
30498
30499
30500
30501
30502
30503
30504
30512
30513
30514
30515
30516
30517
30518
30519
30520
30528
30529
30530
30531
30532
30533
30534
30535
30536
30544
30545
30546
30547
30548
30549
30550
30551
30552
30560
30561
30562
30563
30564
30565
30566
30567
30568
30576
30577
30578
30579
30580
30581
30582
30583
30584
30592
30593
30594
30595
30596
30597
30598
30599
30600
30608
30609
30610
30611
30612
30613
30614
30615
30616
30624
30625
30626
30627
30628
30629
30630
30631
30632
30640
30641
30642
30643
30644
30645
30646
30647
30648
30656
30657
30658
30659
30660
30661
30662
30663
30664
30672
30673
30674
30675
30676
30677
30678
30679
30680
30688
30689
30690
30691
30692
30693
30694
30695
30696
30704
30705
30706
30707
30708
30709
30710
30711
30712
30947
30948
30949
30950
30951
30960
30961
30962
30963
30964
30965
30966
30967
30976
30977
30978
30979
30980
30981
30982
30983
30992
30993
30994
30995
30996
30997
30998
30999
31008
31009
31010
31011
31012
31013
31014
31015
31016
31024
31025
31026
31027
31028
31029
31030
31031
31032
31040
31041
31042
31043
31044
31045
31046
31047
31048
31056
31057
31058
31059
31060
31061
31062
31063
31064
31072
31073
31074
31075
31076
31077
31078
31079
31080
31088
31089
31090
31091
31092
31093
31094
31095
31096
31104
31105
31106
31107
31108
31109
31110
31111
31112
31120
31121
31122
31123
31124
31125
31126
31127
31128
31136
31137
31138
31139
31140
31141
31142
31143
31144
31152
31153
31154
31155
31156
31157
31158
31159
31160
31168
31169
31170
31171
31172
31173
31174
31175
31176
31184
31185
31186
31187
31188
31189
31190
31191
31192
31200
31201
31202
31203
31204
31205
31206
31207
31208
31216
31217
31218
31219
31220
31221
31222
31223
31224
31459
31460
31461
31462
31463
31472
31473
31474
31475
31476
31477
31478
31479
31488
31489
31490
31491
31492
31493
31494
31495
31504
31505
31506
31507
31508
31509
31510
31511
31520
31521
31522
31523
31524
31525
31526
31527
31528
31536
31537
31538
31539
31540
31541
31542
31543
31544
31552
31553
31554
31555
31556
31557
31558
31559
31560
31568
31569
31570
31571
31572
31573
31574
31575
31576
31584
31585
31586
31587
31588
31589
31590
31591
31592
31600
31601
31602
31603
31604
31605
31606
31607
31608
31616
31617
31618
31619
31620
31621
31622
31623
31624
31632
31633
31634
31635
31636
31637
31638
31639
31640
31648
31649
31650
31651
31652
31653
31654
31655
31656
31664
31665
31666
31667
31668
31669
31670
31671
31672
31680
31681
31682
31683
31684
31685
31686
31687
31688
31696
31697
31698
31699
31700
31701
31702
31703
31704
31712
31713
31714
31715
31716
31717
31718
31719
31720
31728
31729
31730
31731
31732
31733
31734
31735
31736
31971
31972
31973
31974
31975
31984
31985
31986
31987
31988
31989
31990
31991
32000
32001
32002
32003
32004
32005
32006
32007
32016
32017
32018
32019
32020
32021
32022
32023
32032
32033
32034
32035
32036
32037
32038
32039
32040
32048
32049
32050
32051
32052
32053
32054
32055
32056
32064
32065
32066
32067
32068
32069
32070
32071
32072
32080
32081
32082
32083
32084
32085
32086
32087
32088
32096
32097
32098
32099
32100
32101
32102
32103
32104
32112
32113
32114
32115
32116
32117
32118
32119
32120
32128
32129
32130
32131
32132
32133
32134
32135
32136
32144
32145
32146
32147
32148
32149
32150
32151
32152
32160
32161
32162
32163
32164
32165
32166
32167
32168
32176
32177
32178
32179
32180
32181
32182
32183
32184
32192
32193
32194
32195
32196
32197
32198
32199
32200
32208
32209
32210
32211
32212
32213
32214
32215
32216
32224
32225
32226
32227
32228
32229
32230
32231
32232
32240
32241
32242
32243
32244
32245
32246
32247
32248
32483
32484
32485
32486
32487
32496
32497
32498
32499
32500
32501
32502
32503
32512
32513
32514
32515
32516
32517
32518
32519
32528
32529
32530
32531
32532
32533
32534
32535
32544
32545
32546
32547
32548
32549
32550
32551
32560
32561
32562
32563
32564
32565
32566
32567
32576
32577
32578
32579
32580
32581
32582
32583
32592
32593
32594
32595
32596
32597
32598
32599
32608
32609
32610
32611
32612
32613
32614
32615
32624
32625
32626
32627
32628
32629
32630
32631
32640
32641
32642
32643
32644
32645
32646
32647
32656
32657
32658
32659
32660
32661
32662
32663
32672
32673
32674
32675
32676
32677
32678
32679
32688
32689
32690
32691
32692
32693
32694
32695
32704
32705
32706
32707
32708
32709
32710
32711
32720
32721
32722
32723
32724
32725
32726
32727
32736
32737
32738
32739
32740
32741
32742
32743
32752
32753
32754
32755
32756
32757
32758
32759
32995
32996
32997
32998
33008
33009
33010
33011
33012
33013
33014
33024
33025
33026
33027
33028
33029
33030
33040
33041
33042
33043
33044
33045
33046
33056
33057
33058
33059
33060
33061
33062
33072
33073
33074
33075
33076
33077
33078
33088
33089
33090
33091
33092
33093
33094
33104
33105
33106
33107
33108
33109
33110
33120
33121
33122
33123
33124
33125
33126
33136
33137
33138
33139
33140
33141
33142
33152
33153
33154
33155
33156
33157
33158
33168
33169
33170
33171
33172
33173
33174
33184
33185
33186
33187
33188
33189
33190
33200
33201
33202
33203
33204
33205
33206
33216
33217
33218
33219
33220
33221
33222
33232
33233
33234
33235
33236
33237
33238
33248
33249
33250
33251
33252
33253
33254
33264
33265
33266
33267
33268
33269
33270
33507
33508
33509
33510
33520
33521
33522
33523
33524
33525
33526
33536
33537
33538
33539
33540
33541
33542
33552
33553
33554
33555
33556
33557
33558
33568
33569
33570
33571
33572
33573
33574
33584
33585
33586
33587
33588
33589
33590
33600
33601
33602
33603
33604
33605
33606
33616
33617
33618
33619
33620
33621
33622
33632
33633
33634
33635
33636
33637
33638
33648
33649
33650
33651
33652
33653
33654
33664
33665
33666
33667
33668
33669
33670
33680
33681
33682
33683
33684
33685
33686
33696
33697
33698
33699
33700
33701
33702
33712
33713
33714
33715
33716
33717
33718
33728
33729
33730
33731
33732
33733
33734
33744
33745
33746
33747
33748
33749
33750
33760
33761
33762
33763
33764
33765
33766
33776
33777
33778
33779
33780
33781
33782
34019
34020
34021
34022
34032
34033
34034
34035
34036
34037
34038
34048
34049
34050
34051
34052
34053
34054
34064
34065
34066
34067
34068
34069
34070
34080
34081
34082
34083
34084
34085
34086
34096
34097
34098
34099
34100
34101
34102
34112
34113
34114
34115
34116
34117
34118
34128
34129
34130
34131
34132
34133
34134
34144
34145
34146
34147
34148
34149
34150
34160
34161
34162
34163
34164
34165
34166
34176
34177
34178
34179
34180
34181
34182
34192
34193
34194
34195
34196
34197
34198
34208
34209
34210
34211
34212
34213
34214
34224
34225
34226
34227
34228
34229
34230
34240
34241
34242
34243
34244
34245
34246
34256
34257
34258
34259
34260
34261
34262
34272
34273
34274
34275
34276
34277
34278
34288
34289
34290
34291
34292
34293
34294
34672
34673
34674
34675
34676
34677
34678
34688
34689
34690
34691
34692
34693
34694
34704
34705
34706
34707
34708
34709
34710
34720
34721
34722
34723
34724
34725
34726
34736
34737
34738
34739
34740
34741
34742
34752
34753
34754
34755
34756
34757
34758
34768
34769
34770
34771
34772
34773
34774
34784
34785
34786
34787
34788
34789
34790
34800
34801
34802
34803
34804
34805
34806
)


// ************************************************************************* //
