/*--------------------------------*- C++ -*----------------------------------*\
| =========                 |                                                 |
| \\      /  F ield         | OpenFOAM: The Open Source CFD Toolbox           |
|  \\    /   O peration     | Version:  2406                                  |
|   \\  /    A nd           | Website:  www.openfoam.com                      |
|    \\/     M anipulation  |                                                 |
\*---------------------------------------------------------------------------*/
FoamFile
{
    version     2.0;
    format      ascii;
    arch        "LSB;label=32;scalar=64";
    note        "nPoints:6488  nCells:5409  nFaces:17246  nInternalFaces:15208";
    class       labelList;
    location    "constant/polyMesh";
    object      neighbour;
}
// * * * * * * * * * * * * * * * * * * * * * * * * * * * * * * * * * * * * * //


15208
(
1
11
291
2
12
292
3
13
293
4
14
294
15
295
3601
6
23
296
7
24
297
8
25
298
9
26
299
10
27
300
11
28
301
12
29
302
13
30
303
14
31
304
15
32
305
33
306
3609
17
34
307
18
35
308
19
36
309
20
37
310
21
38
311
22
39
312
23
40
313
24
41
314
25
42
315
26
43
316
27
44
317
28
45
318
29
46
319
30
47
320
31
48
321
32
49
322
33
50
323
51
324
3617
35
52
325
36
53
326
37
54
327
38
55
328
39
56
329
40
57
330
41
58
331
42
59
332
43
60
333
44
61
334
45
62
335
46
63
336
47
64
337
48
65
338
49
66
339
50
67
340
51
68
341
69
342
3625
53
70
343
54
71
344
55
72
345
56
73
346
57
74
347
58
75
348
59
76
349
60
77
350
61
78
351
62
79
352
63
80
353
64
81
354
65
82
355
66
83
356
67
84
357
68
85
358
69
86
359
87
360
3634
71
88
361
72
89
362
73
90
363
74
91
364
75
92
365
76
93
366
77
94
367
78
95
368
79
96
369
80
97
370
81
98
371
82
99
372
83
100
373
84
101
374
85
102
375
86
103
376
87
104
377
105
378
3643
89
106
379
90
107
380
91
108
381
92
109
382
93
110
383
94
111
384
95
112
385
96
113
386
97
114
387
98
115
388
99
116
389
100
117
390
101
118
391
102
119
392
103
120
393
104
121
394
105
122
395
123
396
3652
107
124
397
108
125
398
109
126
399
110
127
400
111
128
401
112
129
402
113
130
403
114
131
404
115
132
405
116
133
406
117
134
407
118
135
408
119
136
409
120
137
410
121
138
411
122
139
412
123
140
413
141
414
3661
125
142
415
126
143
416
127
144
417
128
145
418
129
146
419
130
147
420
131
148
421
132
149
422
133
150
423
134
151
424
135
152
425
136
153
426
137
154
427
138
155
428
139
156
429
140
157
430
141
158
431
159
432
3670
143
160
433
144
161
434
145
162
435
146
163
436
147
164
437
148
165
438
149
166
439
150
167
440
151
168
441
152
169
442
153
170
443
154
171
444
155
172
445
156
173
446
157
174
447
158
175
448
159
176
449
177
450
3679
161
178
451
162
179
452
163
180
453
164
181
454
165
182
455
166
183
456
167
184
457
168
185
458
169
186
459
170
187
460
171
188
461
172
189
462
173
190
463
174
191
464
175
192
465
176
193
466
177
194
467
195
468
3688
179
197
469
180
198
470
181
199
471
182
200
472
183
201
473
184
202
474
185
203
475
186
204
476
187
205
477
188
206
478
189
207
479
190
208
480
191
209
481
192
210
482
193
211
483
194
212
484
195
213
485
214
486
3697
197
215
487
198
216
488
199
217
489
200
218
490
201
219
491
202
220
492
203
221
493
204
222
494
205
223
495
206
224
496
207
225
497
208
226
498
209
227
499
210
228
500
211
229
501
212
230
502
213
231
503
214
232
504
233
505
3706
216
234
506
217
235
507
218
236
508
219
237
509
220
238
510
221
239
511
222
240
512
223
241
513
224
242
514
225
243
515
226
244
516
227
245
517
228
246
518
229
247
519
230
248
520
231
249
521
232
250
522
233
251
523
252
524
3715
235
253
525
236
254
526
237
255
527
238
256
528
239
257
529
240
258
530
241
259
531
242
260
532
243
261
533
244
262
534
245
263
535
246
264
536
247
265
537
248
266
538
249
267
539
250
268
540
251
269
541
252
270
542
271
543
3724
254
272
544
255
273
545
256
274
546
257
275
547
258
276
548
259
277
549
260
278
550
261
279
551
262
280
552
263
281
553
264
282
554
265
283
555
266
284
556
267
285
557
268
286
558
269
287
559
270
288
560
271
289
561
290
562
3733
273
563
274
564
275
565
276
566
277
567
278
568
279
569
280
570
281
571
282
572
283
573
284
574
285
575
286
576
287
577
288
578
289
579
290
580
581
3742
292
302
582
293
303
583
294
304
584
295
305
585
306
586
3756
297
314
587
298
315
588
299
316
589
300
317
590
301
318
591
302
319
592
303
320
593
304
321
594
305
322
595
306
323
596
324
597
3764
308
325
598
309
326
599
310
327
600
311
328
601
312
329
602
313
330
603
314
331
604
315
332
605
316
333
606
317
334
607
318
335
608
319
336
609
320
337
610
321
338
611
322
339
612
323
340
613
324
341
614
342
615
3772
326
343
616
327
344
617
328
345
618
329
346
619
330
347
620
331
348
621
332
349
622
333
350
623
334
351
624
335
352
625
336
353
626
337
354
627
338
355
628
339
356
629
340
357
630
341
358
631
342
359
632
360
633
3780
344
361
634
345
362
635
346
363
636
347
364
637
348
365
638
349
366
639
350
367
640
351
368
641
352
369
642
353
370
643
354
371
644
355
372
645
356
373
646
357
374
647
358
375
648
359
376
649
360
377
650
378
651
3789
362
379
652
363
380
653
364
381
654
365
382
655
366
383
656
367
384
657
368
385
658
369
386
659
370
387
660
371
388
661
372
389
662
373
390
663
374
391
664
375
392
665
376
393
666
377
394
667
378
395
668
396
669
3798
380
397
670
381
398
671
382
399
672
383
400
673
384
401
674
385
402
675
386
403
676
387
404
677
388
405
678
389
406
679
390
407
680
391
408
681
392
409
682
393
410
683
394
411
684
395
412
685
396
413
686
414
687
3807
398
415
688
399
416
689
400
417
690
401
418
691
402
419
692
403
420
693
404
421
694
405
422
695
406
423
696
407
424
697
408
425
698
409
426
699
410
427
700
411
428
701
412
429
702
413
430
703
414
431
704
432
705
3816
416
433
706
417
434
707
418
435
708
419
436
709
420
437
710
421
438
711
422
439
712
423
440
713
424
441
714
425
442
715
426
443
716
427
444
717
428
445
718
429
446
719
430
447
720
431
448
721
432
449
722
450
723
3825
434
451
724
435
452
725
436
453
726
437
454
727
438
455
728
439
456
729
440
457
730
441
458
731
442
459
732
443
460
733
444
461
734
445
462
735
446
463
736
447
464
737
448
465
738
449
466
739
450
467
740
468
741
3834
452
469
742
453
470
743
454
471
744
455
472
745
456
473
746
457
474
747
458
475
748
459
476
749
460
477
750
461
478
751
462
479
752
463
480
753
464
481
754
465
482
755
466
483
756
467
484
757
468
485
758
486
759
3843
470
488
760
471
489
761
472
490
762
473
491
763
474
492
764
475
493
765
476
494
766
477
495
767
478
496
768
479
497
769
480
498
770
481
499
771
482
500
772
483
501
773
484
502
774
485
503
775
486
504
776
505
777
3852
488
506
778
489
507
779
490
508
780
491
509
781
492
510
782
493
511
783
494
512
784
495
513
785
496
514
786
497
515
787
498
516
788
499
517
789
500
518
790
501
519
791
502
520
792
503
521
793
504
522
794
505
523
795
524
796
3861
507
525
797
508
526
798
509
527
799
510
528
800
511
529
801
512
530
802
513
531
803
514
532
804
515
533
805
516
534
806
517
535
807
518
536
808
519
537
809
520
538
810
521
539
811
522
540
812
523
541
813
524
542
814
543
815
3870
526
544
816
527
545
817
528
546
818
529
547
819
530
548
820
531
549
821
532
550
822
533
551
823
534
552
824
535
553
825
536
554
826
537
555
827
538
556
828
539
557
829
540
558
830
541
559
831
542
560
832
543
561
833
562
834
3879
545
563
835
546
564
836
547
565
837
548
566
838
549
567
839
550
568
840
551
569
841
552
570
842
553
571
843
554
572
844
555
573
845
556
574
846
557
575
847
558
576
848
559
577
849
560
578
850
561
579
851
562
580
852
581
853
3888
564
854
565
855
566
856
567
857
568
858
569
859
570
860
571
861
572
862
573
863
574
864
575
865
576
866
577
867
578
868
579
869
580
870
581
871
872
3897
583
593
873
584
594
874
585
595
875
586
596
876
597
877
3911
588
605
878
589
606
879
590
607
880
591
608
881
592
609
882
593
610
883
594
611
884
595
612
885
596
613
886
597
614
887
615
888
3919
599
616
889
600
617
890
601
618
891
602
619
892
603
620
893
604
621
894
605
622
895
606
623
896
607
624
897
608
625
898
609
626
899
610
627
900
611
628
901
612
629
902
613
630
903
614
631
904
615
632
905
633
906
3927
617
634
907
618
635
908
619
636
909
620
637
910
621
638
911
622
639
912
623
640
913
624
641
914
625
642
915
626
643
916
627
644
917
628
645
918
629
646
919
630
647
920
631
648
921
632
649
922
633
650
923
651
924
3935
635
652
925
636
653
926
637
654
927
638
655
928
639
656
929
640
657
930
641
658
931
642
659
932
643
660
933
644
661
934
645
662
935
646
663
936
647
664
937
648
665
938
649
666
939
650
667
940
651
668
941
669
942
3944
653
670
943
654
671
944
655
672
945
656
673
946
657
674
947
658
675
948
659
676
949
660
677
950
661
678
951
662
679
952
663
680
953
664
681
954
665
682
955
666
683
956
667
684
957
668
685
958
669
686
959
687
960
3953
671
688
961
672
689
962
673
690
963
674
691
964
675
692
965
676
693
966
677
694
967
678
695
968
679
696
969
680
697
970
681
698
971
682
699
972
683
700
973
684
701
974
685
702
975
686
703
976
687
704
977
705
978
3962
689
706
979
690
707
980
691
708
981
692
709
982
693
710
983
694
711
984
695
712
985
696
713
986
697
714
987
698
715
988
699
716
989
700
717
990
701
718
991
702
719
992
703
720
993
704
721
994
705
722
995
723
996
3971
707
724
997
708
725
998
709
726
999
710
727
1000
711
728
1001
712
729
1002
713
730
1003
714
731
1004
715
732
1005
716
733
1006
717
734
1007
718
735
1008
719
736
1009
720
737
1010
721
738
1011
722
739
1012
723
740
1013
741
1014
3980
725
742
1015
726
743
1016
727
744
1017
728
745
1018
729
746
1019
730
747
1020
731
748
1021
732
749
1022
733
750
1023
734
751
1024
735
752
1025
736
753
1026
737
754
1027
738
755
1028
739
756
1029
740
757
1030
741
758
1031
759
1032
3989
743
760
1033
744
761
1034
745
762
1035
746
763
1036
747
764
1037
748
765
1038
749
766
1039
750
767
1040
751
768
1041
752
769
1042
753
770
1043
754
771
1044
755
772
1045
756
773
1046
757
774
1047
758
775
1048
759
776
1049
777
1050
3998
761
779
1051
762
780
1052
763
781
1053
764
782
1054
765
783
1055
766
784
1056
767
785
1057
768
786
1058
769
787
1059
770
788
1060
771
789
1061
772
790
1062
773
791
1063
774
792
1064
775
793
1065
776
794
1066
777
795
1067
796
1068
4007
779
797
1069
780
798
1070
781
799
1071
782
800
1072
783
801
1073
784
802
1074
785
803
1075
786
804
1076
787
805
1077
788
806
1078
789
807
1079
790
808
1080
791
809
1081
792
810
1082
793
811
1083
794
812
1084
795
813
1085
796
814
1086
815
1087
4016
798
816
1088
799
817
1089
800
818
1090
801
819
1091
802
820
1092
803
821
1093
804
822
1094
805
823
1095
806
824
1096
807
825
1097
808
826
1098
809
827
1099
810
828
1100
811
829
1101
812
830
1102
813
831
1103
814
832
1104
815
833
1105
834
1106
4025
817
835
1107
818
836
1108
819
837
1109
820
838
1110
821
839
1111
822
840
1112
823
841
1113
824
842
1114
825
843
1115
826
844
1116
827
845
1117
828
846
1118
829
847
1119
830
848
1120
831
849
1121
832
850
1122
833
851
1123
834
852
1124
853
1125
4034
836
854
1126
837
855
1127
838
856
1128
839
857
1129
840
858
1130
841
859
1131
842
860
1132
843
861
1133
844
862
1134
845
863
1135
846
864
1136
847
865
1137
848
866
1138
849
867
1139
850
868
1140
851
869
1141
852
870
1142
853
871
1143
872
1144
4043
855
1145
856
1146
857
1147
858
1148
859
1149
860
1150
861
1151
862
1152
863
1153
864
1154
865
1155
866
1156
867
1157
868
1158
869
1159
870
1160
871
1161
872
1162
1163
4052
874
884
1164
875
885
1165
876
886
1166
877
887
1167
888
1168
4066
879
896
1169
880
897
1170
881
898
1171
882
899
1172
883
900
1173
884
901
1174
885
902
1175
886
903
1176
887
904
1177
888
905
1178
906
1179
4074
890
907
1180
891
908
1181
892
909
1182
893
910
1183
894
911
1184
895
912
1185
896
913
1186
897
914
1187
898
915
1188
899
916
1189
900
917
1190
901
918
1191
902
919
1192
903
920
1193
904
921
1194
905
922
1195
906
923
1196
924
1197
4082
908
925
1198
909
926
1199
910
927
1200
911
928
1201
912
929
1202
913
930
1203
914
931
1204
915
932
1205
916
933
1206
917
934
1207
918
935
1208
919
936
1209
920
937
1210
921
938
1211
922
939
1212
923
940
1213
924
941
1214
942
1215
4090
926
943
1216
927
944
1217
928
945
1218
929
946
1219
930
947
1220
931
948
1221
932
949
1222
933
950
1223
934
951
1224
935
952
1225
936
953
1226
937
954
1227
938
955
1228
939
956
1229
940
957
1230
941
958
1231
942
959
1232
960
1233
4099
944
961
1234
945
962
1235
946
963
1236
947
964
1237
948
965
1238
949
966
1239
950
967
1240
951
968
1241
952
969
1242
953
970
1243
954
971
1244
955
972
1245
956
973
1246
957
974
1247
958
975
1248
959
976
1249
960
977
1250
978
1251
4108
962
979
1252
963
980
1253
964
981
1254
965
982
1255
966
983
1256
967
984
1257
968
985
1258
969
986
1259
970
987
1260
971
988
1261
972
989
1262
973
990
1263
974
991
1264
975
992
1265
976
993
1266
977
994
1267
978
995
1268
996
1269
4117
980
997
1270
981
998
1271
982
999
1272
983
1000
1273
984
1001
1274
985
1002
1275
986
1003
1276
987
1004
1277
988
1005
1278
989
1006
1279
990
1007
1280
991
1008
1281
992
1009
1282
993
1010
1283
994
1011
1284
995
1012
1285
996
1013
1286
1014
1287
4126
998
1015
1288
999
1016
1289
1000
1017
1290
1001
1018
1291
1002
1019
1292
1003
1020
1293
1004
1021
1294
1005
1022
1295
1006
1023
1296
1007
1024
1297
1008
1025
1298
1009
1026
1299
1010
1027
1300
1011
1028
1301
1012
1029
1302
1013
1030
1303
1014
1031
1304
1032
1305
4135
1016
1033
1306
1017
1034
1307
1018
1035
1308
1019
1036
1309
1020
1037
1310
1021
1038
1311
1022
1039
1312
1023
1040
1313
1024
1041
1314
1025
1042
1315
1026
1043
1316
1027
1044
1317
1028
1045
1318
1029
1046
1319
1030
1047
1320
1031
1048
1321
1032
1049
1322
1050
1323
4144
1034
1051
1324
1035
1052
1325
1036
1053
1326
1037
1054
1327
1038
1055
1328
1039
1056
1329
1040
1057
1330
1041
1058
1331
1042
1059
1332
1043
1060
1333
1044
1061
1334
1045
1062
1335
1046
1063
1336
1047
1064
1337
1048
1065
1338
1049
1066
1339
1050
1067
1340
1068
1341
4153
1052
1070
1342
1053
1071
1343
1054
1072
1344
1055
1073
1345
1056
1074
1346
1057
1075
1347
1058
1076
1348
1059
1077
1349
1060
1078
1350
1061
1079
1351
1062
1080
1352
1063
1081
1353
1064
1082
1354
1065
1083
1355
1066
1084
1356
1067
1085
1357
1068
1086
1358
1087
1359
4162
1070
1088
1360
1071
1089
1361
1072
1090
1362
1073
1091
1363
1074
1092
1364
1075
1093
1365
1076
1094
1366
1077
1095
1367
1078
1096
1368
1079
1097
1369
1080
1098
1370
1081
1099
1371
1082
1100
1372
1083
1101
1373
1084
1102
1374
1085
1103
1375
1086
1104
1376
1087
1105
1377
1106
1378
4171
1089
1107
1379
1090
1108
1380
1091
1109
1381
1092
1110
1382
1093
1111
1383
1094
1112
1384
1095
1113
1385
1096
1114
1386
1097
1115
1387
1098
1116
1388
1099
1117
1389
1100
1118
1390
1101
1119
1391
1102
1120
1392
1103
1121
1393
1104
1122
1394
1105
1123
1395
1106
1124
1396
1125
1397
4180
1108
1126
1398
1109
1127
1399
1110
1128
1400
1111
1129
1401
1112
1130
1402
1113
1131
1403
1114
1132
1404
1115
1133
1405
1116
1134
1406
1117
1135
1407
1118
1136
1408
1119
1137
1409
1120
1138
1410
1121
1139
1411
1122
1140
1412
1123
1141
1413
1124
1142
1414
1125
1143
1415
1144
1416
4189
1127
1145
1417
1128
1146
1418
1129
1147
1419
1130
1148
1420
1131
1149
1421
1132
1150
1422
1133
1151
1423
1134
1152
1424
1135
1153
1425
1136
1154
1426
1137
1155
1427
1138
1156
1428
1139
1157
1429
1140
1158
1430
1141
1159
1431
1142
1160
1432
1143
1161
1433
1144
1162
1434
1163
1435
4198
1146
1436
1147
1437
1148
1438
1149
1439
1150
1440
1151
1441
1152
1442
1153
1443
1154
1444
1155
1445
1156
1446
1157
1447
1158
1448
1159
1449
1160
1450
1161
1451
1162
1452
1163
1453
1454
4207
1165
1175
1455
1166
1176
1456
1167
1177
1457
1168
1178
1458
1179
1459
4221
1170
1187
1460
1171
1188
1461
1172
1189
1462
1173
1190
1463
1174
1191
1464
1175
1192
1465
1176
1193
1466
1177
1194
1467
1178
1195
1468
1179
1196
1469
1197
1470
4229
1181
1198
1471
1182
1199
1472
1183
1200
1473
1184
1201
1474
1185
1202
1475
1186
1203
1476
1187
1204
1477
1188
1205
1478
1189
1206
1479
1190
1207
1480
1191
1208
1481
1192
1209
1482
1193
1210
1483
1194
1211
1484
1195
1212
1485
1196
1213
1486
1197
1214
1487
1215
1488
4237
1199
1216
1489
1200
1217
1490
1201
1218
1491
1202
1219
1492
1203
1220
1493
1204
1221
1494
1205
1222
1495
1206
1223
1496
1207
1224
1497
1208
1225
1498
1209
1226
1499
1210
1227
1500
1211
1228
1501
1212
1229
1502
1213
1230
1503
1214
1231
1504
1215
1232
1505
1233
1506
4245
1217
1234
1507
1218
1235
1508
1219
1236
1509
1220
1237
1510
1221
1238
1511
1222
1239
1512
1223
1240
1513
1224
1241
1514
1225
1242
1515
1226
1243
1516
1227
1244
1517
1228
1245
1518
1229
1246
1519
1230
1247
1520
1231
1248
1521
1232
1249
1522
1233
1250
1523
1251
1524
4254
1235
1252
1525
1236
1253
1526
1237
1254
1527
1238
1255
1528
1239
1256
1529
1240
1257
1530
1241
1258
1531
1242
1259
1532
1243
1260
1533
1244
1261
1534
1245
1262
1535
1246
1263
1536
1247
1264
1537
1248
1265
1538
1249
1266
1539
1250
1267
1540
1251
1268
1541
1269
1542
4263
1253
1270
1543
1254
1271
1544
1255
1272
1545
1256
1273
1546
1257
1274
1547
1258
1275
1548
1259
1276
1549
1260
1277
1550
1261
1278
1551
1262
1279
1552
1263
1280
1553
1264
1281
1554
1265
1282
1555
1266
1283
1556
1267
1284
1557
1268
1285
1558
1269
1286
1559
1287
1560
4272
1271
1288
1561
1272
1289
1562
1273
1290
1563
1274
1291
1564
1275
1292
1565
1276
1293
1566
1277
1294
1567
1278
1295
1568
1279
1296
1569
1280
1297
1570
1281
1298
1571
1282
1299
1572
1283
1300
1573
1284
1301
1574
1285
1302
1575
1286
1303
1576
1287
1304
1577
1305
1578
4281
1289
1306
1579
1290
1307
1580
1291
1308
1581
1292
1309
1582
1293
1310
1583
1294
1311
1584
1295
1312
1585
1296
1313
1586
1297
1314
1587
1298
1315
1588
1299
1316
1589
1300
1317
1590
1301
1318
1591
1302
1319
1592
1303
1320
1593
1304
1321
1594
1305
1322
1595
1323
1596
4290
1307
1324
1597
1308
1325
1598
1309
1326
1599
1310
1327
1600
1311
1328
1601
1312
1329
1602
1313
1330
1603
1314
1331
1604
1315
1332
1605
1316
1333
1606
1317
1334
1607
1318
1335
1608
1319
1336
1609
1320
1337
1610
1321
1338
1611
1322
1339
1612
1323
1340
1613
1341
1614
4299
1325
1342
1615
1326
1343
1616
1327
1344
1617
1328
1345
1618
1329
1346
1619
1330
1347
1620
1331
1348
1621
1332
1349
1622
1333
1350
1623
1334
1351
1624
1335
1352
1625
1336
1353
1626
1337
1354
1627
1338
1355
1628
1339
1356
1629
1340
1357
1630
1341
1358
1631
1359
1632
4308
1343
1361
1633
1344
1362
1634
1345
1363
1635
1346
1364
1636
1347
1365
1637
1348
1366
1638
1349
1367
1639
1350
1368
1640
1351
1369
1641
1352
1370
1642
1353
1371
1643
1354
1372
1644
1355
1373
1645
1356
1374
1646
1357
1375
1647
1358
1376
1648
1359
1377
1649
1378
1650
4317
1361
1379
1651
1362
1380
1652
1363
1381
1653
1364
1382
1654
1365
1383
1655
1366
1384
1656
1367
1385
1657
1368
1386
1658
1369
1387
1659
1370
1388
1660
1371
1389
1661
1372
1390
1662
1373
1391
1663
1374
1392
1664
1375
1393
1665
1376
1394
1666
1377
1395
1667
1378
1396
1668
1397
1669
4326
1380
1398
1670
1381
1399
1671
1382
1400
1672
1383
1401
1673
1384
1402
1674
1385
1403
1675
1386
1404
1676
1387
1405
1677
1388
1406
1678
1389
1407
1679
1390
1408
1680
1391
1409
1681
1392
1410
1682
1393
1411
1683
1394
1412
1684
1395
1413
1685
1396
1414
1686
1397
1415
1687
1416
1688
4335
1399
1417
1689
1400
1418
1690
1401
1419
1691
1402
1420
1692
1403
1421
1693
1404
1422
1694
1405
1423
1695
1406
1424
1696
1407
1425
1697
1408
1426
1698
1409
1427
1699
1410
1428
1700
1411
1429
1701
1412
1430
1702
1413
1431
1703
1414
1432
1704
1415
1433
1705
1416
1434
1706
1435
1707
4344
1418
1436
1708
1419
1437
1709
1420
1438
1710
1421
1439
1711
1422
1440
1712
1423
1441
1713
1424
1442
1714
1425
1443
1715
1426
1444
1716
1427
1445
1717
1428
1446
1718
1429
1447
1719
1430
1448
1720
1431
1449
1721
1432
1450
1722
1433
1451
1723
1434
1452
1724
1435
1453
1725
1454
1726
4353
1437
1727
1438
1728
1439
1729
1440
1730
1441
1731
1442
1732
1443
1733
1444
1734
1445
1735
1446
1736
1447
1737
1448
1738
1449
1739
1450
1740
1451
1741
1452
1742
1453
1743
1454
1744
1745
4362
1456
1466
1746
1457
1467
1747
1458
1468
1748
1459
1469
1749
1470
1750
4376
1461
1478
1751
1462
1479
1752
1463
1480
1753
1464
1481
1754
1465
1482
1755
1466
1483
1756
1467
1484
1757
1468
1485
1758
1469
1486
1759
1470
1487
1760
1488
1761
4384
1472
1489
1762
1473
1490
1763
1474
1491
1764
1475
1492
1765
1476
1493
1766
1477
1494
1767
1478
1495
1768
1479
1496
1769
1480
1497
1770
1481
1498
1771
1482
1499
1772
1483
1500
1773
1484
1501
1774
1485
1502
1775
1486
1503
1776
1487
1504
1777
1488
1505
1778
1506
1779
4392
1490
1507
1780
1491
1508
1781
1492
1509
1782
1493
1510
1783
1494
1511
1784
1495
1512
1785
1496
1513
1786
1497
1514
1787
1498
1515
1788
1499
1516
1789
1500
1517
1790
1501
1518
1791
1502
1519
1792
1503
1520
1793
1504
1521
1794
1505
1522
1795
1506
1523
1796
1524
1797
4400
1508
1525
1798
1509
1526
1799
1510
1527
1800
1511
1528
1801
1512
1529
1802
1513
1530
1803
1514
1531
1804
1515
1532
1805
1516
1533
1806
1517
1534
1807
1518
1535
1808
1519
1536
1809
1520
1537
1810
1521
1538
1811
1522
1539
1812
1523
1540
1813
1524
1541
1814
1542
1815
4409
1526
1543
1816
1527
1544
1817
1528
1545
1818
1529
1546
1819
1530
1547
1820
1531
1548
1821
1532
1549
1822
1533
1550
1823
1534
1551
1824
1535
1552
1825
1536
1553
1826
1537
1554
1827
1538
1555
1828
1539
1556
1829
1540
1557
1830
1541
1558
1831
1542
1559
1832
1560
1833
4418
1544
1561
1834
1545
1562
1835
1546
1563
1836
1547
1564
1837
1548
1565
1838
1549
1566
1839
1550
1567
1840
1551
1568
1841
1552
1569
1842
1553
1570
1843
1554
1571
1844
1555
1572
1845
1556
1573
1846
1557
1574
1847
1558
1575
1848
1559
1576
1849
1560
1577
1850
1578
1851
4427
1562
1579
1852
1563
1580
1853
1564
1581
1854
1565
1582
1855
1566
1583
1856
1567
1584
1857
1568
1585
1858
1569
1586
1859
1570
1587
1860
1571
1588
1861
1572
1589
1862
1573
1590
1863
1574
1591
1864
1575
1592
1865
1576
1593
1866
1577
1594
1867
1578
1595
1868
1596
1869
4436
1580
1597
1870
1581
1598
1871
1582
1599
1872
1583
1600
1873
1584
1601
1874
1585
1602
1875
1586
1603
1876
1587
1604
1877
1588
1605
1878
1589
1606
1879
1590
1607
1880
1591
1608
1881
1592
1609
1882
1593
1610
1883
1594
1611
1884
1595
1612
1885
1596
1613
1886
1614
1887
4445
1598
1615
1888
1599
1616
1889
1600
1617
1890
1601
1618
1891
1602
1619
1892
1603
1620
1893
1604
1621
1894
1605
1622
1895
1606
1623
1896
1607
1624
1897
1608
1625
1898
1609
1626
1899
1610
1627
1900
1611
1628
1901
1612
1629
1902
1613
1630
1903
1614
1631
1904
1632
1905
4454
1616
1633
1906
1617
1634
1907
1618
1635
1908
1619
1636
1909
1620
1637
1910
1621
1638
1911
1622
1639
1912
1623
1640
1913
1624
1641
1914
1625
1642
1915
1626
1643
1916
1627
1644
1917
1628
1645
1918
1629
1646
1919
1630
1647
1920
1631
1648
1921
1632
1649
1922
1650
1923
4463
1634
1652
1924
1635
1653
1925
1636
1654
1926
1637
1655
1927
1638
1656
1928
1639
1657
1929
1640
1658
1930
1641
1659
1931
1642
1660
1932
1643
1661
1933
1644
1662
1934
1645
1663
1935
1646
1664
1936
1647
1665
1937
1648
1666
1938
1649
1667
1939
1650
1668
1940
1669
1941
4472
1652
1670
1942
1653
1671
1943
1654
1672
1944
1655
1673
1945
1656
1674
1946
1657
1675
1947
1658
1676
1948
1659
1677
1949
1660
1678
1950
1661
1679
1951
1662
1680
1952
1663
1681
1953
1664
1682
1954
1665
1683
1955
1666
1684
1956
1667
1685
1957
1668
1686
1958
1669
1687
1959
1688
1960
4481
1671
1689
1961
1672
1690
1962
1673
1691
1963
1674
1692
1964
1675
1693
1965
1676
1694
1966
1677
1695
1967
1678
1696
1968
1679
1697
1969
1680
1698
1970
1681
1699
1971
1682
1700
1972
1683
1701
1973
1684
1702
1974
1685
1703
1975
1686
1704
1976
1687
1705
1977
1688
1706
1978
1707
1979
4490
1690
1708
1980
1691
1709
1981
1692
1710
1982
1693
1711
1983
1694
1712
1984
1695
1713
1985
1696
1714
1986
1697
1715
1987
1698
1716
1988
1699
1717
1989
1700
1718
1990
1701
1719
1991
1702
1720
1992
1703
1721
1993
1704
1722
1994
1705
1723
1995
1706
1724
1996
1707
1725
1997
1726
1998
4499
1709
1727
1999
1710
1728
2000
1711
1729
2001
1712
1730
2002
1713
1731
2003
1714
1732
2004
1715
1733
2005
1716
1734
2006
1717
1735
2007
1718
1736
2008
1719
1737
2009
1720
1738
2010
1721
1739
2011
1722
1740
2012
1723
1741
2013
1724
1742
2014
1725
1743
2015
1726
1744
2016
1745
2017
4508
1728
2018
1729
2019
1730
2020
1731
2021
1732
2022
1733
2023
1734
2024
1735
2025
1736
2026
1737
2027
1738
2028
1739
2029
1740
2030
1741
2031
1742
2032
1743
2033
1744
2034
1745
2035
2036
4517
1747
1757
2037
1748
1758
2038
1749
1759
2039
1750
1760
2040
1761
2041
4531
1752
1769
2042
1753
1770
2043
1754
1771
2044
1755
1772
2045
1756
1773
2046
1757
1774
2047
1758
1775
2048
1759
1776
2049
1760
1777
2050
1761
1778
2051
1779
2052
4539
1763
1780
2053
1764
1781
2054
1765
1782
2055
1766
1783
2056
1767
1784
2057
1768
1785
2058
1769
1786
2059
1770
1787
2060
1771
1788
2061
1772
1789
2062
1773
1790
2063
1774
1791
2064
1775
1792
2065
1776
1793
2066
1777
1794
2067
1778
1795
2068
1779
1796
2069
1797
2070
4547
1781
1798
2071
1782
1799
2072
1783
1800
2073
1784
1801
2074
1785
1802
2075
1786
1803
2076
1787
1804
2077
1788
1805
2078
1789
1806
2079
1790
1807
2080
1791
1808
2081
1792
1809
2082
1793
1810
2083
1794
1811
2084
1795
1812
2085
1796
1813
2086
1797
1814
2087
1815
2088
4555
1799
1816
2089
1800
1817
2090
1801
1818
2091
1802
1819
2092
1803
1820
2093
1804
1821
2094
1805
1822
2095
1806
1823
2096
1807
1824
2097
1808
1825
2098
1809
1826
2099
1810
1827
2100
1811
1828
2101
1812
1829
2102
1813
1830
2103
1814
1831
2104
1815
1832
2105
1833
2106
4564
1817
1834
2107
1818
1835
2108
1819
1836
2109
1820
1837
2110
1821
1838
2111
1822
1839
2112
1823
1840
2113
1824
1841
2114
1825
1842
2115
1826
1843
2116
1827
1844
2117
1828
1845
2118
1829
1846
2119
1830
1847
2120
1831
1848
2121
1832
1849
2122
1833
1850
2123
1851
2124
4573
1835
1852
2125
1836
1853
2126
1837
1854
2127
1838
1855
2128
1839
1856
2129
1840
1857
2130
1841
1858
2131
1842
1859
2132
1843
1860
2133
1844
1861
2134
1845
1862
2135
1846
1863
2136
1847
1864
2137
1848
1865
2138
1849
1866
2139
1850
1867
2140
1851
1868
2141
1869
2142
4582
1853
1870
2143
1854
1871
2144
1855
1872
2145
1856
1873
2146
1857
1874
2147
1858
1875
2148
1859
1876
2149
1860
1877
2150
1861
1878
2151
1862
1879
2152
1863
1880
2153
1864
1881
2154
1865
1882
2155
1866
1883
2156
1867
1884
2157
1868
1885
2158
1869
1886
2159
1887
2160
4591
1871
1888
2161
1872
1889
2162
1873
1890
2163
1874
1891
2164
1875
1892
2165
1876
1893
2166
1877
1894
2167
1878
1895
2168
1879
1896
2169
1880
1897
2170
1881
1898
2171
1882
1899
2172
1883
1900
2173
1884
1901
2174
1885
1902
2175
1886
1903
2176
1887
1904
2177
1905
2178
4600
1889
1906
2179
1890
1907
2180
1891
1908
2181
1892
1909
2182
1893
1910
2183
1894
1911
2184
1895
1912
2185
1896
1913
2186
1897
1914
2187
1898
1915
2188
1899
1916
2189
1900
1917
2190
1901
1918
2191
1902
1919
2192
1903
1920
2193
1904
1921
2194
1905
1922
2195
1923
2196
4609
1907
1924
2197
1908
1925
2198
1909
1926
2199
1910
1927
2200
1911
1928
2201
1912
1929
2202
1913
1930
2203
1914
1931
2204
1915
1932
2205
1916
1933
2206
1917
1934
2207
1918
1935
2208
1919
1936
2209
1920
1937
2210
1921
1938
2211
1922
1939
2212
1923
1940
2213
1941
2214
4618
1925
1943
2215
1926
1944
2216
1927
1945
2217
1928
1946
2218
1929
1947
2219
1930
1948
2220
1931
1949
2221
1932
1950
2222
1933
1951
2223
1934
1952
2224
1935
1953
2225
1936
1954
2226
1937
1955
2227
1938
1956
2228
1939
1957
2229
1940
1958
2230
1941
1959
2231
1960
2232
4627
1943
1961
2233
1944
1962
2234
1945
1963
2235
1946
1964
2236
1947
1965
2237
1948
1966
2238
1949
1967
2239
1950
1968
2240
1951
1969
2241
1952
1970
2242
1953
1971
2243
1954
1972
2244
1955
1973
2245
1956
1974
2246
1957
1975
2247
1958
1976
2248
1959
1977
2249
1960
1978
2250
1979
2251
4636
1962
1980
2252
1963
1981
2253
1964
1982
2254
1965
1983
2255
1966
1984
2256
1967
1985
2257
1968
1986
2258
1969
1987
2259
1970
1988
2260
1971
1989
2261
1972
1990
2262
1973
1991
2263
1974
1992
2264
1975
1993
2265
1976
1994
2266
1977
1995
2267
1978
1996
2268
1979
1997
2269
1998
2270
4645
1981
1999
2271
1982
2000
2272
1983
2001
2273
1984
2002
2274
1985
2003
2275
1986
2004
2276
1987
2005
2277
1988
2006
2278
1989
2007
2279
1990
2008
2280
1991
2009
2281
1992
2010
2282
1993
2011
2283
1994
2012
2284
1995
2013
2285
1996
2014
2286
1997
2015
2287
1998
2016
2288
2017
2289
4654
2000
2018
2290
2001
2019
2291
2002
2020
2292
2003
2021
2293
2004
2022
2294
2005
2023
2295
2006
2024
2296
2007
2025
2297
2008
2026
2298
2009
2027
2299
2010
2028
2300
2011
2029
2301
2012
2030
2302
2013
2031
2303
2014
2032
2304
2015
2033
2305
2016
2034
2306
2017
2035
2307
2036
2308
4663
2019
2309
2020
2310
2021
2311
2022
2312
2023
2313
2024
2314
2025
2315
2026
2316
2027
2317
2028
2318
2029
2319
2030
2320
2031
2321
2032
2322
2033
2323
2034
2324
2035
2325
2036
2326
2327
4672
2038
2048
2328
2039
2049
2329
2040
2050
2330
2041
2051
2331
2052
2332
4686
2043
2060
2333
2044
2061
2334
2045
2062
2335
2046
2063
2336
2047
2064
2337
2048
2065
2338
2049
2066
2339
2050
2067
2340
2051
2068
2341
2052
2069
2342
2070
2343
4694
2054
2071
2344
2055
2072
2345
2056
2073
2346
2057
2074
2347
2058
2075
2348
2059
2076
2349
2060
2077
2350
2061
2078
2351
2062
2079
2352
2063
2080
2353
2064
2081
2354
2065
2082
2355
2066
2083
2356
2067
2084
2357
2068
2085
2358
2069
2086
2359
2070
2087
2360
2088
2361
4702
2072
2089
2362
2073
2090
2363
2074
2091
2364
2075
2092
2365
2076
2093
2366
2077
2094
2367
2078
2095
2368
2079
2096
2369
2080
2097
2370
2081
2098
2371
2082
2099
2372
2083
2100
2373
2084
2101
2374
2085
2102
2375
2086
2103
2376
2087
2104
2377
2088
2105
2378
2106
2379
4710
2090
2107
2380
2091
2108
2381
2092
2109
2382
2093
2110
2383
2094
2111
2384
2095
2112
2385
2096
2113
2386
2097
2114
2387
2098
2115
2388
2099
2116
2389
2100
2117
2390
2101
2118
2391
2102
2119
2392
2103
2120
2393
2104
2121
2394
2105
2122
2395
2106
2123
2396
2124
2397
4719
2108
2125
2398
2109
2126
2399
2110
2127
2400
2111
2128
2401
2112
2129
2402
2113
2130
2403
2114
2131
2404
2115
2132
2405
2116
2133
2406
2117
2134
2407
2118
2135
2408
2119
2136
2409
2120
2137
2410
2121
2138
2411
2122
2139
2412
2123
2140
2413
2124
2141
2414
2142
2415
4728
2126
2143
2416
2127
2144
2417
2128
2145
2418
2129
2146
2419
2130
2147
2420
2131
2148
2421
2132
2149
2422
2133
2150
2423
2134
2151
2424
2135
2152
2425
2136
2153
2426
2137
2154
2427
2138
2155
2428
2139
2156
2429
2140
2157
2430
2141
2158
2431
2142
2159
2432
2160
2433
4737
2144
2161
2434
2145
2162
2435
2146
2163
2436
2147
2164
2437
2148
2165
2438
2149
2166
2439
2150
2167
2440
2151
2168
2441
2152
2169
2442
2153
2170
2443
2154
2171
2444
2155
2172
2445
2156
2173
2446
2157
2174
2447
2158
2175
2448
2159
2176
2449
2160
2177
2450
2178
2451
4746
2162
2179
2452
2163
2180
2453
2164
2181
2454
2165
2182
2455
2166
2183
2456
2167
2184
2457
2168
2185
2458
2169
2186
2459
2170
2187
2460
2171
2188
2461
2172
2189
2462
2173
2190
2463
2174
2191
2464
2175
2192
2465
2176
2193
2466
2177
2194
2467
2178
2195
2468
2196
2469
4755
2180
2197
2470
2181
2198
2471
2182
2199
2472
2183
2200
2473
2184
2201
2474
2185
2202
2475
2186
2203
2476
2187
2204
2477
2188
2205
2478
2189
2206
2479
2190
2207
2480
2191
2208
2481
2192
2209
2482
2193
2210
2483
2194
2211
2484
2195
2212
2485
2196
2213
2486
2214
2487
4764
2198
2215
2488
2199
2216
2489
2200
2217
2490
2201
2218
2491
2202
2219
2492
2203
2220
2493
2204
2221
2494
2205
2222
2495
2206
2223
2496
2207
2224
2497
2208
2225
2498
2209
2226
2499
2210
2227
2500
2211
2228
2501
2212
2229
2502
2213
2230
2503
2214
2231
2504
2232
2505
4773
2216
2234
2506
2217
2235
2507
2218
2236
2508
2219
2237
2509
2220
2238
2510
2221
2239
2511
2222
2240
2512
2223
2241
2513
2224
2242
2514
2225
2243
2515
2226
2244
2516
2227
2245
2517
2228
2246
2518
2229
2247
2519
2230
2248
2520
2231
2249
2521
2232
2250
2522
2251
2523
4782
2234
2252
2524
2235
2253
2525
2236
2254
2526
2237
2255
2527
2238
2256
2528
2239
2257
2529
2240
2258
2530
2241
2259
2531
2242
2260
2532
2243
2261
2533
2244
2262
2534
2245
2263
2535
2246
2264
2536
2247
2265
2537
2248
2266
2538
2249
2267
2539
2250
2268
2540
2251
2269
2541
2270
2542
4791
2253
2271
2543
2254
2272
2544
2255
2273
2545
2256
2274
2546
2257
2275
2547
2258
2276
2548
2259
2277
2549
2260
2278
2550
2261
2279
2551
2262
2280
2552
2263
2281
2553
2264
2282
2554
2265
2283
2555
2266
2284
2556
2267
2285
2557
2268
2286
2558
2269
2287
2559
2270
2288
2560
2289
2561
4800
2272
2290
2562
2273
2291
2563
2274
2292
2564
2275
2293
2565
2276
2294
2566
2277
2295
2567
2278
2296
2568
2279
2297
2569
2280
2298
2570
2281
2299
2571
2282
2300
2572
2283
2301
2573
2284
2302
2574
2285
2303
2575
2286
2304
2576
2287
2305
2577
2288
2306
2578
2289
2307
2579
2308
2580
4809
2291
2309
2581
2292
2310
2582
2293
2311
2583
2294
2312
2584
2295
2313
2585
2296
2314
2586
2297
2315
2587
2298
2316
2588
2299
2317
2589
2300
2318
2590
2301
2319
2591
2302
2320
2592
2303
2321
2593
2304
2322
2594
2305
2323
2595
2306
2324
2596
2307
2325
2597
2308
2326
2598
2327
2599
4818
2310
2600
2311
2601
2312
2602
2313
2603
2314
2604
2315
2605
2316
2606
2317
2607
2318
2608
2319
2609
2320
2610
2321
2611
2322
2612
2323
2613
2324
2614
2325
2615
2326
2616
2327
2617
2618
4827
2329
2339
2619
2330
2340
2620
2331
2341
2621
2332
2342
2622
2343
2623
4841
2334
2351
2624
2335
2352
2625
2336
2353
2626
2337
2354
2627
2338
2355
2628
2339
2356
2629
2340
2357
2630
2341
2358
2631
2342
2359
2632
2343
2360
2633
2361
2634
4849
2345
2362
2635
2346
2363
2636
2347
2364
2637
2348
2365
2638
2349
2366
2639
2350
2367
2640
2351
2368
2641
2352
2369
2642
2353
2370
2643
2354
2371
2644
2355
2372
2645
2356
2373
2646
2357
2374
2647
2358
2375
2648
2359
2376
2649
2360
2377
2650
2361
2378
2651
2379
2652
4857
2363
2380
2653
2364
2381
2654
2365
2382
2655
2366
2383
2656
2367
2384
2657
2368
2385
2658
2369
2386
2659
2370
2387
2660
2371
2388
2661
2372
2389
2662
2373
2390
2663
2374
2391
2664
2375
2392
2665
2376
2393
2666
2377
2394
2667
2378
2395
2668
2379
2396
2669
2397
2670
4865
2381
2398
2671
2382
2399
2672
2383
2400
2673
2384
2401
2674
2385
2402
2675
2386
2403
2676
2387
2404
2677
2388
2405
2678
2389
2406
2679
2390
2407
2680
2391
2408
2681
2392
2409
2682
2393
2410
2683
2394
2411
2684
2395
2412
2685
2396
2413
2686
2397
2414
2687
2415
2688
4873
2399
2416
2689
2400
2417
2690
2401
2418
2691
2402
2419
2692
2403
2420
2693
2404
2421
2694
2405
2422
2695
2406
2423
2696
2407
2424
2697
2408
2425
2698
2409
2426
2699
2410
2427
2700
2411
2428
2701
2412
2429
2702
2413
2430
2703
2414
2431
2704
2415
2432
2705
2433
2706
4881
2417
2434
2707
2418
2435
2708
2419
2436
2709
2420
2437
2710
2421
2438
2711
2422
2439
2712
2423
2440
2713
2424
2441
2714
2425
2442
2715
2426
2443
2716
2427
2444
2717
2428
2445
2718
2429
2446
2719
2430
2447
2720
2431
2448
2721
2432
2449
2722
2433
2450
2723
2451
2724
4889
2435
2452
2725
2436
2453
2726
2437
2454
2727
2438
2455
2728
2439
2456
2729
2440
2457
2730
2441
2458
2731
2442
2459
2732
2443
2460
2733
2444
2461
2734
2445
2462
2735
2446
2463
2736
2447
2464
2737
2448
2465
2738
2449
2466
2739
2450
2467
2740
2451
2468
2741
2469
2742
4897
2453
2470
2743
2454
2471
2744
2455
2472
2745
2456
2473
2746
2457
2474
2747
2458
2475
2748
2459
2476
2749
2460
2477
2750
2461
2478
2751
2462
2479
2752
2463
2480
2753
2464
2481
2754
2465
2482
2755
2466
2483
2756
2467
2484
2757
2468
2485
2758
2469
2486
2759
2487
2760
4905
2471
2488
2761
2472
2489
2762
2473
2490
2763
2474
2491
2764
2475
2492
2765
2476
2493
2766
2477
2494
2767
2478
2495
2768
2479
2496
2769
2480
2497
2770
2481
2498
2771
2482
2499
2772
2483
2500
2773
2484
2501
2774
2485
2502
2775
2486
2503
2776
2487
2504
2777
2505
2778
4913
2489
2506
2779
2490
2507
2780
2491
2508
2781
2492
2509
2782
2493
2510
2783
2494
2511
2784
2495
2512
2785
2496
2513
2786
2497
2514
2787
2498
2515
2788
2499
2516
2789
2500
2517
2790
2501
2518
2791
2502
2519
2792
2503
2520
2793
2504
2521
2794
2505
2522
2795
2523
2796
4921
2507
2525
2797
2508
2526
2798
2509
2527
2799
2510
2528
2800
2511
2529
2801
2512
2530
2802
2513
2531
2803
2514
2532
2804
2515
2533
2805
2516
2534
2806
2517
2535
2807
2518
2536
2808
2519
2537
2809
2520
2538
2810
2521
2539
2811
2522
2540
2812
2523
2541
2813
2542
2814
4929
2525
2543
2815
2526
2544
2816
2527
2545
2817
2528
2546
2818
2529
2547
2819
2530
2548
2820
2531
2549
2821
2532
2550
2822
2533
2551
2823
2534
2552
2824
2535
2553
2825
2536
2554
2826
2537
2555
2827
2538
2556
2828
2539
2557
2829
2540
2558
2830
2541
2559
2831
2542
2560
2832
2561
2833
4937
2544
2562
2834
2545
2563
2835
2546
2564
2836
2547
2565
2837
2548
2566
2838
2549
2567
2839
2550
2568
2840
2551
2569
2841
2552
2570
2842
2553
2571
2843
2554
2572
2844
2555
2573
2845
2556
2574
2846
2557
2575
2847
2558
2576
2848
2559
2577
2849
2560
2578
2850
2561
2579
2851
2580
2852
4945
2563
2581
2853
2564
2582
2854
2565
2583
2855
2566
2584
2856
2567
2585
2857
2568
2586
2858
2569
2587
2859
2570
2588
2860
2571
2589
2861
2572
2590
2862
2573
2591
2863
2574
2592
2864
2575
2593
2865
2576
2594
2866
2577
2595
2867
2578
2596
2868
2579
2597
2869
2580
2598
2870
2599
2871
4953
2582
2600
2872
2583
2601
2873
2584
2602
2874
2585
2603
2875
2586
2604
2876
2587
2605
2877
2588
2606
2878
2589
2607
2879
2590
2608
2880
2591
2609
2881
2592
2610
2882
2593
2611
2883
2594
2612
2884
2595
2613
2885
2596
2614
2886
2597
2615
2887
2598
2616
2888
2599
2617
2889
2618
2890
4961
2601
2891
2602
2892
2603
2893
2604
2894
2605
2895
2606
2896
2607
2897
2608
2898
2609
2899
2610
2900
2611
2901
2612
2902
2613
2903
2614
2904
2615
2905
2616
2906
2617
2907
2618
2908
2909
4969
2620
2630
2910
2621
2631
2911
2622
2632
2912
2623
2633
2913
2634
2914
4981
2625
2642
2915
2626
2643
2916
2627
2644
2917
2628
2645
2918
2629
2646
2919
2630
2647
2920
2631
2648
2921
2632
2649
2922
2633
2650
2923
2634
2651
2924
2652
2925
4988
2636
2653
2926
2637
2654
2927
2638
2655
2928
2639
2656
2929
2640
2657
2930
2641
2658
2931
2642
2659
2932
2643
2660
2933
2644
2661
2934
2645
2662
2935
2646
2663
2936
2647
2664
2937
2648
2665
2938
2649
2666
2939
2650
2667
2940
2651
2668
2941
2652
2669
2942
2670
2943
4995
2654
2671
2944
2655
2672
2945
2656
2673
2946
2657
2674
2947
2658
2675
2948
2659
2676
2949
2660
2677
2950
2661
2678
2951
2662
2679
2952
2663
2680
2953
2664
2681
2954
2665
2682
2955
2666
2683
2956
2667
2684
2957
2668
2685
2958
2669
2686
2959
2670
2687
2960
2688
2961
5002
2672
2689
2962
2673
2690
2963
2674
2691
2964
2675
2692
2965
2676
2693
2966
2677
2694
2967
2678
2695
2968
2679
2696
2969
2680
2697
2970
2681
2698
2971
2682
2699
2972
2683
2700
2973
2684
2701
2974
2685
2702
2975
2686
2703
2976
2687
2704
2977
2688
2705
2978
2706
2979
5009
2690
2707
2980
2691
2708
2981
2692
2709
2982
2693
2710
2983
2694
2711
2984
2695
2712
2985
2696
2713
2986
2697
2714
2987
2698
2715
2988
2699
2716
2989
2700
2717
2990
2701
2718
2991
2702
2719
2992
2703
2720
2993
2704
2721
2994
2705
2722
2995
2706
2723
2996
2724
2997
5016
2708
2725
2998
2709
2726
2999
2710
2727
3000
2711
2728
3001
2712
2729
3002
2713
2730
3003
2714
2731
3004
2715
2732
3005
2716
2733
3006
2717
2734
3007
2718
2735
3008
2719
2736
3009
2720
2737
3010
2721
2738
3011
2722
2739
3012
2723
2740
3013
2724
2741
3014
2742
3015
5023
2726
2743
3016
2727
2744
3017
2728
2745
3018
2729
2746
3019
2730
2747
3020
2731
2748
3021
2732
2749
3022
2733
2750
3023
2734
2751
3024
2735
2752
3025
2736
2753
3026
2737
2754
3027
2738
2755
3028
2739
2756
3029
2740
2757
3030
2741
2758
3031
2742
2759
3032
2760
3033
5030
2744
2761
3034
2745
2762
3035
2746
2763
3036
2747
2764
3037
2748
2765
3038
2749
2766
3039
2750
2767
3040
2751
2768
3041
2752
2769
3042
2753
2770
3043
2754
2771
3044
2755
2772
3045
2756
2773
3046
2757
2774
3047
2758
2775
3048
2759
2776
3049
2760
2777
3050
2778
3051
5037
2762
2779
3052
2763
2780
3053
2764
2781
3054
2765
2782
3055
2766
2783
3056
2767
2784
3057
2768
2785
3058
2769
2786
3059
2770
2787
3060
2771
2788
3061
2772
2789
3062
2773
2790
3063
2774
2791
3064
2775
2792
3065
2776
2793
3066
2777
2794
3067
2778
2795
3068
2796
3069
5044
2780
2797
3070
2781
2798
3071
2782
2799
3072
2783
2800
3073
2784
2801
3074
2785
2802
3075
2786
2803
3076
2787
2804
3077
2788
2805
3078
2789
2806
3079
2790
2807
3080
2791
2808
3081
2792
2809
3082
2793
2810
3083
2794
2811
3084
2795
2812
3085
2796
2813
3086
2814
3087
5051
2798
2816
3088
2799
2817
3089
2800
2818
3090
2801
2819
3091
2802
2820
3092
2803
2821
3093
2804
2822
3094
2805
2823
3095
2806
2824
3096
2807
2825
3097
2808
2826
3098
2809
2827
3099
2810
2828
3100
2811
2829
3101
2812
2830
3102
2813
2831
3103
2814
2832
3104
2833
3105
5058
2816
2834
2817
2835
3106
2818
2836
3107
2819
2837
3108
2820
2838
3109
2821
2839
3110
2822
2840
3111
2823
2841
3112
2824
2842
3113
2825
2843
3114
2826
2844
3115
2827
2845
3116
2828
2846
3117
2829
2847
3118
2830
2848
3119
2831
2849
3120
2832
2850
3121
2833
2851
3122
2852
3123
5065
2835
2853
2836
2854
3124
2837
2855
3125
2838
2856
3126
2839
2857
3127
2840
2858
3128
2841
2859
3129
2842
2860
3130
2843
2861
3131
2844
2862
3132
2845
2863
3133
2846
2864
3134
2847
2865
3135
2848
2866
3136
2849
2867
3137
2850
2868
3138
2851
2869
3139
2852
2870
3140
2871
3141
5072
2854
2872
2855
2873
3142
2856
2874
3143
2857
2875
3144
2858
2876
3145
2859
2877
3146
2860
2878
3147
2861
2879
3148
2862
2880
3149
2863
2881
3150
2864
2882
3151
2865
2883
3152
2866
2884
3153
2867
2885
3154
2868
2886
3155
2869
2887
3156
2870
2888
3157
2871
2889
3158
2890
3159
5079
2873
2891
2874
2892
3160
2875
2893
3161
2876
2894
3162
2877
2895
3163
2878
2896
3164
2879
2897
3165
2880
2898
3166
2881
2899
3167
2882
2900
3168
2883
2901
3169
2884
2902
3170
2885
2903
3171
2886
2904
3172
2887
2905
3173
2888
2906
3174
2889
2907
3175
2890
2908
3176
2909
3177
5086
2892
2893
3178
2894
3179
2895
3180
2896
3181
2897
3182
2898
3183
2899
3184
2900
3185
2901
3186
2902
3187
2903
3188
2904
3189
2905
3190
2906
3191
2907
3192
2908
3193
2909
3194
3195
5093
2911
2921
3196
2912
2922
3197
2913
2923
3198
2914
2924
3199
2925
3200
5104
2916
2933
3201
2917
2934
3202
2918
2935
3203
2919
2936
3204
2920
2937
3205
2921
2938
3206
2922
2939
3207
2923
2940
3208
2924
2941
3209
2925
2942
3210
2943
3211
5111
2927
2944
2928
2945
2929
2946
3212
2930
2947
3213
2931
2948
3214
2932
2949
3215
2933
2950
3216
2934
2951
3217
2935
2952
3218
2936
2953
3219
2937
2954
3220
2938
2955
3221
2939
2956
3222
2940
2957
3223
2941
2958
3224
2942
2959
3225
2943
2960
3226
2961
3227
5118
2945
2962
2946
2963
2947
2964
3228
2948
2965
3229
2949
2966
3230
2950
2967
3231
2951
2968
3232
2952
2969
3233
2953
2970
3234
2954
2971
3235
2955
2972
3236
2956
2973
3237
2957
2974
3238
2958
2975
3239
2959
2976
3240
2960
2977
3241
2961
2978
3242
2979
3243
5125
2963
2980
2964
2981
2965
2982
3244
2966
2983
3245
2967
2984
3246
2968
2985
3247
2969
2986
3248
2970
2987
3249
2971
2988
3250
2972
2989
3251
2973
2990
3252
2974
2991
3253
2975
2992
3254
2976
2993
3255
2977
2994
3256
2978
2995
3257
2979
2996
3258
2997
3259
5132
2981
2998
2982
2999
2983
3000
3260
2984
3001
3261
2985
3002
3262
2986
3003
3263
2987
3004
3264
2988
3005
3265
2989
3006
3266
2990
3007
3267
2991
3008
3268
2992
3009
3269
2993
3010
3270
2994
3011
3271
2995
3012
3272
2996
3013
3273
2997
3014
3274
3015
3275
5139
2999
3016
3000
3017
3001
3018
3276
3002
3019
3277
3003
3020
3278
3004
3021
3279
3005
3022
3280
3006
3023
3281
3007
3024
3282
3008
3025
3283
3009
3026
3284
3010
3027
3285
3011
3028
3286
3012
3029
3287
3013
3030
3288
3014
3031
3289
3015
3032
3290
3033
3291
5146
3017
3034
3018
3035
3019
3036
3292
3020
3037
3293
3021
3038
3294
3022
3039
3295
3023
3040
3296
3024
3041
3297
3025
3042
3298
3026
3043
3299
3027
3044
3300
3028
3045
3301
3029
3046
3302
3030
3047
3303
3031
3048
3304
3032
3049
3305
3033
3050
3306
3051
3307
5153
3035
3052
3036
3053
3037
3054
3308
3038
3055
3309
3039
3056
3310
3040
3057
3311
3041
3058
3312
3042
3059
3313
3043
3060
3314
3044
3061
3315
3045
3062
3316
3046
3063
3317
3047
3064
3318
3048
3065
3319
3049
3066
3320
3050
3067
3321
3051
3068
3322
3069
3323
5160
3053
3070
3054
3071
3055
3072
3324
3056
3073
3325
3057
3074
3326
3058
3075
3327
3059
3076
3328
3060
3077
3329
3061
3078
3330
3062
3079
3331
3063
3080
3332
3064
3081
3333
3065
3082
3334
3066
3083
3335
3067
3084
3336
3068
3085
3337
3069
3086
3338
3087
3339
5167
3071
3088
3072
3089
3073
3090
3340
3074
3091
3341
3075
3092
3342
3076
3093
3343
3077
3094
3344
3078
3095
3345
3079
3096
3346
3080
3097
3347
3081
3098
3348
3082
3099
3349
3083
3100
3350
3084
3101
3351
3085
3102
3352
3086
3103
3353
3087
3104
3354
3105
3355
5174
3089
3106
3090
3107
3091
3108
3356
3092
3109
3357
3093
3110
3358
3094
3111
3359
3095
3112
3360
3096
3113
3361
3097
3114
3362
3098
3115
3363
3099
3116
3364
3100
3117
3365
3101
3118
3366
3102
3119
3367
3103
3120
3368
3104
3121
3369
3105
3122
3370
3123
3371
5181
3107
3124
3108
3125
3109
3126
3372
3110
3127
3373
3111
3128
3374
3112
3129
3375
3113
3130
3376
3114
3131
3377
3115
3132
3378
3116
3133
3379
3117
3134
3380
3118
3135
3381
3119
3136
3382
3120
3137
3383
3121
3138
3384
3122
3139
3385
3123
3140
3386
3141
3387
5188
3125
3142
3126
3143
3127
3144
3388
3128
3145
3389
3129
3146
3390
3130
3147
3391
3131
3148
3392
3132
3149
3393
3133
3150
3394
3134
3151
3395
3135
3152
3396
3136
3153
3397
3137
3154
3398
3138
3155
3399
3139
3156
3400
3140
3157
3401
3141
3158
3402
3159
3403
5195
3143
3160
3144
3161
3145
3162
3404
3146
3163
3405
3147
3164
3406
3148
3165
3407
3149
3166
3408
3150
3167
3409
3151
3168
3410
3152
3169
3411
3153
3170
3412
3154
3171
3413
3155
3172
3414
3156
3173
3415
3157
3174
3416
3158
3175
3417
3159
3176
3418
3177
3419
5202
3161
3178
3162
3179
3163
3180
3420
3164
3181
3421
3165
3182
3422
3166
3183
3423
3167
3184
3424
3168
3185
3425
3169
3186
3426
3170
3187
3427
3171
3188
3428
3172
3189
3429
3173
3190
3430
3174
3191
3431
3175
3192
3432
3176
3193
3433
3177
3194
3434
3195
3435
5209
3179
3180
3181
3436
3182
3437
3183
3438
3184
3439
3185
3440
3186
3441
3187
3442
3188
3443
3189
3444
3190
3445
3191
3446
3192
3447
3193
3448
3194
3449
3195
3450
3451
5216
3197
3207
3198
3208
3199
3209
3200
3210
3211
5227
3202
3217
3203
3218
3204
3219
3205
3220
3206
3221
3207
3222
3208
3223
3209
3224
3210
3225
3211
3226
3227
5234
3213
3228
3214
3229
3215
3230
3216
3231
3217
3232
3218
3233
3219
3234
3220
3235
3221
3236
3222
3237
3223
3238
3224
3239
3225
3240
3226
3241
3227
3242
3243
5241
3229
3244
3230
3245
3231
3246
3232
3247
3233
3248
3234
3249
3235
3250
3236
3251
3237
3252
3238
3253
3239
3254
3240
3255
3241
3256
3242
3257
3243
3258
3259
5248
3245
3260
3246
3261
3247
3262
3248
3263
3249
3264
3250
3265
3251
3266
3252
3267
3253
3268
3254
3269
3255
3270
3256
3271
3257
3272
3258
3273
3259
3274
3275
5255
3261
3276
3262
3277
3263
3278
3264
3279
3265
3280
3266
3281
3267
3282
3268
3283
3269
3284
3270
3285
3271
3286
3272
3287
3273
3288
3274
3289
3275
3290
3291
5262
3277
3292
3278
3293
3279
3294
3280
3295
3281
3296
3282
3297
3283
3298
3284
3299
3285
3300
3286
3301
3287
3302
3288
3303
3289
3304
3290
3305
3291
3306
3307
5269
3293
3308
3294
3309
3295
3310
3296
3311
3297
3312
3298
3313
3299
3314
3300
3315
3301
3316
3302
3317
3303
3318
3304
3319
3305
3320
3306
3321
3307
3322
3323
5276
3309
3324
3452
3310
3325
3453
3311
3326
3454
3312
3327
3455
3313
3328
3456
3314
3329
3457
3315
3330
3458
3316
3331
3459
3317
3332
3460
3318
3333
3461
3319
3334
3462
3320
3335
3463
3321
3336
3464
3322
3337
3465
3323
3338
3466
3339
3467
5283
3325
3340
3468
3326
3341
3469
3327
3342
3470
3328
3343
3471
3329
3344
3472
3330
3345
3473
3331
3346
3474
3332
3347
3475
3333
3348
3476
3334
3349
3477
3335
3350
3478
3336
3351
3479
3337
3352
3480
3338
3353
3481
3339
3354
3482
3355
3483
5290
3341
3356
3484
3342
3357
3485
3343
3358
3486
3344
3359
3487
3345
3360
3488
3346
3361
3489
3347
3362
3490
3348
3363
3491
3349
3364
3492
3350
3365
3493
3351
3366
3494
3352
3367
3495
3353
3368
3496
3354
3369
3497
3355
3370
3498
3371
3499
5297
3357
3372
3500
3358
3373
3501
3359
3374
3502
3360
3375
3503
3361
3376
3504
3362
3377
3505
3363
3378
3506
3364
3379
3507
3365
3380
3508
3366
3381
3509
3367
3382
3510
3368
3383
3511
3369
3384
3512
3370
3385
3513
3371
3386
3514
3387
3515
5304
3373
3388
3516
3374
3389
3517
3375
3390
3518
3376
3391
3519
3377
3392
3520
3378
3393
3521
3379
3394
3522
3380
3395
3523
3381
3396
3524
3382
3397
3525
3383
3398
3526
3384
3399
3527
3385
3400
3528
3386
3401
3529
3387
3402
3530
3403
3531
5311
3389
3404
3532
3390
3405
3533
3391
3406
3534
3392
3407
3535
3393
3408
3536
3394
3409
3537
3395
3410
3538
3396
3411
3539
3397
3412
3540
3398
3413
3541
3399
3414
3542
3400
3415
3543
3401
3416
3544
3402
3417
3545
3403
3418
3546
3419
3547
5318
3405
3420
3548
3406
3421
3549
3407
3422
3550
3408
3423
3551
3409
3424
3552
3410
3425
3553
3411
3426
3554
3412
3427
3555
3413
3428
3556
3414
3429
3557
3415
3430
3558
3416
3431
3559
3417
3432
3560
3418
3433
3561
3419
3434
3562
3435
3563
5325
3421
3436
3564
3422
3437
3565
3423
3438
3566
3424
3439
3567
3425
3440
3568
3426
3441
3569
3427
3442
3570
3428
3443
3571
3429
3444
3572
3430
3445
3573
3431
3446
3574
3432
3447
3575
3433
3448
3576
3434
3449
3577
3435
3450
3578
3451
3579
5332
3437
3580
3438
3581
3439
3582
3440
3583
3441
3584
3442
3585
3443
3586
3444
3587
3445
3588
3446
3589
3447
3590
3448
3591
3449
3592
3450
3593
3451
3594
3595
5339
3453
3468
3454
3469
3455
3470
3456
3471
3457
3472
3458
3473
3459
3474
3460
3475
3461
3476
3462
3477
3463
3478
3464
3479
3465
3480
3466
3481
3467
3482
3483
5346
3469
3484
3470
3485
3471
3486
3472
3487
3473
3488
3474
3489
3475
3490
3476
3491
3477
3492
3478
3493
3479
3494
3480
3495
3481
3496
3482
3497
3483
3498
3499
5353
3485
3500
3486
3501
3487
3502
3488
3503
3489
3504
3490
3505
3491
3506
3492
3507
3493
3508
3494
3509
3495
3510
3496
3511
3497
3512
3498
3513
3499
3514
3515
5360
3501
3516
3502
3517
3503
3518
3504
3519
3505
3520
3506
3521
3507
3522
3508
3523
3509
3524
3510
3525
3511
3526
3512
3527
3513
3528
3514
3529
3515
3530
3531
5367
3517
3532
3518
3533
3519
3534
3520
3535
3521
3536
3522
3537
3523
3538
3524
3539
3525
3540
3526
3541
3527
3542
3528
3543
3529
3544
3530
3545
3531
3546
3547
5374
3533
3548
3534
3549
3535
3550
3536
3551
3537
3552
3538
3553
3539
3554
3540
3555
3541
3556
3542
3557
3543
3558
3544
3559
3545
3560
3546
3561
3547
3562
3563
5381
3549
3564
3550
3565
3551
3566
3552
3567
3553
3568
3554
3569
3555
3570
3556
3571
3557
3572
3558
3573
3559
3574
3560
3575
3561
3576
3562
3577
3563
3578
3579
5388
3565
3580
3566
3581
3567
3582
3568
3583
3569
3584
3570
3585
3571
3586
3572
3587
3573
3588
3574
3589
3575
3590
3576
3591
3577
3592
3578
3593
3579
3594
3595
5395
3581
3582
3583
3584
3585
3586
3587
3588
3589
3590
3591
3592
3593
3594
3595
5402
3597
3604
3751
3598
3605
3752
3599
3606
3753
3600
3607
3754
3608
3755
3602
3609
3756
3603
3610
3757
3604
3611
3758
3605
3612
3759
3606
3613
3760
3607
3614
3761
3608
3615
3762
3616
3763
3610
3617
3764
3611
3618
3765
3612
3619
3766
3613
3620
3767
3614
3621
3768
3615
3622
3769
3616
3623
3770
3624
3771
3618
3625
3772
3619
3626
3773
3620
3627
3774
3621
3628
3775
3622
3629
3776
3623
3630
3777
3624
3631
3778
3632
3779
3626
3634
3780
3627
3635
3781
3628
3636
3782
3629
3637
3783
3630
3638
3784
3631
3639
3785
3632
3640
3786
3633
3641
3787
3642
3788
3635
3643
3789
3636
3644
3790
3637
3645
3791
3638
3646
3792
3639
3647
3793
3640
3648
3794
3641
3649
3795
3642
3650
3796
3651
3797
3644
3652
3798
3645
3653
3799
3646
3654
3800
3647
3655
3801
3648
3656
3802
3649
3657
3803
3650
3658
3804
3651
3659
3805
3660
3806
3653
3661
3807
3654
3662
3808
3655
3663
3809
3656
3664
3810
3657
3665
3811
3658
3666
3812
3659
3667
3813
3660
3668
3814
3669
3815
3662
3670
3816
3663
3671
3817
3664
3672
3818
3665
3673
3819
3666
3674
3820
3667
3675
3821
3668
3676
3822
3669
3677
3823
3678
3824
3671
3679
3825
3672
3680
3826
3673
3681
3827
3674
3682
3828
3675
3683
3829
3676
3684
3830
3677
3685
3831
3678
3686
3832
3687
3833
3680
3688
3834
3681
3689
3835
3682
3690
3836
3683
3691
3837
3684
3692
3838
3685
3693
3839
3686
3694
3840
3687
3695
3841
3696
3842
3689
3697
3843
3690
3698
3844
3691
3699
3845
3692
3700
3846
3693
3701
3847
3694
3702
3848
3695
3703
3849
3696
3704
3850
3705
3851
3698
3706
3852
3699
3707
3853
3700
3708
3854
3701
3709
3855
3702
3710
3856
3703
3711
3857
3704
3712
3858
3705
3713
3859
3714
3860
3707
3715
3861
3708
3716
3862
3709
3717
3863
3710
3718
3864
3711
3719
3865
3712
3720
3866
3713
3721
3867
3714
3722
3868
3723
3869
3716
3724
3870
3717
3725
3871
3718
3726
3872
3719
3727
3873
3720
3728
3874
3721
3729
3875
3722
3730
3876
3723
3731
3877
3732
3878
3725
3733
3879
3726
3734
3880
3727
3735
3881
3728
3736
3882
3729
3737
3883
3730
3738
3884
3731
3739
3885
3732
3740
3886
3741
3887
3734
3742
3888
3735
3743
3889
3736
3744
3890
3737
3745
3891
3738
3746
3892
3739
3747
3893
3740
3748
3894
3741
3749
3895
3750
3896
3743
3897
3744
3898
3745
3899
3746
3900
3747
3901
3748
3902
3749
3903
3750
3904
3905
3752
3759
3906
3753
3760
3907
3754
3761
3908
3755
3762
3909
3763
3910
3757
3764
3911
3758
3765
3912
3759
3766
3913
3760
3767
3914
3761
3768
3915
3762
3769
3916
3763
3770
3917
3771
3918
3765
3772
3919
3766
3773
3920
3767
3774
3921
3768
3775
3922
3769
3776
3923
3770
3777
3924
3771
3778
3925
3779
3926
3773
3780
3927
3774
3781
3928
3775
3782
3929
3776
3783
3930
3777
3784
3931
3778
3785
3932
3779
3786
3933
3787
3934
3781
3789
3935
3782
3790
3936
3783
3791
3937
3784
3792
3938
3785
3793
3939
3786
3794
3940
3787
3795
3941
3788
3796
3942
3797
3943
3790
3798
3944
3791
3799
3945
3792
3800
3946
3793
3801
3947
3794
3802
3948
3795
3803
3949
3796
3804
3950
3797
3805
3951
3806
3952
3799
3807
3953
3800
3808
3954
3801
3809
3955
3802
3810
3956
3803
3811
3957
3804
3812
3958
3805
3813
3959
3806
3814
3960
3815
3961
3808
3816
3962
3809
3817
3963
3810
3818
3964
3811
3819
3965
3812
3820
3966
3813
3821
3967
3814
3822
3968
3815
3823
3969
3824
3970
3817
3825
3971
3818
3826
3972
3819
3827
3973
3820
3828
3974
3821
3829
3975
3822
3830
3976
3823
3831
3977
3824
3832
3978
3833
3979
3826
3834
3980
3827
3835
3981
3828
3836
3982
3829
3837
3983
3830
3838
3984
3831
3839
3985
3832
3840
3986
3833
3841
3987
3842
3988
3835
3843
3989
3836
3844
3990
3837
3845
3991
3838
3846
3992
3839
3847
3993
3840
3848
3994
3841
3849
3995
3842
3850
3996
3851
3997
3844
3852
3998
3845
3853
3999
3846
3854
4000
3847
3855
4001
3848
3856
4002
3849
3857
4003
3850
3858
4004
3851
3859
4005
3860
4006
3853
3861
4007
3854
3862
4008
3855
3863
4009
3856
3864
4010
3857
3865
4011
3858
3866
4012
3859
3867
4013
3860
3868
4014
3869
4015
3862
3870
4016
3863
3871
4017
3864
3872
4018
3865
3873
4019
3866
3874
4020
3867
3875
4021
3868
3876
4022
3869
3877
4023
3878
4024
3871
3879
4025
3872
3880
4026
3873
3881
4027
3874
3882
4028
3875
3883
4029
3876
3884
4030
3877
3885
4031
3878
3886
4032
3887
4033
3880
3888
4034
3881
3889
4035
3882
3890
4036
3883
3891
4037
3884
3892
4038
3885
3893
4039
3886
3894
4040
3887
3895
4041
3896
4042
3889
3897
4043
3890
3898
4044
3891
3899
4045
3892
3900
4046
3893
3901
4047
3894
3902
4048
3895
3903
4049
3896
3904
4050
3905
4051
3898
4052
3899
4053
3900
4054
3901
4055
3902
4056
3903
4057
3904
4058
3905
4059
4060
3907
3914
4061
3908
3915
4062
3909
3916
4063
3910
3917
4064
3918
4065
3912
3919
4066
3913
3920
4067
3914
3921
4068
3915
3922
4069
3916
3923
4070
3917
3924
4071
3918
3925
4072
3926
4073
3920
3927
4074
3921
3928
4075
3922
3929
4076
3923
3930
4077
3924
3931
4078
3925
3932
4079
3926
3933
4080
3934
4081
3928
3935
4082
3929
3936
4083
3930
3937
4084
3931
3938
4085
3932
3939
4086
3933
3940
4087
3934
3941
4088
3942
4089
3936
3944
4090
3937
3945
4091
3938
3946
4092
3939
3947
4093
3940
3948
4094
3941
3949
4095
3942
3950
4096
3943
3951
4097
3952
4098
3945
3953
4099
3946
3954
4100
3947
3955
4101
3948
3956
4102
3949
3957
4103
3950
3958
4104
3951
3959
4105
3952
3960
4106
3961
4107
3954
3962
4108
3955
3963
4109
3956
3964
4110
3957
3965
4111
3958
3966
4112
3959
3967
4113
3960
3968
4114
3961
3969
4115
3970
4116
3963
3971
4117
3964
3972
4118
3965
3973
4119
3966
3974
4120
3967
3975
4121
3968
3976
4122
3969
3977
4123
3970
3978
4124
3979
4125
3972
3980
4126
3973
3981
4127
3974
3982
4128
3975
3983
4129
3976
3984
4130
3977
3985
4131
3978
3986
4132
3979
3987
4133
3988
4134
3981
3989
4135
3982
3990
4136
3983
3991
4137
3984
3992
4138
3985
3993
4139
3986
3994
4140
3987
3995
4141
3988
3996
4142
3997
4143
3990
3998
4144
3991
3999
4145
3992
4000
4146
3993
4001
4147
3994
4002
4148
3995
4003
4149
3996
4004
4150
3997
4005
4151
4006
4152
3999
4007
4153
4000
4008
4154
4001
4009
4155
4002
4010
4156
4003
4011
4157
4004
4012
4158
4005
4013
4159
4006
4014
4160
4015
4161
4008
4016
4162
4009
4017
4163
4010
4018
4164
4011
4019
4165
4012
4020
4166
4013
4021
4167
4014
4022
4168
4015
4023
4169
4024
4170
4017
4025
4171
4018
4026
4172
4019
4027
4173
4020
4028
4174
4021
4029
4175
4022
4030
4176
4023
4031
4177
4024
4032
4178
4033
4179
4026
4034
4180
4027
4035
4181
4028
4036
4182
4029
4037
4183
4030
4038
4184
4031
4039
4185
4032
4040
4186
4033
4041
4187
4042
4188
4035
4043
4189
4036
4044
4190
4037
4045
4191
4038
4046
4192
4039
4047
4193
4040
4048
4194
4041
4049
4195
4042
4050
4196
4051
4197
4044
4052
4198
4045
4053
4199
4046
4054
4200
4047
4055
4201
4048
4056
4202
4049
4057
4203
4050
4058
4204
4051
4059
4205
4060
4206
4053
4207
4054
4208
4055
4209
4056
4210
4057
4211
4058
4212
4059
4213
4060
4214
4215
4062
4069
4216
4063
4070
4217
4064
4071
4218
4065
4072
4219
4073
4220
4067
4074
4221
4068
4075
4222
4069
4076
4223
4070
4077
4224
4071
4078
4225
4072
4079
4226
4073
4080
4227
4081
4228
4075
4082
4229
4076
4083
4230
4077
4084
4231
4078
4085
4232
4079
4086
4233
4080
4087
4234
4081
4088
4235
4089
4236
4083
4090
4237
4084
4091
4238
4085
4092
4239
4086
4093
4240
4087
4094
4241
4088
4095
4242
4089
4096
4243
4097
4244
4091
4099
4245
4092
4100
4246
4093
4101
4247
4094
4102
4248
4095
4103
4249
4096
4104
4250
4097
4105
4251
4098
4106
4252
4107
4253
4100
4108
4254
4101
4109
4255
4102
4110
4256
4103
4111
4257
4104
4112
4258
4105
4113
4259
4106
4114
4260
4107
4115
4261
4116
4262
4109
4117
4263
4110
4118
4264
4111
4119
4265
4112
4120
4266
4113
4121
4267
4114
4122
4268
4115
4123
4269
4116
4124
4270
4125
4271
4118
4126
4272
4119
4127
4273
4120
4128
4274
4121
4129
4275
4122
4130
4276
4123
4131
4277
4124
4132
4278
4125
4133
4279
4134
4280
4127
4135
4281
4128
4136
4282
4129
4137
4283
4130
4138
4284
4131
4139
4285
4132
4140
4286
4133
4141
4287
4134
4142
4288
4143
4289
4136
4144
4290
4137
4145
4291
4138
4146
4292
4139
4147
4293
4140
4148
4294
4141
4149
4295
4142
4150
4296
4143
4151
4297
4152
4298
4145
4153
4299
4146
4154
4300
4147
4155
4301
4148
4156
4302
4149
4157
4303
4150
4158
4304
4151
4159
4305
4152
4160
4306
4161
4307
4154
4162
4308
4155
4163
4309
4156
4164
4310
4157
4165
4311
4158
4166
4312
4159
4167
4313
4160
4168
4314
4161
4169
4315
4170
4316
4163
4171
4317
4164
4172
4318
4165
4173
4319
4166
4174
4320
4167
4175
4321
4168
4176
4322
4169
4177
4323
4170
4178
4324
4179
4325
4172
4180
4326
4173
4181
4327
4174
4182
4328
4175
4183
4329
4176
4184
4330
4177
4185
4331
4178
4186
4332
4179
4187
4333
4188
4334
4181
4189
4335
4182
4190
4336
4183
4191
4337
4184
4192
4338
4185
4193
4339
4186
4194
4340
4187
4195
4341
4188
4196
4342
4197
4343
4190
4198
4344
4191
4199
4345
4192
4200
4346
4193
4201
4347
4194
4202
4348
4195
4203
4349
4196
4204
4350
4197
4205
4351
4206
4352
4199
4207
4353
4200
4208
4354
4201
4209
4355
4202
4210
4356
4203
4211
4357
4204
4212
4358
4205
4213
4359
4206
4214
4360
4215
4361
4208
4362
4209
4363
4210
4364
4211
4365
4212
4366
4213
4367
4214
4368
4215
4369
4370
4217
4224
4371
4218
4225
4372
4219
4226
4373
4220
4227
4374
4228
4375
4222
4229
4376
4223
4230
4377
4224
4231
4378
4225
4232
4379
4226
4233
4380
4227
4234
4381
4228
4235
4382
4236
4383
4230
4237
4384
4231
4238
4385
4232
4239
4386
4233
4240
4387
4234
4241
4388
4235
4242
4389
4236
4243
4390
4244
4391
4238
4245
4392
4239
4246
4393
4240
4247
4394
4241
4248
4395
4242
4249
4396
4243
4250
4397
4244
4251
4398
4252
4399
4246
4254
4400
4247
4255
4401
4248
4256
4402
4249
4257
4403
4250
4258
4404
4251
4259
4405
4252
4260
4406
4253
4261
4407
4262
4408
4255
4263
4409
4256
4264
4410
4257
4265
4411
4258
4266
4412
4259
4267
4413
4260
4268
4414
4261
4269
4415
4262
4270
4416
4271
4417
4264
4272
4418
4265
4273
4419
4266
4274
4420
4267
4275
4421
4268
4276
4422
4269
4277
4423
4270
4278
4424
4271
4279
4425
4280
4426
4273
4281
4427
4274
4282
4428
4275
4283
4429
4276
4284
4430
4277
4285
4431
4278
4286
4432
4279
4287
4433
4280
4288
4434
4289
4435
4282
4290
4436
4283
4291
4437
4284
4292
4438
4285
4293
4439
4286
4294
4440
4287
4295
4441
4288
4296
4442
4289
4297
4443
4298
4444
4291
4299
4445
4292
4300
4446
4293
4301
4447
4294
4302
4448
4295
4303
4449
4296
4304
4450
4297
4305
4451
4298
4306
4452
4307
4453
4300
4308
4454
4301
4309
4455
4302
4310
4456
4303
4311
4457
4304
4312
4458
4305
4313
4459
4306
4314
4460
4307
4315
4461
4316
4462
4309
4317
4463
4310
4318
4464
4311
4319
4465
4312
4320
4466
4313
4321
4467
4314
4322
4468
4315
4323
4469
4316
4324
4470
4325
4471
4318
4326
4472
4319
4327
4473
4320
4328
4474
4321
4329
4475
4322
4330
4476
4323
4331
4477
4324
4332
4478
4325
4333
4479
4334
4480
4327
4335
4481
4328
4336
4482
4329
4337
4483
4330
4338
4484
4331
4339
4485
4332
4340
4486
4333
4341
4487
4334
4342
4488
4343
4489
4336
4344
4490
4337
4345
4491
4338
4346
4492
4339
4347
4493
4340
4348
4494
4341
4349
4495
4342
4350
4496
4343
4351
4497
4352
4498
4345
4353
4499
4346
4354
4500
4347
4355
4501
4348
4356
4502
4349
4357
4503
4350
4358
4504
4351
4359
4505
4352
4360
4506
4361
4507
4354
4362
4508
4355
4363
4509
4356
4364
4510
4357
4365
4511
4358
4366
4512
4359
4367
4513
4360
4368
4514
4361
4369
4515
4370
4516
4363
4517
4364
4518
4365
4519
4366
4520
4367
4521
4368
4522
4369
4523
4370
4524
4525
4372
4379
4526
4373
4380
4527
4374
4381
4528
4375
4382
4529
4383
4530
4377
4384
4531
4378
4385
4532
4379
4386
4533
4380
4387
4534
4381
4388
4535
4382
4389
4536
4383
4390
4537
4391
4538
4385
4392
4539
4386
4393
4540
4387
4394
4541
4388
4395
4542
4389
4396
4543
4390
4397
4544
4391
4398
4545
4399
4546
4393
4400
4547
4394
4401
4548
4395
4402
4549
4396
4403
4550
4397
4404
4551
4398
4405
4552
4399
4406
4553
4407
4554
4401
4409
4555
4402
4410
4556
4403
4411
4557
4404
4412
4558
4405
4413
4559
4406
4414
4560
4407
4415
4561
4408
4416
4562
4417
4563
4410
4418
4564
4411
4419
4565
4412
4420
4566
4413
4421
4567
4414
4422
4568
4415
4423
4569
4416
4424
4570
4417
4425
4571
4426
4572
4419
4427
4573
4420
4428
4574
4421
4429
4575
4422
4430
4576
4423
4431
4577
4424
4432
4578
4425
4433
4579
4426
4434
4580
4435
4581
4428
4436
4582
4429
4437
4583
4430
4438
4584
4431
4439
4585
4432
4440
4586
4433
4441
4587
4434
4442
4588
4435
4443
4589
4444
4590
4437
4445
4591
4438
4446
4592
4439
4447
4593
4440
4448
4594
4441
4449
4595
4442
4450
4596
4443
4451
4597
4444
4452
4598
4453
4599
4446
4454
4600
4447
4455
4601
4448
4456
4602
4449
4457
4603
4450
4458
4604
4451
4459
4605
4452
4460
4606
4453
4461
4607
4462
4608
4455
4463
4609
4456
4464
4610
4457
4465
4611
4458
4466
4612
4459
4467
4613
4460
4468
4614
4461
4469
4615
4462
4470
4616
4471
4617
4464
4472
4618
4465
4473
4619
4466
4474
4620
4467
4475
4621
4468
4476
4622
4469
4477
4623
4470
4478
4624
4471
4479
4625
4480
4626
4473
4481
4627
4474
4482
4628
4475
4483
4629
4476
4484
4630
4477
4485
4631
4478
4486
4632
4479
4487
4633
4480
4488
4634
4489
4635
4482
4490
4636
4483
4491
4637
4484
4492
4638
4485
4493
4639
4486
4494
4640
4487
4495
4641
4488
4496
4642
4489
4497
4643
4498
4644
4491
4499
4645
4492
4500
4646
4493
4501
4647
4494
4502
4648
4495
4503
4649
4496
4504
4650
4497
4505
4651
4498
4506
4652
4507
4653
4500
4508
4654
4501
4509
4655
4502
4510
4656
4503
4511
4657
4504
4512
4658
4505
4513
4659
4506
4514
4660
4507
4515
4661
4516
4662
4509
4517
4663
4510
4518
4664
4511
4519
4665
4512
4520
4666
4513
4521
4667
4514
4522
4668
4515
4523
4669
4516
4524
4670
4525
4671
4518
4672
4519
4673
4520
4674
4521
4675
4522
4676
4523
4677
4524
4678
4525
4679
4680
4527
4534
4681
4528
4535
4682
4529
4536
4683
4530
4537
4684
4538
4685
4532
4539
4686
4533
4540
4687
4534
4541
4688
4535
4542
4689
4536
4543
4690
4537
4544
4691
4538
4545
4692
4546
4693
4540
4547
4694
4541
4548
4695
4542
4549
4696
4543
4550
4697
4544
4551
4698
4545
4552
4699
4546
4553
4700
4554
4701
4548
4555
4702
4549
4556
4703
4550
4557
4704
4551
4558
4705
4552
4559
4706
4553
4560
4707
4554
4561
4708
4562
4709
4556
4564
4710
4557
4565
4711
4558
4566
4712
4559
4567
4713
4560
4568
4714
4561
4569
4715
4562
4570
4716
4563
4571
4717
4572
4718
4565
4573
4719
4566
4574
4720
4567
4575
4721
4568
4576
4722
4569
4577
4723
4570
4578
4724
4571
4579
4725
4572
4580
4726
4581
4727
4574
4582
4728
4575
4583
4729
4576
4584
4730
4577
4585
4731
4578
4586
4732
4579
4587
4733
4580
4588
4734
4581
4589
4735
4590
4736
4583
4591
4737
4584
4592
4738
4585
4593
4739
4586
4594
4740
4587
4595
4741
4588
4596
4742
4589
4597
4743
4590
4598
4744
4599
4745
4592
4600
4746
4593
4601
4747
4594
4602
4748
4595
4603
4749
4596
4604
4750
4597
4605
4751
4598
4606
4752
4599
4607
4753
4608
4754
4601
4609
4755
4602
4610
4756
4603
4611
4757
4604
4612
4758
4605
4613
4759
4606
4614
4760
4607
4615
4761
4608
4616
4762
4617
4763
4610
4618
4764
4611
4619
4765
4612
4620
4766
4613
4621
4767
4614
4622
4768
4615
4623
4769
4616
4624
4770
4617
4625
4771
4626
4772
4619
4627
4773
4620
4628
4774
4621
4629
4775
4622
4630
4776
4623
4631
4777
4624
4632
4778
4625
4633
4779
4626
4634
4780
4635
4781
4628
4636
4782
4629
4637
4783
4630
4638
4784
4631
4639
4785
4632
4640
4786
4633
4641
4787
4634
4642
4788
4635
4643
4789
4644
4790
4637
4645
4791
4638
4646
4792
4639
4647
4793
4640
4648
4794
4641
4649
4795
4642
4650
4796
4643
4651
4797
4644
4652
4798
4653
4799
4646
4654
4800
4647
4655
4801
4648
4656
4802
4649
4657
4803
4650
4658
4804
4651
4659
4805
4652
4660
4806
4653
4661
4807
4662
4808
4655
4663
4809
4656
4664
4810
4657
4665
4811
4658
4666
4812
4659
4667
4813
4660
4668
4814
4661
4669
4815
4662
4670
4816
4671
4817
4664
4672
4818
4665
4673
4819
4666
4674
4820
4667
4675
4821
4668
4676
4822
4669
4677
4823
4670
4678
4824
4671
4679
4825
4680
4826
4673
4827
4674
4828
4675
4829
4676
4830
4677
4831
4678
4832
4679
4833
4680
4834
4835
4682
4689
4836
4683
4690
4837
4684
4691
4838
4685
4692
4839
4693
4840
4687
4694
4841
4688
4695
4842
4689
4696
4843
4690
4697
4844
4691
4698
4845
4692
4699
4846
4693
4700
4847
4701
4848
4695
4702
4849
4696
4703
4850
4697
4704
4851
4698
4705
4852
4699
4706
4853
4700
4707
4854
4701
4708
4855
4709
4856
4703
4710
4857
4704
4711
4858
4705
4712
4859
4706
4713
4860
4707
4714
4861
4708
4715
4862
4709
4716
4863
4717
4864
4711
4719
4865
4712
4720
4866
4713
4721
4867
4714
4722
4868
4715
4723
4869
4716
4724
4870
4717
4725
4871
4718
4726
4872
4727
4720
4728
4873
4721
4729
4874
4722
4730
4875
4723
4731
4876
4724
4732
4877
4725
4733
4878
4726
4734
4879
4727
4735
4880
4736
4729
4737
4881
4730
4738
4882
4731
4739
4883
4732
4740
4884
4733
4741
4885
4734
4742
4886
4735
4743
4887
4736
4744
4888
4745
4738
4746
4889
4739
4747
4890
4740
4748
4891
4741
4749
4892
4742
4750
4893
4743
4751
4894
4744
4752
4895
4745
4753
4896
4754
4747
4755
4897
4748
4756
4898
4749
4757
4899
4750
4758
4900
4751
4759
4901
4752
4760
4902
4753
4761
4903
4754
4762
4904
4763
4756
4764
4905
4757
4765
4906
4758
4766
4907
4759
4767
4908
4760
4768
4909
4761
4769
4910
4762
4770
4911
4763
4771
4912
4772
4765
4773
4913
4766
4774
4914
4767
4775
4915
4768
4776
4916
4769
4777
4917
4770
4778
4918
4771
4779
4919
4772
4780
4920
4781
4774
4782
4921
4775
4783
4922
4776
4784
4923
4777
4785
4924
4778
4786
4925
4779
4787
4926
4780
4788
4927
4781
4789
4928
4790
4783
4791
4929
4784
4792
4930
4785
4793
4931
4786
4794
4932
4787
4795
4933
4788
4796
4934
4789
4797
4935
4790
4798
4936
4799
4792
4800
4937
4793
4801
4938
4794
4802
4939
4795
4803
4940
4796
4804
4941
4797
4805
4942
4798
4806
4943
4799
4807
4944
4808
4801
4809
4945
4802
4810
4946
4803
4811
4947
4804
4812
4948
4805
4813
4949
4806
4814
4950
4807
4815
4951
4808
4816
4952
4817
4810
4818
4953
4811
4819
4954
4812
4820
4955
4813
4821
4956
4814
4822
4957
4815
4823
4958
4816
4824
4959
4817
4825
4960
4826
4819
4827
4961
4820
4828
4962
4821
4829
4963
4822
4830
4964
4823
4831
4965
4824
4832
4966
4825
4833
4967
4826
4834
4968
4835
4828
4969
4829
4970
4830
4971
4831
4972
4832
4973
4833
4974
4834
4975
4835
4976
4837
4844
4977
4838
4845
4978
4839
4846
4979
4840
4847
4980
4848
4842
4849
4981
4843
4850
4982
4844
4851
4983
4845
4852
4984
4846
4853
4985
4847
4854
4986
4848
4855
4987
4856
4850
4857
4988
4851
4858
4989
4852
4859
4990
4853
4860
4991
4854
4861
4992
4855
4862
4993
4856
4863
4994
4864
4858
4865
4995
4859
4866
4996
4860
4867
4997
4861
4868
4998
4862
4869
4999
4863
4870
5000
4864
4871
5001
4872
4866
4873
5002
4867
4874
5003
4868
4875
5004
4869
4876
5005
4870
4877
5006
4871
4878
5007
4872
4879
5008
4880
4874
4881
5009
4875
4882
5010
4876
4883
5011
4877
4884
5012
4878
4885
5013
4879
4886
5014
4880
4887
5015
4888
4882
4889
5016
4883
4890
5017
4884
4891
5018
4885
4892
5019
4886
4893
5020
4887
4894
5021
4888
4895
5022
4896
4890
4897
5023
4891
4898
5024
4892
4899
5025
4893
4900
5026
4894
4901
5027
4895
4902
5028
4896
4903
5029
4904
4898
4905
5030
4899
4906
5031
4900
4907
5032
4901
4908
5033
4902
4909
5034
4903
4910
5035
4904
4911
5036
4912
4906
4913
5037
4907
4914
5038
4908
4915
5039
4909
4916
5040
4910
4917
5041
4911
4918
5042
4912
4919
5043
4920
4914
4921
5044
4915
4922
5045
4916
4923
5046
4917
4924
5047
4918
4925
5048
4919
4926
5049
4920
4927
5050
4928
4922
4929
5051
4923
4930
5052
4924
4931
5053
4925
4932
5054
4926
4933
5055
4927
4934
5056
4928
4935
5057
4936
4930
4937
5058
4931
4938
5059
4932
4939
5060
4933
4940
5061
4934
4941
5062
4935
4942
5063
4936
4943
5064
4944
4938
4945
5065
4939
4946
5066
4940
4947
5067
4941
4948
5068
4942
4949
5069
4943
4950
5070
4944
4951
5071
4952
4946
4953
5072
4947
4954
5073
4948
4955
5074
4949
4956
5075
4950
4957
5076
4951
4958
5077
4952
4959
5078
4960
4954
4961
5079
4955
4962
5080
4956
4963
5081
4957
4964
5082
4958
4965
5083
4959
4966
5084
4960
4967
5085
4968
4962
4969
5086
4963
4970
5087
4964
4971
5088
4965
4972
5089
4966
4973
5090
4967
4974
5091
4968
4975
5092
4976
4970
5093
4971
5094
4972
5095
4973
5096
4974
5097
4975
5098
4976
5099
4978
4984
5100
4979
4985
5101
4980
4986
5102
4987
5103
4982
4988
5104
4983
4989
5105
4984
4990
5106
4985
4991
5107
4986
4992
5108
4987
4993
5109
4994
5110
4989
4995
5111
4990
4996
5112
4991
4997
5113
4992
4998
5114
4993
4999
5115
4994
5000
5116
5001
5117
4996
5002
5118
4997
5003
5119
4998
5004
5120
4999
5005
5121
5000
5006
5122
5001
5007
5123
5008
5124
5003
5009
5125
5004
5010
5126
5005
5011
5127
5006
5012
5128
5007
5013
5129
5008
5014
5130
5015
5131
5010
5016
5132
5011
5017
5133
5012
5018
5134
5013
5019
5135
5014
5020
5136
5015
5021
5137
5022
5138
5017
5023
5139
5018
5024
5140
5019
5025
5141
5020
5026
5142
5021
5027
5143
5022
5028
5144
5029
5145
5024
5030
5146
5025
5031
5147
5026
5032
5148
5027
5033
5149
5028
5034
5150
5029
5035
5151
5036
5152
5031
5037
5153
5032
5038
5154
5033
5039
5155
5034
5040
5156
5035
5041
5157
5036
5042
5158
5043
5159
5038
5044
5160
5039
5045
5161
5040
5046
5162
5041
5047
5163
5042
5048
5164
5043
5049
5165
5050
5166
5045
5051
5167
5046
5052
5168
5047
5053
5169
5048
5054
5170
5049
5055
5171
5050
5056
5172
5057
5173
5052
5058
5174
5053
5059
5175
5054
5060
5176
5055
5061
5177
5056
5062
5178
5057
5063
5179
5064
5180
5059
5065
5181
5060
5066
5182
5061
5067
5183
5062
5068
5184
5063
5069
5185
5064
5070
5186
5071
5187
5066
5072
5188
5067
5073
5189
5068
5074
5190
5069
5075
5191
5070
5076
5192
5071
5077
5193
5078
5194
5073
5079
5195
5074
5080
5196
5075
5081
5197
5076
5082
5198
5077
5083
5199
5078
5084
5200
5085
5201
5080
5086
5202
5081
5087
5203
5082
5088
5204
5083
5089
5205
5084
5090
5206
5085
5091
5207
5092
5208
5087
5093
5209
5088
5094
5210
5089
5095
5211
5090
5096
5212
5091
5097
5213
5092
5098
5214
5099
5215
5094
5216
5095
5217
5096
5218
5097
5219
5098
5220
5099
5221
5222
5101
5107
5223
5102
5108
5224
5103
5109
5225
5110
5226
5105
5111
5227
5106
5112
5228
5107
5113
5229
5108
5114
5230
5109
5115
5231
5110
5116
5232
5117
5233
5112
5118
5234
5113
5119
5235
5114
5120
5236
5115
5121
5237
5116
5122
5238
5117
5123
5239
5124
5240
5119
5125
5241
5120
5126
5242
5121
5127
5243
5122
5128
5244
5123
5129
5245
5124
5130
5246
5131
5247
5126
5132
5248
5127
5133
5249
5128
5134
5250
5129
5135
5251
5130
5136
5252
5131
5137
5253
5138
5254
5133
5139
5255
5134
5140
5256
5135
5141
5257
5136
5142
5258
5137
5143
5259
5138
5144
5260
5145
5261
5140
5146
5262
5141
5147
5263
5142
5148
5264
5143
5149
5265
5144
5150
5266
5145
5151
5267
5152
5268
5147
5153
5269
5148
5154
5270
5149
5155
5271
5150
5156
5272
5151
5157
5273
5152
5158
5274
5159
5275
5154
5160
5276
5155
5161
5277
5156
5162
5278
5157
5163
5279
5158
5164
5280
5159
5165
5281
5166
5282
5161
5167
5283
5162
5168
5284
5163
5169
5285
5164
5170
5286
5165
5171
5287
5166
5172
5288
5173
5289
5168
5174
5290
5169
5175
5291
5170
5176
5292
5171
5177
5293
5172
5178
5294
5173
5179
5295
5180
5296
5175
5181
5297
5176
5182
5298
5177
5183
5299
5178
5184
5300
5179
5185
5301
5180
5186
5302
5187
5303
5182
5188
5304
5183
5189
5305
5184
5190
5306
5185
5191
5307
5186
5192
5308
5187
5193
5309
5194
5310
5189
5195
5311
5190
5196
5312
5191
5197
5313
5192
5198
5314
5193
5199
5315
5194
5200
5316
5201
5317
5196
5202
5318
5197
5203
5319
5198
5204
5320
5199
5205
5321
5200
5206
5322
5201
5207
5323
5208
5324
5203
5209
5325
5204
5210
5326
5205
5211
5327
5206
5212
5328
5207
5213
5329
5208
5214
5330
5215
5331
5210
5216
5332
5211
5217
5333
5212
5218
5334
5213
5219
5335
5214
5220
5336
5215
5221
5337
5222
5338
5217
5339
5218
5340
5219
5341
5220
5342
5221
5343
5222
5344
5345
5224
5230
5225
5231
5226
5232
5233
5228
5234
5229
5235
5230
5236
5231
5237
5232
5238
5233
5239
5240
5235
5241
5236
5242
5237
5243
5238
5244
5239
5245
5240
5246
5247
5242
5248
5243
5249
5244
5250
5245
5251
5246
5252
5247
5253
5254
5249
5255
5250
5256
5251
5257
5252
5258
5253
5259
5254
5260
5261
5256
5262
5257
5263
5258
5264
5259
5265
5260
5266
5261
5267
5268
5263
5269
5264
5270
5265
5271
5266
5272
5267
5273
5268
5274
5275
5270
5276
5271
5277
5272
5278
5273
5279
5274
5280
5275
5281
5282
5277
5283
5278
5284
5279
5285
5280
5286
5281
5287
5282
5288
5289
5284
5290
5346
5285
5291
5347
5286
5292
5348
5287
5293
5349
5288
5294
5350
5289
5295
5351
5296
5352
5291
5297
5353
5292
5298
5354
5293
5299
5355
5294
5300
5356
5295
5301
5357
5296
5302
5358
5303
5359
5298
5304
5360
5299
5305
5361
5300
5306
5362
5301
5307
5363
5302
5308
5364
5303
5309
5365
5310
5366
5305
5311
5367
5306
5312
5368
5307
5313
5369
5308
5314
5370
5309
5315
5371
5310
5316
5372
5317
5373
5312
5318
5374
5313
5319
5375
5314
5320
5376
5315
5321
5377
5316
5322
5378
5317
5323
5379
5324
5380
5319
5325
5381
5320
5326
5382
5321
5327
5383
5322
5328
5384
5323
5329
5385
5324
5330
5386
5331
5387
5326
5332
5388
5327
5333
5389
5328
5334
5390
5329
5335
5391
5330
5336
5392
5331
5337
5393
5338
5394
5333
5339
5395
5334
5340
5396
5335
5341
5397
5336
5342
5398
5337
5343
5399
5338
5344
5400
5345
5401
5340
5402
5341
5403
5342
5404
5343
5405
5344
5406
5345
5407
5408
5347
5353
5348
5354
5349
5355
5350
5356
5351
5357
5352
5358
5359
5354
5360
5355
5361
5356
5362
5357
5363
5358
5364
5359
5365
5366
5361
5367
5362
5368
5363
5369
5364
5370
5365
5371
5366
5372
5373
5368
5374
5369
5375
5370
5376
5371
5377
5372
5378
5373
5379
5380
5375
5381
5376
5382
5377
5383
5378
5384
5379
5385
5380
5386
5387
5382
5388
5383
5389
5384
5390
5385
5391
5386
5392
5387
5393
5394
5389
5395
5390
5396
5391
5397
5392
5398
5393
5399
5394
5400
5401
5396
5402
5397
5403
5398
5404
5399
5405
5400
5406
5401
5407
5408
5403
5404
5405
5406
5407
5408
)


// ************************************************************************* //
