/*--------------------------------*- C++ -*----------------------------------*\
| =========                 |                                                 |
| \\      /  F ield         | OpenFOAM: The Open Source CFD Toolbox           |
|  \\    /   O peration     | Version:  2406                                  |
|   \\  /    A nd           | Website:  www.openfoam.com                      |
|    \\/     M anipulation  |                                                 |
\*---------------------------------------------------------------------------*/
FoamFile
{
    version     2.0;
    format      ascii;
    arch        "LSB;label=32;scalar=64";
    class       labelList;
    location    "constant/polyMesh";
    object      pointProcAddressing;
}
// * * * * * * * * * * * * * * * * * * * * * * * * * * * * * * * * * * * * * //


6488
(
14931
14932
14933
14934
14935
14936
14949
14950
14951
14952
14953
14954
14955
14956
14957
14958
14959
14960
14966
14967
14968
14969
14970
14971
14972
14973
14974
14975
14976
14977
14978
14979
14980
14981
14982
14983
14984
14990
14991
14992
14993
14994
14995
14996
14997
14998
14999
15000
15001
15002
15003
15004
15005
15006
15007
15008
15014
15015
15016
15017
15018
15019
15020
15021
15022
15023
15024
15025
15026
15027
15028
15029
15030
15031
15032
15038
15039
15040
15041
15042
15043
15044
15045
15046
15047
15048
15049
15050
15051
15052
15053
15054
15055
15056
15062
15063
15064
15065
15066
15067
15068
15069
15070
15071
15072
15073
15074
15075
15076
15077
15078
15079
15080
15086
15087
15088
15089
15090
15091
15092
15093
15094
15095
15096
15097
15098
15099
15100
15101
15102
15103
15104
15110
15111
15112
15113
15114
15115
15116
15117
15118
15119
15120
15121
15122
15123
15124
15125
15126
15127
15128
15134
15135
15136
15137
15138
15139
15140
15141
15142
15143
15144
15145
15146
15147
15148
15149
15150
15151
15152
15158
15159
15160
15161
15162
15163
15164
15165
15166
15167
15168
15169
15170
15171
15172
15173
15174
15175
15176
15182
15183
15184
15185
15186
15187
15188
15189
15190
15191
15192
15193
15194
15195
15196
15197
15198
15199
15200
15205
15206
15207
15208
15209
15210
15211
15212
15213
15214
15215
15216
15217
15218
15219
15220
15221
15222
15223
15224
15229
15230
15231
15232
15233
15234
15235
15236
15237
15238
15239
15240
15241
15242
15243
15244
15245
15246
15247
15248
15253
15254
15255
15256
15257
15258
15259
15260
15261
15262
15263
15264
15265
15266
15267
15268
15269
15270
15271
15272
15277
15278
15279
15280
15281
15282
15283
15284
15285
15286
15287
15288
15289
15290
15291
15292
15293
15294
15295
15296
15301
15302
15303
15304
15305
15306
15307
15308
15309
15310
15311
15312
15313
15314
15315
15316
15317
15318
15319
15320
15325
15326
15327
15328
15329
15330
15331
15332
15333
15334
15335
15336
15337
15338
15339
15340
15341
15342
15343
15344
15723
15724
15725
15726
15727
15728
15741
15742
15743
15744
15745
15746
15747
15748
15749
15750
15751
15752
15758
15759
15760
15761
15762
15763
15764
15765
15766
15767
15768
15769
15770
15771
15772
15773
15774
15775
15776
15782
15783
15784
15785
15786
15787
15788
15789
15790
15791
15792
15793
15794
15795
15796
15797
15798
15799
15800
15806
15807
15808
15809
15810
15811
15812
15813
15814
15815
15816
15817
15818
15819
15820
15821
15822
15823
15824
15830
15831
15832
15833
15834
15835
15836
15837
15838
15839
15840
15841
15842
15843
15844
15845
15846
15847
15848
15854
15855
15856
15857
15858
15859
15860
15861
15862
15863
15864
15865
15866
15867
15868
15869
15870
15871
15872
15878
15879
15880
15881
15882
15883
15884
15885
15886
15887
15888
15889
15890
15891
15892
15893
15894
15895
15896
15902
15903
15904
15905
15906
15907
15908
15909
15910
15911
15912
15913
15914
15915
15916
15917
15918
15919
15920
15926
15927
15928
15929
15930
15931
15932
15933
15934
15935
15936
15937
15938
15939
15940
15941
15942
15943
15944
15950
15951
15952
15953
15954
15955
15956
15957
15958
15959
15960
15961
15962
15963
15964
15965
15966
15967
15968
15974
15975
15976
15977
15978
15979
15980
15981
15982
15983
15984
15985
15986
15987
15988
15989
15990
15991
15992
15997
15998
15999
16000
16001
16002
16003
16004
16005
16006
16007
16008
16009
16010
16011
16012
16013
16014
16015
16016
16021
16022
16023
16024
16025
16026
16027
16028
16029
16030
16031
16032
16033
16034
16035
16036
16037
16038
16039
16040
16045
16046
16047
16048
16049
16050
16051
16052
16053
16054
16055
16056
16057
16058
16059
16060
16061
16062
16063
16064
16069
16070
16071
16072
16073
16074
16075
16076
16077
16078
16079
16080
16081
16082
16083
16084
16085
16086
16087
16088
16093
16094
16095
16096
16097
16098
16099
16100
16101
16102
16103
16104
16105
16106
16107
16108
16109
16110
16111
16112
16117
16118
16119
16120
16121
16122
16123
16124
16125
16126
16127
16128
16129
16130
16131
16132
16133
16134
16135
16136
16515
16516
16517
16518
16519
16520
16533
16534
16535
16536
16537
16538
16539
16540
16541
16542
16543
16544
16550
16551
16552
16553
16554
16555
16556
16557
16558
16559
16560
16561
16562
16563
16564
16565
16566
16567
16568
16574
16575
16576
16577
16578
16579
16580
16581
16582
16583
16584
16585
16586
16587
16588
16589
16590
16591
16592
16598
16599
16600
16601
16602
16603
16604
16605
16606
16607
16608
16609
16610
16611
16612
16613
16614
16615
16616
16622
16623
16624
16625
16626
16627
16628
16629
16630
16631
16632
16633
16634
16635
16636
16637
16638
16639
16640
16646
16647
16648
16649
16650
16651
16652
16653
16654
16655
16656
16657
16658
16659
16660
16661
16662
16663
16664
16670
16671
16672
16673
16674
16675
16676
16677
16678
16679
16680
16681
16682
16683
16684
16685
16686
16687
16688
16694
16695
16696
16697
16698
16699
16700
16701
16702
16703
16704
16705
16706
16707
16708
16709
16710
16711
16712
16718
16719
16720
16721
16722
16723
16724
16725
16726
16727
16728
16729
16730
16731
16732
16733
16734
16735
16736
16742
16743
16744
16745
16746
16747
16748
16749
16750
16751
16752
16753
16754
16755
16756
16757
16758
16759
16760
16766
16767
16768
16769
16770
16771
16772
16773
16774
16775
16776
16777
16778
16779
16780
16781
16782
16783
16784
16789
16790
16791
16792
16793
16794
16795
16796
16797
16798
16799
16800
16801
16802
16803
16804
16805
16806
16807
16808
16813
16814
16815
16816
16817
16818
16819
16820
16821
16822
16823
16824
16825
16826
16827
16828
16829
16830
16831
16832
16837
16838
16839
16840
16841
16842
16843
16844
16845
16846
16847
16848
16849
16850
16851
16852
16853
16854
16855
16856
16861
16862
16863
16864
16865
16866
16867
16868
16869
16870
16871
16872
16873
16874
16875
16876
16877
16878
16879
16880
16885
16886
16887
16888
16889
16890
16891
16892
16893
16894
16895
16896
16897
16898
16899
16900
16901
16902
16903
16904
16909
16910
16911
16912
16913
16914
16915
16916
16917
16918
16919
16920
16921
16922
16923
16924
16925
16926
16927
16928
17307
17308
17309
17310
17311
17312
17325
17326
17327
17328
17329
17330
17331
17332
17333
17334
17335
17336
17342
17343
17344
17345
17346
17347
17348
17349
17350
17351
17352
17353
17354
17355
17356
17357
17358
17359
17360
17366
17367
17368
17369
17370
17371
17372
17373
17374
17375
17376
17377
17378
17379
17380
17381
17382
17383
17384
17390
17391
17392
17393
17394
17395
17396
17397
17398
17399
17400
17401
17402
17403
17404
17405
17406
17407
17408
17414
17415
17416
17417
17418
17419
17420
17421
17422
17423
17424
17425
17426
17427
17428
17429
17430
17431
17432
17438
17439
17440
17441
17442
17443
17444
17445
17446
17447
17448
17449
17450
17451
17452
17453
17454
17455
17456
17462
17463
17464
17465
17466
17467
17468
17469
17470
17471
17472
17473
17474
17475
17476
17477
17478
17479
17480
17486
17487
17488
17489
17490
17491
17492
17493
17494
17495
17496
17497
17498
17499
17500
17501
17502
17503
17504
17510
17511
17512
17513
17514
17515
17516
17517
17518
17519
17520
17521
17522
17523
17524
17525
17526
17527
17528
17534
17535
17536
17537
17538
17539
17540
17541
17542
17543
17544
17545
17546
17547
17548
17549
17550
17551
17552
17558
17559
17560
17561
17562
17563
17564
17565
17566
17567
17568
17569
17570
17571
17572
17573
17574
17575
17576
17581
17582
17583
17584
17585
17586
17587
17588
17589
17590
17591
17592
17593
17594
17595
17596
17597
17598
17599
17600
17605
17606
17607
17608
17609
17610
17611
17612
17613
17614
17615
17616
17617
17618
17619
17620
17621
17622
17623
17624
17629
17630
17631
17632
17633
17634
17635
17636
17637
17638
17639
17640
17641
17642
17643
17644
17645
17646
17647
17648
17653
17654
17655
17656
17657
17658
17659
17660
17661
17662
17663
17664
17665
17666
17667
17668
17669
17670
17671
17672
17677
17678
17679
17680
17681
17682
17683
17684
17685
17686
17687
17688
17689
17690
17691
17692
17693
17694
17695
17696
17701
17702
17703
17704
17705
17706
17707
17708
17709
17710
17711
17712
17713
17714
17715
17716
17717
17718
17719
17720
18099
18100
18101
18102
18103
18104
18117
18118
18119
18120
18121
18122
18123
18124
18125
18126
18127
18128
18134
18135
18136
18137
18138
18139
18140
18141
18142
18143
18144
18145
18146
18147
18148
18149
18150
18151
18152
18158
18159
18160
18161
18162
18163
18164
18165
18166
18167
18168
18169
18170
18171
18172
18173
18174
18175
18176
18182
18183
18184
18185
18186
18187
18188
18189
18190
18191
18192
18193
18194
18195
18196
18197
18198
18199
18200
18206
18207
18208
18209
18210
18211
18212
18213
18214
18215
18216
18217
18218
18219
18220
18221
18222
18223
18224
18230
18231
18232
18233
18234
18235
18236
18237
18238
18239
18240
18241
18242
18243
18244
18245
18246
18247
18248
18254
18255
18256
18257
18258
18259
18260
18261
18262
18263
18264
18265
18266
18267
18268
18269
18270
18271
18272
18278
18279
18280
18281
18282
18283
18284
18285
18286
18287
18288
18289
18290
18291
18292
18293
18294
18295
18296
18302
18303
18304
18305
18306
18307
18308
18309
18310
18311
18312
18313
18314
18315
18316
18317
18318
18319
18320
18326
18327
18328
18329
18330
18331
18332
18333
18334
18335
18336
18337
18338
18339
18340
18341
18342
18343
18344
18350
18351
18352
18353
18354
18355
18356
18357
18358
18359
18360
18361
18362
18363
18364
18365
18366
18367
18368
18373
18374
18375
18376
18377
18378
18379
18380
18381
18382
18383
18384
18385
18386
18387
18388
18389
18390
18391
18392
18397
18398
18399
18400
18401
18402
18403
18404
18405
18406
18407
18408
18409
18410
18411
18412
18413
18414
18415
18416
18421
18422
18423
18424
18425
18426
18427
18428
18429
18430
18431
18432
18433
18434
18435
18436
18437
18438
18439
18440
18445
18446
18447
18448
18449
18450
18451
18452
18453
18454
18455
18456
18457
18458
18459
18460
18461
18462
18463
18464
18469
18470
18471
18472
18473
18474
18475
18476
18477
18478
18479
18480
18481
18482
18483
18484
18485
18486
18487
18488
18493
18494
18495
18496
18497
18498
18499
18500
18501
18502
18503
18504
18505
18506
18507
18508
18509
18510
18511
18512
18891
18892
18893
18894
18895
18896
18909
18910
18911
18912
18913
18914
18915
18916
18917
18918
18919
18920
18926
18927
18928
18929
18930
18931
18932
18933
18934
18935
18936
18937
18938
18939
18940
18941
18942
18943
18944
18950
18951
18952
18953
18954
18955
18956
18957
18958
18959
18960
18961
18962
18963
18964
18965
18966
18967
18968
18974
18975
18976
18977
18978
18979
18980
18981
18982
18983
18984
18985
18986
18987
18988
18989
18990
18991
18992
18998
18999
19000
19001
19002
19003
19004
19005
19006
19007
19008
19009
19010
19011
19012
19013
19014
19015
19016
19022
19023
19024
19025
19026
19027
19028
19029
19030
19031
19032
19033
19034
19035
19036
19037
19038
19039
19040
19046
19047
19048
19049
19050
19051
19052
19053
19054
19055
19056
19057
19058
19059
19060
19061
19062
19063
19064
19070
19071
19072
19073
19074
19075
19076
19077
19078
19079
19080
19081
19082
19083
19084
19085
19086
19087
19088
19094
19095
19096
19097
19098
19099
19100
19101
19102
19103
19104
19105
19106
19107
19108
19109
19110
19111
19112
19118
19119
19120
19121
19122
19123
19124
19125
19126
19127
19128
19129
19130
19131
19132
19133
19134
19135
19136
19142
19143
19144
19145
19146
19147
19148
19149
19150
19151
19152
19153
19154
19155
19156
19157
19158
19159
19160
19165
19166
19167
19168
19169
19170
19171
19172
19173
19174
19175
19176
19177
19178
19179
19180
19181
19182
19183
19184
19189
19190
19191
19192
19193
19194
19195
19196
19197
19198
19199
19200
19201
19202
19203
19204
19205
19206
19207
19208
19213
19214
19215
19216
19217
19218
19219
19220
19221
19222
19223
19224
19225
19226
19227
19228
19229
19230
19231
19232
19237
19238
19239
19240
19241
19242
19243
19244
19245
19246
19247
19248
19249
19250
19251
19252
19253
19254
19255
19256
19261
19262
19263
19264
19265
19266
19267
19268
19269
19270
19271
19272
19273
19274
19275
19276
19277
19278
19279
19280
19285
19286
19287
19288
19289
19290
19291
19292
19293
19294
19295
19296
19297
19298
19299
19300
19301
19302
19303
19304
19683
19684
19685
19686
19687
19688
19701
19702
19703
19704
19705
19706
19707
19708
19709
19710
19711
19712
19718
19719
19720
19721
19722
19723
19724
19725
19726
19727
19728
19729
19730
19731
19732
19733
19734
19735
19736
19742
19743
19744
19745
19746
19747
19748
19749
19750
19751
19752
19753
19754
19755
19756
19757
19758
19759
19760
19766
19767
19768
19769
19770
19771
19772
19773
19774
19775
19776
19777
19778
19779
19780
19781
19782
19783
19784
19790
19791
19792
19793
19794
19795
19796
19797
19798
19799
19800
19801
19802
19803
19804
19805
19806
19807
19808
19814
19815
19816
19817
19818
19819
19820
19821
19822
19823
19824
19825
19826
19827
19828
19829
19830
19831
19832
19838
19839
19840
19841
19842
19843
19844
19845
19846
19847
19848
19849
19850
19851
19852
19853
19854
19855
19856
19862
19863
19864
19865
19866
19867
19868
19869
19870
19871
19872
19873
19874
19875
19876
19877
19878
19879
19880
19886
19887
19888
19889
19890
19891
19892
19893
19894
19895
19896
19897
19898
19899
19900
19901
19902
19903
19904
19910
19911
19912
19913
19914
19915
19916
19917
19918
19919
19920
19921
19922
19923
19924
19925
19926
19927
19928
19934
19935
19936
19937
19938
19939
19940
19941
19942
19943
19944
19945
19946
19947
19948
19949
19950
19951
19952
19957
19958
19959
19960
19961
19962
19963
19964
19965
19966
19967
19968
19969
19970
19971
19972
19973
19974
19975
19976
19981
19982
19983
19984
19985
19986
19987
19988
19989
19990
19991
19992
19993
19994
19995
19996
19997
19998
19999
20000
20005
20006
20007
20008
20009
20010
20011
20012
20013
20014
20015
20016
20017
20018
20019
20020
20021
20022
20023
20024
20029
20030
20031
20032
20033
20034
20035
20036
20037
20038
20039
20040
20041
20042
20043
20044
20045
20046
20047
20048
20053
20054
20055
20056
20057
20058
20059
20060
20061
20062
20063
20064
20065
20066
20067
20068
20069
20070
20071
20072
20077
20078
20079
20080
20081
20082
20083
20084
20085
20086
20087
20088
20089
20090
20091
20092
20093
20094
20095
20096
20475
20476
20477
20478
20479
20480
20493
20494
20495
20496
20497
20498
20499
20500
20501
20502
20503
20504
20510
20511
20512
20513
20514
20515
20516
20517
20518
20519
20520
20521
20522
20523
20524
20525
20526
20527
20528
20534
20535
20536
20537
20538
20539
20540
20541
20542
20543
20544
20545
20546
20547
20548
20549
20550
20551
20552
20558
20559
20560
20561
20562
20563
20564
20565
20566
20567
20568
20569
20570
20571
20572
20573
20574
20575
20576
20582
20583
20584
20585
20586
20587
20588
20589
20590
20591
20592
20593
20594
20595
20596
20597
20598
20599
20600
20606
20607
20608
20609
20610
20611
20612
20613
20614
20615
20616
20617
20618
20619
20620
20621
20622
20623
20624
20630
20631
20632
20633
20634
20635
20636
20637
20638
20639
20640
20641
20642
20643
20644
20645
20646
20647
20648
20654
20655
20656
20657
20658
20659
20660
20661
20662
20663
20664
20665
20666
20667
20668
20669
20670
20671
20672
20678
20679
20680
20681
20682
20683
20684
20685
20686
20687
20688
20689
20690
20691
20692
20693
20694
20695
20696
20702
20703
20704
20705
20706
20707
20708
20709
20710
20711
20712
20713
20714
20715
20716
20717
20718
20719
20720
20726
20727
20728
20729
20730
20731
20732
20733
20734
20735
20736
20737
20738
20739
20740
20741
20742
20743
20744
20749
20750
20751
20752
20753
20754
20755
20756
20757
20758
20759
20760
20761
20762
20763
20764
20765
20766
20767
20768
20773
20774
20775
20776
20777
20778
20779
20780
20781
20782
20783
20784
20785
20786
20787
20788
20789
20790
20791
20792
20797
20798
20799
20800
20801
20802
20803
20804
20805
20806
20807
20808
20809
20810
20811
20812
20813
20814
20815
20816
20821
20822
20823
20824
20825
20826
20827
20828
20829
20830
20831
20832
20833
20834
20835
20836
20837
20838
20839
20840
20845
20846
20847
20848
20849
20850
20851
20852
20853
20854
20855
20856
20857
20858
20859
20860
20861
20862
20863
20864
20869
20870
20871
20872
20873
20874
20875
20876
20877
20878
20879
20880
20881
20882
20883
20884
20885
20886
20887
20888
21267
21268
21269
21270
21271
21272
21285
21286
21287
21288
21289
21290
21291
21292
21293
21294
21295
21296
21302
21303
21304
21305
21306
21307
21308
21309
21310
21311
21312
21313
21314
21315
21316
21317
21318
21319
21320
21326
21327
21328
21329
21330
21331
21332
21333
21334
21335
21336
21337
21338
21339
21340
21341
21342
21343
21344
21350
21351
21352
21353
21354
21355
21356
21357
21358
21359
21360
21361
21362
21363
21364
21365
21366
21367
21368
21374
21375
21376
21377
21378
21379
21380
21381
21382
21383
21384
21385
21386
21387
21388
21389
21390
21391
21392
21398
21399
21400
21401
21402
21403
21404
21405
21406
21407
21408
21409
21410
21411
21412
21413
21414
21415
21416
21422
21423
21424
21425
21426
21427
21428
21429
21430
21431
21432
21433
21434
21435
21436
21437
21438
21439
21440
21446
21447
21448
21449
21450
21451
21452
21453
21454
21455
21456
21457
21458
21459
21460
21461
21462
21463
21464
21470
21471
21472
21473
21474
21475
21476
21477
21478
21479
21480
21481
21482
21483
21484
21485
21486
21487
21488
21494
21495
21496
21497
21498
21499
21500
21501
21502
21503
21504
21505
21506
21507
21508
21509
21510
21511
21512
21518
21519
21520
21521
21522
21523
21524
21525
21526
21527
21528
21529
21530
21531
21532
21533
21534
21535
21536
21541
21542
21543
21544
21545
21546
21547
21548
21549
21550
21551
21552
21553
21554
21555
21556
21557
21558
21559
21560
21565
21566
21567
21568
21569
21570
21571
21572
21573
21574
21575
21576
21577
21578
21579
21580
21581
21582
21583
21584
21589
21590
21591
21592
21593
21594
21595
21596
21597
21598
21599
21600
21601
21602
21603
21604
21605
21606
21607
21608
21613
21614
21615
21616
21617
21618
21619
21620
21621
21622
21623
21624
21625
21626
21627
21628
21629
21630
21631
21632
21637
21638
21639
21640
21641
21642
21643
21644
21645
21646
21647
21648
21649
21650
21651
21652
21653
21654
21655
21656
21661
21662
21663
21664
21665
21666
21667
21668
21669
21670
21671
21672
21673
21674
21675
21676
21677
21678
21679
21680
22059
22060
22061
22062
22063
22064
22077
22078
22079
22080
22081
22082
22083
22084
22085
22086
22087
22088
22094
22095
22096
22097
22098
22099
22100
22101
22102
22103
22104
22105
22106
22107
22108
22109
22110
22111
22112
22118
22119
22120
22121
22122
22123
22124
22125
22126
22127
22128
22129
22130
22131
22132
22133
22134
22135
22136
22142
22143
22144
22145
22146
22147
22148
22149
22150
22151
22152
22153
22154
22155
22156
22157
22158
22159
22160
22166
22167
22168
22169
22170
22171
22172
22173
22174
22175
22176
22177
22178
22179
22180
22181
22182
22183
22184
22190
22191
22192
22193
22194
22195
22196
22197
22198
22199
22200
22201
22202
22203
22204
22205
22206
22207
22208
22214
22215
22216
22217
22218
22219
22220
22221
22222
22223
22224
22225
22226
22227
22228
22229
22230
22231
22232
22238
22239
22240
22241
22242
22243
22244
22245
22246
22247
22248
22249
22250
22251
22252
22253
22254
22255
22256
22262
22263
22264
22265
22266
22267
22268
22269
22270
22271
22272
22273
22274
22275
22276
22277
22278
22279
22280
22286
22287
22288
22289
22290
22291
22292
22293
22294
22295
22296
22297
22298
22299
22300
22301
22302
22303
22304
22310
22311
22312
22313
22314
22315
22316
22317
22318
22319
22320
22321
22322
22323
22324
22325
22326
22327
22328
22333
22334
22335
22336
22337
22338
22339
22340
22341
22342
22343
22344
22345
22346
22347
22348
22349
22350
22351
22352
22357
22358
22359
22360
22361
22362
22363
22364
22365
22366
22367
22368
22369
22370
22371
22372
22373
22374
22375
22376
22381
22382
22383
22384
22385
22386
22387
22388
22389
22390
22391
22392
22393
22394
22395
22396
22397
22398
22399
22400
22405
22406
22407
22408
22409
22410
22411
22412
22413
22414
22415
22416
22417
22418
22419
22420
22421
22422
22423
22424
22429
22430
22431
22432
22433
22434
22435
22436
22437
22438
22439
22440
22441
22442
22443
22444
22445
22446
22447
22448
22453
22454
22455
22456
22457
22458
22459
22460
22461
22462
22463
22464
22465
22466
22467
22468
22469
22470
22471
22472
22851
22852
22853
22854
22855
22856
22869
22870
22871
22872
22873
22874
22875
22876
22877
22878
22879
22880
22886
22887
22888
22889
22890
22891
22892
22893
22894
22895
22896
22897
22898
22899
22900
22901
22902
22903
22904
22910
22911
22912
22913
22914
22915
22916
22917
22918
22919
22920
22921
22922
22923
22924
22925
22926
22927
22928
22934
22935
22936
22937
22938
22939
22940
22941
22942
22943
22944
22945
22946
22947
22948
22949
22950
22951
22952
22958
22959
22960
22961
22962
22963
22964
22965
22966
22967
22968
22969
22970
22971
22972
22973
22974
22975
22976
22982
22983
22984
22985
22986
22987
22988
22989
22990
22991
22992
22993
22994
22995
22996
22997
22998
22999
23000
23006
23007
23008
23009
23010
23011
23012
23013
23014
23015
23016
23017
23018
23019
23020
23021
23022
23023
23024
23030
23031
23032
23033
23034
23035
23036
23037
23038
23039
23040
23041
23042
23043
23044
23045
23046
23047
23048
23054
23055
23056
23057
23058
23059
23060
23061
23062
23063
23064
23065
23066
23067
23068
23069
23070
23071
23072
23078
23079
23080
23081
23082
23083
23084
23085
23086
23087
23088
23089
23090
23091
23092
23093
23094
23095
23096
23102
23103
23104
23105
23106
23107
23108
23109
23110
23111
23112
23113
23114
23115
23116
23117
23118
23119
23120
23125
23126
23127
23128
23129
23130
23131
23132
23133
23134
23135
23136
23137
23138
23139
23140
23141
23142
23143
23144
23149
23150
23151
23152
23153
23154
23155
23156
23157
23158
23159
23160
23161
23162
23163
23164
23165
23166
23167
23168
23173
23174
23175
23176
23177
23178
23179
23180
23181
23182
23183
23184
23185
23186
23187
23188
23189
23190
23191
23192
23197
23198
23199
23200
23201
23202
23203
23204
23205
23206
23207
23208
23209
23210
23211
23212
23213
23214
23215
23216
23221
23222
23223
23224
23225
23226
23227
23228
23229
23230
23231
23232
23233
23234
23235
23236
23237
23238
23239
23240
23245
23246
23247
23248
23249
23250
23251
23252
23253
23254
23255
23256
23257
23258
23259
23260
23261
23262
23263
23264
23643
23644
23645
23646
23647
23648
23661
23662
23663
23664
23665
23666
23667
23668
23669
23670
23671
23672
23678
23679
23680
23681
23682
23683
23684
23685
23686
23687
23688
23689
23690
23691
23692
23693
23694
23695
23696
23702
23703
23704
23705
23706
23707
23708
23709
23710
23711
23712
23713
23714
23715
23716
23717
23718
23719
23720
23726
23727
23728
23729
23730
23731
23732
23733
23734
23735
23736
23737
23738
23739
23740
23741
23742
23743
23744
23750
23751
23752
23753
23754
23755
23756
23757
23758
23759
23760
23761
23762
23763
23764
23765
23766
23767
23768
23774
23775
23776
23777
23778
23779
23780
23781
23782
23783
23784
23785
23786
23787
23788
23789
23790
23791
23792
23798
23799
23800
23801
23802
23803
23804
23805
23806
23807
23808
23809
23810
23811
23812
23813
23814
23815
23816
23822
23823
23824
23825
23826
23827
23828
23829
23830
23831
23832
23833
23834
23835
23836
23837
23838
23839
23840
23846
23847
23848
23849
23850
23851
23852
23853
23854
23855
23856
23857
23858
23859
23860
23861
23862
23863
23864
23870
23871
23872
23873
23874
23875
23876
23877
23878
23879
23880
23881
23882
23883
23884
23885
23886
23887
23888
23894
23895
23896
23897
23898
23899
23900
23901
23902
23903
23904
23905
23906
23907
23908
23909
23910
23911
23912
23918
23919
23920
23921
23922
23923
23924
23925
23926
23927
23928
23929
23930
23931
23932
23933
23934
23935
23936
23942
23943
23944
23945
23946
23947
23948
23949
23950
23951
23952
23953
23954
23955
23956
23957
23958
23959
23960
23966
23967
23968
23969
23970
23971
23972
23973
23974
23975
23976
23977
23978
23979
23980
23981
23982
23983
23984
23990
23991
23992
23993
23994
23995
23996
23997
23998
23999
24000
24001
24002
24003
24004
24005
24006
24007
24008
24014
24015
24016
24017
24018
24019
24020
24021
24022
24023
24024
24025
24026
24027
24028
24029
24030
24031
24032
24038
24039
24040
24041
24042
24043
24044
24045
24046
24047
24048
24049
24050
24051
24052
24053
24054
24055
24056
24435
24436
24437
24438
24439
24440
24453
24454
24455
24456
24457
24458
24459
24460
24461
24462
24463
24464
24472
24473
24474
24475
24476
24477
24478
24479
24480
24481
24482
24483
24484
24485
24486
24487
24488
24496
24497
24498
24499
24500
24501
24502
24503
24504
24505
24506
24507
24508
24509
24510
24511
24512
24520
24521
24522
24523
24524
24525
24526
24527
24528
24529
24530
24531
24532
24533
24534
24535
24536
24544
24545
24546
24547
24548
24549
24550
24551
24552
24553
24554
24555
24556
24557
24558
24559
24560
24568
24569
24570
24571
24572
24573
24574
24575
24576
24577
24578
24579
24580
24581
24582
24583
24584
24592
24593
24594
24595
24596
24597
24598
24599
24600
24601
24602
24603
24604
24605
24606
24607
24608
24616
24617
24618
24619
24620
24621
24622
24623
24624
24625
24626
24627
24628
24629
24630
24631
24632
24640
24641
24642
24643
24644
24645
24646
24647
24648
24649
24650
24651
24652
24653
24654
24655
24656
24664
24665
24666
24667
24668
24669
24670
24671
24672
24673
24674
24675
24676
24677
24678
24679
24680
24688
24689
24690
24691
24692
24693
24694
24695
24696
24697
24698
24699
24700
24701
24702
24703
24704
24712
24713
24714
24715
24716
24717
24718
24719
24720
24721
24722
24723
24724
24725
24726
24727
24728
24736
24737
24738
24739
24740
24741
24742
24743
24744
24745
24746
24747
24748
24749
24750
24751
24752
24760
24761
24762
24763
24764
24765
24766
24767
24768
24769
24770
24771
24772
24773
24774
24775
24776
24784
24785
24786
24787
24788
24789
24790
24791
24792
24793
24794
24795
24796
24797
24798
24799
24800
24808
24809
24810
24811
24812
24813
24814
24815
24816
24817
24818
24819
24820
24821
24822
24823
24824
24832
24833
24834
24835
24836
24837
24838
24839
24840
24841
24842
24843
24844
24845
24846
24847
24848
25408
25409
25410
25411
25412
25413
25414
25415
25416
25417
25418
25419
25420
25421
25422
25423
25424
25432
25433
25434
25435
25436
25437
25438
25439
25440
25441
25442
25443
25444
25445
25446
25447
25448
25456
25457
25458
25459
25460
25461
25462
25463
25464
25465
25466
25467
25468
25469
25470
25471
25472
25480
25481
25482
25483
25484
25485
25486
25487
25488
25489
25490
25491
25492
25493
25494
25495
25496
25504
25505
25506
25507
25508
25509
25510
25511
25512
25513
25514
25515
25516
25517
25518
25519
25520
25528
25529
25530
25531
25532
25533
25534
25535
25536
25537
25538
25539
25540
25541
25542
25543
25544
25552
25553
25554
25555
25556
25557
25558
25559
25560
25561
25562
25563
25564
25565
25566
25567
25568
25576
25577
25578
25579
25580
25581
25582
25583
25584
25585
25586
25587
25588
25589
25590
25591
25592
25600
25601
25602
25603
25604
25605
25606
25607
25608
25609
25610
25611
25612
25613
25614
25615
25616
25624
25625
25626
25627
25628
25629
25630
25631
25632
25633
25634
25635
25636
25637
25638
25639
25640
31411
31412
31413
31414
31415
31416
31425
31426
31427
31428
31429
31430
31431
31432
31441
31442
31443
31444
31445
31446
31447
31448
31457
31458
31459
31460
31461
31462
31463
31464
31473
31474
31475
31476
31477
31478
31479
31480
31481
31489
31490
31491
31492
31493
31494
31495
31496
31497
31505
31506
31507
31508
31509
31510
31511
31512
31513
31521
31522
31523
31524
31525
31526
31527
31528
31529
31537
31538
31539
31540
31541
31542
31543
31544
31545
31553
31554
31555
31556
31557
31558
31559
31560
31561
31569
31570
31571
31572
31573
31574
31575
31576
31577
31585
31586
31587
31588
31589
31590
31591
31592
31593
31601
31602
31603
31604
31605
31606
31607
31608
31609
31617
31618
31619
31620
31621
31622
31623
31624
31625
31633
31634
31635
31636
31637
31638
31639
31640
31641
31649
31650
31651
31652
31653
31654
31655
31656
31657
31665
31666
31667
31668
31669
31670
31671
31672
31673
31681
31682
31683
31684
31685
31686
31687
31688
31689
31697
31698
31699
31700
31701
31702
31703
31704
31705
31939
31940
31941
31942
31943
31944
31953
31954
31955
31956
31957
31958
31959
31960
31969
31970
31971
31972
31973
31974
31975
31976
31985
31986
31987
31988
31989
31990
31991
31992
32001
32002
32003
32004
32005
32006
32007
32008
32009
32017
32018
32019
32020
32021
32022
32023
32024
32025
32033
32034
32035
32036
32037
32038
32039
32040
32041
32049
32050
32051
32052
32053
32054
32055
32056
32057
32065
32066
32067
32068
32069
32070
32071
32072
32073
32081
32082
32083
32084
32085
32086
32087
32088
32089
32097
32098
32099
32100
32101
32102
32103
32104
32105
32113
32114
32115
32116
32117
32118
32119
32120
32121
32129
32130
32131
32132
32133
32134
32135
32136
32137
32145
32146
32147
32148
32149
32150
32151
32152
32153
32161
32162
32163
32164
32165
32166
32167
32168
32169
32177
32178
32179
32180
32181
32182
32183
32184
32185
32193
32194
32195
32196
32197
32198
32199
32200
32201
32209
32210
32211
32212
32213
32214
32215
32216
32217
32225
32226
32227
32228
32229
32230
32231
32232
32233
32467
32468
32469
32470
32471
32472
32481
32482
32483
32484
32485
32486
32487
32488
32497
32498
32499
32500
32501
32502
32503
32504
32513
32514
32515
32516
32517
32518
32519
32520
32529
32530
32531
32532
32533
32534
32535
32536
32537
32545
32546
32547
32548
32549
32550
32551
32552
32553
32561
32562
32563
32564
32565
32566
32567
32568
32569
32577
32578
32579
32580
32581
32582
32583
32584
32585
32593
32594
32595
32596
32597
32598
32599
32600
32601
32609
32610
32611
32612
32613
32614
32615
32616
32617
32625
32626
32627
32628
32629
32630
32631
32632
32633
32641
32642
32643
32644
32645
32646
32647
32648
32649
32657
32658
32659
32660
32661
32662
32663
32664
32665
32673
32674
32675
32676
32677
32678
32679
32680
32681
32689
32690
32691
32692
32693
32694
32695
32696
32697
32705
32706
32707
32708
32709
32710
32711
32712
32713
32721
32722
32723
32724
32725
32726
32727
32728
32729
32737
32738
32739
32740
32741
32742
32743
32744
32745
32753
32754
32755
32756
32757
32758
32759
32760
32761
32995
32996
32997
32998
32999
33000
33009
33010
33011
33012
33013
33014
33015
33016
33025
33026
33027
33028
33029
33030
33031
33032
33041
33042
33043
33044
33045
33046
33047
33048
33057
33058
33059
33060
33061
33062
33063
33064
33065
33073
33074
33075
33076
33077
33078
33079
33080
33081
33089
33090
33091
33092
33093
33094
33095
33096
33097
33105
33106
33107
33108
33109
33110
33111
33112
33113
33121
33122
33123
33124
33125
33126
33127
33128
33129
33137
33138
33139
33140
33141
33142
33143
33144
33145
33153
33154
33155
33156
33157
33158
33159
33160
33161
33169
33170
33171
33172
33173
33174
33175
33176
33177
33185
33186
33187
33188
33189
33190
33191
33192
33193
33201
33202
33203
33204
33205
33206
33207
33208
33209
33217
33218
33219
33220
33221
33222
33223
33224
33225
33233
33234
33235
33236
33237
33238
33239
33240
33241
33249
33250
33251
33252
33253
33254
33255
33256
33257
33265
33266
33267
33268
33269
33270
33271
33272
33273
33281
33282
33283
33284
33285
33286
33287
33288
33289
33523
33524
33525
33526
33527
33528
33537
33538
33539
33540
33541
33542
33543
33544
33553
33554
33555
33556
33557
33558
33559
33560
33569
33570
33571
33572
33573
33574
33575
33576
33585
33586
33587
33588
33589
33590
33591
33592
33593
33601
33602
33603
33604
33605
33606
33607
33608
33609
33617
33618
33619
33620
33621
33622
33623
33624
33625
33633
33634
33635
33636
33637
33638
33639
33640
33641
33649
33650
33651
33652
33653
33654
33655
33656
33657
33665
33666
33667
33668
33669
33670
33671
33672
33673
33681
33682
33683
33684
33685
33686
33687
33688
33689
33697
33698
33699
33700
33701
33702
33703
33704
33705
33713
33714
33715
33716
33717
33718
33719
33720
33721
33729
33730
33731
33732
33733
33734
33735
33736
33737
33745
33746
33747
33748
33749
33750
33751
33752
33753
33761
33762
33763
33764
33765
33766
33767
33768
33769
33777
33778
33779
33780
33781
33782
33783
33784
33785
33793
33794
33795
33796
33797
33798
33799
33800
33801
33809
33810
33811
33812
33813
33814
33815
33816
33817
34051
34052
34053
34054
34055
34056
34065
34066
34067
34068
34069
34070
34071
34072
34081
34082
34083
34084
34085
34086
34087
34088
34097
34098
34099
34100
34101
34102
34103
34104
34113
34114
34115
34116
34117
34118
34119
34120
34121
34129
34130
34131
34132
34133
34134
34135
34136
34137
34145
34146
34147
34148
34149
34150
34151
34152
34153
34161
34162
34163
34164
34165
34166
34167
34168
34169
34177
34178
34179
34180
34181
34182
34183
34184
34185
34193
34194
34195
34196
34197
34198
34199
34200
34201
34209
34210
34211
34212
34213
34214
34215
34216
34217
34225
34226
34227
34228
34229
34230
34231
34232
34233
34241
34242
34243
34244
34245
34246
34247
34248
34249
34257
34258
34259
34260
34261
34262
34263
34264
34265
34273
34274
34275
34276
34277
34278
34279
34280
34281
34289
34290
34291
34292
34293
34294
34295
34296
34297
34305
34306
34307
34308
34309
34310
34311
34312
34313
34321
34322
34323
34324
34325
34326
34327
34328
34329
34337
34338
34339
34340
34341
34342
34343
34344
34345
34579
34580
34581
34582
34583
34584
34593
34594
34595
34596
34597
34598
34599
34600
34609
34610
34611
34612
34613
34614
34615
34616
34625
34626
34627
34628
34629
34630
34631
34632
34641
34642
34643
34644
34645
34646
34647
34648
34649
34657
34658
34659
34660
34661
34662
34663
34664
34665
34673
34674
34675
34676
34677
34678
34679
34680
34681
34689
34690
34691
34692
34693
34694
34695
34696
34697
34705
34706
34707
34708
34709
34710
34711
34712
34713
34721
34722
34723
34724
34725
34726
34727
34728
34729
34737
34738
34739
34740
34741
34742
34743
34744
34745
34753
34754
34755
34756
34757
34758
34759
34760
34761
34769
34770
34771
34772
34773
34774
34775
34776
34777
34785
34786
34787
34788
34789
34790
34791
34792
34793
34801
34802
34803
34804
34805
34806
34807
34808
34809
34817
34818
34819
34820
34821
34822
34823
34824
34825
34833
34834
34835
34836
34837
34838
34839
34840
34841
34849
34850
34851
34852
34853
34854
34855
34856
34857
34865
34866
34867
34868
34869
34870
34871
34872
34873
35107
35108
35109
35110
35111
35112
35121
35122
35123
35124
35125
35126
35127
35128
35137
35138
35139
35140
35141
35142
35143
35144
35153
35154
35155
35156
35157
35158
35159
35160
35169
35170
35171
35172
35173
35174
35175
35176
35177
35185
35186
35187
35188
35189
35190
35191
35192
35193
35201
35202
35203
35204
35205
35206
35207
35208
35209
35217
35218
35219
35220
35221
35222
35223
35224
35225
35233
35234
35235
35236
35237
35238
35239
35240
35241
35249
35250
35251
35252
35253
35254
35255
35256
35257
35265
35266
35267
35268
35269
35270
35271
35272
35273
35281
35282
35283
35284
35285
35286
35287
35288
35289
35297
35298
35299
35300
35301
35302
35303
35304
35305
35313
35314
35315
35316
35317
35318
35319
35320
35321
35329
35330
35331
35332
35333
35334
35335
35336
35337
35345
35346
35347
35348
35349
35350
35351
35352
35353
35361
35362
35363
35364
35365
35366
35367
35368
35369
35377
35378
35379
35380
35381
35382
35383
35384
35385
35393
35394
35395
35396
35397
35398
35399
35400
35401
35635
35636
35637
35638
35639
35640
35649
35650
35651
35652
35653
35654
35655
35656
35665
35666
35667
35668
35669
35670
35671
35672
35681
35682
35683
35684
35685
35686
35687
35688
35697
35698
35699
35700
35701
35702
35703
35704
35705
35713
35714
35715
35716
35717
35718
35719
35720
35721
35729
35730
35731
35732
35733
35734
35735
35736
35737
35745
35746
35747
35748
35749
35750
35751
35752
35753
35761
35762
35763
35764
35765
35766
35767
35768
35769
35777
35778
35779
35780
35781
35782
35783
35784
35785
35793
35794
35795
35796
35797
35798
35799
35800
35801
35809
35810
35811
35812
35813
35814
35815
35816
35817
35825
35826
35827
35828
35829
35830
35831
35832
35833
35841
35842
35843
35844
35845
35846
35847
35848
35849
35857
35858
35859
35860
35861
35862
35863
35864
35865
35873
35874
35875
35876
35877
35878
35879
35880
35881
35889
35890
35891
35892
35893
35894
35895
35896
35897
35905
35906
35907
35908
35909
35910
35911
35912
35913
35921
35922
35923
35924
35925
35926
35927
35928
35929
36163
36164
36165
36166
36167
36168
36177
36178
36179
36180
36181
36182
36183
36184
36193
36194
36195
36196
36197
36198
36199
36200
36209
36210
36211
36212
36213
36214
36215
36216
36225
36226
36227
36228
36229
36230
36231
36232
36241
36242
36243
36244
36245
36246
36247
36248
36257
36258
36259
36260
36261
36262
36263
36264
36273
36274
36275
36276
36277
36278
36279
36280
36289
36290
36291
36292
36293
36294
36295
36296
36305
36306
36307
36308
36309
36310
36311
36312
36321
36322
36323
36324
36325
36326
36327
36328
36337
36338
36339
36340
36341
36342
36343
36344
36353
36354
36355
36356
36357
36358
36359
36360
36369
36370
36371
36372
36373
36374
36375
36376
36385
36386
36387
36388
36389
36390
36391
36392
36401
36402
36403
36404
36405
36406
36407
36408
36417
36418
36419
36420
36421
36422
36423
36424
36433
36434
36435
36436
36437
36438
36439
36440
36449
36450
36451
36452
36453
36454
36455
36456
36691
36692
36693
36694
36695
36705
36706
36707
36708
36709
36710
36711
36721
36722
36723
36724
36725
36726
36727
36737
36738
36739
36740
36741
36742
36743
36753
36754
36755
36756
36757
36758
36759
36769
36770
36771
36772
36773
36774
36775
36785
36786
36787
36788
36789
36790
36791
36801
36802
36803
36804
36805
36806
36807
36817
36818
36819
36820
36821
36822
36823
36833
36834
36835
36836
36837
36838
36839
36849
36850
36851
36852
36853
36854
36855
36865
36866
36867
36868
36869
36870
36871
36881
36882
36883
36884
36885
36886
36887
36897
36898
36899
36900
36901
36902
36903
36913
36914
36915
36916
36917
36918
36919
36929
36930
36931
36932
36933
36934
36935
36945
36946
36947
36948
36949
36950
36951
36961
36962
36963
36964
36965
36966
36967
36977
36978
36979
36980
36981
36982
36983
37219
37220
37221
37222
37223
37233
37234
37235
37236
37237
37238
37239
37249
37250
37251
37252
37253
37254
37255
37265
37266
37267
37268
37269
37270
37271
37281
37282
37283
37284
37285
37286
37287
37297
37298
37299
37300
37301
37302
37303
37313
37314
37315
37316
37317
37318
37319
37329
37330
37331
37332
37333
37334
37335
37345
37346
37347
37348
37349
37350
37351
37361
37362
37363
37364
37365
37366
37367
37377
37378
37379
37380
37381
37382
37383
37393
37394
37395
37396
37397
37398
37399
37409
37410
37411
37412
37413
37414
37415
37425
37426
37427
37428
37429
37430
37431
37441
37442
37443
37444
37445
37446
37447
37457
37458
37459
37460
37461
37462
37463
37473
37474
37475
37476
37477
37478
37479
37489
37490
37491
37492
37493
37494
37495
37505
37506
37507
37508
37509
37510
37511
37747
37748
37749
37750
37751
37761
37762
37763
37764
37765
37766
37767
37777
37778
37779
37780
37781
37782
37783
37793
37794
37795
37796
37797
37798
37799
37809
37810
37811
37812
37813
37814
37815
37825
37826
37827
37828
37829
37830
37831
37841
37842
37843
37844
37845
37846
37847
37857
37858
37859
37860
37861
37862
37863
37873
37874
37875
37876
37877
37878
37879
37889
37890
37891
37892
37893
37894
37895
37905
37906
37907
37908
37909
37910
37911
37921
37922
37923
37924
37925
37926
37927
37937
37938
37939
37940
37941
37942
37943
37953
37954
37955
37956
37957
37958
37959
37969
37970
37971
37972
37973
37974
37975
37985
37986
37987
37988
37989
37990
37991
38001
38002
38003
38004
38005
38006
38007
38017
38018
38019
38020
38021
38022
38023
38033
38034
38035
38036
38037
38038
38039
38417
38418
38419
38420
38421
38422
38423
38433
38434
38435
38436
38437
38438
38439
38449
38450
38451
38452
38453
38454
38455
38465
38466
38467
38468
38469
38470
38471
38481
38482
38483
38484
38485
38486
38487
38497
38498
38499
38500
38501
38502
38503
38513
38514
38515
38516
38517
38518
38519
38529
38530
38531
38532
38533
38534
38535
38545
38546
38547
38548
38549
38550
38551
38561
38562
38563
38564
38565
38566
38567
)


// ************************************************************************* //
