/*--------------------------------*- C++ -*----------------------------------*\
| =========                 |                                                 |
| \\      /  F ield         | OpenFOAM: The Open Source CFD Toolbox           |
|  \\    /   O peration     | Version:  2406                                  |
|   \\  /    A nd           | Website:  www.openfoam.com                      |
|    \\/     M anipulation  |                                                 |
\*---------------------------------------------------------------------------*/
FoamFile
{
    version     2.0;
    format      ascii;
    arch        "LSB;label=32;scalar=64";
    class       labelList;
    location    "constant/polyMesh";
    object      cellProcAddressing;
}
// * * * * * * * * * * * * * * * * * * * * * * * * * * * * * * * * * * * * * //


5462
(
12805
12806
12807
12808
12809
12810
12811
12812
12813
12814
12815
12816
12817
12818
12819
12820
12821
12822
12823
12829
12830
12831
12832
12833
12834
12835
12836
12837
12838
12839
12840
12841
12842
12843
12844
12845
12846
12847
12853
12854
12855
12856
12857
12858
12859
12860
12861
12862
12863
12864
12865
12866
12867
12868
12869
12870
12871
12877
12878
12879
12880
12881
12882
12883
12884
12885
12886
12887
12888
12889
12890
12891
12892
12893
12894
12895
12901
12902
12903
12904
12905
12906
12907
12908
12909
12910
12911
12912
12913
12914
12915
12916
12917
12918
12919
12925
12926
12927
12928
12929
12930
12931
12932
12933
12934
12935
12936
12937
12938
12939
12940
12941
12942
12943
12949
12950
12951
12952
12953
12954
12955
12956
12957
12958
12959
12960
12961
12962
12963
12964
12965
12966
12967
12973
12974
12975
12976
12977
12978
12979
12980
12981
12982
12983
12984
12985
12986
12987
12988
12989
12990
12991
12997
12998
12999
13000
13001
13002
13003
13004
13005
13006
13007
13008
13009
13010
13011
13012
13013
13014
13015
13021
13022
13023
13024
13025
13026
13027
13028
13029
13030
13031
13032
13033
13034
13035
13036
13037
13038
13039
13045
13046
13047
13048
13049
13050
13051
13052
13053
13054
13055
13056
13057
13058
13059
13060
13061
13062
13063
13069
13070
13071
13072
13073
13074
13075
13076
13077
13078
13079
13080
13081
13082
13083
13084
13085
13086
13087
13093
13094
13095
13096
13097
13098
13099
13100
13101
13102
13103
13104
13105
13106
13107
13108
13109
13110
13111
13117
13118
13119
13120
13121
13122
13123
13124
13125
13126
13127
13128
13129
13130
13131
13132
13133
13134
13135
13141
13142
13143
13144
13145
13146
13147
13148
13149
13150
13151
13152
13153
13154
13155
13156
13157
13158
13159
13166
13167
13168
13169
13170
13171
13172
13173
13174
13175
13176
13177
13178
13190
13191
13192
13193
13194
13195
13196
13573
13574
13575
13576
13577
13578
13579
13580
13581
13582
13583
13584
13585
13586
13587
13588
13589
13590
13591
13597
13598
13599
13600
13601
13602
13603
13604
13605
13606
13607
13608
13609
13610
13611
13612
13613
13614
13615
13621
13622
13623
13624
13625
13626
13627
13628
13629
13630
13631
13632
13633
13634
13635
13636
13637
13638
13639
13645
13646
13647
13648
13649
13650
13651
13652
13653
13654
13655
13656
13657
13658
13659
13660
13661
13662
13663
13669
13670
13671
13672
13673
13674
13675
13676
13677
13678
13679
13680
13681
13682
13683
13684
13685
13686
13687
13693
13694
13695
13696
13697
13698
13699
13700
13701
13702
13703
13704
13705
13706
13707
13708
13709
13710
13711
13717
13718
13719
13720
13721
13722
13723
13724
13725
13726
13727
13728
13729
13730
13731
13732
13733
13734
13735
13741
13742
13743
13744
13745
13746
13747
13748
13749
13750
13751
13752
13753
13754
13755
13756
13757
13758
13759
13765
13766
13767
13768
13769
13770
13771
13772
13773
13774
13775
13776
13777
13778
13779
13780
13781
13782
13783
13789
13790
13791
13792
13793
13794
13795
13796
13797
13798
13799
13800
13801
13802
13803
13804
13805
13806
13807
13813
13814
13815
13816
13817
13818
13819
13820
13821
13822
13823
13824
13825
13826
13827
13828
13829
13830
13831
13837
13838
13839
13840
13841
13842
13843
13844
13845
13846
13847
13848
13849
13850
13851
13852
13853
13854
13855
13861
13862
13863
13864
13865
13866
13867
13868
13869
13870
13871
13872
13873
13874
13875
13876
13877
13878
13879
13885
13886
13887
13888
13889
13890
13891
13892
13893
13894
13895
13896
13897
13898
13899
13900
13901
13902
13903
13909
13910
13911
13912
13913
13914
13915
13916
13917
13918
13919
13920
13921
13922
13923
13924
13925
13926
13927
13934
13935
13936
13937
13938
13939
13940
13941
13942
13943
13944
13945
13946
13958
13959
13960
13961
13962
13963
13964
14341
14342
14343
14344
14345
14346
14347
14348
14349
14350
14351
14352
14353
14354
14355
14356
14357
14358
14359
14365
14366
14367
14368
14369
14370
14371
14372
14373
14374
14375
14376
14377
14378
14379
14380
14381
14382
14383
14389
14390
14391
14392
14393
14394
14395
14396
14397
14398
14399
14400
14401
14402
14403
14404
14405
14406
14407
14413
14414
14415
14416
14417
14418
14419
14420
14421
14422
14423
14424
14425
14426
14427
14428
14429
14430
14431
14437
14438
14439
14440
14441
14442
14443
14444
14445
14446
14447
14448
14449
14450
14451
14452
14453
14454
14455
14461
14462
14463
14464
14465
14466
14467
14468
14469
14470
14471
14472
14473
14474
14475
14476
14477
14478
14479
14485
14486
14487
14488
14489
14490
14491
14492
14493
14494
14495
14496
14497
14498
14499
14500
14501
14502
14503
14509
14510
14511
14512
14513
14514
14515
14516
14517
14518
14519
14520
14521
14522
14523
14524
14525
14526
14527
14533
14534
14535
14536
14537
14538
14539
14540
14541
14542
14543
14544
14545
14546
14547
14548
14549
14550
14551
14557
14558
14559
14560
14561
14562
14563
14564
14565
14566
14567
14568
14569
14570
14571
14572
14573
14574
14575
14581
14582
14583
14584
14585
14586
14587
14588
14589
14590
14591
14592
14593
14594
14595
14596
14597
14598
14599
14605
14606
14607
14608
14609
14610
14611
14612
14613
14614
14615
14616
14617
14618
14619
14620
14621
14622
14623
14629
14630
14631
14632
14633
14634
14635
14636
14637
14638
14639
14640
14641
14642
14643
14644
14645
14646
14647
14653
14654
14655
14656
14657
14658
14659
14660
14661
14662
14663
14664
14665
14666
14667
14668
14669
14670
14671
14677
14678
14679
14680
14681
14682
14683
14684
14685
14686
14687
14688
14689
14690
14691
14692
14693
14694
14695
14702
14703
14704
14705
14706
14707
14708
14709
14710
14711
14712
14713
14714
14726
14727
14728
14729
14730
14731
14732
15109
15110
15111
15112
15113
15114
15115
15116
15117
15118
15119
15120
15121
15122
15123
15124
15125
15126
15127
15133
15134
15135
15136
15137
15138
15139
15140
15141
15142
15143
15144
15145
15146
15147
15148
15149
15150
15151
15157
15158
15159
15160
15161
15162
15163
15164
15165
15166
15167
15168
15169
15170
15171
15172
15173
15174
15175
15181
15182
15183
15184
15185
15186
15187
15188
15189
15190
15191
15192
15193
15194
15195
15196
15197
15198
15199
15205
15206
15207
15208
15209
15210
15211
15212
15213
15214
15215
15216
15217
15218
15219
15220
15221
15222
15223
15229
15230
15231
15232
15233
15234
15235
15236
15237
15238
15239
15240
15241
15242
15243
15244
15245
15246
15247
15253
15254
15255
15256
15257
15258
15259
15260
15261
15262
15263
15264
15265
15266
15267
15268
15269
15270
15271
15277
15278
15279
15280
15281
15282
15283
15284
15285
15286
15287
15288
15289
15290
15291
15292
15293
15294
15295
15301
15302
15303
15304
15305
15306
15307
15308
15309
15310
15311
15312
15313
15314
15315
15316
15317
15318
15319
15325
15326
15327
15328
15329
15330
15331
15332
15333
15334
15335
15336
15337
15338
15339
15340
15341
15342
15343
15349
15350
15351
15352
15353
15354
15355
15356
15357
15358
15359
15360
15361
15362
15363
15364
15365
15366
15367
15373
15374
15375
15376
15377
15378
15379
15380
15381
15382
15383
15384
15385
15386
15387
15388
15389
15390
15391
15397
15398
15399
15400
15401
15402
15403
15404
15405
15406
15407
15408
15409
15410
15411
15412
15413
15414
15415
15421
15422
15423
15424
15425
15426
15427
15428
15429
15430
15431
15432
15433
15434
15435
15436
15437
15438
15439
15445
15446
15447
15448
15449
15450
15451
15452
15453
15454
15455
15456
15457
15458
15459
15460
15461
15462
15463
15470
15471
15472
15473
15474
15475
15476
15477
15478
15479
15480
15481
15482
15494
15495
15496
15497
15498
15499
15500
15877
15878
15879
15880
15881
15882
15883
15884
15885
15886
15887
15888
15889
15890
15891
15892
15893
15894
15895
15901
15902
15903
15904
15905
15906
15907
15908
15909
15910
15911
15912
15913
15914
15915
15916
15917
15918
15919
15925
15926
15927
15928
15929
15930
15931
15932
15933
15934
15935
15936
15937
15938
15939
15940
15941
15942
15943
15949
15950
15951
15952
15953
15954
15955
15956
15957
15958
15959
15960
15961
15962
15963
15964
15965
15966
15967
15973
15974
15975
15976
15977
15978
15979
15980
15981
15982
15983
15984
15985
15986
15987
15988
15989
15990
15991
15997
15998
15999
16000
16001
16002
16003
16004
16005
16006
16007
16008
16009
16010
16011
16012
16013
16014
16015
16021
16022
16023
16024
16025
16026
16027
16028
16029
16030
16031
16032
16033
16034
16035
16036
16037
16038
16039
16045
16046
16047
16048
16049
16050
16051
16052
16053
16054
16055
16056
16057
16058
16059
16060
16061
16062
16063
16069
16070
16071
16072
16073
16074
16075
16076
16077
16078
16079
16080
16081
16082
16083
16084
16085
16086
16087
16093
16094
16095
16096
16097
16098
16099
16100
16101
16102
16103
16104
16105
16106
16107
16108
16109
16110
16111
16117
16118
16119
16120
16121
16122
16123
16124
16125
16126
16127
16128
16129
16130
16131
16132
16133
16134
16135
16141
16142
16143
16144
16145
16146
16147
16148
16149
16150
16151
16152
16153
16154
16155
16156
16157
16158
16159
16165
16166
16167
16168
16169
16170
16171
16172
16173
16174
16175
16176
16177
16178
16179
16180
16181
16182
16183
16189
16190
16191
16192
16193
16194
16195
16196
16197
16198
16199
16200
16201
16202
16203
16204
16205
16206
16207
16213
16214
16215
16216
16217
16218
16219
16220
16221
16222
16223
16224
16225
16226
16227
16228
16229
16230
16231
16238
16239
16240
16241
16242
16243
16244
16245
16246
16247
16248
16249
16250
16262
16263
16264
16265
16266
16267
16268
16645
16646
16647
16648
16649
16650
16651
16652
16653
16654
16655
16656
16657
16658
16659
16660
16661
16662
16663
16669
16670
16671
16672
16673
16674
16675
16676
16677
16678
16679
16680
16681
16682
16683
16684
16685
16686
16687
16693
16694
16695
16696
16697
16698
16699
16700
16701
16702
16703
16704
16705
16706
16707
16708
16709
16710
16711
16717
16718
16719
16720
16721
16722
16723
16724
16725
16726
16727
16728
16729
16730
16731
16732
16733
16734
16735
16741
16742
16743
16744
16745
16746
16747
16748
16749
16750
16751
16752
16753
16754
16755
16756
16757
16758
16759
16765
16766
16767
16768
16769
16770
16771
16772
16773
16774
16775
16776
16777
16778
16779
16780
16781
16782
16783
16789
16790
16791
16792
16793
16794
16795
16796
16797
16798
16799
16800
16801
16802
16803
16804
16805
16806
16807
16813
16814
16815
16816
16817
16818
16819
16820
16821
16822
16823
16824
16825
16826
16827
16828
16829
16830
16831
16837
16838
16839
16840
16841
16842
16843
16844
16845
16846
16847
16848
16849
16850
16851
16852
16853
16854
16855
16861
16862
16863
16864
16865
16866
16867
16868
16869
16870
16871
16872
16873
16874
16875
16876
16877
16878
16879
16885
16886
16887
16888
16889
16890
16891
16892
16893
16894
16895
16896
16897
16898
16899
16900
16901
16902
16903
16909
16910
16911
16912
16913
16914
16915
16916
16917
16918
16919
16920
16921
16922
16923
16924
16925
16926
16927
16933
16934
16935
16936
16937
16938
16939
16940
16941
16942
16943
16944
16945
16946
16947
16948
16949
16950
16951
16957
16958
16959
16960
16961
16962
16963
16964
16965
16966
16967
16968
16969
16970
16971
16972
16973
16974
16975
16981
16982
16983
16984
16985
16986
16987
16988
16989
16990
16991
16992
16993
16994
16995
16996
16997
16998
16999
17006
17007
17008
17009
17010
17011
17012
17013
17014
17015
17016
17017
17018
17030
17031
17032
17033
17034
17035
17036
17413
17414
17415
17416
17417
17418
17419
17420
17421
17422
17423
17424
17425
17426
17427
17428
17429
17430
17431
17437
17438
17439
17440
17441
17442
17443
17444
17445
17446
17447
17448
17449
17450
17451
17452
17453
17454
17455
17461
17462
17463
17464
17465
17466
17467
17468
17469
17470
17471
17472
17473
17474
17475
17476
17477
17478
17479
17485
17486
17487
17488
17489
17490
17491
17492
17493
17494
17495
17496
17497
17498
17499
17500
17501
17502
17503
17509
17510
17511
17512
17513
17514
17515
17516
17517
17518
17519
17520
17521
17522
17523
17524
17525
17526
17527
17533
17534
17535
17536
17537
17538
17539
17540
17541
17542
17543
17544
17545
17546
17547
17548
17549
17550
17551
17557
17558
17559
17560
17561
17562
17563
17564
17565
17566
17567
17568
17569
17570
17571
17572
17573
17574
17575
17581
17582
17583
17584
17585
17586
17587
17588
17589
17590
17591
17592
17593
17594
17595
17596
17597
17598
17599
17605
17606
17607
17608
17609
17610
17611
17612
17613
17614
17615
17616
17617
17618
17619
17620
17621
17622
17623
17629
17630
17631
17632
17633
17634
17635
17636
17637
17638
17639
17640
17641
17642
17643
17644
17645
17646
17647
17653
17654
17655
17656
17657
17658
17659
17660
17661
17662
17663
17664
17665
17666
17667
17668
17669
17670
17671
17677
17678
17679
17680
17681
17682
17683
17684
17685
17686
17687
17688
17689
17690
17691
17692
17693
17694
17695
17701
17702
17703
17704
17705
17706
17707
17708
17709
17710
17711
17712
17713
17714
17715
17716
17717
17718
17719
17725
17726
17727
17728
17729
17730
17731
17732
17733
17734
17735
17736
17737
17738
17739
17740
17741
17742
17743
17749
17750
17751
17752
17753
17754
17755
17756
17757
17758
17759
17760
17761
17762
17763
17764
17765
17766
17767
17774
17775
17776
17777
17778
17779
17780
17781
17782
17783
17784
17785
17786
17798
17799
17800
17801
17802
17803
17804
18181
18182
18183
18184
18185
18186
18187
18188
18189
18190
18191
18192
18193
18194
18195
18196
18197
18198
18199
18205
18206
18207
18208
18209
18210
18211
18212
18213
18214
18215
18216
18217
18218
18219
18220
18221
18222
18223
18229
18230
18231
18232
18233
18234
18235
18236
18237
18238
18239
18240
18241
18242
18243
18244
18245
18246
18247
18253
18254
18255
18256
18257
18258
18259
18260
18261
18262
18263
18264
18265
18266
18267
18268
18269
18270
18271
18277
18278
18279
18280
18281
18282
18283
18284
18285
18286
18287
18288
18289
18290
18291
18292
18293
18294
18295
18301
18302
18303
18304
18305
18306
18307
18308
18309
18310
18311
18312
18313
18314
18315
18316
18317
18318
18319
18325
18326
18327
18328
18329
18330
18331
18332
18333
18334
18335
18336
18337
18338
18339
18340
18341
18342
18343
18349
18350
18351
18352
18353
18354
18355
18356
18357
18358
18359
18360
18361
18362
18363
18364
18365
18366
18367
18373
18374
18375
18376
18377
18378
18379
18380
18381
18382
18383
18384
18385
18386
18387
18388
18389
18390
18391
18397
18398
18399
18400
18401
18402
18403
18404
18405
18406
18407
18408
18409
18410
18411
18412
18413
18414
18415
18421
18422
18423
18424
18425
18426
18427
18428
18429
18430
18431
18432
18433
18434
18435
18436
18437
18438
18439
18445
18446
18447
18448
18449
18450
18451
18452
18453
18454
18455
18456
18457
18458
18459
18460
18461
18462
18463
18469
18470
18471
18472
18473
18474
18475
18476
18477
18478
18479
18480
18481
18482
18483
18484
18485
18486
18487
18493
18494
18495
18496
18497
18498
18499
18500
18501
18502
18503
18504
18505
18506
18507
18508
18509
18510
18511
18517
18518
18519
18520
18521
18522
18523
18524
18525
18526
18527
18528
18529
18530
18531
18532
18533
18534
18535
18542
18543
18544
18545
18546
18547
18548
18549
18550
18551
18552
18553
18554
18566
18567
18568
18569
18570
18571
18572
18950
18951
18952
18953
18954
18955
18956
18957
18958
18959
18960
18961
18962
18963
18964
18965
18966
18967
18974
18975
18976
18977
18978
18979
18980
18981
18982
18983
18984
18985
18986
18987
18988
18989
18990
18991
18998
18999
19000
19001
19002
19003
19004
19005
19006
19007
19008
19009
19010
19011
19012
19013
19014
19015
19022
19023
19024
19025
19026
19027
19028
19029
19030
19031
19032
19033
19034
19035
19036
19037
19038
19039
19046
19047
19048
19049
19050
19051
19052
19053
19054
19055
19056
19057
19058
19059
19060
19061
19062
19063
19070
19071
19072
19073
19074
19075
19076
19077
19078
19079
19080
19081
19082
19083
19084
19085
19086
19087
19094
19095
19096
19097
19098
19099
19100
19101
19102
19103
19104
19105
19106
19107
19108
19109
19110
19111
19118
19119
19120
19121
19122
19123
19124
19125
19126
19127
19128
19129
19130
19131
19132
19133
19134
19135
19142
19143
19144
19145
19146
19147
19148
19149
19150
19151
19152
19153
19154
19155
19156
19157
19158
19159
19166
19167
19168
19169
19170
19171
19172
19173
19174
19175
19176
19177
19178
19179
19180
19181
19182
19183
19190
19191
19192
19193
19194
19195
19196
19197
19198
19199
19200
19201
19202
19203
19204
19205
19206
19207
19214
19215
19216
19217
19218
19219
19220
19221
19222
19223
19224
19225
19226
19227
19228
19229
19230
19231
19238
19239
19240
19241
19242
19243
19244
19245
19246
19247
19248
19249
19250
19251
19252
19253
19254
19255
19262
19263
19264
19265
19266
19267
19268
19269
19270
19271
19272
19273
19274
19275
19276
19277
19278
19279
19286
19287
19288
19289
19290
19291
19292
19293
19294
19295
19296
19297
19298
19299
19300
19301
19302
19303
19310
19311
19312
19313
19314
19315
19316
19317
19318
19319
19320
19321
19322
19334
19335
19336
19337
19338
19339
19340
19718
19719
19720
19721
19722
19723
19724
19725
19726
19727
19728
19729
19730
19731
19732
19733
19734
19735
19742
19743
19744
19745
19746
19747
19748
19749
19750
19751
19752
19753
19754
19755
19756
19757
19758
19759
19766
19767
19768
19769
19770
19771
19772
19773
19774
19775
19776
19777
19778
19779
19780
19781
19782
19783
19790
19791
19792
19793
19794
19795
19796
19797
19798
19799
19800
19801
19802
19803
19804
19805
19806
19807
19814
19815
19816
19817
19818
19819
19820
19821
19822
19823
19824
19825
19826
19827
19828
19829
19830
19831
19838
19839
19840
19841
19842
19843
19844
19845
19846
19847
19848
19849
19850
19851
19852
19853
19854
19855
19862
19863
19864
19865
19866
19867
19868
19869
19870
19871
19872
19873
19874
19875
19876
19877
19878
19879
19886
19887
19888
19889
19890
19891
19892
19893
19894
19895
19896
19897
19898
19899
19900
19901
19902
19903
19910
19911
19912
19913
19914
19915
19916
19917
19918
19919
19920
19921
19922
19923
19924
19925
19926
19927
19934
19935
19936
19937
19938
19939
19940
19941
19942
19943
19944
19945
19946
19947
19948
19949
19950
19951
19958
19959
19960
19961
19962
19963
19964
19965
19966
19967
19968
19969
19970
19971
19972
19973
19974
19975
19982
19983
19984
19985
19986
19987
19988
19989
19990
19991
19992
19993
19994
19995
19996
19997
19998
19999
20006
20007
20008
20009
20010
20011
20012
20013
20014
20015
20016
20017
20018
20019
20020
20021
20022
20023
20030
20031
20032
20033
20034
20035
20036
20037
20038
20039
20040
20041
20042
20043
20044
20045
20046
20047
20054
20055
20056
20057
20058
20059
20060
20061
20062
20063
20064
20065
20066
20067
20068
20069
20070
20071
20078
20079
20080
20081
20082
20083
20084
20085
20086
20087
20088
20089
20090
20102
20103
20104
20105
20106
20107
20108
20486
20487
20488
20489
20490
20491
20492
20493
20494
20495
20496
20497
20498
20499
20500
20501
20502
20503
20510
20511
20512
20513
20514
20515
20516
20517
20518
20519
20520
20521
20522
20523
20524
20525
20526
20527
20534
20535
20536
20537
20538
20539
20540
20541
20542
20543
20544
20545
20546
20547
20548
20549
20550
20551
20558
20559
20560
20561
20562
20563
20564
20565
20566
20567
20568
20569
20570
20571
20572
20573
20574
20575
20582
20583
20584
20585
20586
20587
20588
20589
20590
20591
20592
20593
20594
20595
20596
20597
20598
20599
20606
20607
20608
20609
20610
20611
20612
20613
20614
20615
20616
20617
20618
20619
20620
20621
20622
20623
20630
20631
20632
20633
20634
20635
20636
20637
20638
20639
20640
20641
20642
20643
20644
20645
20646
20647
20654
20655
20656
20657
20658
20659
20660
20661
20662
20663
20664
20665
20666
20667
20668
20669
20670
20671
20678
20679
20680
20681
20682
20683
20684
20685
20686
20687
20688
20689
20690
20691
20692
20693
20694
20695
20702
20703
20704
20705
20706
20707
20708
20709
20710
20711
20712
20713
20714
20715
20716
20717
20718
20719
20726
20727
20728
20729
20730
20731
20732
20733
20734
20735
20736
20737
20738
20739
20740
20741
20742
20743
20750
20751
20752
20753
20754
20755
20756
20757
20758
20759
20760
20761
20762
20763
20764
20765
20766
20767
20774
20775
20776
20777
20778
20779
20780
20781
20782
20783
20784
20785
20786
20787
20788
20789
20790
20791
20798
20799
20800
20801
20802
20803
20804
20805
20806
20807
20808
20809
20810
20811
20812
20813
20814
20815
20822
20823
20824
20825
20826
20827
20828
20829
20830
20831
20832
20833
20834
20835
20836
20837
20838
20839
20846
20847
20848
20849
20850
20851
20852
20853
20854
20855
20856
20857
20858
20870
20871
20872
20873
20874
20875
20876
21254
21255
21256
21257
21258
21259
21260
21261
21262
21263
21264
21265
21266
21267
21268
21269
21270
21271
21278
21279
21280
21281
21282
21283
21284
21285
21286
21287
21288
21289
21290
21291
21292
21293
21294
21295
21302
21303
21304
21305
21306
21307
21308
21309
21310
21311
21312
21313
21314
21315
21316
21317
21318
21319
21326
21327
21328
21329
21330
21331
21332
21333
21334
21335
21336
21337
21338
21339
21340
21341
21342
21343
21350
21351
21352
21353
21354
21355
21356
21357
21358
21359
21360
21361
21362
21363
21364
21365
21366
21367
21374
21375
21376
21377
21378
21379
21380
21381
21382
21383
21384
21385
21386
21387
21388
21389
21390
21391
21398
21399
21400
21401
21402
21403
21404
21405
21406
21407
21408
21409
21410
21411
21412
21413
21414
21415
21422
21423
21424
21425
21426
21427
21428
21429
21430
21431
21432
21433
21434
21435
21436
21437
21438
21439
21446
21447
21448
21449
21450
21451
21452
21453
21454
21455
21456
21457
21458
21459
21460
21461
21462
21463
21470
21471
21472
21473
21474
21475
21476
21477
21478
21479
21480
21481
21482
21483
21484
21485
21486
21487
21494
21495
21496
21497
21498
21499
21500
21501
21502
21503
21504
21505
21506
21507
21508
21509
21510
21511
21518
21519
21520
21521
21522
21523
21524
21525
21526
21527
21528
21529
21530
21531
21532
21533
21534
21535
21542
21543
21544
21545
21546
21547
21548
21549
21550
21551
21552
21553
21554
21555
21556
21557
21558
21559
21566
21567
21568
21569
21570
21571
21572
21573
21574
21575
21576
21577
21578
21579
21580
21581
21582
21583
21590
21591
21592
21593
21594
21595
21596
21597
21598
21599
21600
21601
21602
21603
21604
21605
21606
21607
21614
21615
21616
21617
21618
21619
21620
21621
21622
21623
21624
21625
21626
21640
21641
21642
21643
21644
22022
22023
22024
22025
22026
22027
22028
22029
22030
22031
22032
22033
22034
22035
22036
22037
22038
22039
22046
22047
22048
22049
22050
22051
22052
22053
22054
22055
22056
22057
22058
22059
22060
22061
22062
22063
22070
22071
22072
22073
22074
22075
22076
22077
22078
22079
22080
22081
22082
22083
22084
22085
22086
22087
22094
22095
22096
22097
22098
22099
22100
22101
22102
22103
22104
22105
22106
22107
22108
22109
22110
22111
22118
22119
22120
22121
22122
22123
22124
22125
22126
22127
22128
22129
22130
22131
22132
22133
22134
22135
22142
22143
22144
22145
22146
22147
22148
22149
22150
22151
22152
22153
22154
22155
22156
22157
22158
22159
22166
22167
22168
22169
22170
22171
22172
22173
22174
22175
22176
22177
22178
22179
22180
22181
22182
22183
22190
22191
22192
22193
22194
22195
22196
22197
22198
22199
22200
22201
22202
22203
22204
22205
22206
22207
22214
22215
22216
22217
22218
22219
22220
22221
22222
22223
22224
22225
22226
22227
22228
22229
22230
22231
22238
22239
22240
22241
22242
22243
22244
22245
22246
22247
22248
22249
22250
22251
22252
22253
22254
22255
22262
22263
22264
22265
22266
22267
22268
22269
22270
22271
22272
22273
22274
22275
22276
22277
22278
22279
22286
22287
22288
22289
22290
22291
22292
22293
22294
22295
22296
22297
22298
22299
22300
22301
22302
22303
22310
22311
22312
22313
22314
22315
22316
22317
22318
22319
22320
22321
22322
22323
22324
22325
22326
22327
22334
22335
22336
22337
22338
22339
22340
22341
22342
22343
22344
22345
22346
22347
22348
22349
22350
22351
22358
22359
22360
22361
22362
22363
22364
22365
22366
22367
22368
22369
22370
22371
22372
22373
22374
22375
22382
22383
28160
28161
28162
28163
28164
28165
28166
28167
28168
28176
28177
28178
28179
28180
28181
28182
28183
28184
28192
28193
28194
28195
28196
28197
28198
28199
28200
28208
28209
28210
28211
28212
28213
28214
28215
28216
28224
28225
28226
28227
28228
28229
28230
28231
28232
28240
28241
28242
28243
28244
28245
28246
28247
28248
28256
28257
28258
28259
28260
28261
28262
28263
28264
28272
28273
28274
28275
28276
28277
28278
28279
28280
28288
28289
28290
28291
28292
28293
28294
28295
28304
28305
28306
28307
28308
28309
28310
28311
28320
28321
28322
28323
28324
28325
28326
28327
28336
28337
28338
28339
28340
28341
28342
28343
28352
28353
28354
28355
28356
28357
28358
28359
28368
28369
28370
28371
28372
28373
28374
28375
28384
28385
28386
28672
28673
28674
28675
28676
28677
28678
28679
28680
28688
28689
28690
28691
28692
28693
28694
28695
28696
28704
28705
28706
28707
28708
28709
28710
28711
28712
28720
28721
28722
28723
28724
28725
28726
28727
28728
28736
28737
28738
28739
28740
28741
28742
28743
28744
28752
28753
28754
28755
28756
28757
28758
28759
28760
28768
28769
28770
28771
28772
28773
28774
28775
28776
28784
28785
28786
28787
28788
28789
28790
28791
28792
28800
28801
28802
28803
28804
28805
28806
28807
28816
28817
28818
28819
28820
28821
28822
28823
28832
28833
28834
28835
28836
28837
28838
28839
28848
28849
28850
28851
28852
28853
28854
28855
28864
28865
28866
28867
28868
28869
28870
28871
28880
28881
28882
28883
28884
28885
28886
28887
28896
28897
28898
29184
29185
29186
29187
29188
29189
29190
29191
29192
29200
29201
29202
29203
29204
29205
29206
29207
29208
29216
29217
29218
29219
29220
29221
29222
29223
29224
29232
29233
29234
29235
29236
29237
29238
29239
29240
29248
29249
29250
29251
29252
29253
29254
29255
29256
29264
29265
29266
29267
29268
29269
29270
29271
29272
29280
29281
29282
29283
29284
29285
29286
29287
29288
29296
29297
29298
29299
29300
29301
29302
29303
29304
29312
29313
29314
29315
29316
29317
29318
29319
29328
29329
29330
29331
29332
29333
29334
29335
29344
29345
29346
29347
29348
29349
29350
29351
29360
29361
29362
29363
29364
29365
29366
29367
29376
29377
29378
29379
29380
29381
29382
29383
29392
29393
29394
29395
29396
29397
29398
29399
29408
29409
29410
29696
29697
29698
29699
29700
29701
29702
29703
29704
29712
29713
29714
29715
29716
29717
29718
29719
29720
29728
29729
29730
29731
29732
29733
29734
29735
29736
29744
29745
29746
29747
29748
29749
29750
29751
29752
29760
29761
29762
29763
29764
29765
29766
29767
29768
29776
29777
29778
29779
29780
29781
29782
29783
29784
29792
29793
29794
29795
29796
29797
29798
29799
29800
29808
29809
29810
29811
29812
29813
29814
29815
29816
29824
29825
29826
29827
29828
29829
29830
29831
29840
29841
29842
29843
29844
29845
29846
29847
29856
29857
29858
29859
29860
29861
29862
29863
29872
29873
29874
29875
29876
29877
29878
29879
29888
29889
29890
29891
29892
29893
29894
29895
29904
29905
29906
29907
29908
29909
29910
29911
29920
29921
29922
30208
30209
30210
30211
30212
30213
30214
30215
30216
30224
30225
30226
30227
30228
30229
30230
30231
30232
30240
30241
30242
30243
30244
30245
30246
30247
30248
30256
30257
30258
30259
30260
30261
30262
30263
30264
30272
30273
30274
30275
30276
30277
30278
30279
30280
30288
30289
30290
30291
30292
30293
30294
30295
30296
30304
30305
30306
30307
30308
30309
30310
30311
30312
30320
30321
30322
30323
30324
30325
30326
30327
30328
30336
30337
30338
30339
30340
30341
30342
30343
30352
30353
30354
30355
30356
30357
30358
30359
30368
30369
30370
30371
30372
30373
30374
30375
30384
30385
30386
30387
30388
30389
30390
30391
30400
30401
30402
30403
30404
30405
30406
30407
30416
30417
30418
30419
30420
30421
30422
30423
30432
30433
30434
30720
30721
30722
30723
30724
30725
30726
30727
30728
30736
30737
30738
30739
30740
30741
30742
30743
30744
30752
30753
30754
30755
30756
30757
30758
30759
30760
30768
30769
30770
30771
30772
30773
30774
30775
30776
30784
30785
30786
30787
30788
30789
30790
30791
30792
30800
30801
30802
30803
30804
30805
30806
30807
30808
30816
30817
30818
30819
30820
30821
30822
30823
30824
30832
30833
30834
30835
30836
30837
30838
30839
30840
30848
30849
30850
30851
30852
30853
30854
30855
30864
30865
30866
30867
30868
30869
30870
30871
30880
30881
30882
30883
30884
30885
30886
30887
30896
30897
30898
30899
30900
30901
30902
30903
30912
30913
30914
30915
30916
30917
30918
30919
30928
30929
30930
30931
30932
30933
30934
30935
30944
30945
30946
31232
31233
31234
31235
31236
31237
31238
31239
31240
31248
31249
31250
31251
31252
31253
31254
31255
31256
31264
31265
31266
31267
31268
31269
31270
31271
31272
31280
31281
31282
31283
31284
31285
31286
31287
31288
31296
31297
31298
31299
31300
31301
31302
31303
31304
31312
31313
31314
31315
31316
31317
31318
31319
31320
31328
31329
31330
31331
31332
31333
31334
31335
31336
31344
31345
31346
31347
31348
31349
31350
31351
31352
31360
31361
31362
31363
31364
31365
31366
31367
31376
31377
31378
31379
31380
31381
31382
31383
31392
31393
31394
31395
31396
31397
31398
31399
31408
31409
31410
31411
31412
31413
31414
31415
31424
31425
31426
31427
31428
31429
31430
31431
31440
31441
31442
31443
31444
31445
31446
31447
31456
31457
31458
31744
31745
31746
31747
31748
31749
31750
31751
31752
31760
31761
31762
31763
31764
31765
31766
31767
31768
31776
31777
31778
31779
31780
31781
31782
31783
31784
31792
31793
31794
31795
31796
31797
31798
31799
31800
31808
31809
31810
31811
31812
31813
31814
31815
31816
31824
31825
31826
31827
31828
31829
31830
31831
31832
31840
31841
31842
31843
31844
31845
31846
31847
31848
31856
31857
31858
31859
31860
31861
31862
31863
31864
31872
31873
31874
31875
31876
31877
31878
31879
31888
31889
31890
31891
31892
31893
31894
31895
31904
31905
31906
31907
31908
31909
31910
31911
31920
31921
31922
31923
31924
31925
31926
31927
31936
31937
31938
31939
31940
31941
31942
31943
31952
31953
31954
31955
31956
31957
31958
31959
31968
31969
31970
32256
32257
32258
32259
32260
32261
32262
32263
32264
32272
32273
32274
32275
32276
32277
32278
32279
32280
32288
32289
32290
32291
32292
32293
32294
32295
32296
32304
32305
32306
32307
32308
32309
32310
32311
32312
32320
32321
32322
32323
32324
32325
32326
32327
32328
32336
32337
32338
32339
32340
32341
32342
32343
32344
32352
32353
32354
32355
32356
32357
32358
32359
32360
32368
32369
32370
32371
32372
32373
32374
32375
32376
32384
32385
32386
32387
32388
32389
32390
32391
32400
32401
32402
32403
32404
32405
32406
32407
32416
32417
32418
32419
32420
32421
32422
32423
32432
32433
32434
32435
32436
32437
32438
32439
32448
32449
32450
32451
32452
32453
32454
32455
32464
32465
32466
32467
32468
32469
32470
32471
32480
32481
32482
32768
32769
32770
32771
32772
32773
32774
32775
32776
32784
32785
32786
32787
32788
32789
32790
32791
32792
32800
32801
32802
32803
32804
32805
32806
32807
32808
32816
32817
32818
32819
32820
32821
32822
32823
32824
32832
32833
32834
32835
32836
32837
32838
32839
32840
32848
32849
32850
32851
32852
32853
32854
32855
32856
32864
32865
32866
32867
32868
32869
32870
32871
32872
32880
32881
32882
32883
32884
32885
32886
32887
32888
32896
32897
32898
32899
32900
32901
32902
32903
32912
32913
32914
32915
32916
32917
32918
32919
32928
32929
32930
32931
32932
32933
32934
32935
32944
32945
32946
32947
32948
32949
32950
32951
32960
32961
32962
32963
32964
32965
32966
32967
32976
32977
32978
32979
32980
32981
32982
32983
32992
32993
32994
33280
33281
33282
33283
33284
33285
33286
33287
33288
33296
33297
33298
33299
33300
33301
33302
33303
33304
33312
33313
33314
33315
33316
33317
33318
33319
33320
33328
33329
33330
33331
33332
33333
33334
33335
33336
33344
33345
33346
33347
33348
33349
33350
33351
33352
33360
33361
33362
33363
33364
33365
33366
33367
33368
33376
33377
33378
33379
33380
33381
33382
33383
33384
33392
33393
33394
33395
33396
33397
33398
33399
33400
33408
33409
33410
33411
33412
33413
33414
33415
33424
33425
33426
33427
33428
33429
33430
33431
33440
33441
33442
33443
33444
33445
33446
33447
33456
33457
33458
33459
33460
33461
33462
33463
33472
33473
33474
33475
33476
33477
33478
33479
33488
33489
33490
33491
33492
33493
33494
33495
33504
33505
33506
33792
33793
33794
33795
33796
33797
33798
33799
33800
33808
33809
33810
33811
33812
33813
33814
33815
33816
33824
33825
33826
33827
33828
33829
33830
33831
33832
33840
33841
33842
33843
33844
33845
33846
33847
33848
33856
33857
33858
33859
33860
33861
33862
33863
33864
33872
33873
33874
33875
33876
33877
33878
33879
33880
33888
33889
33890
33891
33892
33893
33894
33895
33896
33904
33905
33906
33907
33908
33909
33910
33911
33920
33921
33922
33923
33924
33925
33926
33927
33936
33937
33938
33939
33940
33941
33942
33943
33952
33953
33954
33955
33956
33957
33958
33959
33968
33969
33970
33971
33972
33973
33974
33975
33984
33985
33986
33987
33988
33989
33990
34000
34001
34002
34003
34004
34005
34006
34016
34017
34018
34304
34305
34306
34307
34308
34309
34310
34311
34312
34320
34321
34322
34323
34324
34325
34326
34327
34328
34336
34337
34338
34339
34340
34341
34342
34343
34344
34352
34353
34354
34355
34356
34357
34358
34359
34360
34368
34369
34370
34371
34372
34373
34374
34375
34376
34384
34385
34386
34387
34388
34389
34390
34391
34392
34400
34401
34402
34403
34404
34405
34406
34407
34416
34417
34418
34419
34420
34421
34422
34423
34432
34433
34434
34435
34436
34437
34438
34439
34448
34449
34450
34451
34452
34453
34454
34455
34464
34465
34466
34467
34468
34469
34470
34471
34480
34481
34482
34483
34484
34485
34486
34487
34496
34497
34498
34499
34500
34501
34502
34512
34513
34514
34515
34516
34517
34518
34528
34529
34530
)


// ************************************************************************* //
