/*--------------------------------*- C++ -*----------------------------------*\
| =========                 |                                                 |
| \\      /  F ield         | OpenFOAM: The Open Source CFD Toolbox           |
|  \\    /   O peration     | Version:  2406                                  |
|   \\  /    A nd           | Website:  www.openfoam.com                      |
|    \\/     M anipulation  |                                                 |
\*---------------------------------------------------------------------------*/
FoamFile
{
    version     2.0;
    format      ascii;
    arch        "LSB;label=32;scalar=64";
    note        "nPoints:6528  nCells:5462  nFaces:17393  nInternalFaces:15379";
    class       labelList;
    location    "constant/polyMesh";
    object      neighbour;
}
// * * * * * * * * * * * * * * * * * * * * * * * * * * * * * * * * * * * * * //


15379
(
1
19
305
2
20
306
3
21
307
4
22
308
5
23
309
6
24
310
7
25
311
8
26
312
9
27
313
10
28
314
11
29
315
12
30
316
13
31
317
14
32
318
15
33
319
16
34
320
17
35
321
18
36
322
37
323
3870
20
38
324
21
39
325
22
40
326
23
41
327
24
42
328
25
43
329
26
44
330
27
45
331
28
46
332
29
47
333
30
48
334
31
49
335
32
50
336
33
51
337
34
52
338
35
53
339
36
54
340
37
55
341
56
342
3879
39
57
343
40
58
344
41
59
345
42
60
346
43
61
347
44
62
348
45
63
349
46
64
350
47
65
351
48
66
352
49
67
353
50
68
354
51
69
355
52
70
356
53
71
357
54
72
358
55
73
359
56
74
360
75
361
3888
58
76
362
59
77
363
60
78
364
61
79
365
62
80
366
63
81
367
64
82
368
65
83
369
66
84
370
67
85
371
68
86
372
69
87
373
70
88
374
71
89
375
72
90
376
73
91
377
74
92
378
75
93
379
94
380
3897
77
95
381
78
96
382
79
97
383
80
98
384
81
99
385
82
100
386
83
101
387
84
102
388
85
103
389
86
104
390
87
105
391
88
106
392
89
107
393
90
108
394
91
109
395
92
110
396
93
111
397
94
112
398
113
399
3906
96
114
400
97
115
401
98
116
402
99
117
403
100
118
404
101
119
405
102
120
406
103
121
407
104
122
408
105
123
409
106
124
410
107
125
411
108
126
412
109
127
413
110
128
414
111
129
415
112
130
416
113
131
417
132
418
3915
115
133
419
116
134
420
117
135
421
118
136
422
119
137
423
120
138
424
121
139
425
122
140
426
123
141
427
124
142
428
125
143
429
126
144
430
127
145
431
128
146
432
129
147
433
130
148
434
131
149
435
132
150
436
151
437
3924
134
152
438
135
153
439
136
154
440
137
155
441
138
156
442
139
157
443
140
158
444
141
159
445
142
160
446
143
161
447
144
162
448
145
163
449
146
164
450
147
165
451
148
166
452
149
167
453
150
168
454
151
169
455
170
456
3933
153
171
457
154
172
458
155
173
459
156
174
460
157
175
461
158
176
462
159
177
463
160
178
464
161
179
465
162
180
466
163
181
467
164
182
468
165
183
469
166
184
470
167
185
471
168
186
472
169
187
473
170
188
474
189
475
3942
172
190
476
173
191
477
174
192
478
175
193
479
176
194
480
177
195
481
178
196
482
179
197
483
180
198
484
181
199
485
182
200
486
183
201
487
184
202
488
185
203
489
186
204
490
187
205
491
188
206
492
189
207
493
208
494
3950
191
209
495
192
210
496
193
211
497
194
212
498
195
213
499
196
214
500
197
215
501
198
216
502
199
217
503
200
218
504
201
219
505
202
220
506
203
221
507
204
222
508
205
223
509
206
224
510
207
225
511
208
226
512
227
513
3958
210
228
514
211
229
515
212
230
516
213
231
517
214
232
518
215
233
519
216
234
520
217
235
521
218
236
522
219
237
523
220
238
524
221
239
525
222
240
526
223
241
527
224
242
528
225
243
529
226
244
530
227
245
531
246
532
3966
229
247
533
230
248
534
231
249
535
232
250
536
233
251
537
234
252
538
235
253
539
236
254
540
237
255
541
238
256
542
239
257
543
240
258
544
241
259
545
242
260
546
243
261
547
244
262
548
245
263
549
246
264
550
265
551
3974
248
266
552
249
267
553
250
268
554
251
269
555
252
270
556
253
271
557
254
272
558
255
273
559
256
274
560
257
275
561
258
276
562
259
277
563
260
278
564
261
279
565
262
280
566
263
281
567
264
282
568
265
283
569
284
570
3982
267
571
268
285
572
269
286
573
270
287
574
271
288
575
272
289
576
273
290
577
274
291
578
275
292
579
276
293
580
277
294
581
278
295
582
279
296
583
280
297
584
281
585
282
586
283
587
284
588
589
3990
286
298
590
287
299
591
288
300
592
289
301
593
290
302
594
291
303
595
292
304
596
293
597
294
598
295
599
296
600
297
601
602
299
603
300
604
301
605
302
606
303
607
304
608
609
306
324
610
307
325
611
308
326
612
309
327
613
310
328
614
311
329
615
312
330
616
313
331
617
314
332
618
315
333
619
316
334
620
317
335
621
318
336
622
319
337
623
320
338
624
321
339
625
322
340
626
323
341
627
342
628
3993
325
343
629
326
344
630
327
345
631
328
346
632
329
347
633
330
348
634
331
349
635
332
350
636
333
351
637
334
352
638
335
353
639
336
354
640
337
355
641
338
356
642
339
357
643
340
358
644
341
359
645
342
360
646
361
647
4002
344
362
648
345
363
649
346
364
650
347
365
651
348
366
652
349
367
653
350
368
654
351
369
655
352
370
656
353
371
657
354
372
658
355
373
659
356
374
660
357
375
661
358
376
662
359
377
663
360
378
664
361
379
665
380
666
4011
363
381
667
364
382
668
365
383
669
366
384
670
367
385
671
368
386
672
369
387
673
370
388
674
371
389
675
372
390
676
373
391
677
374
392
678
375
393
679
376
394
680
377
395
681
378
396
682
379
397
683
380
398
684
399
685
4020
382
400
686
383
401
687
384
402
688
385
403
689
386
404
690
387
405
691
388
406
692
389
407
693
390
408
694
391
409
695
392
410
696
393
411
697
394
412
698
395
413
699
396
414
700
397
415
701
398
416
702
399
417
703
418
704
4029
401
419
705
402
420
706
403
421
707
404
422
708
405
423
709
406
424
710
407
425
711
408
426
712
409
427
713
410
428
714
411
429
715
412
430
716
413
431
717
414
432
718
415
433
719
416
434
720
417
435
721
418
436
722
437
723
4038
420
438
724
421
439
725
422
440
726
423
441
727
424
442
728
425
443
729
426
444
730
427
445
731
428
446
732
429
447
733
430
448
734
431
449
735
432
450
736
433
451
737
434
452
738
435
453
739
436
454
740
437
455
741
456
742
4047
439
457
743
440
458
744
441
459
745
442
460
746
443
461
747
444
462
748
445
463
749
446
464
750
447
465
751
448
466
752
449
467
753
450
468
754
451
469
755
452
470
756
453
471
757
454
472
758
455
473
759
456
474
760
475
761
4056
458
476
762
459
477
763
460
478
764
461
479
765
462
480
766
463
481
767
464
482
768
465
483
769
466
484
770
467
485
771
468
486
772
469
487
773
470
488
774
471
489
775
472
490
776
473
491
777
474
492
778
475
493
779
494
780
4065
477
495
781
478
496
782
479
497
783
480
498
784
481
499
785
482
500
786
483
501
787
484
502
788
485
503
789
486
504
790
487
505
791
488
506
792
489
507
793
490
508
794
491
509
795
492
510
796
493
511
797
494
512
798
513
799
4073
496
514
800
497
515
801
498
516
802
499
517
803
500
518
804
501
519
805
502
520
806
503
521
807
504
522
808
505
523
809
506
524
810
507
525
811
508
526
812
509
527
813
510
528
814
511
529
815
512
530
816
513
531
817
532
818
4081
515
533
819
516
534
820
517
535
821
518
536
822
519
537
823
520
538
824
521
539
825
522
540
826
523
541
827
524
542
828
525
543
829
526
544
830
527
545
831
528
546
832
529
547
833
530
548
834
531
549
835
532
550
836
551
837
4089
534
552
838
535
553
839
536
554
840
537
555
841
538
556
842
539
557
843
540
558
844
541
559
845
542
560
846
543
561
847
544
562
848
545
563
849
546
564
850
547
565
851
548
566
852
549
567
853
550
568
854
551
569
855
570
856
4097
553
571
857
554
572
858
555
573
859
556
574
860
557
575
861
558
576
862
559
577
863
560
578
864
561
579
865
562
580
866
563
581
867
564
582
868
565
583
869
566
584
870
567
585
871
568
586
872
569
587
873
570
588
874
589
875
4105
572
876
573
590
877
574
591
878
575
592
879
576
593
880
577
594
881
578
595
882
579
596
883
580
597
884
581
598
885
582
599
886
583
600
887
584
601
888
585
602
889
586
890
587
891
588
892
589
893
894
4113
591
603
895
592
604
896
593
605
897
594
606
898
595
607
899
596
608
900
597
609
901
598
902
599
903
600
904
601
905
602
906
907
604
908
605
909
606
910
607
911
608
912
609
913
914
611
629
915
612
630
916
613
631
917
614
632
918
615
633
919
616
634
920
617
635
921
618
636
922
619
637
923
620
638
924
621
639
925
622
640
926
623
641
927
624
642
928
625
643
929
626
644
930
627
645
931
628
646
932
647
933
4116
630
648
934
631
649
935
632
650
936
633
651
937
634
652
938
635
653
939
636
654
940
637
655
941
638
656
942
639
657
943
640
658
944
641
659
945
642
660
946
643
661
947
644
662
948
645
663
949
646
664
950
647
665
951
666
952
4125
649
667
953
650
668
954
651
669
955
652
670
956
653
671
957
654
672
958
655
673
959
656
674
960
657
675
961
658
676
962
659
677
963
660
678
964
661
679
965
662
680
966
663
681
967
664
682
968
665
683
969
666
684
970
685
971
4134
668
686
972
669
687
973
670
688
974
671
689
975
672
690
976
673
691
977
674
692
978
675
693
979
676
694
980
677
695
981
678
696
982
679
697
983
680
698
984
681
699
985
682
700
986
683
701
987
684
702
988
685
703
989
704
990
4143
687
705
991
688
706
992
689
707
993
690
708
994
691
709
995
692
710
996
693
711
997
694
712
998
695
713
999
696
714
1000
697
715
1001
698
716
1002
699
717
1003
700
718
1004
701
719
1005
702
720
1006
703
721
1007
704
722
1008
723
1009
4152
706
724
1010
707
725
1011
708
726
1012
709
727
1013
710
728
1014
711
729
1015
712
730
1016
713
731
1017
714
732
1018
715
733
1019
716
734
1020
717
735
1021
718
736
1022
719
737
1023
720
738
1024
721
739
1025
722
740
1026
723
741
1027
742
1028
4161
725
743
1029
726
744
1030
727
745
1031
728
746
1032
729
747
1033
730
748
1034
731
749
1035
732
750
1036
733
751
1037
734
752
1038
735
753
1039
736
754
1040
737
755
1041
738
756
1042
739
757
1043
740
758
1044
741
759
1045
742
760
1046
761
1047
4170
744
762
1048
745
763
1049
746
764
1050
747
765
1051
748
766
1052
749
767
1053
750
768
1054
751
769
1055
752
770
1056
753
771
1057
754
772
1058
755
773
1059
756
774
1060
757
775
1061
758
776
1062
759
777
1063
760
778
1064
761
779
1065
780
1066
4179
763
781
1067
764
782
1068
765
783
1069
766
784
1070
767
785
1071
768
786
1072
769
787
1073
770
788
1074
771
789
1075
772
790
1076
773
791
1077
774
792
1078
775
793
1079
776
794
1080
777
795
1081
778
796
1082
779
797
1083
780
798
1084
799
1085
4188
782
800
1086
783
801
1087
784
802
1088
785
803
1089
786
804
1090
787
805
1091
788
806
1092
789
807
1093
790
808
1094
791
809
1095
792
810
1096
793
811
1097
794
812
1098
795
813
1099
796
814
1100
797
815
1101
798
816
1102
799
817
1103
818
1104
4196
801
819
1105
802
820
1106
803
821
1107
804
822
1108
805
823
1109
806
824
1110
807
825
1111
808
826
1112
809
827
1113
810
828
1114
811
829
1115
812
830
1116
813
831
1117
814
832
1118
815
833
1119
816
834
1120
817
835
1121
818
836
1122
837
1123
4204
820
838
1124
821
839
1125
822
840
1126
823
841
1127
824
842
1128
825
843
1129
826
844
1130
827
845
1131
828
846
1132
829
847
1133
830
848
1134
831
849
1135
832
850
1136
833
851
1137
834
852
1138
835
853
1139
836
854
1140
837
855
1141
856
1142
4212
839
857
1143
840
858
1144
841
859
1145
842
860
1146
843
861
1147
844
862
1148
845
863
1149
846
864
1150
847
865
1151
848
866
1152
849
867
1153
850
868
1154
851
869
1155
852
870
1156
853
871
1157
854
872
1158
855
873
1159
856
874
1160
875
1161
4220
858
876
1162
859
877
1163
860
878
1164
861
879
1165
862
880
1166
863
881
1167
864
882
1168
865
883
1169
866
884
1170
867
885
1171
868
886
1172
869
887
1173
870
888
1174
871
889
1175
872
890
1176
873
891
1177
874
892
1178
875
893
1179
894
1180
4228
877
1181
878
895
1182
879
896
1183
880
897
1184
881
898
1185
882
899
1186
883
900
1187
884
901
1188
885
902
1189
886
903
1190
887
904
1191
888
905
1192
889
906
1193
890
907
1194
891
1195
892
1196
893
1197
894
1198
1199
4236
896
908
1200
897
909
1201
898
910
1202
899
911
1203
900
912
1204
901
913
1205
902
914
1206
903
1207
904
1208
905
1209
906
1210
907
1211
1212
909
1213
910
1214
911
1215
912
1216
913
1217
914
1218
1219
916
934
1220
917
935
1221
918
936
1222
919
937
1223
920
938
1224
921
939
1225
922
940
1226
923
941
1227
924
942
1228
925
943
1229
926
944
1230
927
945
1231
928
946
1232
929
947
1233
930
948
1234
931
949
1235
932
950
1236
933
951
1237
952
1238
4239
935
953
1239
936
954
1240
937
955
1241
938
956
1242
939
957
1243
940
958
1244
941
959
1245
942
960
1246
943
961
1247
944
962
1248
945
963
1249
946
964
1250
947
965
1251
948
966
1252
949
967
1253
950
968
1254
951
969
1255
952
970
1256
971
1257
4248
954
972
1258
955
973
1259
956
974
1260
957
975
1261
958
976
1262
959
977
1263
960
978
1264
961
979
1265
962
980
1266
963
981
1267
964
982
1268
965
983
1269
966
984
1270
967
985
1271
968
986
1272
969
987
1273
970
988
1274
971
989
1275
990
1276
4257
973
991
1277
974
992
1278
975
993
1279
976
994
1280
977
995
1281
978
996
1282
979
997
1283
980
998
1284
981
999
1285
982
1000
1286
983
1001
1287
984
1002
1288
985
1003
1289
986
1004
1290
987
1005
1291
988
1006
1292
989
1007
1293
990
1008
1294
1009
1295
4266
992
1010
1296
993
1011
1297
994
1012
1298
995
1013
1299
996
1014
1300
997
1015
1301
998
1016
1302
999
1017
1303
1000
1018
1304
1001
1019
1305
1002
1020
1306
1003
1021
1307
1004
1022
1308
1005
1023
1309
1006
1024
1310
1007
1025
1311
1008
1026
1312
1009
1027
1313
1028
1314
4275
1011
1029
1315
1012
1030
1316
1013
1031
1317
1014
1032
1318
1015
1033
1319
1016
1034
1320
1017
1035
1321
1018
1036
1322
1019
1037
1323
1020
1038
1324
1021
1039
1325
1022
1040
1326
1023
1041
1327
1024
1042
1328
1025
1043
1329
1026
1044
1330
1027
1045
1331
1028
1046
1332
1047
1333
4284
1030
1048
1334
1031
1049
1335
1032
1050
1336
1033
1051
1337
1034
1052
1338
1035
1053
1339
1036
1054
1340
1037
1055
1341
1038
1056
1342
1039
1057
1343
1040
1058
1344
1041
1059
1345
1042
1060
1346
1043
1061
1347
1044
1062
1348
1045
1063
1349
1046
1064
1350
1047
1065
1351
1066
1352
4293
1049
1067
1353
1050
1068
1354
1051
1069
1355
1052
1070
1356
1053
1071
1357
1054
1072
1358
1055
1073
1359
1056
1074
1360
1057
1075
1361
1058
1076
1362
1059
1077
1363
1060
1078
1364
1061
1079
1365
1062
1080
1366
1063
1081
1367
1064
1082
1368
1065
1083
1369
1066
1084
1370
1085
1371
4302
1068
1086
1372
1069
1087
1373
1070
1088
1374
1071
1089
1375
1072
1090
1376
1073
1091
1377
1074
1092
1378
1075
1093
1379
1076
1094
1380
1077
1095
1381
1078
1096
1382
1079
1097
1383
1080
1098
1384
1081
1099
1385
1082
1100
1386
1083
1101
1387
1084
1102
1388
1085
1103
1389
1104
1390
4311
1087
1105
1391
1088
1106
1392
1089
1107
1393
1090
1108
1394
1091
1109
1395
1092
1110
1396
1093
1111
1397
1094
1112
1398
1095
1113
1399
1096
1114
1400
1097
1115
1401
1098
1116
1402
1099
1117
1403
1100
1118
1404
1101
1119
1405
1102
1120
1406
1103
1121
1407
1104
1122
1408
1123
1409
4319
1106
1124
1410
1107
1125
1411
1108
1126
1412
1109
1127
1413
1110
1128
1414
1111
1129
1415
1112
1130
1416
1113
1131
1417
1114
1132
1418
1115
1133
1419
1116
1134
1420
1117
1135
1421
1118
1136
1422
1119
1137
1423
1120
1138
1424
1121
1139
1425
1122
1140
1426
1123
1141
1427
1142
1428
4327
1125
1143
1429
1126
1144
1430
1127
1145
1431
1128
1146
1432
1129
1147
1433
1130
1148
1434
1131
1149
1435
1132
1150
1436
1133
1151
1437
1134
1152
1438
1135
1153
1439
1136
1154
1440
1137
1155
1441
1138
1156
1442
1139
1157
1443
1140
1158
1444
1141
1159
1445
1142
1160
1446
1161
1447
4335
1144
1162
1448
1145
1163
1449
1146
1164
1450
1147
1165
1451
1148
1166
1452
1149
1167
1453
1150
1168
1454
1151
1169
1455
1152
1170
1456
1153
1171
1457
1154
1172
1458
1155
1173
1459
1156
1174
1460
1157
1175
1461
1158
1176
1462
1159
1177
1463
1160
1178
1464
1161
1179
1465
1180
1466
4343
1163
1181
1467
1164
1182
1468
1165
1183
1469
1166
1184
1470
1167
1185
1471
1168
1186
1472
1169
1187
1473
1170
1188
1474
1171
1189
1475
1172
1190
1476
1173
1191
1477
1174
1192
1478
1175
1193
1479
1176
1194
1480
1177
1195
1481
1178
1196
1482
1179
1197
1483
1180
1198
1484
1199
1485
4351
1182
1486
1183
1200
1487
1184
1201
1488
1185
1202
1489
1186
1203
1490
1187
1204
1491
1188
1205
1492
1189
1206
1493
1190
1207
1494
1191
1208
1495
1192
1209
1496
1193
1210
1497
1194
1211
1498
1195
1212
1499
1196
1500
1197
1501
1198
1502
1199
1503
1504
4359
1201
1213
1505
1202
1214
1506
1203
1215
1507
1204
1216
1508
1205
1217
1509
1206
1218
1510
1207
1219
1511
1208
1512
1209
1513
1210
1514
1211
1515
1212
1516
1517
1214
1518
1215
1519
1216
1520
1217
1521
1218
1522
1219
1523
1524
1221
1239
1525
1222
1240
1526
1223
1241
1527
1224
1242
1528
1225
1243
1529
1226
1244
1530
1227
1245
1531
1228
1246
1532
1229
1247
1533
1230
1248
1534
1231
1249
1535
1232
1250
1536
1233
1251
1537
1234
1252
1538
1235
1253
1539
1236
1254
1540
1237
1255
1541
1238
1256
1542
1257
1543
4362
1240
1258
1544
1241
1259
1545
1242
1260
1546
1243
1261
1547
1244
1262
1548
1245
1263
1549
1246
1264
1550
1247
1265
1551
1248
1266
1552
1249
1267
1553
1250
1268
1554
1251
1269
1555
1252
1270
1556
1253
1271
1557
1254
1272
1558
1255
1273
1559
1256
1274
1560
1257
1275
1561
1276
1562
4371
1259
1277
1563
1260
1278
1564
1261
1279
1565
1262
1280
1566
1263
1281
1567
1264
1282
1568
1265
1283
1569
1266
1284
1570
1267
1285
1571
1268
1286
1572
1269
1287
1573
1270
1288
1574
1271
1289
1575
1272
1290
1576
1273
1291
1577
1274
1292
1578
1275
1293
1579
1276
1294
1580
1295
1581
4380
1278
1296
1582
1279
1297
1583
1280
1298
1584
1281
1299
1585
1282
1300
1586
1283
1301
1587
1284
1302
1588
1285
1303
1589
1286
1304
1590
1287
1305
1591
1288
1306
1592
1289
1307
1593
1290
1308
1594
1291
1309
1595
1292
1310
1596
1293
1311
1597
1294
1312
1598
1295
1313
1599
1314
1600
4389
1297
1315
1601
1298
1316
1602
1299
1317
1603
1300
1318
1604
1301
1319
1605
1302
1320
1606
1303
1321
1607
1304
1322
1608
1305
1323
1609
1306
1324
1610
1307
1325
1611
1308
1326
1612
1309
1327
1613
1310
1328
1614
1311
1329
1615
1312
1330
1616
1313
1331
1617
1314
1332
1618
1333
1619
4398
1316
1334
1620
1317
1335
1621
1318
1336
1622
1319
1337
1623
1320
1338
1624
1321
1339
1625
1322
1340
1626
1323
1341
1627
1324
1342
1628
1325
1343
1629
1326
1344
1630
1327
1345
1631
1328
1346
1632
1329
1347
1633
1330
1348
1634
1331
1349
1635
1332
1350
1636
1333
1351
1637
1352
1638
4407
1335
1353
1639
1336
1354
1640
1337
1355
1641
1338
1356
1642
1339
1357
1643
1340
1358
1644
1341
1359
1645
1342
1360
1646
1343
1361
1647
1344
1362
1648
1345
1363
1649
1346
1364
1650
1347
1365
1651
1348
1366
1652
1349
1367
1653
1350
1368
1654
1351
1369
1655
1352
1370
1656
1371
1657
4416
1354
1372
1658
1355
1373
1659
1356
1374
1660
1357
1375
1661
1358
1376
1662
1359
1377
1663
1360
1378
1664
1361
1379
1665
1362
1380
1666
1363
1381
1667
1364
1382
1668
1365
1383
1669
1366
1384
1670
1367
1385
1671
1368
1386
1672
1369
1387
1673
1370
1388
1674
1371
1389
1675
1390
1676
4425
1373
1391
1677
1374
1392
1678
1375
1393
1679
1376
1394
1680
1377
1395
1681
1378
1396
1682
1379
1397
1683
1380
1398
1684
1381
1399
1685
1382
1400
1686
1383
1401
1687
1384
1402
1688
1385
1403
1689
1386
1404
1690
1387
1405
1691
1388
1406
1692
1389
1407
1693
1390
1408
1694
1409
1695
4434
1392
1410
1696
1393
1411
1697
1394
1412
1698
1395
1413
1699
1396
1414
1700
1397
1415
1701
1398
1416
1702
1399
1417
1703
1400
1418
1704
1401
1419
1705
1402
1420
1706
1403
1421
1707
1404
1422
1708
1405
1423
1709
1406
1424
1710
1407
1425
1711
1408
1426
1712
1409
1427
1713
1428
1714
4442
1411
1429
1715
1412
1430
1716
1413
1431
1717
1414
1432
1718
1415
1433
1719
1416
1434
1720
1417
1435
1721
1418
1436
1722
1419
1437
1723
1420
1438
1724
1421
1439
1725
1422
1440
1726
1423
1441
1727
1424
1442
1728
1425
1443
1729
1426
1444
1730
1427
1445
1731
1428
1446
1732
1447
1733
4450
1430
1448
1734
1431
1449
1735
1432
1450
1736
1433
1451
1737
1434
1452
1738
1435
1453
1739
1436
1454
1740
1437
1455
1741
1438
1456
1742
1439
1457
1743
1440
1458
1744
1441
1459
1745
1442
1460
1746
1443
1461
1747
1444
1462
1748
1445
1463
1749
1446
1464
1750
1447
1465
1751
1466
1752
4458
1449
1467
1753
1450
1468
1754
1451
1469
1755
1452
1470
1756
1453
1471
1757
1454
1472
1758
1455
1473
1759
1456
1474
1760
1457
1475
1761
1458
1476
1762
1459
1477
1763
1460
1478
1764
1461
1479
1765
1462
1480
1766
1463
1481
1767
1464
1482
1768
1465
1483
1769
1466
1484
1770
1485
1771
4466
1468
1486
1772
1469
1487
1773
1470
1488
1774
1471
1489
1775
1472
1490
1776
1473
1491
1777
1474
1492
1778
1475
1493
1779
1476
1494
1780
1477
1495
1781
1478
1496
1782
1479
1497
1783
1480
1498
1784
1481
1499
1785
1482
1500
1786
1483
1501
1787
1484
1502
1788
1485
1503
1789
1504
1790
4474
1487
1791
1488
1505
1792
1489
1506
1793
1490
1507
1794
1491
1508
1795
1492
1509
1796
1493
1510
1797
1494
1511
1798
1495
1512
1799
1496
1513
1800
1497
1514
1801
1498
1515
1802
1499
1516
1803
1500
1517
1804
1501
1805
1502
1806
1503
1807
1504
1808
1809
4482
1506
1518
1810
1507
1519
1811
1508
1520
1812
1509
1521
1813
1510
1522
1814
1511
1523
1815
1512
1524
1816
1513
1817
1514
1818
1515
1819
1516
1820
1517
1821
1822
1519
1823
1520
1824
1521
1825
1522
1826
1523
1827
1524
1828
1829
1526
1544
1830
1527
1545
1831
1528
1546
1832
1529
1547
1833
1530
1548
1834
1531
1549
1835
1532
1550
1836
1533
1551
1837
1534
1552
1838
1535
1553
1839
1536
1554
1840
1537
1555
1841
1538
1556
1842
1539
1557
1843
1540
1558
1844
1541
1559
1845
1542
1560
1846
1543
1561
1847
1562
1848
4485
1545
1563
1849
1546
1564
1850
1547
1565
1851
1548
1566
1852
1549
1567
1853
1550
1568
1854
1551
1569
1855
1552
1570
1856
1553
1571
1857
1554
1572
1858
1555
1573
1859
1556
1574
1860
1557
1575
1861
1558
1576
1862
1559
1577
1863
1560
1578
1864
1561
1579
1865
1562
1580
1866
1581
1867
4494
1564
1582
1868
1565
1583
1869
1566
1584
1870
1567
1585
1871
1568
1586
1872
1569
1587
1873
1570
1588
1874
1571
1589
1875
1572
1590
1876
1573
1591
1877
1574
1592
1878
1575
1593
1879
1576
1594
1880
1577
1595
1881
1578
1596
1882
1579
1597
1883
1580
1598
1884
1581
1599
1885
1600
1886
4503
1583
1601
1887
1584
1602
1888
1585
1603
1889
1586
1604
1890
1587
1605
1891
1588
1606
1892
1589
1607
1893
1590
1608
1894
1591
1609
1895
1592
1610
1896
1593
1611
1897
1594
1612
1898
1595
1613
1899
1596
1614
1900
1597
1615
1901
1598
1616
1902
1599
1617
1903
1600
1618
1904
1619
1905
4512
1602
1620
1906
1603
1621
1907
1604
1622
1908
1605
1623
1909
1606
1624
1910
1607
1625
1911
1608
1626
1912
1609
1627
1913
1610
1628
1914
1611
1629
1915
1612
1630
1916
1613
1631
1917
1614
1632
1918
1615
1633
1919
1616
1634
1920
1617
1635
1921
1618
1636
1922
1619
1637
1923
1638
1924
4521
1621
1639
1925
1622
1640
1926
1623
1641
1927
1624
1642
1928
1625
1643
1929
1626
1644
1930
1627
1645
1931
1628
1646
1932
1629
1647
1933
1630
1648
1934
1631
1649
1935
1632
1650
1936
1633
1651
1937
1634
1652
1938
1635
1653
1939
1636
1654
1940
1637
1655
1941
1638
1656
1942
1657
1943
4530
1640
1658
1944
1641
1659
1945
1642
1660
1946
1643
1661
1947
1644
1662
1948
1645
1663
1949
1646
1664
1950
1647
1665
1951
1648
1666
1952
1649
1667
1953
1650
1668
1954
1651
1669
1955
1652
1670
1956
1653
1671
1957
1654
1672
1958
1655
1673
1959
1656
1674
1960
1657
1675
1961
1676
1962
4539
1659
1677
1963
1660
1678
1964
1661
1679
1965
1662
1680
1966
1663
1681
1967
1664
1682
1968
1665
1683
1969
1666
1684
1970
1667
1685
1971
1668
1686
1972
1669
1687
1973
1670
1688
1974
1671
1689
1975
1672
1690
1976
1673
1691
1977
1674
1692
1978
1675
1693
1979
1676
1694
1980
1695
1981
4548
1678
1696
1982
1679
1697
1983
1680
1698
1984
1681
1699
1985
1682
1700
1986
1683
1701
1987
1684
1702
1988
1685
1703
1989
1686
1704
1990
1687
1705
1991
1688
1706
1992
1689
1707
1993
1690
1708
1994
1691
1709
1995
1692
1710
1996
1693
1711
1997
1694
1712
1998
1695
1713
1999
1714
2000
4557
1697
1715
2001
1698
1716
2002
1699
1717
2003
1700
1718
2004
1701
1719
2005
1702
1720
2006
1703
1721
2007
1704
1722
2008
1705
1723
2009
1706
1724
2010
1707
1725
2011
1708
1726
2012
1709
1727
2013
1710
1728
2014
1711
1729
2015
1712
1730
2016
1713
1731
2017
1714
1732
2018
1733
2019
4565
1716
1734
2020
1717
1735
2021
1718
1736
2022
1719
1737
2023
1720
1738
2024
1721
1739
2025
1722
1740
2026
1723
1741
2027
1724
1742
2028
1725
1743
2029
1726
1744
2030
1727
1745
2031
1728
1746
2032
1729
1747
2033
1730
1748
2034
1731
1749
2035
1732
1750
2036
1733
1751
2037
1752
2038
4573
1735
1753
2039
1736
1754
2040
1737
1755
2041
1738
1756
2042
1739
1757
2043
1740
1758
2044
1741
1759
2045
1742
1760
2046
1743
1761
2047
1744
1762
2048
1745
1763
2049
1746
1764
2050
1747
1765
2051
1748
1766
2052
1749
1767
2053
1750
1768
2054
1751
1769
2055
1752
1770
2056
1771
2057
4581
1754
1772
2058
1755
1773
2059
1756
1774
2060
1757
1775
2061
1758
1776
2062
1759
1777
2063
1760
1778
2064
1761
1779
2065
1762
1780
2066
1763
1781
2067
1764
1782
2068
1765
1783
2069
1766
1784
2070
1767
1785
2071
1768
1786
2072
1769
1787
2073
1770
1788
2074
1771
1789
2075
1790
2076
4589
1773
1791
2077
1774
1792
2078
1775
1793
2079
1776
1794
2080
1777
1795
2081
1778
1796
2082
1779
1797
2083
1780
1798
2084
1781
1799
2085
1782
1800
2086
1783
1801
2087
1784
1802
2088
1785
1803
2089
1786
1804
2090
1787
1805
2091
1788
1806
2092
1789
1807
2093
1790
1808
2094
1809
2095
4597
1792
2096
1793
1810
2097
1794
1811
2098
1795
1812
2099
1796
1813
2100
1797
1814
2101
1798
1815
2102
1799
1816
2103
1800
1817
2104
1801
1818
2105
1802
1819
2106
1803
1820
2107
1804
1821
2108
1805
1822
2109
1806
2110
1807
2111
1808
2112
1809
2113
2114
4605
1811
1823
2115
1812
1824
2116
1813
1825
2117
1814
1826
2118
1815
1827
2119
1816
1828
2120
1817
1829
2121
1818
2122
1819
2123
1820
2124
1821
2125
1822
2126
2127
1824
2128
1825
2129
1826
2130
1827
2131
1828
2132
1829
2133
2134
1831
1849
2135
1832
1850
2136
1833
1851
2137
1834
1852
2138
1835
1853
2139
1836
1854
2140
1837
1855
2141
1838
1856
2142
1839
1857
2143
1840
1858
2144
1841
1859
2145
1842
1860
2146
1843
1861
2147
1844
1862
2148
1845
1863
2149
1846
1864
2150
1847
1865
2151
1848
1866
2152
1867
2153
4608
1850
1868
2154
1851
1869
2155
1852
1870
2156
1853
1871
2157
1854
1872
2158
1855
1873
2159
1856
1874
2160
1857
1875
2161
1858
1876
2162
1859
1877
2163
1860
1878
2164
1861
1879
2165
1862
1880
2166
1863
1881
2167
1864
1882
2168
1865
1883
2169
1866
1884
2170
1867
1885
2171
1886
2172
4617
1869
1887
2173
1870
1888
2174
1871
1889
2175
1872
1890
2176
1873
1891
2177
1874
1892
2178
1875
1893
2179
1876
1894
2180
1877
1895
2181
1878
1896
2182
1879
1897
2183
1880
1898
2184
1881
1899
2185
1882
1900
2186
1883
1901
2187
1884
1902
2188
1885
1903
2189
1886
1904
2190
1905
2191
4626
1888
1906
2192
1889
1907
2193
1890
1908
2194
1891
1909
2195
1892
1910
2196
1893
1911
2197
1894
1912
2198
1895
1913
2199
1896
1914
2200
1897
1915
2201
1898
1916
2202
1899
1917
2203
1900
1918
2204
1901
1919
2205
1902
1920
2206
1903
1921
2207
1904
1922
2208
1905
1923
2209
1924
2210
4635
1907
1925
2211
1908
1926
2212
1909
1927
2213
1910
1928
2214
1911
1929
2215
1912
1930
2216
1913
1931
2217
1914
1932
2218
1915
1933
2219
1916
1934
2220
1917
1935
2221
1918
1936
2222
1919
1937
2223
1920
1938
2224
1921
1939
2225
1922
1940
2226
1923
1941
2227
1924
1942
2228
1943
2229
4644
1926
1944
2230
1927
1945
2231
1928
1946
2232
1929
1947
2233
1930
1948
2234
1931
1949
2235
1932
1950
2236
1933
1951
2237
1934
1952
2238
1935
1953
2239
1936
1954
2240
1937
1955
2241
1938
1956
2242
1939
1957
2243
1940
1958
2244
1941
1959
2245
1942
1960
2246
1943
1961
2247
1962
2248
4653
1945
1963
2249
1946
1964
2250
1947
1965
2251
1948
1966
2252
1949
1967
2253
1950
1968
2254
1951
1969
2255
1952
1970
2256
1953
1971
2257
1954
1972
2258
1955
1973
2259
1956
1974
2260
1957
1975
2261
1958
1976
2262
1959
1977
2263
1960
1978
2264
1961
1979
2265
1962
1980
2266
1981
2267
4662
1964
1982
2268
1965
1983
2269
1966
1984
2270
1967
1985
2271
1968
1986
2272
1969
1987
2273
1970
1988
2274
1971
1989
2275
1972
1990
2276
1973
1991
2277
1974
1992
2278
1975
1993
2279
1976
1994
2280
1977
1995
2281
1978
1996
2282
1979
1997
2283
1980
1998
2284
1981
1999
2285
2000
2286
4671
1983
2001
2287
1984
2002
2288
1985
2003
2289
1986
2004
2290
1987
2005
2291
1988
2006
2292
1989
2007
2293
1990
2008
2294
1991
2009
2295
1992
2010
2296
1993
2011
2297
1994
2012
2298
1995
2013
2299
1996
2014
2300
1997
2015
2301
1998
2016
2302
1999
2017
2303
2000
2018
2304
2019
2305
4680
2002
2020
2306
2003
2021
2307
2004
2022
2308
2005
2023
2309
2006
2024
2310
2007
2025
2311
2008
2026
2312
2009
2027
2313
2010
2028
2314
2011
2029
2315
2012
2030
2316
2013
2031
2317
2014
2032
2318
2015
2033
2319
2016
2034
2320
2017
2035
2321
2018
2036
2322
2019
2037
2323
2038
2324
4688
2021
2039
2325
2022
2040
2326
2023
2041
2327
2024
2042
2328
2025
2043
2329
2026
2044
2330
2027
2045
2331
2028
2046
2332
2029
2047
2333
2030
2048
2334
2031
2049
2335
2032
2050
2336
2033
2051
2337
2034
2052
2338
2035
2053
2339
2036
2054
2340
2037
2055
2341
2038
2056
2342
2057
2343
4696
2040
2058
2344
2041
2059
2345
2042
2060
2346
2043
2061
2347
2044
2062
2348
2045
2063
2349
2046
2064
2350
2047
2065
2351
2048
2066
2352
2049
2067
2353
2050
2068
2354
2051
2069
2355
2052
2070
2356
2053
2071
2357
2054
2072
2358
2055
2073
2359
2056
2074
2360
2057
2075
2361
2076
2362
4704
2059
2077
2363
2060
2078
2364
2061
2079
2365
2062
2080
2366
2063
2081
2367
2064
2082
2368
2065
2083
2369
2066
2084
2370
2067
2085
2371
2068
2086
2372
2069
2087
2373
2070
2088
2374
2071
2089
2375
2072
2090
2376
2073
2091
2377
2074
2092
2378
2075
2093
2379
2076
2094
2380
2095
2381
4712
2078
2096
2382
2079
2097
2383
2080
2098
2384
2081
2099
2385
2082
2100
2386
2083
2101
2387
2084
2102
2388
2085
2103
2389
2086
2104
2390
2087
2105
2391
2088
2106
2392
2089
2107
2393
2090
2108
2394
2091
2109
2395
2092
2110
2396
2093
2111
2397
2094
2112
2398
2095
2113
2399
2114
2400
4720
2097
2401
2098
2115
2402
2099
2116
2403
2100
2117
2404
2101
2118
2405
2102
2119
2406
2103
2120
2407
2104
2121
2408
2105
2122
2409
2106
2123
2410
2107
2124
2411
2108
2125
2412
2109
2126
2413
2110
2127
2414
2111
2415
2112
2416
2113
2417
2114
2418
2419
4728
2116
2128
2420
2117
2129
2421
2118
2130
2422
2119
2131
2423
2120
2132
2424
2121
2133
2425
2122
2134
2426
2123
2427
2124
2428
2125
2429
2126
2430
2127
2431
2432
2129
2433
2130
2434
2131
2435
2132
2436
2133
2437
2134
2438
2439
2136
2154
2137
2155
2440
2138
2156
2441
2139
2157
2442
2140
2158
2443
2141
2159
2444
2142
2160
2445
2143
2161
2446
2144
2162
2447
2145
2163
2448
2146
2164
2449
2147
2165
2450
2148
2166
2451
2149
2167
2452
2150
2168
2453
2151
2169
2454
2152
2170
2455
2153
2171
2456
2172
2457
4731
2155
2173
2156
2174
2458
2157
2175
2459
2158
2176
2460
2159
2177
2461
2160
2178
2462
2161
2179
2463
2162
2180
2464
2163
2181
2465
2164
2182
2466
2165
2183
2467
2166
2184
2468
2167
2185
2469
2168
2186
2470
2169
2187
2471
2170
2188
2472
2171
2189
2473
2172
2190
2474
2191
2475
4740
2174
2192
2175
2193
2476
2176
2194
2477
2177
2195
2478
2178
2196
2479
2179
2197
2480
2180
2198
2481
2181
2199
2482
2182
2200
2483
2183
2201
2484
2184
2202
2485
2185
2203
2486
2186
2204
2487
2187
2205
2488
2188
2206
2489
2189
2207
2490
2190
2208
2491
2191
2209
2492
2210
2493
4749
2193
2211
2194
2212
2494
2195
2213
2495
2196
2214
2496
2197
2215
2497
2198
2216
2498
2199
2217
2499
2200
2218
2500
2201
2219
2501
2202
2220
2502
2203
2221
2503
2204
2222
2504
2205
2223
2505
2206
2224
2506
2207
2225
2507
2208
2226
2508
2209
2227
2509
2210
2228
2510
2229
2511
4758
2212
2230
2213
2231
2512
2214
2232
2513
2215
2233
2514
2216
2234
2515
2217
2235
2516
2218
2236
2517
2219
2237
2518
2220
2238
2519
2221
2239
2520
2222
2240
2521
2223
2241
2522
2224
2242
2523
2225
2243
2524
2226
2244
2525
2227
2245
2526
2228
2246
2527
2229
2247
2528
2248
2529
4767
2231
2249
2232
2250
2530
2233
2251
2531
2234
2252
2532
2235
2253
2533
2236
2254
2534
2237
2255
2535
2238
2256
2536
2239
2257
2537
2240
2258
2538
2241
2259
2539
2242
2260
2540
2243
2261
2541
2244
2262
2542
2245
2263
2543
2246
2264
2544
2247
2265
2545
2248
2266
2546
2267
2547
4776
2250
2268
2251
2269
2548
2252
2270
2549
2253
2271
2550
2254
2272
2551
2255
2273
2552
2256
2274
2553
2257
2275
2554
2258
2276
2555
2259
2277
2556
2260
2278
2557
2261
2279
2558
2262
2280
2559
2263
2281
2560
2264
2282
2561
2265
2283
2562
2266
2284
2563
2267
2285
2564
2286
2565
4785
2269
2287
2270
2288
2566
2271
2289
2567
2272
2290
2568
2273
2291
2569
2274
2292
2570
2275
2293
2571
2276
2294
2572
2277
2295
2573
2278
2296
2574
2279
2297
2575
2280
2298
2576
2281
2299
2577
2282
2300
2578
2283
2301
2579
2284
2302
2580
2285
2303
2581
2286
2304
2582
2305
2583
4794
2288
2306
2289
2307
2584
2290
2308
2585
2291
2309
2586
2292
2310
2587
2293
2311
2588
2294
2312
2589
2295
2313
2590
2296
2314
2591
2297
2315
2592
2298
2316
2593
2299
2317
2594
2300
2318
2595
2301
2319
2596
2302
2320
2597
2303
2321
2598
2304
2322
2599
2305
2323
2600
2324
2601
4803
2307
2325
2308
2326
2602
2309
2327
2603
2310
2328
2604
2311
2329
2605
2312
2330
2606
2313
2331
2607
2314
2332
2608
2315
2333
2609
2316
2334
2610
2317
2335
2611
2318
2336
2612
2319
2337
2613
2320
2338
2614
2321
2339
2615
2322
2340
2616
2323
2341
2617
2324
2342
2618
2343
2619
4811
2326
2344
2327
2345
2620
2328
2346
2621
2329
2347
2622
2330
2348
2623
2331
2349
2624
2332
2350
2625
2333
2351
2626
2334
2352
2627
2335
2353
2628
2336
2354
2629
2337
2355
2630
2338
2356
2631
2339
2357
2632
2340
2358
2633
2341
2359
2634
2342
2360
2635
2343
2361
2636
2362
2637
4819
2345
2363
2346
2364
2638
2347
2365
2639
2348
2366
2640
2349
2367
2641
2350
2368
2642
2351
2369
2643
2352
2370
2644
2353
2371
2645
2354
2372
2646
2355
2373
2647
2356
2374
2648
2357
2375
2649
2358
2376
2650
2359
2377
2651
2360
2378
2652
2361
2379
2653
2362
2380
2654
2381
2655
4827
2364
2382
2365
2383
2656
2366
2384
2657
2367
2385
2658
2368
2386
2659
2369
2387
2660
2370
2388
2661
2371
2389
2662
2372
2390
2663
2373
2391
2664
2374
2392
2665
2375
2393
2666
2376
2394
2667
2377
2395
2668
2378
2396
2669
2379
2397
2670
2380
2398
2671
2381
2399
2672
2400
2673
4835
2383
2401
2384
2402
2674
2385
2403
2675
2386
2404
2676
2387
2405
2677
2388
2406
2678
2389
2407
2679
2390
2408
2680
2391
2409
2681
2392
2410
2682
2393
2411
2683
2394
2412
2684
2395
2413
2685
2396
2414
2686
2397
2415
2687
2398
2416
2688
2399
2417
2689
2400
2418
2690
2419
2691
4843
2402
2403
2420
2692
2404
2421
2693
2405
2422
2694
2406
2423
2695
2407
2424
2696
2408
2425
2697
2409
2426
2698
2410
2427
2699
2411
2428
2700
2412
2429
2701
2413
2430
2702
2414
2431
2703
2415
2432
2704
2416
2705
2417
2706
2418
2707
2419
2708
2709
4851
2421
2433
2710
2422
2434
2711
2423
2435
2712
2424
2436
2713
2425
2437
2714
2426
2438
2715
2427
2439
2716
2428
2717
2429
2718
2430
2719
2431
2720
2432
2721
2722
2434
2723
2435
2724
2436
2725
2437
2726
2438
2727
2439
2728
2729
2441
2458
2730
2442
2459
2731
2443
2460
2732
2444
2461
2733
2445
2462
2734
2446
2463
2735
2447
2464
2736
2448
2465
2737
2449
2466
2738
2450
2467
2739
2451
2468
2740
2452
2469
2741
2453
2470
2742
2454
2471
2743
2455
2472
2744
2456
2473
2745
2457
2474
2746
2475
2747
4854
2459
2476
2748
2460
2477
2749
2461
2478
2750
2462
2479
2751
2463
2480
2752
2464
2481
2753
2465
2482
2754
2466
2483
2755
2467
2484
2756
2468
2485
2757
2469
2486
2758
2470
2487
2759
2471
2488
2760
2472
2489
2761
2473
2490
2762
2474
2491
2763
2475
2492
2764
2493
2765
4863
2477
2494
2766
2478
2495
2767
2479
2496
2768
2480
2497
2769
2481
2498
2770
2482
2499
2771
2483
2500
2772
2484
2501
2773
2485
2502
2774
2486
2503
2775
2487
2504
2776
2488
2505
2777
2489
2506
2778
2490
2507
2779
2491
2508
2780
2492
2509
2781
2493
2510
2782
2511
2783
4872
2495
2512
2784
2496
2513
2785
2497
2514
2786
2498
2515
2787
2499
2516
2788
2500
2517
2789
2501
2518
2790
2502
2519
2791
2503
2520
2792
2504
2521
2793
2505
2522
2794
2506
2523
2795
2507
2524
2796
2508
2525
2797
2509
2526
2798
2510
2527
2799
2511
2528
2800
2529
2801
4881
2513
2530
2802
2514
2531
2803
2515
2532
2804
2516
2533
2805
2517
2534
2806
2518
2535
2807
2519
2536
2808
2520
2537
2809
2521
2538
2810
2522
2539
2811
2523
2540
2812
2524
2541
2813
2525
2542
2814
2526
2543
2815
2527
2544
2816
2528
2545
2817
2529
2546
2818
2547
2819
4890
2531
2548
2820
2532
2549
2821
2533
2550
2822
2534
2551
2823
2535
2552
2824
2536
2553
2825
2537
2554
2826
2538
2555
2827
2539
2556
2828
2540
2557
2829
2541
2558
2830
2542
2559
2831
2543
2560
2832
2544
2561
2833
2545
2562
2834
2546
2563
2835
2547
2564
2836
2565
2837
4899
2549
2566
2838
2550
2567
2839
2551
2568
2840
2552
2569
2841
2553
2570
2842
2554
2571
2843
2555
2572
2844
2556
2573
2845
2557
2574
2846
2558
2575
2847
2559
2576
2848
2560
2577
2849
2561
2578
2850
2562
2579
2851
2563
2580
2852
2564
2581
2853
2565
2582
2854
2583
2855
4908
2567
2584
2856
2568
2585
2857
2569
2586
2858
2570
2587
2859
2571
2588
2860
2572
2589
2861
2573
2590
2862
2574
2591
2863
2575
2592
2864
2576
2593
2865
2577
2594
2866
2578
2595
2867
2579
2596
2868
2580
2597
2869
2581
2598
2870
2582
2599
2871
2583
2600
2872
2601
2873
4917
2585
2602
2874
2586
2603
2875
2587
2604
2876
2588
2605
2877
2589
2606
2878
2590
2607
2879
2591
2608
2880
2592
2609
2881
2593
2610
2882
2594
2611
2883
2595
2612
2884
2596
2613
2885
2597
2614
2886
2598
2615
2887
2599
2616
2888
2600
2617
2889
2601
2618
2890
2619
2891
4926
2603
2620
2892
2604
2621
2893
2605
2622
2894
2606
2623
2895
2607
2624
2896
2608
2625
2897
2609
2626
2898
2610
2627
2899
2611
2628
2900
2612
2629
2901
2613
2630
2902
2614
2631
2903
2615
2632
2904
2616
2633
2905
2617
2634
2906
2618
2635
2907
2619
2636
2908
2637
2909
4934
2621
2638
2910
2622
2639
2911
2623
2640
2912
2624
2641
2913
2625
2642
2914
2626
2643
2915
2627
2644
2916
2628
2645
2917
2629
2646
2918
2630
2647
2919
2631
2648
2920
2632
2649
2921
2633
2650
2922
2634
2651
2923
2635
2652
2924
2636
2653
2925
2637
2654
2926
2655
2927
4942
2639
2656
2928
2640
2657
2929
2641
2658
2930
2642
2659
2931
2643
2660
2932
2644
2661
2933
2645
2662
2934
2646
2663
2935
2647
2664
2936
2648
2665
2937
2649
2666
2938
2650
2667
2939
2651
2668
2940
2652
2669
2941
2653
2670
2942
2654
2671
2943
2655
2672
2944
2673
2945
4950
2657
2674
2946
2658
2675
2947
2659
2676
2948
2660
2677
2949
2661
2678
2950
2662
2679
2951
2663
2680
2952
2664
2681
2953
2665
2682
2954
2666
2683
2955
2667
2684
2956
2668
2685
2957
2669
2686
2958
2670
2687
2959
2671
2688
2960
2672
2689
2961
2673
2690
2962
2691
2963
4958
2675
2692
2964
2676
2693
2965
2677
2694
2966
2678
2695
2967
2679
2696
2968
2680
2697
2969
2681
2698
2970
2682
2699
2971
2683
2700
2972
2684
2701
2973
2685
2702
2974
2686
2703
2975
2687
2704
2976
2688
2705
2977
2689
2706
2978
2690
2707
2979
2691
2708
2980
2709
2981
4966
2693
2710
2982
2694
2711
2983
2695
2712
2984
2696
2713
2985
2697
2714
2986
2698
2715
2987
2699
2716
2988
2700
2717
2989
2701
2718
2990
2702
2719
2991
2703
2720
2992
2704
2721
2993
2705
2722
2994
2706
2995
2707
2996
2708
2997
2709
2998
2999
4974
2711
2723
3000
2712
2724
3001
2713
2725
3002
2714
2726
3003
2715
2727
3004
2716
2728
3005
2717
2729
3006
2718
3007
2719
3008
2720
3009
2721
3010
2722
3011
3012
2724
3013
2725
3014
2726
3015
2727
3016
2728
3017
2729
3018
3019
2731
2748
3020
2732
2749
3021
2733
2750
3022
2734
2751
3023
2735
2752
3024
2736
2753
3025
2737
2754
3026
2738
2755
3027
2739
2756
3028
2740
2757
3029
2741
2758
3030
2742
2759
3031
2743
2760
3032
2744
2761
3033
2745
2762
3034
2746
2763
3035
2747
2764
3036
2765
3037
4977
2749
2766
3038
2750
2767
3039
2751
2768
3040
2752
2769
3041
2753
2770
3042
2754
2771
3043
2755
2772
3044
2756
2773
3045
2757
2774
3046
2758
2775
3047
2759
2776
3048
2760
2777
3049
2761
2778
3050
2762
2779
3051
2763
2780
3052
2764
2781
3053
2765
2782
3054
2783
3055
4986
2767
2784
3056
2768
2785
3057
2769
2786
3058
2770
2787
3059
2771
2788
3060
2772
2789
3061
2773
2790
3062
2774
2791
3063
2775
2792
3064
2776
2793
3065
2777
2794
3066
2778
2795
3067
2779
2796
3068
2780
2797
3069
2781
2798
3070
2782
2799
3071
2783
2800
3072
2801
3073
4995
2785
2802
3074
2786
2803
3075
2787
2804
3076
2788
2805
3077
2789
2806
3078
2790
2807
3079
2791
2808
3080
2792
2809
3081
2793
2810
3082
2794
2811
3083
2795
2812
3084
2796
2813
3085
2797
2814
3086
2798
2815
3087
2799
2816
3088
2800
2817
3089
2801
2818
3090
2819
3091
5004
2803
2820
3092
2804
2821
3093
2805
2822
3094
2806
2823
3095
2807
2824
3096
2808
2825
3097
2809
2826
3098
2810
2827
3099
2811
2828
3100
2812
2829
3101
2813
2830
3102
2814
2831
3103
2815
2832
3104
2816
2833
3105
2817
2834
3106
2818
2835
3107
2819
2836
3108
2837
3109
5013
2821
2838
3110
2822
2839
3111
2823
2840
3112
2824
2841
3113
2825
2842
3114
2826
2843
3115
2827
2844
3116
2828
2845
3117
2829
2846
3118
2830
2847
3119
2831
2848
3120
2832
2849
3121
2833
2850
3122
2834
2851
3123
2835
2852
3124
2836
2853
3125
2837
2854
3126
2855
3127
5022
2839
2856
3128
2840
2857
3129
2841
2858
3130
2842
2859
3131
2843
2860
3132
2844
2861
3133
2845
2862
3134
2846
2863
3135
2847
2864
3136
2848
2865
3137
2849
2866
3138
2850
2867
3139
2851
2868
3140
2852
2869
3141
2853
2870
3142
2854
2871
3143
2855
2872
3144
2873
3145
5031
2857
2874
3146
2858
2875
3147
2859
2876
3148
2860
2877
3149
2861
2878
3150
2862
2879
3151
2863
2880
3152
2864
2881
3153
2865
2882
3154
2866
2883
3155
2867
2884
3156
2868
2885
3157
2869
2886
3158
2870
2887
3159
2871
2888
3160
2872
2889
3161
2873
2890
3162
2891
3163
5040
2875
2892
3164
2876
2893
3165
2877
2894
3166
2878
2895
3167
2879
2896
3168
2880
2897
3169
2881
2898
3170
2882
2899
3171
2883
2900
3172
2884
2901
3173
2885
2902
3174
2886
2903
3175
2887
2904
3176
2888
2905
3177
2889
2906
3178
2890
2907
3179
2891
2908
3180
2909
3181
5049
2893
2910
3182
2894
2911
3183
2895
2912
3184
2896
2913
3185
2897
2914
3186
2898
2915
3187
2899
2916
3188
2900
2917
3189
2901
2918
3190
2902
2919
3191
2903
2920
3192
2904
2921
3193
2905
2922
3194
2906
2923
3195
2907
2924
3196
2908
2925
3197
2909
2926
3198
2927
3199
5057
2911
2928
3200
2912
2929
3201
2913
2930
3202
2914
2931
3203
2915
2932
3204
2916
2933
3205
2917
2934
3206
2918
2935
3207
2919
2936
3208
2920
2937
3209
2921
2938
3210
2922
2939
3211
2923
2940
3212
2924
2941
3213
2925
2942
3214
2926
2943
3215
2927
2944
3216
2945
3217
5065
2929
2946
3218
2930
2947
3219
2931
2948
3220
2932
2949
3221
2933
2950
3222
2934
2951
3223
2935
2952
3224
2936
2953
3225
2937
2954
3226
2938
2955
3227
2939
2956
3228
2940
2957
3229
2941
2958
3230
2942
2959
3231
2943
2960
3232
2944
2961
3233
2945
2962
3234
2963
3235
5073
2947
2964
3236
2948
2965
3237
2949
2966
3238
2950
2967
3239
2951
2968
3240
2952
2969
3241
2953
2970
3242
2954
2971
3243
2955
2972
3244
2956
2973
3245
2957
2974
3246
2958
2975
3247
2959
2976
3248
2960
2977
3249
2961
2978
3250
2962
2979
3251
2963
2980
3252
2981
3253
5081
2965
2982
3254
2966
2983
3255
2967
2984
3256
2968
2985
3257
2969
2986
3258
2970
2987
3259
2971
2988
3260
2972
2989
3261
2973
2990
3262
2974
2991
3263
2975
2992
3264
2976
2993
3265
2977
2994
3266
2978
2995
3267
2979
2996
3268
2980
2997
3269
2981
2998
3270
2999
3271
5089
2983
3000
3272
2984
3001
3273
2985
3002
3274
2986
3003
3275
2987
3004
3276
2988
3005
3277
2989
3006
3278
2990
3007
3279
2991
3008
3280
2992
3009
3281
2993
3010
3282
2994
3011
3283
2995
3012
3284
2996
3285
2997
3286
2998
3287
2999
3288
3289
5097
3001
3013
3290
3002
3014
3291
3003
3015
3292
3004
3016
3293
3005
3017
3294
3006
3018
3295
3007
3019
3296
3008
3297
3009
3298
3010
3299
3011
3300
3012
3301
3302
3014
3303
3015
3304
3016
3305
3017
3306
3018
3307
3019
3308
3309
3021
3038
3310
3022
3039
3311
3023
3040
3312
3024
3041
3313
3025
3042
3314
3026
3043
3315
3027
3044
3316
3028
3045
3317
3029
3046
3318
3030
3047
3319
3031
3048
3320
3032
3049
3321
3033
3050
3322
3034
3051
3323
3035
3052
3324
3036
3053
3325
3037
3054
3326
3055
3327
5100
3039
3056
3328
3040
3057
3329
3041
3058
3330
3042
3059
3331
3043
3060
3332
3044
3061
3333
3045
3062
3334
3046
3063
3335
3047
3064
3336
3048
3065
3337
3049
3066
3338
3050
3067
3339
3051
3068
3340
3052
3069
3341
3053
3070
3342
3054
3071
3343
3055
3072
3344
3073
3345
5109
3057
3074
3346
3058
3075
3347
3059
3076
3348
3060
3077
3349
3061
3078
3350
3062
3079
3351
3063
3080
3352
3064
3081
3353
3065
3082
3354
3066
3083
3355
3067
3084
3356
3068
3085
3357
3069
3086
3358
3070
3087
3359
3071
3088
3360
3072
3089
3361
3073
3090
3362
3091
3363
5118
3075
3092
3364
3076
3093
3365
3077
3094
3366
3078
3095
3367
3079
3096
3368
3080
3097
3369
3081
3098
3370
3082
3099
3371
3083
3100
3372
3084
3101
3373
3085
3102
3374
3086
3103
3375
3087
3104
3376
3088
3105
3377
3089
3106
3378
3090
3107
3379
3091
3108
3380
3109
3381
5127
3093
3110
3382
3094
3111
3383
3095
3112
3384
3096
3113
3385
3097
3114
3386
3098
3115
3387
3099
3116
3388
3100
3117
3389
3101
3118
3390
3102
3119
3391
3103
3120
3392
3104
3121
3393
3105
3122
3394
3106
3123
3395
3107
3124
3396
3108
3125
3397
3109
3126
3398
3127
3399
5136
3111
3128
3400
3112
3129
3401
3113
3130
3402
3114
3131
3403
3115
3132
3404
3116
3133
3405
3117
3134
3406
3118
3135
3407
3119
3136
3408
3120
3137
3409
3121
3138
3410
3122
3139
3411
3123
3140
3412
3124
3141
3413
3125
3142
3414
3126
3143
3415
3127
3144
3416
3145
3417
5145
3129
3146
3418
3130
3147
3419
3131
3148
3420
3132
3149
3421
3133
3150
3422
3134
3151
3423
3135
3152
3424
3136
3153
3425
3137
3154
3426
3138
3155
3427
3139
3156
3428
3140
3157
3429
3141
3158
3430
3142
3159
3431
3143
3160
3432
3144
3161
3433
3145
3162
3434
3163
3435
5154
3147
3164
3436
3148
3165
3437
3149
3166
3438
3150
3167
3439
3151
3168
3440
3152
3169
3441
3153
3170
3442
3154
3171
3443
3155
3172
3444
3156
3173
3445
3157
3174
3446
3158
3175
3447
3159
3176
3448
3160
3177
3449
3161
3178
3450
3162
3179
3451
3163
3180
3452
3181
3453
5163
3165
3182
3454
3166
3183
3455
3167
3184
3456
3168
3185
3457
3169
3186
3458
3170
3187
3459
3171
3188
3460
3172
3189
3461
3173
3190
3462
3174
3191
3463
3175
3192
3464
3176
3193
3465
3177
3194
3466
3178
3195
3467
3179
3196
3468
3180
3197
3469
3181
3198
3470
3199
3471
5172
3183
3200
3472
3184
3201
3473
3185
3202
3474
3186
3203
3475
3187
3204
3476
3188
3205
3477
3189
3206
3478
3190
3207
3479
3191
3208
3480
3192
3209
3481
3193
3210
3482
3194
3211
3483
3195
3212
3484
3196
3213
3485
3197
3214
3486
3198
3215
3487
3199
3216
3488
3217
3489
5180
3201
3218
3490
3202
3219
3491
3203
3220
3492
3204
3221
3493
3205
3222
3494
3206
3223
3495
3207
3224
3496
3208
3225
3497
3209
3226
3498
3210
3227
3499
3211
3228
3500
3212
3229
3501
3213
3230
3502
3214
3231
3503
3215
3232
3504
3216
3233
3505
3217
3234
3506
3235
3507
5188
3219
3236
3508
3220
3237
3509
3221
3238
3510
3222
3239
3511
3223
3240
3512
3224
3241
3513
3225
3242
3514
3226
3243
3515
3227
3244
3516
3228
3245
3517
3229
3246
3518
3230
3247
3519
3231
3248
3520
3232
3249
3521
3233
3250
3522
3234
3251
3523
3235
3252
3524
3253
3525
5196
3237
3254
3526
3238
3255
3527
3239
3256
3528
3240
3257
3529
3241
3258
3530
3242
3259
3531
3243
3260
3532
3244
3261
3533
3245
3262
3534
3246
3263
3535
3247
3264
3536
3248
3265
3537
3249
3266
3538
3250
3267
3539
3251
3268
3540
3252
3269
3541
3253
3270
3542
3271
3543
5204
3255
3272
3544
3256
3273
3545
3257
3274
3546
3258
3275
3547
3259
3276
3548
3260
3277
3549
3261
3278
3550
3262
3279
3551
3263
3280
3552
3264
3281
3553
3265
3282
3554
3266
3283
3555
3267
3284
3556
3268
3285
3557
3269
3286
3558
3270
3287
3559
3271
3288
3560
3289
3561
5212
3273
3290
3562
3274
3291
3563
3275
3292
3564
3276
3293
3565
3277
3294
3566
3278
3295
3567
3279
3296
3568
3280
3297
3569
3281
3298
3570
3282
3299
3571
3283
3300
3572
3284
3301
3573
3285
3302
3574
3286
3575
3287
3576
3288
3577
3289
3578
3579
5220
3291
3303
3580
3292
3304
3581
3293
3305
3582
3294
3306
3583
3295
3307
3584
3296
3308
3585
3297
3309
3586
3298
3587
3299
3588
3300
3589
3301
3590
3302
3591
3592
3304
3305
3306
3593
3307
3594
3308
3595
3309
3596
3597
3311
3328
3598
3312
3329
3599
3313
3330
3600
3314
3331
3601
3315
3332
3602
3316
3333
3603
3317
3334
3604
3318
3335
3605
3319
3336
3606
3320
3337
3607
3321
3338
3608
3322
3339
3609
3323
3340
3610
3324
3341
3611
3325
3342
3612
3326
3343
3613
3327
3344
3614
3345
3615
5223
3329
3346
3616
3330
3347
3617
3331
3348
3618
3332
3349
3619
3333
3350
3620
3334
3351
3621
3335
3352
3622
3336
3353
3623
3337
3354
3624
3338
3355
3625
3339
3356
3626
3340
3357
3627
3341
3358
3628
3342
3359
3629
3343
3360
3630
3344
3361
3631
3345
3362
3632
3363
3633
5232
3347
3364
3634
3348
3365
3635
3349
3366
3636
3350
3367
3637
3351
3368
3638
3352
3369
3639
3353
3370
3640
3354
3371
3641
3355
3372
3642
3356
3373
3643
3357
3374
3644
3358
3375
3645
3359
3376
3646
3360
3377
3647
3361
3378
3648
3362
3379
3649
3363
3380
3650
3381
3651
5241
3365
3382
3652
3366
3383
3653
3367
3384
3654
3368
3385
3655
3369
3386
3656
3370
3387
3657
3371
3388
3658
3372
3389
3659
3373
3390
3660
3374
3391
3661
3375
3392
3662
3376
3393
3663
3377
3394
3664
3378
3395
3665
3379
3396
3666
3380
3397
3667
3381
3398
3668
3399
3669
5250
3383
3400
3670
3384
3401
3671
3385
3402
3672
3386
3403
3673
3387
3404
3674
3388
3405
3675
3389
3406
3676
3390
3407
3677
3391
3408
3678
3392
3409
3679
3393
3410
3680
3394
3411
3681
3395
3412
3682
3396
3413
3683
3397
3414
3684
3398
3415
3685
3399
3416
3686
3417
3687
5259
3401
3418
3688
3402
3419
3689
3403
3420
3690
3404
3421
3691
3405
3422
3692
3406
3423
3693
3407
3424
3694
3408
3425
3695
3409
3426
3696
3410
3427
3697
3411
3428
3698
3412
3429
3699
3413
3430
3700
3414
3431
3701
3415
3432
3702
3416
3433
3703
3417
3434
3704
3435
3705
5268
3419
3436
3706
3420
3437
3707
3421
3438
3708
3422
3439
3709
3423
3440
3710
3424
3441
3711
3425
3442
3712
3426
3443
3713
3427
3444
3714
3428
3445
3715
3429
3446
3716
3430
3447
3717
3431
3448
3718
3432
3449
3719
3433
3450
3720
3434
3451
3721
3435
3452
3722
3453
3723
5277
3437
3454
3724
3438
3455
3725
3439
3456
3726
3440
3457
3727
3441
3458
3728
3442
3459
3729
3443
3460
3730
3444
3461
3731
3445
3462
3732
3446
3463
3733
3447
3464
3734
3448
3465
3735
3449
3466
3736
3450
3467
3737
3451
3468
3738
3452
3469
3739
3453
3470
3740
3471
3741
5286
3455
3472
3742
3456
3473
3743
3457
3474
3744
3458
3475
3745
3459
3476
3746
3460
3477
3747
3461
3478
3748
3462
3479
3749
3463
3480
3750
3464
3481
3751
3465
3482
3752
3466
3483
3753
3467
3484
3754
3468
3485
3755
3469
3486
3756
3470
3487
3757
3471
3488
3758
3489
3759
5294
3473
3490
3760
3474
3491
3761
3475
3492
3762
3476
3493
3763
3477
3494
3764
3478
3495
3765
3479
3496
3766
3480
3497
3767
3481
3498
3768
3482
3499
3769
3483
3500
3770
3484
3501
3771
3485
3502
3772
3486
3503
3773
3487
3504
3774
3488
3505
3775
3489
3506
3776
3507
3777
5302
3491
3508
3778
3492
3509
3779
3493
3510
3780
3494
3511
3781
3495
3512
3782
3496
3513
3783
3497
3514
3784
3498
3515
3785
3499
3516
3786
3500
3517
3787
3501
3518
3788
3502
3519
3789
3503
3520
3790
3504
3521
3791
3505
3522
3792
3506
3523
3793
3507
3524
3794
3525
3795
5310
3509
3526
3796
3510
3527
3797
3511
3528
3798
3512
3529
3799
3513
3530
3800
3514
3531
3801
3515
3532
3802
3516
3533
3803
3517
3534
3804
3518
3535
3805
3519
3536
3806
3520
3537
3807
3521
3538
3808
3522
3539
3809
3523
3540
3810
3524
3541
3811
3525
3542
3812
3543
3813
5318
3527
3544
3814
3528
3545
3815
3529
3546
3816
3530
3547
3817
3531
3548
3818
3532
3549
3819
3533
3550
3820
3534
3551
3821
3535
3552
3822
3536
3553
3823
3537
3554
3824
3538
3555
3825
3539
3556
3826
3540
3557
3827
3541
3558
3828
3542
3559
3829
3543
3560
3830
3561
3831
5326
3545
3562
3832
3546
3563
3833
3547
3564
3834
3548
3565
3835
3549
3566
3836
3550
3567
3837
3551
3568
3838
3552
3569
3839
3553
3570
3840
3554
3571
3841
3555
3572
3842
3556
3573
3843
3557
3574
3844
3558
3575
3845
3559
3576
3846
3560
3577
3847
3561
3578
3848
3579
3849
5333
3563
3580
3850
3564
3581
3851
3565
3582
3852
3566
3583
3853
3567
3584
3854
3568
3585
3855
3569
3586
3856
3570
3587
3857
3571
3588
3858
3572
3589
3859
3573
3590
3860
3574
3591
3861
3575
3592
3862
3576
3863
3577
3864
3578
3865
3579
3866
3867
5340
3581
3868
3582
3869
3583
3593
3584
3594
3585
3595
3586
3596
3587
3597
3588
3589
3590
3591
3592
3594
3595
3596
3597
3599
3616
3600
3617
3601
3618
3602
3619
3603
3620
3604
3621
3605
3622
3606
3623
3607
3624
3608
3625
3609
3626
3610
3627
3611
3628
3612
3629
3613
3630
3614
3631
3615
3632
3633
5343
3617
3634
3618
3635
3619
3636
3620
3637
3621
3638
3622
3639
3623
3640
3624
3641
3625
3642
3626
3643
3627
3644
3628
3645
3629
3646
3630
3647
3631
3648
3632
3649
3633
3650
3651
5352
3635
3652
3636
3653
3637
3654
3638
3655
3639
3656
3640
3657
3641
3658
3642
3659
3643
3660
3644
3661
3645
3662
3646
3663
3647
3664
3648
3665
3649
3666
3650
3667
3651
3668
3669
5361
3653
3670
3654
3671
3655
3672
3656
3673
3657
3674
3658
3675
3659
3676
3660
3677
3661
3678
3662
3679
3663
3680
3664
3681
3665
3682
3666
3683
3667
3684
3668
3685
3669
3686
3687
5370
3671
3688
3672
3689
3673
3690
3674
3691
3675
3692
3676
3693
3677
3694
3678
3695
3679
3696
3680
3697
3681
3698
3682
3699
3683
3700
3684
3701
3685
3702
3686
3703
3687
3704
3705
5379
3689
3706
3690
3707
3691
3708
3692
3709
3693
3710
3694
3711
3695
3712
3696
3713
3697
3714
3698
3715
3699
3716
3700
3717
3701
3718
3702
3719
3703
3720
3704
3721
3705
3722
3723
5388
3707
3724
3708
3725
3709
3726
3710
3727
3711
3728
3712
3729
3713
3730
3714
3731
3715
3732
3716
3733
3717
3734
3718
3735
3719
3736
3720
3737
3721
3738
3722
3739
3723
3740
3741
5397
3725
3742
3726
3743
3727
3744
3728
3745
3729
3746
3730
3747
3731
3748
3732
3749
3733
3750
3734
3751
3735
3752
3736
3753
3737
3754
3738
3755
3739
3756
3740
3757
3741
3758
3759
5405
3743
3760
3744
3761
3745
3762
3746
3763
3747
3764
3748
3765
3749
3766
3750
3767
3751
3768
3752
3769
3753
3770
3754
3771
3755
3772
3756
3773
3757
3774
3758
3775
3759
3776
3777
5413
3761
3778
3762
3779
3763
3780
3764
3781
3765
3782
3766
3783
3767
3784
3768
3785
3769
3786
3770
3787
3771
3788
3772
3789
3773
3790
3774
3791
3775
3792
3776
3793
3777
3794
3795
5421
3779
3796
3780
3797
3781
3798
3782
3799
3783
3800
3784
3801
3785
3802
3786
3803
3787
3804
3788
3805
3789
3806
3790
3807
3791
3808
3792
3809
3793
3810
3794
3811
3795
3812
3813
5429
3797
3814
3798
3815
3799
3816
3800
3817
3801
3818
3802
3819
3803
3820
3804
3821
3805
3822
3806
3823
3807
3824
3808
3825
3809
3826
3810
3827
3811
3828
3812
3829
3813
3830
3831
5437
3815
3832
3816
3833
3817
3834
3818
3835
3819
3836
3820
3837
3821
3838
3822
3839
3823
3840
3824
3841
3825
3842
3826
3843
3827
3844
3828
3845
3829
3846
3830
3847
3831
3848
3849
5445
3833
3850
3834
3851
3835
3852
3836
3853
3837
3854
3838
3855
3839
3856
3840
3857
3841
3858
3842
3859
3843
3860
3844
3861
3845
3862
3846
3863
3847
3864
3848
3865
3849
3866
3867
5452
3851
3868
3852
3869
3853
3854
3855
3856
3857
3858
3859
3860
3861
3862
3863
3864
3865
3866
3867
5459
3869
3871
3879
3993
3872
3880
3994
3873
3881
3995
3874
3882
3996
3875
3883
3997
3876
3884
3998
3877
3885
3999
3878
3886
4000
3887
4001
3880
3888
4002
3881
3889
4003
3882
3890
4004
3883
3891
4005
3884
3892
4006
3885
3893
4007
3886
3894
4008
3887
3895
4009
3896
4010
3889
3897
4011
3890
3898
4012
3891
3899
4013
3892
3900
4014
3893
3901
4015
3894
3902
4016
3895
3903
4017
3896
3904
4018
3905
4019
3898
3906
4020
3899
3907
4021
3900
3908
4022
3901
3909
4023
3902
3910
4024
3903
3911
4025
3904
3912
4026
3905
3913
4027
3914
4028
3907
3915
4029
3908
3916
4030
3909
3917
4031
3910
3918
4032
3911
3919
4033
3912
3920
4034
3913
3921
4035
3914
3922
4036
3923
4037
3916
3924
4038
3917
3925
4039
3918
3926
4040
3919
3927
4041
3920
3928
4042
3921
3929
4043
3922
3930
4044
3923
3931
4045
3932
4046
3925
3933
4047
3926
3934
4048
3927
3935
4049
3928
3936
4050
3929
3937
4051
3930
3938
4052
3931
3939
4053
3932
3940
4054
3941
4055
3934
3942
4056
3935
3943
4057
3936
3944
4058
3937
3945
4059
3938
3946
4060
3939
3947
4061
3940
3948
4062
3941
3949
4063
4064
3943
3950
4065
3944
3951
4066
3945
3952
4067
3946
3953
4068
3947
3954
4069
3948
3955
4070
3949
3956
4071
3957
4072
3951
3958
4073
3952
3959
4074
3953
3960
4075
3954
3961
4076
3955
3962
4077
3956
3963
4078
3957
3964
4079
3965
4080
3959
3966
4081
3960
3967
4082
3961
3968
4083
3962
3969
4084
3963
3970
4085
3964
3971
4086
3965
3972
4087
3973
4088
3967
3974
4089
3968
3975
4090
3969
3976
4091
3970
3977
4092
3971
3978
4093
3972
3979
4094
3973
3980
4095
3981
4096
3975
3982
4097
3976
3983
4098
3977
3984
4099
3978
3985
4100
3979
3986
4101
3980
3987
4102
3981
3988
4103
3989
4104
3983
3990
4105
3984
3991
4106
3985
3992
4107
3986
4108
3987
4109
3988
4110
3989
4111
4112
3991
4113
3992
4114
4115
3994
4002
4116
3995
4003
4117
3996
4004
4118
3997
4005
4119
3998
4006
4120
3999
4007
4121
4000
4008
4122
4001
4009
4123
4010
4124
4003
4011
4125
4004
4012
4126
4005
4013
4127
4006
4014
4128
4007
4015
4129
4008
4016
4130
4009
4017
4131
4010
4018
4132
4019
4133
4012
4020
4134
4013
4021
4135
4014
4022
4136
4015
4023
4137
4016
4024
4138
4017
4025
4139
4018
4026
4140
4019
4027
4141
4028
4142
4021
4029
4143
4022
4030
4144
4023
4031
4145
4024
4032
4146
4025
4033
4147
4026
4034
4148
4027
4035
4149
4028
4036
4150
4037
4151
4030
4038
4152
4031
4039
4153
4032
4040
4154
4033
4041
4155
4034
4042
4156
4035
4043
4157
4036
4044
4158
4037
4045
4159
4046
4160
4039
4047
4161
4040
4048
4162
4041
4049
4163
4042
4050
4164
4043
4051
4165
4044
4052
4166
4045
4053
4167
4046
4054
4168
4055
4169
4048
4056
4170
4049
4057
4171
4050
4058
4172
4051
4059
4173
4052
4060
4174
4053
4061
4175
4054
4062
4176
4055
4063
4177
4064
4178
4057
4065
4179
4058
4066
4180
4059
4067
4181
4060
4068
4182
4061
4069
4183
4062
4070
4184
4063
4071
4185
4064
4072
4186
4187
4066
4073
4188
4067
4074
4189
4068
4075
4190
4069
4076
4191
4070
4077
4192
4071
4078
4193
4072
4079
4194
4080
4195
4074
4081
4196
4075
4082
4197
4076
4083
4198
4077
4084
4199
4078
4085
4200
4079
4086
4201
4080
4087
4202
4088
4203
4082
4089
4204
4083
4090
4205
4084
4091
4206
4085
4092
4207
4086
4093
4208
4087
4094
4209
4088
4095
4210
4096
4211
4090
4097
4212
4091
4098
4213
4092
4099
4214
4093
4100
4215
4094
4101
4216
4095
4102
4217
4096
4103
4218
4104
4219
4098
4105
4220
4099
4106
4221
4100
4107
4222
4101
4108
4223
4102
4109
4224
4103
4110
4225
4104
4111
4226
4112
4227
4106
4113
4228
4107
4114
4229
4108
4115
4230
4109
4231
4110
4232
4111
4233
4112
4234
4235
4114
4236
4115
4237
4238
4117
4125
4239
4118
4126
4240
4119
4127
4241
4120
4128
4242
4121
4129
4243
4122
4130
4244
4123
4131
4245
4124
4132
4246
4133
4247
4126
4134
4248
4127
4135
4249
4128
4136
4250
4129
4137
4251
4130
4138
4252
4131
4139
4253
4132
4140
4254
4133
4141
4255
4142
4256
4135
4143
4257
4136
4144
4258
4137
4145
4259
4138
4146
4260
4139
4147
4261
4140
4148
4262
4141
4149
4263
4142
4150
4264
4151
4265
4144
4152
4266
4145
4153
4267
4146
4154
4268
4147
4155
4269
4148
4156
4270
4149
4157
4271
4150
4158
4272
4151
4159
4273
4160
4274
4153
4161
4275
4154
4162
4276
4155
4163
4277
4156
4164
4278
4157
4165
4279
4158
4166
4280
4159
4167
4281
4160
4168
4282
4169
4283
4162
4170
4284
4163
4171
4285
4164
4172
4286
4165
4173
4287
4166
4174
4288
4167
4175
4289
4168
4176
4290
4169
4177
4291
4178
4292
4171
4179
4293
4172
4180
4294
4173
4181
4295
4174
4182
4296
4175
4183
4297
4176
4184
4298
4177
4185
4299
4178
4186
4300
4187
4301
4180
4188
4302
4181
4189
4303
4182
4190
4304
4183
4191
4305
4184
4192
4306
4185
4193
4307
4186
4194
4308
4187
4195
4309
4310
4189
4196
4311
4190
4197
4312
4191
4198
4313
4192
4199
4314
4193
4200
4315
4194
4201
4316
4195
4202
4317
4203
4318
4197
4204
4319
4198
4205
4320
4199
4206
4321
4200
4207
4322
4201
4208
4323
4202
4209
4324
4203
4210
4325
4211
4326
4205
4212
4327
4206
4213
4328
4207
4214
4329
4208
4215
4330
4209
4216
4331
4210
4217
4332
4211
4218
4333
4219
4334
4213
4220
4335
4214
4221
4336
4215
4222
4337
4216
4223
4338
4217
4224
4339
4218
4225
4340
4219
4226
4341
4227
4342
4221
4228
4343
4222
4229
4344
4223
4230
4345
4224
4231
4346
4225
4232
4347
4226
4233
4348
4227
4234
4349
4235
4350
4229
4236
4351
4230
4237
4352
4231
4238
4353
4232
4354
4233
4355
4234
4356
4235
4357
4358
4237
4359
4238
4360
4361
4240
4248
4362
4241
4249
4363
4242
4250
4364
4243
4251
4365
4244
4252
4366
4245
4253
4367
4246
4254
4368
4247
4255
4369
4256
4370
4249
4257
4371
4250
4258
4372
4251
4259
4373
4252
4260
4374
4253
4261
4375
4254
4262
4376
4255
4263
4377
4256
4264
4378
4265
4379
4258
4266
4380
4259
4267
4381
4260
4268
4382
4261
4269
4383
4262
4270
4384
4263
4271
4385
4264
4272
4386
4265
4273
4387
4274
4388
4267
4275
4389
4268
4276
4390
4269
4277
4391
4270
4278
4392
4271
4279
4393
4272
4280
4394
4273
4281
4395
4274
4282
4396
4283
4397
4276
4284
4398
4277
4285
4399
4278
4286
4400
4279
4287
4401
4280
4288
4402
4281
4289
4403
4282
4290
4404
4283
4291
4405
4292
4406
4285
4293
4407
4286
4294
4408
4287
4295
4409
4288
4296
4410
4289
4297
4411
4290
4298
4412
4291
4299
4413
4292
4300
4414
4301
4415
4294
4302
4416
4295
4303
4417
4296
4304
4418
4297
4305
4419
4298
4306
4420
4299
4307
4421
4300
4308
4422
4301
4309
4423
4310
4424
4303
4311
4425
4304
4312
4426
4305
4313
4427
4306
4314
4428
4307
4315
4429
4308
4316
4430
4309
4317
4431
4310
4318
4432
4433
4312
4319
4434
4313
4320
4435
4314
4321
4436
4315
4322
4437
4316
4323
4438
4317
4324
4439
4318
4325
4440
4326
4441
4320
4327
4442
4321
4328
4443
4322
4329
4444
4323
4330
4445
4324
4331
4446
4325
4332
4447
4326
4333
4448
4334
4449
4328
4335
4450
4329
4336
4451
4330
4337
4452
4331
4338
4453
4332
4339
4454
4333
4340
4455
4334
4341
4456
4342
4457
4336
4343
4458
4337
4344
4459
4338
4345
4460
4339
4346
4461
4340
4347
4462
4341
4348
4463
4342
4349
4464
4350
4465
4344
4351
4466
4345
4352
4467
4346
4353
4468
4347
4354
4469
4348
4355
4470
4349
4356
4471
4350
4357
4472
4358
4473
4352
4359
4474
4353
4360
4475
4354
4361
4476
4355
4477
4356
4478
4357
4479
4358
4480
4481
4360
4482
4361
4483
4484
4363
4371
4485
4364
4372
4486
4365
4373
4487
4366
4374
4488
4367
4375
4489
4368
4376
4490
4369
4377
4491
4370
4378
4492
4379
4493
4372
4380
4494
4373
4381
4495
4374
4382
4496
4375
4383
4497
4376
4384
4498
4377
4385
4499
4378
4386
4500
4379
4387
4501
4388
4502
4381
4389
4503
4382
4390
4504
4383
4391
4505
4384
4392
4506
4385
4393
4507
4386
4394
4508
4387
4395
4509
4388
4396
4510
4397
4511
4390
4398
4512
4391
4399
4513
4392
4400
4514
4393
4401
4515
4394
4402
4516
4395
4403
4517
4396
4404
4518
4397
4405
4519
4406
4520
4399
4407
4521
4400
4408
4522
4401
4409
4523
4402
4410
4524
4403
4411
4525
4404
4412
4526
4405
4413
4527
4406
4414
4528
4415
4529
4408
4416
4530
4409
4417
4531
4410
4418
4532
4411
4419
4533
4412
4420
4534
4413
4421
4535
4414
4422
4536
4415
4423
4537
4424
4538
4417
4425
4539
4418
4426
4540
4419
4427
4541
4420
4428
4542
4421
4429
4543
4422
4430
4544
4423
4431
4545
4424
4432
4546
4433
4547
4426
4434
4548
4427
4435
4549
4428
4436
4550
4429
4437
4551
4430
4438
4552
4431
4439
4553
4432
4440
4554
4433
4441
4555
4556
4435
4442
4557
4436
4443
4558
4437
4444
4559
4438
4445
4560
4439
4446
4561
4440
4447
4562
4441
4448
4563
4449
4564
4443
4450
4565
4444
4451
4566
4445
4452
4567
4446
4453
4568
4447
4454
4569
4448
4455
4570
4449
4456
4571
4457
4572
4451
4458
4573
4452
4459
4574
4453
4460
4575
4454
4461
4576
4455
4462
4577
4456
4463
4578
4457
4464
4579
4465
4580
4459
4466
4581
4460
4467
4582
4461
4468
4583
4462
4469
4584
4463
4470
4585
4464
4471
4586
4465
4472
4587
4473
4588
4467
4474
4589
4468
4475
4590
4469
4476
4591
4470
4477
4592
4471
4478
4593
4472
4479
4594
4473
4480
4595
4481
4596
4475
4482
4597
4476
4483
4598
4477
4484
4599
4478
4600
4479
4601
4480
4602
4481
4603
4604
4483
4605
4484
4606
4607
4486
4494
4608
4487
4495
4609
4488
4496
4610
4489
4497
4611
4490
4498
4612
4491
4499
4613
4492
4500
4614
4493
4501
4615
4502
4616
4495
4503
4617
4496
4504
4618
4497
4505
4619
4498
4506
4620
4499
4507
4621
4500
4508
4622
4501
4509
4623
4502
4510
4624
4511
4625
4504
4512
4626
4505
4513
4627
4506
4514
4628
4507
4515
4629
4508
4516
4630
4509
4517
4631
4510
4518
4632
4511
4519
4633
4520
4634
4513
4521
4635
4514
4522
4636
4515
4523
4637
4516
4524
4638
4517
4525
4639
4518
4526
4640
4519
4527
4641
4520
4528
4642
4529
4643
4522
4530
4644
4523
4531
4645
4524
4532
4646
4525
4533
4647
4526
4534
4648
4527
4535
4649
4528
4536
4650
4529
4537
4651
4538
4652
4531
4539
4653
4532
4540
4654
4533
4541
4655
4534
4542
4656
4535
4543
4657
4536
4544
4658
4537
4545
4659
4538
4546
4660
4547
4661
4540
4548
4662
4541
4549
4663
4542
4550
4664
4543
4551
4665
4544
4552
4666
4545
4553
4667
4546
4554
4668
4547
4555
4669
4556
4670
4549
4557
4671
4550
4558
4672
4551
4559
4673
4552
4560
4674
4553
4561
4675
4554
4562
4676
4555
4563
4677
4556
4564
4678
4679
4558
4565
4680
4559
4566
4681
4560
4567
4682
4561
4568
4683
4562
4569
4684
4563
4570
4685
4564
4571
4686
4572
4687
4566
4573
4688
4567
4574
4689
4568
4575
4690
4569
4576
4691
4570
4577
4692
4571
4578
4693
4572
4579
4694
4580
4695
4574
4581
4696
4575
4582
4697
4576
4583
4698
4577
4584
4699
4578
4585
4700
4579
4586
4701
4580
4587
4702
4588
4703
4582
4589
4704
4583
4590
4705
4584
4591
4706
4585
4592
4707
4586
4593
4708
4587
4594
4709
4588
4595
4710
4596
4711
4590
4597
4712
4591
4598
4713
4592
4599
4714
4593
4600
4715
4594
4601
4716
4595
4602
4717
4596
4603
4718
4604
4719
4598
4605
4720
4599
4606
4721
4600
4607
4722
4601
4723
4602
4724
4603
4725
4604
4726
4727
4606
4728
4607
4729
4730
4609
4617
4731
4610
4618
4732
4611
4619
4733
4612
4620
4734
4613
4621
4735
4614
4622
4736
4615
4623
4737
4616
4624
4738
4625
4739
4618
4626
4740
4619
4627
4741
4620
4628
4742
4621
4629
4743
4622
4630
4744
4623
4631
4745
4624
4632
4746
4625
4633
4747
4634
4748
4627
4635
4749
4628
4636
4750
4629
4637
4751
4630
4638
4752
4631
4639
4753
4632
4640
4754
4633
4641
4755
4634
4642
4756
4643
4757
4636
4644
4758
4637
4645
4759
4638
4646
4760
4639
4647
4761
4640
4648
4762
4641
4649
4763
4642
4650
4764
4643
4651
4765
4652
4766
4645
4653
4767
4646
4654
4768
4647
4655
4769
4648
4656
4770
4649
4657
4771
4650
4658
4772
4651
4659
4773
4652
4660
4774
4661
4775
4654
4662
4776
4655
4663
4777
4656
4664
4778
4657
4665
4779
4658
4666
4780
4659
4667
4781
4660
4668
4782
4661
4669
4783
4670
4784
4663
4671
4785
4664
4672
4786
4665
4673
4787
4666
4674
4788
4667
4675
4789
4668
4676
4790
4669
4677
4791
4670
4678
4792
4679
4793
4672
4680
4794
4673
4681
4795
4674
4682
4796
4675
4683
4797
4676
4684
4798
4677
4685
4799
4678
4686
4800
4679
4687
4801
4802
4681
4688
4803
4682
4689
4804
4683
4690
4805
4684
4691
4806
4685
4692
4807
4686
4693
4808
4687
4694
4809
4695
4810
4689
4696
4811
4690
4697
4812
4691
4698
4813
4692
4699
4814
4693
4700
4815
4694
4701
4816
4695
4702
4817
4703
4818
4697
4704
4819
4698
4705
4820
4699
4706
4821
4700
4707
4822
4701
4708
4823
4702
4709
4824
4703
4710
4825
4711
4826
4705
4712
4827
4706
4713
4828
4707
4714
4829
4708
4715
4830
4709
4716
4831
4710
4717
4832
4711
4718
4833
4719
4834
4713
4720
4835
4714
4721
4836
4715
4722
4837
4716
4723
4838
4717
4724
4839
4718
4725
4840
4719
4726
4841
4727
4842
4721
4728
4843
4722
4729
4844
4723
4730
4845
4724
4846
4725
4847
4726
4848
4727
4849
4850
4729
4851
4730
4852
4853
4732
4740
4854
4733
4741
4855
4734
4742
4856
4735
4743
4857
4736
4744
4858
4737
4745
4859
4738
4746
4860
4739
4747
4861
4748
4862
4741
4749
4863
4742
4750
4864
4743
4751
4865
4744
4752
4866
4745
4753
4867
4746
4754
4868
4747
4755
4869
4748
4756
4870
4757
4871
4750
4758
4872
4751
4759
4873
4752
4760
4874
4753
4761
4875
4754
4762
4876
4755
4763
4877
4756
4764
4878
4757
4765
4879
4766
4880
4759
4767
4881
4760
4768
4882
4761
4769
4883
4762
4770
4884
4763
4771
4885
4764
4772
4886
4765
4773
4887
4766
4774
4888
4775
4889
4768
4776
4890
4769
4777
4891
4770
4778
4892
4771
4779
4893
4772
4780
4894
4773
4781
4895
4774
4782
4896
4775
4783
4897
4784
4898
4777
4785
4899
4778
4786
4900
4779
4787
4901
4780
4788
4902
4781
4789
4903
4782
4790
4904
4783
4791
4905
4784
4792
4906
4793
4907
4786
4794
4908
4787
4795
4909
4788
4796
4910
4789
4797
4911
4790
4798
4912
4791
4799
4913
4792
4800
4914
4793
4801
4915
4802
4916
4795
4803
4917
4796
4804
4918
4797
4805
4919
4798
4806
4920
4799
4807
4921
4800
4808
4922
4801
4809
4923
4802
4810
4924
4925
4804
4811
4926
4805
4812
4927
4806
4813
4928
4807
4814
4929
4808
4815
4930
4809
4816
4931
4810
4817
4932
4818
4933
4812
4819
4934
4813
4820
4935
4814
4821
4936
4815
4822
4937
4816
4823
4938
4817
4824
4939
4818
4825
4940
4826
4941
4820
4827
4942
4821
4828
4943
4822
4829
4944
4823
4830
4945
4824
4831
4946
4825
4832
4947
4826
4833
4948
4834
4949
4828
4835
4950
4829
4836
4951
4830
4837
4952
4831
4838
4953
4832
4839
4954
4833
4840
4955
4834
4841
4956
4842
4957
4836
4843
4958
4837
4844
4959
4838
4845
4960
4839
4846
4961
4840
4847
4962
4841
4848
4963
4842
4849
4964
4850
4965
4844
4851
4966
4845
4852
4967
4846
4853
4968
4847
4969
4848
4970
4849
4971
4850
4972
4973
4852
4974
4853
4975
4976
4855
4863
4977
4856
4864
4978
4857
4865
4979
4858
4866
4980
4859
4867
4981
4860
4868
4982
4861
4869
4983
4862
4870
4984
4871
4985
4864
4872
4986
4865
4873
4987
4866
4874
4988
4867
4875
4989
4868
4876
4990
4869
4877
4991
4870
4878
4992
4871
4879
4993
4880
4994
4873
4881
4995
4874
4882
4996
4875
4883
4997
4876
4884
4998
4877
4885
4999
4878
4886
5000
4879
4887
5001
4880
4888
5002
4889
5003
4882
4890
5004
4883
4891
5005
4884
4892
5006
4885
4893
5007
4886
4894
5008
4887
4895
5009
4888
4896
5010
4889
4897
5011
4898
5012
4891
4899
5013
4892
4900
5014
4893
4901
5015
4894
4902
5016
4895
4903
5017
4896
4904
5018
4897
4905
5019
4898
4906
5020
4907
5021
4900
4908
5022
4901
4909
5023
4902
4910
5024
4903
4911
5025
4904
4912
5026
4905
4913
5027
4906
4914
5028
4907
4915
5029
4916
5030
4909
4917
5031
4910
4918
5032
4911
4919
5033
4912
4920
5034
4913
4921
5035
4914
4922
5036
4915
4923
5037
4916
4924
5038
4925
5039
4918
4926
5040
4919
4927
5041
4920
4928
5042
4921
4929
5043
4922
4930
5044
4923
4931
5045
4924
4932
5046
4925
4933
5047
5048
4927
4934
5049
4928
4935
5050
4929
4936
5051
4930
4937
5052
4931
4938
5053
4932
4939
5054
4933
4940
5055
4941
5056
4935
4942
5057
4936
4943
5058
4937
4944
5059
4938
4945
5060
4939
4946
5061
4940
4947
5062
4941
4948
5063
4949
5064
4943
4950
5065
4944
4951
5066
4945
4952
5067
4946
4953
5068
4947
4954
5069
4948
4955
5070
4949
4956
5071
4957
5072
4951
4958
5073
4952
4959
5074
4953
4960
5075
4954
4961
5076
4955
4962
5077
4956
4963
5078
4957
4964
5079
4965
5080
4959
4966
5081
4960
4967
5082
4961
4968
5083
4962
4969
5084
4963
4970
5085
4964
4971
5086
4965
4972
5087
4973
5088
4967
4974
5089
4968
4975
5090
4969
4976
5091
4970
5092
4971
5093
4972
5094
4973
5095
5096
4975
5097
4976
5098
5099
4978
4986
5100
4979
4987
5101
4980
4988
5102
4981
4989
5103
4982
4990
5104
4983
4991
5105
4984
4992
5106
4985
4993
5107
4994
5108
4987
4995
5109
4988
4996
5110
4989
4997
5111
4990
4998
5112
4991
4999
5113
4992
5000
5114
4993
5001
5115
4994
5002
5116
5003
5117
4996
5004
5118
4997
5005
5119
4998
5006
5120
4999
5007
5121
5000
5008
5122
5001
5009
5123
5002
5010
5124
5003
5011
5125
5012
5126
5005
5013
5127
5006
5014
5128
5007
5015
5129
5008
5016
5130
5009
5017
5131
5010
5018
5132
5011
5019
5133
5012
5020
5134
5021
5135
5014
5022
5136
5015
5023
5137
5016
5024
5138
5017
5025
5139
5018
5026
5140
5019
5027
5141
5020
5028
5142
5021
5029
5143
5030
5144
5023
5031
5145
5024
5032
5146
5025
5033
5147
5026
5034
5148
5027
5035
5149
5028
5036
5150
5029
5037
5151
5030
5038
5152
5039
5153
5032
5040
5154
5033
5041
5155
5034
5042
5156
5035
5043
5157
5036
5044
5158
5037
5045
5159
5038
5046
5160
5039
5047
5161
5048
5162
5041
5049
5163
5042
5050
5164
5043
5051
5165
5044
5052
5166
5045
5053
5167
5046
5054
5168
5047
5055
5169
5048
5056
5170
5171
5050
5057
5172
5051
5058
5173
5052
5059
5174
5053
5060
5175
5054
5061
5176
5055
5062
5177
5056
5063
5178
5064
5179
5058
5065
5180
5059
5066
5181
5060
5067
5182
5061
5068
5183
5062
5069
5184
5063
5070
5185
5064
5071
5186
5072
5187
5066
5073
5188
5067
5074
5189
5068
5075
5190
5069
5076
5191
5070
5077
5192
5071
5078
5193
5072
5079
5194
5080
5195
5074
5081
5196
5075
5082
5197
5076
5083
5198
5077
5084
5199
5078
5085
5200
5079
5086
5201
5080
5087
5202
5088
5203
5082
5089
5204
5083
5090
5205
5084
5091
5206
5085
5092
5207
5086
5093
5208
5087
5094
5209
5088
5095
5210
5096
5211
5090
5097
5212
5091
5098
5213
5092
5099
5214
5093
5215
5094
5216
5095
5217
5096
5218
5219
5098
5220
5099
5221
5222
5101
5109
5223
5102
5110
5224
5103
5111
5225
5104
5112
5226
5105
5113
5227
5106
5114
5228
5107
5115
5229
5108
5116
5230
5117
5231
5110
5118
5232
5111
5119
5233
5112
5120
5234
5113
5121
5235
5114
5122
5236
5115
5123
5237
5116
5124
5238
5117
5125
5239
5126
5240
5119
5127
5241
5120
5128
5242
5121
5129
5243
5122
5130
5244
5123
5131
5245
5124
5132
5246
5125
5133
5247
5126
5134
5248
5135
5249
5128
5136
5250
5129
5137
5251
5130
5138
5252
5131
5139
5253
5132
5140
5254
5133
5141
5255
5134
5142
5256
5135
5143
5257
5144
5258
5137
5145
5259
5138
5146
5260
5139
5147
5261
5140
5148
5262
5141
5149
5263
5142
5150
5264
5143
5151
5265
5144
5152
5266
5153
5267
5146
5154
5268
5147
5155
5269
5148
5156
5270
5149
5157
5271
5150
5158
5272
5151
5159
5273
5152
5160
5274
5153
5161
5275
5162
5276
5155
5163
5277
5156
5164
5278
5157
5165
5279
5158
5166
5280
5159
5167
5281
5160
5168
5282
5161
5169
5283
5162
5170
5284
5171
5285
5164
5172
5286
5165
5173
5287
5166
5174
5288
5167
5175
5289
5168
5176
5290
5169
5177
5291
5170
5178
5292
5171
5179
5293
5173
5180
5294
5174
5181
5295
5175
5182
5296
5176
5183
5297
5177
5184
5298
5178
5185
5299
5179
5186
5300
5187
5301
5181
5188
5302
5182
5189
5303
5183
5190
5304
5184
5191
5305
5185
5192
5306
5186
5193
5307
5187
5194
5308
5195
5309
5189
5196
5310
5190
5197
5311
5191
5198
5312
5192
5199
5313
5193
5200
5314
5194
5201
5315
5195
5202
5316
5203
5317
5197
5204
5318
5198
5205
5319
5199
5206
5320
5200
5207
5321
5201
5208
5322
5202
5209
5323
5203
5210
5324
5211
5325
5205
5212
5326
5206
5213
5327
5207
5214
5328
5208
5215
5329
5209
5216
5330
5210
5217
5331
5211
5218
5332
5219
5213
5220
5333
5214
5221
5334
5215
5222
5335
5216
5336
5217
5337
5218
5338
5219
5339
5221
5340
5222
5341
5342
5224
5232
5343
5225
5233
5344
5226
5234
5345
5227
5235
5346
5228
5236
5347
5229
5237
5348
5230
5238
5349
5231
5239
5350
5240
5351
5233
5241
5352
5234
5242
5353
5235
5243
5354
5236
5244
5355
5237
5245
5356
5238
5246
5357
5239
5247
5358
5240
5248
5359
5249
5360
5242
5250
5361
5243
5251
5362
5244
5252
5363
5245
5253
5364
5246
5254
5365
5247
5255
5366
5248
5256
5367
5249
5257
5368
5258
5369
5251
5259
5370
5252
5260
5371
5253
5261
5372
5254
5262
5373
5255
5263
5374
5256
5264
5375
5257
5265
5376
5258
5266
5377
5267
5378
5260
5268
5379
5261
5269
5380
5262
5270
5381
5263
5271
5382
5264
5272
5383
5265
5273
5384
5266
5274
5385
5267
5275
5386
5276
5387
5269
5277
5388
5270
5278
5389
5271
5279
5390
5272
5280
5391
5273
5281
5392
5274
5282
5393
5275
5283
5394
5276
5284
5395
5285
5396
5278
5286
5397
5279
5287
5398
5280
5288
5399
5281
5289
5400
5282
5290
5401
5283
5291
5402
5284
5292
5403
5285
5293
5404
5287
5294
5405
5288
5295
5406
5289
5296
5407
5290
5297
5408
5291
5298
5409
5292
5299
5410
5293
5300
5411
5301
5412
5295
5302
5413
5296
5303
5414
5297
5304
5415
5298
5305
5416
5299
5306
5417
5300
5307
5418
5301
5308
5419
5309
5420
5303
5310
5421
5304
5311
5422
5305
5312
5423
5306
5313
5424
5307
5314
5425
5308
5315
5426
5309
5316
5427
5317
5428
5311
5318
5429
5312
5319
5430
5313
5320
5431
5314
5321
5432
5315
5322
5433
5316
5323
5434
5317
5324
5435
5325
5436
5319
5326
5437
5320
5327
5438
5321
5328
5439
5322
5329
5440
5323
5330
5441
5324
5331
5442
5325
5332
5443
5444
5327
5333
5445
5328
5334
5446
5329
5335
5447
5330
5336
5448
5331
5337
5449
5332
5338
5450
5339
5451
5334
5340
5452
5335
5341
5453
5336
5342
5454
5337
5455
5338
5456
5339
5457
5458
5341
5459
5342
5460
5461
5344
5352
5345
5353
5346
5354
5347
5355
5348
5356
5349
5357
5350
5358
5351
5359
5360
5353
5361
5354
5362
5355
5363
5356
5364
5357
5365
5358
5366
5359
5367
5360
5368
5369
5362
5370
5363
5371
5364
5372
5365
5373
5366
5374
5367
5375
5368
5376
5369
5377
5378
5371
5379
5372
5380
5373
5381
5374
5382
5375
5383
5376
5384
5377
5385
5378
5386
5387
5380
5388
5381
5389
5382
5390
5383
5391
5384
5392
5385
5393
5386
5394
5387
5395
5396
5389
5397
5390
5398
5391
5399
5392
5400
5393
5401
5394
5402
5395
5403
5396
5404
5398
5405
5399
5406
5400
5407
5401
5408
5402
5409
5403
5410
5404
5411
5412
5406
5413
5407
5414
5408
5415
5409
5416
5410
5417
5411
5418
5412
5419
5420
5414
5421
5415
5422
5416
5423
5417
5424
5418
5425
5419
5426
5420
5427
5428
5422
5429
5423
5430
5424
5431
5425
5432
5426
5433
5427
5434
5428
5435
5436
5430
5437
5431
5438
5432
5439
5433
5440
5434
5441
5435
5442
5436
5443
5444
5438
5445
5439
5446
5440
5447
5441
5448
5442
5449
5443
5450
5444
5451
5446
5452
5447
5453
5448
5454
5449
5455
5450
5456
5451
5457
5458
5453
5459
5454
5460
5455
5461
5456
5457
5458
5460
5461
)


// ************************************************************************* //
