/*--------------------------------*- C++ -*----------------------------------*\
| =========                 |                                                 |
| \\      /  F ield         | OpenFOAM: The Open Source CFD Toolbox           |
|  \\    /   O peration     | Version:  2406                                  |
|   \\  /    A nd           | Website:  www.openfoam.com                      |
|    \\/     M anipulation  |                                                 |
\*---------------------------------------------------------------------------*/
FoamFile
{
    version     2.0;
    format      ascii;
    arch        "LSB;label=32;scalar=64";
    class       labelList;
    location    "constant/polyMesh";
    object      pointProcAddressing;
}
// * * * * * * * * * * * * * * * * * * * * * * * * * * * * * * * * * * * * * //


6528
(
14557
14558
14559
14560
14561
14562
14563
14564
14565
14566
14567
14568
14569
14570
14571
14572
14573
14574
14575
14576
14581
14582
14583
14584
14585
14586
14587
14588
14589
14590
14591
14592
14593
14594
14595
14596
14597
14598
14599
14600
14605
14606
14607
14608
14609
14610
14611
14612
14613
14614
14615
14616
14617
14618
14619
14620
14621
14622
14623
14624
14629
14630
14631
14632
14633
14634
14635
14636
14637
14638
14639
14640
14641
14642
14643
14644
14645
14646
14647
14648
14653
14654
14655
14656
14657
14658
14659
14660
14661
14662
14663
14664
14665
14666
14667
14668
14669
14670
14671
14672
14677
14678
14679
14680
14681
14682
14683
14684
14685
14686
14687
14688
14689
14690
14691
14692
14693
14694
14695
14696
14701
14702
14703
14704
14705
14706
14707
14708
14709
14710
14711
14712
14713
14714
14715
14716
14717
14718
14719
14720
14725
14726
14727
14728
14729
14730
14731
14732
14733
14734
14735
14736
14737
14738
14739
14740
14741
14742
14743
14744
14749
14750
14751
14752
14753
14754
14755
14756
14757
14758
14759
14760
14761
14762
14763
14764
14765
14766
14767
14768
14773
14774
14775
14776
14777
14778
14779
14780
14781
14782
14783
14784
14785
14786
14787
14788
14789
14790
14791
14792
14797
14798
14799
14800
14801
14802
14803
14804
14805
14806
14807
14808
14809
14810
14811
14812
14813
14814
14815
14816
14821
14822
14823
14824
14825
14826
14827
14828
14829
14830
14831
14832
14833
14834
14835
14836
14837
14838
14839
14840
14845
14846
14847
14848
14849
14850
14851
14852
14853
14854
14855
14856
14857
14858
14859
14860
14861
14862
14863
14864
14869
14870
14871
14872
14873
14874
14875
14876
14877
14878
14879
14880
14881
14882
14883
14884
14885
14886
14887
14888
14893
14894
14895
14896
14897
14898
14899
14900
14901
14902
14903
14904
14905
14906
14907
14908
14909
14910
14911
14912
14917
14918
14919
14920
14921
14922
14923
14924
14925
14926
14927
14928
14929
14930
14931
14932
14933
14934
14935
14936
14942
14943
14944
14945
14946
14947
14948
14949
14950
14951
14952
14953
14954
14955
14966
14967
14968
14969
14970
14971
14972
14973
15349
15350
15351
15352
15353
15354
15355
15356
15357
15358
15359
15360
15361
15362
15363
15364
15365
15366
15367
15368
15373
15374
15375
15376
15377
15378
15379
15380
15381
15382
15383
15384
15385
15386
15387
15388
15389
15390
15391
15392
15397
15398
15399
15400
15401
15402
15403
15404
15405
15406
15407
15408
15409
15410
15411
15412
15413
15414
15415
15416
15421
15422
15423
15424
15425
15426
15427
15428
15429
15430
15431
15432
15433
15434
15435
15436
15437
15438
15439
15440
15445
15446
15447
15448
15449
15450
15451
15452
15453
15454
15455
15456
15457
15458
15459
15460
15461
15462
15463
15464
15469
15470
15471
15472
15473
15474
15475
15476
15477
15478
15479
15480
15481
15482
15483
15484
15485
15486
15487
15488
15493
15494
15495
15496
15497
15498
15499
15500
15501
15502
15503
15504
15505
15506
15507
15508
15509
15510
15511
15512
15517
15518
15519
15520
15521
15522
15523
15524
15525
15526
15527
15528
15529
15530
15531
15532
15533
15534
15535
15536
15541
15542
15543
15544
15545
15546
15547
15548
15549
15550
15551
15552
15553
15554
15555
15556
15557
15558
15559
15560
15565
15566
15567
15568
15569
15570
15571
15572
15573
15574
15575
15576
15577
15578
15579
15580
15581
15582
15583
15584
15589
15590
15591
15592
15593
15594
15595
15596
15597
15598
15599
15600
15601
15602
15603
15604
15605
15606
15607
15608
15613
15614
15615
15616
15617
15618
15619
15620
15621
15622
15623
15624
15625
15626
15627
15628
15629
15630
15631
15632
15637
15638
15639
15640
15641
15642
15643
15644
15645
15646
15647
15648
15649
15650
15651
15652
15653
15654
15655
15656
15661
15662
15663
15664
15665
15666
15667
15668
15669
15670
15671
15672
15673
15674
15675
15676
15677
15678
15679
15680
15685
15686
15687
15688
15689
15690
15691
15692
15693
15694
15695
15696
15697
15698
15699
15700
15701
15702
15703
15704
15709
15710
15711
15712
15713
15714
15715
15716
15717
15718
15719
15720
15721
15722
15723
15724
15725
15726
15727
15728
15734
15735
15736
15737
15738
15739
15740
15741
15742
15743
15744
15745
15746
15747
15758
15759
15760
15761
15762
15763
15764
15765
16141
16142
16143
16144
16145
16146
16147
16148
16149
16150
16151
16152
16153
16154
16155
16156
16157
16158
16159
16160
16165
16166
16167
16168
16169
16170
16171
16172
16173
16174
16175
16176
16177
16178
16179
16180
16181
16182
16183
16184
16189
16190
16191
16192
16193
16194
16195
16196
16197
16198
16199
16200
16201
16202
16203
16204
16205
16206
16207
16208
16213
16214
16215
16216
16217
16218
16219
16220
16221
16222
16223
16224
16225
16226
16227
16228
16229
16230
16231
16232
16237
16238
16239
16240
16241
16242
16243
16244
16245
16246
16247
16248
16249
16250
16251
16252
16253
16254
16255
16256
16261
16262
16263
16264
16265
16266
16267
16268
16269
16270
16271
16272
16273
16274
16275
16276
16277
16278
16279
16280
16285
16286
16287
16288
16289
16290
16291
16292
16293
16294
16295
16296
16297
16298
16299
16300
16301
16302
16303
16304
16309
16310
16311
16312
16313
16314
16315
16316
16317
16318
16319
16320
16321
16322
16323
16324
16325
16326
16327
16328
16333
16334
16335
16336
16337
16338
16339
16340
16341
16342
16343
16344
16345
16346
16347
16348
16349
16350
16351
16352
16357
16358
16359
16360
16361
16362
16363
16364
16365
16366
16367
16368
16369
16370
16371
16372
16373
16374
16375
16376
16381
16382
16383
16384
16385
16386
16387
16388
16389
16390
16391
16392
16393
16394
16395
16396
16397
16398
16399
16400
16405
16406
16407
16408
16409
16410
16411
16412
16413
16414
16415
16416
16417
16418
16419
16420
16421
16422
16423
16424
16429
16430
16431
16432
16433
16434
16435
16436
16437
16438
16439
16440
16441
16442
16443
16444
16445
16446
16447
16448
16453
16454
16455
16456
16457
16458
16459
16460
16461
16462
16463
16464
16465
16466
16467
16468
16469
16470
16471
16472
16477
16478
16479
16480
16481
16482
16483
16484
16485
16486
16487
16488
16489
16490
16491
16492
16493
16494
16495
16496
16501
16502
16503
16504
16505
16506
16507
16508
16509
16510
16511
16512
16513
16514
16515
16516
16517
16518
16519
16520
16526
16527
16528
16529
16530
16531
16532
16533
16534
16535
16536
16537
16538
16539
16550
16551
16552
16553
16554
16555
16556
16557
16933
16934
16935
16936
16937
16938
16939
16940
16941
16942
16943
16944
16945
16946
16947
16948
16949
16950
16951
16952
16957
16958
16959
16960
16961
16962
16963
16964
16965
16966
16967
16968
16969
16970
16971
16972
16973
16974
16975
16976
16981
16982
16983
16984
16985
16986
16987
16988
16989
16990
16991
16992
16993
16994
16995
16996
16997
16998
16999
17000
17005
17006
17007
17008
17009
17010
17011
17012
17013
17014
17015
17016
17017
17018
17019
17020
17021
17022
17023
17024
17029
17030
17031
17032
17033
17034
17035
17036
17037
17038
17039
17040
17041
17042
17043
17044
17045
17046
17047
17048
17053
17054
17055
17056
17057
17058
17059
17060
17061
17062
17063
17064
17065
17066
17067
17068
17069
17070
17071
17072
17077
17078
17079
17080
17081
17082
17083
17084
17085
17086
17087
17088
17089
17090
17091
17092
17093
17094
17095
17096
17101
17102
17103
17104
17105
17106
17107
17108
17109
17110
17111
17112
17113
17114
17115
17116
17117
17118
17119
17120
17125
17126
17127
17128
17129
17130
17131
17132
17133
17134
17135
17136
17137
17138
17139
17140
17141
17142
17143
17144
17149
17150
17151
17152
17153
17154
17155
17156
17157
17158
17159
17160
17161
17162
17163
17164
17165
17166
17167
17168
17173
17174
17175
17176
17177
17178
17179
17180
17181
17182
17183
17184
17185
17186
17187
17188
17189
17190
17191
17192
17197
17198
17199
17200
17201
17202
17203
17204
17205
17206
17207
17208
17209
17210
17211
17212
17213
17214
17215
17216
17221
17222
17223
17224
17225
17226
17227
17228
17229
17230
17231
17232
17233
17234
17235
17236
17237
17238
17239
17240
17245
17246
17247
17248
17249
17250
17251
17252
17253
17254
17255
17256
17257
17258
17259
17260
17261
17262
17263
17264
17269
17270
17271
17272
17273
17274
17275
17276
17277
17278
17279
17280
17281
17282
17283
17284
17285
17286
17287
17288
17293
17294
17295
17296
17297
17298
17299
17300
17301
17302
17303
17304
17305
17306
17307
17308
17309
17310
17311
17312
17318
17319
17320
17321
17322
17323
17324
17325
17326
17327
17328
17329
17330
17331
17342
17343
17344
17345
17346
17347
17348
17349
17725
17726
17727
17728
17729
17730
17731
17732
17733
17734
17735
17736
17737
17738
17739
17740
17741
17742
17743
17744
17749
17750
17751
17752
17753
17754
17755
17756
17757
17758
17759
17760
17761
17762
17763
17764
17765
17766
17767
17768
17773
17774
17775
17776
17777
17778
17779
17780
17781
17782
17783
17784
17785
17786
17787
17788
17789
17790
17791
17792
17797
17798
17799
17800
17801
17802
17803
17804
17805
17806
17807
17808
17809
17810
17811
17812
17813
17814
17815
17816
17821
17822
17823
17824
17825
17826
17827
17828
17829
17830
17831
17832
17833
17834
17835
17836
17837
17838
17839
17840
17845
17846
17847
17848
17849
17850
17851
17852
17853
17854
17855
17856
17857
17858
17859
17860
17861
17862
17863
17864
17869
17870
17871
17872
17873
17874
17875
17876
17877
17878
17879
17880
17881
17882
17883
17884
17885
17886
17887
17888
17893
17894
17895
17896
17897
17898
17899
17900
17901
17902
17903
17904
17905
17906
17907
17908
17909
17910
17911
17912
17917
17918
17919
17920
17921
17922
17923
17924
17925
17926
17927
17928
17929
17930
17931
17932
17933
17934
17935
17936
17941
17942
17943
17944
17945
17946
17947
17948
17949
17950
17951
17952
17953
17954
17955
17956
17957
17958
17959
17960
17965
17966
17967
17968
17969
17970
17971
17972
17973
17974
17975
17976
17977
17978
17979
17980
17981
17982
17983
17984
17989
17990
17991
17992
17993
17994
17995
17996
17997
17998
17999
18000
18001
18002
18003
18004
18005
18006
18007
18008
18013
18014
18015
18016
18017
18018
18019
18020
18021
18022
18023
18024
18025
18026
18027
18028
18029
18030
18031
18032
18037
18038
18039
18040
18041
18042
18043
18044
18045
18046
18047
18048
18049
18050
18051
18052
18053
18054
18055
18056
18061
18062
18063
18064
18065
18066
18067
18068
18069
18070
18071
18072
18073
18074
18075
18076
18077
18078
18079
18080
18085
18086
18087
18088
18089
18090
18091
18092
18093
18094
18095
18096
18097
18098
18099
18100
18101
18102
18103
18104
18110
18111
18112
18113
18114
18115
18116
18117
18118
18119
18120
18121
18122
18123
18134
18135
18136
18137
18138
18139
18140
18141
18517
18518
18519
18520
18521
18522
18523
18524
18525
18526
18527
18528
18529
18530
18531
18532
18533
18534
18535
18536
18541
18542
18543
18544
18545
18546
18547
18548
18549
18550
18551
18552
18553
18554
18555
18556
18557
18558
18559
18560
18565
18566
18567
18568
18569
18570
18571
18572
18573
18574
18575
18576
18577
18578
18579
18580
18581
18582
18583
18584
18589
18590
18591
18592
18593
18594
18595
18596
18597
18598
18599
18600
18601
18602
18603
18604
18605
18606
18607
18608
18613
18614
18615
18616
18617
18618
18619
18620
18621
18622
18623
18624
18625
18626
18627
18628
18629
18630
18631
18632
18637
18638
18639
18640
18641
18642
18643
18644
18645
18646
18647
18648
18649
18650
18651
18652
18653
18654
18655
18656
18661
18662
18663
18664
18665
18666
18667
18668
18669
18670
18671
18672
18673
18674
18675
18676
18677
18678
18679
18680
18685
18686
18687
18688
18689
18690
18691
18692
18693
18694
18695
18696
18697
18698
18699
18700
18701
18702
18703
18704
18709
18710
18711
18712
18713
18714
18715
18716
18717
18718
18719
18720
18721
18722
18723
18724
18725
18726
18727
18728
18733
18734
18735
18736
18737
18738
18739
18740
18741
18742
18743
18744
18745
18746
18747
18748
18749
18750
18751
18752
18757
18758
18759
18760
18761
18762
18763
18764
18765
18766
18767
18768
18769
18770
18771
18772
18773
18774
18775
18776
18781
18782
18783
18784
18785
18786
18787
18788
18789
18790
18791
18792
18793
18794
18795
18796
18797
18798
18799
18800
18805
18806
18807
18808
18809
18810
18811
18812
18813
18814
18815
18816
18817
18818
18819
18820
18821
18822
18823
18824
18829
18830
18831
18832
18833
18834
18835
18836
18837
18838
18839
18840
18841
18842
18843
18844
18845
18846
18847
18848
18853
18854
18855
18856
18857
18858
18859
18860
18861
18862
18863
18864
18865
18866
18867
18868
18869
18870
18871
18872
18877
18878
18879
18880
18881
18882
18883
18884
18885
18886
18887
18888
18889
18890
18891
18892
18893
18894
18895
18896
18902
18903
18904
18905
18906
18907
18908
18909
18910
18911
18912
18913
18914
18915
18926
18927
18928
18929
18930
18931
18932
18933
19309
19310
19311
19312
19313
19314
19315
19316
19317
19318
19319
19320
19321
19322
19323
19324
19325
19326
19327
19328
19333
19334
19335
19336
19337
19338
19339
19340
19341
19342
19343
19344
19345
19346
19347
19348
19349
19350
19351
19352
19357
19358
19359
19360
19361
19362
19363
19364
19365
19366
19367
19368
19369
19370
19371
19372
19373
19374
19375
19376
19381
19382
19383
19384
19385
19386
19387
19388
19389
19390
19391
19392
19393
19394
19395
19396
19397
19398
19399
19400
19405
19406
19407
19408
19409
19410
19411
19412
19413
19414
19415
19416
19417
19418
19419
19420
19421
19422
19423
19424
19429
19430
19431
19432
19433
19434
19435
19436
19437
19438
19439
19440
19441
19442
19443
19444
19445
19446
19447
19448
19453
19454
19455
19456
19457
19458
19459
19460
19461
19462
19463
19464
19465
19466
19467
19468
19469
19470
19471
19472
19477
19478
19479
19480
19481
19482
19483
19484
19485
19486
19487
19488
19489
19490
19491
19492
19493
19494
19495
19496
19501
19502
19503
19504
19505
19506
19507
19508
19509
19510
19511
19512
19513
19514
19515
19516
19517
19518
19519
19520
19525
19526
19527
19528
19529
19530
19531
19532
19533
19534
19535
19536
19537
19538
19539
19540
19541
19542
19543
19544
19549
19550
19551
19552
19553
19554
19555
19556
19557
19558
19559
19560
19561
19562
19563
19564
19565
19566
19567
19568
19573
19574
19575
19576
19577
19578
19579
19580
19581
19582
19583
19584
19585
19586
19587
19588
19589
19590
19591
19592
19597
19598
19599
19600
19601
19602
19603
19604
19605
19606
19607
19608
19609
19610
19611
19612
19613
19614
19615
19616
19621
19622
19623
19624
19625
19626
19627
19628
19629
19630
19631
19632
19633
19634
19635
19636
19637
19638
19639
19640
19645
19646
19647
19648
19649
19650
19651
19652
19653
19654
19655
19656
19657
19658
19659
19660
19661
19662
19663
19664
19669
19670
19671
19672
19673
19674
19675
19676
19677
19678
19679
19680
19681
19682
19683
19684
19685
19686
19687
19688
19694
19695
19696
19697
19698
19699
19700
19701
19702
19703
19704
19705
19706
19707
19718
19719
19720
19721
19722
19723
19724
19725
20101
20102
20103
20104
20105
20106
20107
20108
20109
20110
20111
20112
20113
20114
20115
20116
20117
20118
20119
20120
20125
20126
20127
20128
20129
20130
20131
20132
20133
20134
20135
20136
20137
20138
20139
20140
20141
20142
20143
20144
20149
20150
20151
20152
20153
20154
20155
20156
20157
20158
20159
20160
20161
20162
20163
20164
20165
20166
20167
20168
20173
20174
20175
20176
20177
20178
20179
20180
20181
20182
20183
20184
20185
20186
20187
20188
20189
20190
20191
20192
20197
20198
20199
20200
20201
20202
20203
20204
20205
20206
20207
20208
20209
20210
20211
20212
20213
20214
20215
20216
20221
20222
20223
20224
20225
20226
20227
20228
20229
20230
20231
20232
20233
20234
20235
20236
20237
20238
20239
20240
20245
20246
20247
20248
20249
20250
20251
20252
20253
20254
20255
20256
20257
20258
20259
20260
20261
20262
20263
20264
20269
20270
20271
20272
20273
20274
20275
20276
20277
20278
20279
20280
20281
20282
20283
20284
20285
20286
20287
20288
20293
20294
20295
20296
20297
20298
20299
20300
20301
20302
20303
20304
20305
20306
20307
20308
20309
20310
20311
20312
20317
20318
20319
20320
20321
20322
20323
20324
20325
20326
20327
20328
20329
20330
20331
20332
20333
20334
20335
20336
20341
20342
20343
20344
20345
20346
20347
20348
20349
20350
20351
20352
20353
20354
20355
20356
20357
20358
20359
20360
20365
20366
20367
20368
20369
20370
20371
20372
20373
20374
20375
20376
20377
20378
20379
20380
20381
20382
20383
20384
20389
20390
20391
20392
20393
20394
20395
20396
20397
20398
20399
20400
20401
20402
20403
20404
20405
20406
20407
20408
20413
20414
20415
20416
20417
20418
20419
20420
20421
20422
20423
20424
20425
20426
20427
20428
20429
20430
20431
20432
20437
20438
20439
20440
20441
20442
20443
20444
20445
20446
20447
20448
20449
20450
20451
20452
20453
20454
20455
20456
20461
20462
20463
20464
20465
20466
20467
20468
20469
20470
20471
20472
20473
20474
20475
20476
20477
20478
20479
20480
20486
20487
20488
20489
20490
20491
20492
20493
20494
20495
20496
20497
20498
20499
20510
20511
20512
20513
20514
20515
20516
20517
20893
20894
20895
20896
20897
20898
20899
20900
20901
20902
20903
20904
20905
20906
20907
20908
20909
20910
20911
20912
20917
20918
20919
20920
20921
20922
20923
20924
20925
20926
20927
20928
20929
20930
20931
20932
20933
20934
20935
20936
20941
20942
20943
20944
20945
20946
20947
20948
20949
20950
20951
20952
20953
20954
20955
20956
20957
20958
20959
20960
20965
20966
20967
20968
20969
20970
20971
20972
20973
20974
20975
20976
20977
20978
20979
20980
20981
20982
20983
20984
20989
20990
20991
20992
20993
20994
20995
20996
20997
20998
20999
21000
21001
21002
21003
21004
21005
21006
21007
21008
21013
21014
21015
21016
21017
21018
21019
21020
21021
21022
21023
21024
21025
21026
21027
21028
21029
21030
21031
21032
21037
21038
21039
21040
21041
21042
21043
21044
21045
21046
21047
21048
21049
21050
21051
21052
21053
21054
21055
21056
21061
21062
21063
21064
21065
21066
21067
21068
21069
21070
21071
21072
21073
21074
21075
21076
21077
21078
21079
21080
21085
21086
21087
21088
21089
21090
21091
21092
21093
21094
21095
21096
21097
21098
21099
21100
21101
21102
21103
21104
21109
21110
21111
21112
21113
21114
21115
21116
21117
21118
21119
21120
21121
21122
21123
21124
21125
21126
21127
21128
21133
21134
21135
21136
21137
21138
21139
21140
21141
21142
21143
21144
21145
21146
21147
21148
21149
21150
21151
21152
21157
21158
21159
21160
21161
21162
21163
21164
21165
21166
21167
21168
21169
21170
21171
21172
21173
21174
21175
21176
21181
21182
21183
21184
21185
21186
21187
21188
21189
21190
21191
21192
21193
21194
21195
21196
21197
21198
21199
21200
21205
21206
21207
21208
21209
21210
21211
21212
21213
21214
21215
21216
21217
21218
21219
21220
21221
21222
21223
21224
21229
21230
21231
21232
21233
21234
21235
21236
21237
21238
21239
21240
21241
21242
21243
21244
21245
21246
21247
21248
21253
21254
21255
21256
21257
21258
21259
21260
21261
21262
21263
21264
21265
21266
21267
21268
21269
21270
21271
21272
21278
21279
21280
21281
21282
21283
21284
21285
21286
21287
21288
21289
21290
21291
21302
21303
21304
21305
21306
21307
21308
21309
21686
21687
21688
21689
21690
21691
21692
21693
21694
21695
21696
21697
21698
21699
21700
21701
21702
21703
21704
21710
21711
21712
21713
21714
21715
21716
21717
21718
21719
21720
21721
21722
21723
21724
21725
21726
21727
21728
21734
21735
21736
21737
21738
21739
21740
21741
21742
21743
21744
21745
21746
21747
21748
21749
21750
21751
21752
21758
21759
21760
21761
21762
21763
21764
21765
21766
21767
21768
21769
21770
21771
21772
21773
21774
21775
21776
21782
21783
21784
21785
21786
21787
21788
21789
21790
21791
21792
21793
21794
21795
21796
21797
21798
21799
21800
21806
21807
21808
21809
21810
21811
21812
21813
21814
21815
21816
21817
21818
21819
21820
21821
21822
21823
21824
21830
21831
21832
21833
21834
21835
21836
21837
21838
21839
21840
21841
21842
21843
21844
21845
21846
21847
21848
21854
21855
21856
21857
21858
21859
21860
21861
21862
21863
21864
21865
21866
21867
21868
21869
21870
21871
21872
21878
21879
21880
21881
21882
21883
21884
21885
21886
21887
21888
21889
21890
21891
21892
21893
21894
21895
21896
21902
21903
21904
21905
21906
21907
21908
21909
21910
21911
21912
21913
21914
21915
21916
21917
21918
21919
21920
21926
21927
21928
21929
21930
21931
21932
21933
21934
21935
21936
21937
21938
21939
21940
21941
21942
21943
21944
21950
21951
21952
21953
21954
21955
21956
21957
21958
21959
21960
21961
21962
21963
21964
21965
21966
21967
21968
21974
21975
21976
21977
21978
21979
21980
21981
21982
21983
21984
21985
21986
21987
21988
21989
21990
21991
21992
21998
21999
22000
22001
22002
22003
22004
22005
22006
22007
22008
22009
22010
22011
22012
22013
22014
22015
22016
22022
22023
22024
22025
22026
22027
22028
22029
22030
22031
22032
22033
22034
22035
22036
22037
22038
22039
22040
22046
22047
22048
22049
22050
22051
22052
22053
22054
22055
22056
22057
22058
22059
22060
22061
22062
22063
22064
22070
22071
22072
22073
22074
22075
22076
22077
22078
22079
22080
22081
22082
22083
22094
22095
22096
22097
22098
22099
22100
22101
22478
22479
22480
22481
22482
22483
22484
22485
22486
22487
22488
22489
22490
22491
22492
22493
22494
22495
22496
22502
22503
22504
22505
22506
22507
22508
22509
22510
22511
22512
22513
22514
22515
22516
22517
22518
22519
22520
22526
22527
22528
22529
22530
22531
22532
22533
22534
22535
22536
22537
22538
22539
22540
22541
22542
22543
22544
22550
22551
22552
22553
22554
22555
22556
22557
22558
22559
22560
22561
22562
22563
22564
22565
22566
22567
22568
22574
22575
22576
22577
22578
22579
22580
22581
22582
22583
22584
22585
22586
22587
22588
22589
22590
22591
22592
22598
22599
22600
22601
22602
22603
22604
22605
22606
22607
22608
22609
22610
22611
22612
22613
22614
22615
22616
22622
22623
22624
22625
22626
22627
22628
22629
22630
22631
22632
22633
22634
22635
22636
22637
22638
22639
22640
22646
22647
22648
22649
22650
22651
22652
22653
22654
22655
22656
22657
22658
22659
22660
22661
22662
22663
22664
22670
22671
22672
22673
22674
22675
22676
22677
22678
22679
22680
22681
22682
22683
22684
22685
22686
22687
22688
22694
22695
22696
22697
22698
22699
22700
22701
22702
22703
22704
22705
22706
22707
22708
22709
22710
22711
22712
22718
22719
22720
22721
22722
22723
22724
22725
22726
22727
22728
22729
22730
22731
22732
22733
22734
22735
22736
22742
22743
22744
22745
22746
22747
22748
22749
22750
22751
22752
22753
22754
22755
22756
22757
22758
22759
22760
22766
22767
22768
22769
22770
22771
22772
22773
22774
22775
22776
22777
22778
22779
22780
22781
22782
22783
22784
22790
22791
22792
22793
22794
22795
22796
22797
22798
22799
22800
22801
22802
22803
22804
22805
22806
22807
22808
22814
22815
22816
22817
22818
22819
22820
22821
22822
22823
22824
22825
22826
22827
22828
22829
22830
22831
22832
22838
22839
22840
22841
22842
22843
22844
22845
22846
22847
22848
22849
22850
22851
22852
22853
22854
22855
22856
22862
22863
22864
22865
22866
22867
22868
22869
22870
22871
22872
22873
22874
22875
22886
22887
22888
22889
22890
22891
22892
22893
23270
23271
23272
23273
23274
23275
23276
23277
23278
23279
23280
23281
23282
23283
23284
23285
23286
23287
23288
23294
23295
23296
23297
23298
23299
23300
23301
23302
23303
23304
23305
23306
23307
23308
23309
23310
23311
23312
23318
23319
23320
23321
23322
23323
23324
23325
23326
23327
23328
23329
23330
23331
23332
23333
23334
23335
23336
23342
23343
23344
23345
23346
23347
23348
23349
23350
23351
23352
23353
23354
23355
23356
23357
23358
23359
23360
23366
23367
23368
23369
23370
23371
23372
23373
23374
23375
23376
23377
23378
23379
23380
23381
23382
23383
23384
23390
23391
23392
23393
23394
23395
23396
23397
23398
23399
23400
23401
23402
23403
23404
23405
23406
23407
23408
23414
23415
23416
23417
23418
23419
23420
23421
23422
23423
23424
23425
23426
23427
23428
23429
23430
23431
23432
23438
23439
23440
23441
23442
23443
23444
23445
23446
23447
23448
23449
23450
23451
23452
23453
23454
23455
23456
23462
23463
23464
23465
23466
23467
23468
23469
23470
23471
23472
23473
23474
23475
23476
23477
23478
23479
23480
23486
23487
23488
23489
23490
23491
23492
23493
23494
23495
23496
23497
23498
23499
23500
23501
23502
23503
23504
23510
23511
23512
23513
23514
23515
23516
23517
23518
23519
23520
23521
23522
23523
23524
23525
23526
23527
23528
23534
23535
23536
23537
23538
23539
23540
23541
23542
23543
23544
23545
23546
23547
23548
23549
23550
23551
23552
23558
23559
23560
23561
23562
23563
23564
23565
23566
23567
23568
23569
23570
23571
23572
23573
23574
23575
23576
23582
23583
23584
23585
23586
23587
23588
23589
23590
23591
23592
23593
23594
23595
23596
23597
23598
23599
23600
23606
23607
23608
23609
23610
23611
23612
23613
23614
23615
23616
23617
23618
23619
23620
23621
23622
23623
23624
23630
23631
23632
23633
23634
23635
23636
23637
23638
23639
23640
23641
23642
23643
23644
23645
23646
23647
23648
23654
23655
23656
23657
23658
23659
23660
23661
23662
23663
23664
23665
23666
23667
23678
23679
23680
23681
23682
23683
23684
23685
24062
24063
24064
24065
24066
24067
24068
24069
24070
24071
24072
24073
24074
24075
24076
24077
24078
24079
24080
24086
24087
24088
24089
24090
24091
24092
24093
24094
24095
24096
24097
24098
24099
24100
24101
24102
24103
24104
24110
24111
24112
24113
24114
24115
24116
24117
24118
24119
24120
24121
24122
24123
24124
24125
24126
24127
24128
24134
24135
24136
24137
24138
24139
24140
24141
24142
24143
24144
24145
24146
24147
24148
24149
24150
24151
24152
24158
24159
24160
24161
24162
24163
24164
24165
24166
24167
24168
24169
24170
24171
24172
24173
24174
24175
24176
24182
24183
24184
24185
24186
24187
24188
24189
24190
24191
24192
24193
24194
24195
24196
24197
24198
24199
24200
24206
24207
24208
24209
24210
24211
24212
24213
24214
24215
24216
24217
24218
24219
24220
24221
24222
24223
24224
24230
24231
24232
24233
24234
24235
24236
24237
24238
24239
24240
24241
24242
24243
24244
24245
24246
24247
24248
24254
24255
24256
24257
24258
24259
24260
24261
24262
24263
24264
24265
24266
24267
24268
24269
24270
24271
24272
24278
24279
24280
24281
24282
24283
24284
24285
24286
24287
24288
24289
24290
24291
24292
24293
24294
24295
24296
24302
24303
24304
24305
24306
24307
24308
24309
24310
24311
24312
24313
24314
24315
24316
24317
24318
24319
24320
24326
24327
24328
24329
24330
24331
24332
24333
24334
24335
24336
24337
24338
24339
24340
24341
24342
24343
24344
24350
24351
24352
24353
24354
24355
24356
24357
24358
24359
24360
24361
24362
24363
24364
24365
24366
24367
24368
24374
24375
24376
24377
24378
24379
24380
24381
24382
24383
24384
24385
24386
24387
24388
24389
24390
24391
24392
24398
24399
24400
24401
24402
24403
24404
24405
24406
24407
24408
24409
24410
24411
24412
24413
24414
24415
24416
24422
24423
24424
24425
24426
24427
24428
24429
24430
24431
24432
24433
24434
24435
24436
24437
24438
24439
24440
24446
24447
24448
24449
24450
24451
24452
24453
24454
24455
24456
24457
24458
24459
24472
24473
24474
24475
24476
24477
24854
24855
24856
24857
24858
24859
24860
24861
24862
24863
24864
24865
24866
24867
24868
24869
24870
24871
24872
24878
24879
24880
24881
24882
24883
24884
24885
24886
24887
24888
24889
24890
24891
24892
24893
24894
24895
24896
24902
24903
24904
24905
24906
24907
24908
24909
24910
24911
24912
24913
24914
24915
24916
24917
24918
24919
24920
24926
24927
24928
24929
24930
24931
24932
24933
24934
24935
24936
24937
24938
24939
24940
24941
24942
24943
24944
24950
24951
24952
24953
24954
24955
24956
24957
24958
24959
24960
24961
24962
24963
24964
24965
24966
24967
24968
24974
24975
24976
24977
24978
24979
24980
24981
24982
24983
24984
24985
24986
24987
24988
24989
24990
24991
24992
24998
24999
25000
25001
25002
25003
25004
25005
25006
25007
25008
25009
25010
25011
25012
25013
25014
25015
25016
25022
25023
25024
25025
25026
25027
25028
25029
25030
25031
25032
25033
25034
25035
25036
25037
25038
25039
25040
25046
25047
25048
25049
25050
25051
25052
25053
25054
25055
25056
25057
25058
25059
25060
25061
25062
25063
25064
25070
25071
25072
25073
25074
25075
25076
25077
25078
25079
25080
25081
25082
25083
25084
25085
25086
25087
25088
25094
25095
25096
25097
25098
25099
25100
25101
25102
25103
25104
25105
25106
25107
25108
25109
25110
25111
25112
25118
25119
25120
25121
25122
25123
25124
25125
25126
25127
25128
25129
25130
25131
25132
25133
25134
25135
25136
25142
25143
25144
25145
25146
25147
25148
25149
25150
25151
25152
25153
25154
25155
25156
25157
25158
25159
25160
25166
25167
25168
25169
25170
25171
25172
25173
25174
25175
25176
25177
25178
25179
25180
25181
25182
25183
25184
25190
25191
25192
25193
25194
25195
25196
25197
25198
25199
25200
25201
25202
25203
25204
25205
25206
25207
25208
25214
25215
25216
25217
25218
25219
25220
25221
25222
25223
25224
25225
25226
25227
25228
25229
25230
25231
25232
25238
25239
25240
31185
31186
31187
31188
31189
31190
31191
31192
31193
31201
31202
31203
31204
31205
31206
31207
31208
31209
31217
31218
31219
31220
31221
31222
31223
31224
31225
31233
31234
31235
31236
31237
31238
31239
31240
31241
31249
31250
31251
31252
31253
31254
31255
31256
31257
31265
31266
31267
31268
31269
31270
31271
31272
31273
31281
31282
31283
31284
31285
31286
31287
31288
31289
31297
31298
31299
31300
31301
31302
31303
31304
31305
31313
31314
31315
31316
31317
31318
31319
31320
31321
31329
31330
31331
31332
31333
31334
31335
31336
31345
31346
31347
31348
31349
31350
31351
31352
31361
31362
31363
31364
31365
31366
31367
31368
31377
31378
31379
31380
31381
31382
31383
31384
31393
31394
31395
31396
31397
31398
31399
31400
31409
31410
31411
31412
31413
31414
31415
31416
31425
31426
31427
31713
31714
31715
31716
31717
31718
31719
31720
31721
31729
31730
31731
31732
31733
31734
31735
31736
31737
31745
31746
31747
31748
31749
31750
31751
31752
31753
31761
31762
31763
31764
31765
31766
31767
31768
31769
31777
31778
31779
31780
31781
31782
31783
31784
31785
31793
31794
31795
31796
31797
31798
31799
31800
31801
31809
31810
31811
31812
31813
31814
31815
31816
31817
31825
31826
31827
31828
31829
31830
31831
31832
31833
31841
31842
31843
31844
31845
31846
31847
31848
31849
31857
31858
31859
31860
31861
31862
31863
31864
31873
31874
31875
31876
31877
31878
31879
31880
31889
31890
31891
31892
31893
31894
31895
31896
31905
31906
31907
31908
31909
31910
31911
31912
31921
31922
31923
31924
31925
31926
31927
31928
31937
31938
31939
31940
31941
31942
31943
31944
31953
31954
31955
32241
32242
32243
32244
32245
32246
32247
32248
32249
32257
32258
32259
32260
32261
32262
32263
32264
32265
32273
32274
32275
32276
32277
32278
32279
32280
32281
32289
32290
32291
32292
32293
32294
32295
32296
32297
32305
32306
32307
32308
32309
32310
32311
32312
32313
32321
32322
32323
32324
32325
32326
32327
32328
32329
32337
32338
32339
32340
32341
32342
32343
32344
32345
32353
32354
32355
32356
32357
32358
32359
32360
32361
32369
32370
32371
32372
32373
32374
32375
32376
32377
32385
32386
32387
32388
32389
32390
32391
32392
32401
32402
32403
32404
32405
32406
32407
32408
32417
32418
32419
32420
32421
32422
32423
32424
32433
32434
32435
32436
32437
32438
32439
32440
32449
32450
32451
32452
32453
32454
32455
32456
32465
32466
32467
32468
32469
32470
32471
32472
32481
32482
32483
32769
32770
32771
32772
32773
32774
32775
32776
32777
32785
32786
32787
32788
32789
32790
32791
32792
32793
32801
32802
32803
32804
32805
32806
32807
32808
32809
32817
32818
32819
32820
32821
32822
32823
32824
32825
32833
32834
32835
32836
32837
32838
32839
32840
32841
32849
32850
32851
32852
32853
32854
32855
32856
32857
32865
32866
32867
32868
32869
32870
32871
32872
32873
32881
32882
32883
32884
32885
32886
32887
32888
32889
32897
32898
32899
32900
32901
32902
32903
32904
32905
32913
32914
32915
32916
32917
32918
32919
32920
32929
32930
32931
32932
32933
32934
32935
32936
32945
32946
32947
32948
32949
32950
32951
32952
32961
32962
32963
32964
32965
32966
32967
32968
32977
32978
32979
32980
32981
32982
32983
32984
32993
32994
32995
32996
32997
32998
32999
33000
33009
33010
33011
33297
33298
33299
33300
33301
33302
33303
33304
33305
33313
33314
33315
33316
33317
33318
33319
33320
33321
33329
33330
33331
33332
33333
33334
33335
33336
33337
33345
33346
33347
33348
33349
33350
33351
33352
33353
33361
33362
33363
33364
33365
33366
33367
33368
33369
33377
33378
33379
33380
33381
33382
33383
33384
33385
33393
33394
33395
33396
33397
33398
33399
33400
33401
33409
33410
33411
33412
33413
33414
33415
33416
33417
33425
33426
33427
33428
33429
33430
33431
33432
33433
33441
33442
33443
33444
33445
33446
33447
33448
33457
33458
33459
33460
33461
33462
33463
33464
33473
33474
33475
33476
33477
33478
33479
33480
33489
33490
33491
33492
33493
33494
33495
33496
33505
33506
33507
33508
33509
33510
33511
33512
33521
33522
33523
33524
33525
33526
33527
33528
33537
33538
33539
33825
33826
33827
33828
33829
33830
33831
33832
33833
33841
33842
33843
33844
33845
33846
33847
33848
33849
33857
33858
33859
33860
33861
33862
33863
33864
33865
33873
33874
33875
33876
33877
33878
33879
33880
33881
33889
33890
33891
33892
33893
33894
33895
33896
33897
33905
33906
33907
33908
33909
33910
33911
33912
33913
33921
33922
33923
33924
33925
33926
33927
33928
33929
33937
33938
33939
33940
33941
33942
33943
33944
33945
33953
33954
33955
33956
33957
33958
33959
33960
33961
33969
33970
33971
33972
33973
33974
33975
33976
33985
33986
33987
33988
33989
33990
33991
33992
34001
34002
34003
34004
34005
34006
34007
34008
34017
34018
34019
34020
34021
34022
34023
34024
34033
34034
34035
34036
34037
34038
34039
34040
34049
34050
34051
34052
34053
34054
34055
34056
34065
34066
34067
34353
34354
34355
34356
34357
34358
34359
34360
34361
34369
34370
34371
34372
34373
34374
34375
34376
34377
34385
34386
34387
34388
34389
34390
34391
34392
34393
34401
34402
34403
34404
34405
34406
34407
34408
34409
34417
34418
34419
34420
34421
34422
34423
34424
34425
34433
34434
34435
34436
34437
34438
34439
34440
34441
34449
34450
34451
34452
34453
34454
34455
34456
34457
34465
34466
34467
34468
34469
34470
34471
34472
34473
34481
34482
34483
34484
34485
34486
34487
34488
34489
34497
34498
34499
34500
34501
34502
34503
34504
34513
34514
34515
34516
34517
34518
34519
34520
34529
34530
34531
34532
34533
34534
34535
34536
34545
34546
34547
34548
34549
34550
34551
34552
34561
34562
34563
34564
34565
34566
34567
34568
34577
34578
34579
34580
34581
34582
34583
34584
34593
34594
34595
34881
34882
34883
34884
34885
34886
34887
34888
34889
34897
34898
34899
34900
34901
34902
34903
34904
34905
34913
34914
34915
34916
34917
34918
34919
34920
34921
34929
34930
34931
34932
34933
34934
34935
34936
34937
34945
34946
34947
34948
34949
34950
34951
34952
34953
34961
34962
34963
34964
34965
34966
34967
34968
34969
34977
34978
34979
34980
34981
34982
34983
34984
34985
34993
34994
34995
34996
34997
34998
34999
35000
35001
35009
35010
35011
35012
35013
35014
35015
35016
35017
35025
35026
35027
35028
35029
35030
35031
35032
35041
35042
35043
35044
35045
35046
35047
35048
35057
35058
35059
35060
35061
35062
35063
35064
35073
35074
35075
35076
35077
35078
35079
35080
35089
35090
35091
35092
35093
35094
35095
35096
35105
35106
35107
35108
35109
35110
35111
35112
35121
35122
35123
35409
35410
35411
35412
35413
35414
35415
35416
35417
35425
35426
35427
35428
35429
35430
35431
35432
35433
35441
35442
35443
35444
35445
35446
35447
35448
35449
35457
35458
35459
35460
35461
35462
35463
35464
35465
35473
35474
35475
35476
35477
35478
35479
35480
35481
35489
35490
35491
35492
35493
35494
35495
35496
35497
35505
35506
35507
35508
35509
35510
35511
35512
35513
35521
35522
35523
35524
35525
35526
35527
35528
35529
35537
35538
35539
35540
35541
35542
35543
35544
35545
35553
35554
35555
35556
35557
35558
35559
35560
35569
35570
35571
35572
35573
35574
35575
35576
35585
35586
35587
35588
35589
35590
35591
35592
35601
35602
35603
35604
35605
35606
35607
35608
35617
35618
35619
35620
35621
35622
35623
35624
35633
35634
35635
35636
35637
35638
35639
35640
35649
35650
35651
35937
35938
35939
35940
35941
35942
35943
35944
35945
35953
35954
35955
35956
35957
35958
35959
35960
35961
35969
35970
35971
35972
35973
35974
35975
35976
35977
35985
35986
35987
35988
35989
35990
35991
35992
35993
36001
36002
36003
36004
36005
36006
36007
36008
36009
36017
36018
36019
36020
36021
36022
36023
36024
36025
36033
36034
36035
36036
36037
36038
36039
36040
36041
36049
36050
36051
36052
36053
36054
36055
36056
36057
36065
36066
36067
36068
36069
36070
36071
36072
36073
36081
36082
36083
36084
36085
36086
36087
36088
36097
36098
36099
36100
36101
36102
36103
36104
36113
36114
36115
36116
36117
36118
36119
36120
36129
36130
36131
36132
36133
36134
36135
36136
36145
36146
36147
36148
36149
36150
36151
36152
36161
36162
36163
36164
36165
36166
36167
36168
36177
36178
36179
36465
36466
36467
36468
36469
36470
36471
36472
36473
36481
36482
36483
36484
36485
36486
36487
36488
36489
36497
36498
36499
36500
36501
36502
36503
36504
36505
36513
36514
36515
36516
36517
36518
36519
36520
36521
36529
36530
36531
36532
36533
36534
36535
36536
36537
36545
36546
36547
36548
36549
36550
36551
36552
36553
36561
36562
36563
36564
36565
36566
36567
36568
36569
36577
36578
36579
36580
36581
36582
36583
36584
36585
36593
36594
36595
36596
36597
36598
36599
36600
36601
36609
36610
36611
36612
36613
36614
36615
36616
36625
36626
36627
36628
36629
36630
36631
36632
36641
36642
36643
36644
36645
36646
36647
36648
36657
36658
36659
36660
36661
36662
36663
36664
36673
36674
36675
36676
36677
36678
36679
36680
36689
36690
36691
36692
36693
36694
36695
36696
36705
36706
36707
36993
36994
36995
36996
36997
36998
36999
37000
37001
37009
37010
37011
37012
37013
37014
37015
37016
37017
37025
37026
37027
37028
37029
37030
37031
37032
37033
37041
37042
37043
37044
37045
37046
37047
37048
37049
37057
37058
37059
37060
37061
37062
37063
37064
37065
37073
37074
37075
37076
37077
37078
37079
37080
37081
37089
37090
37091
37092
37093
37094
37095
37096
37097
37105
37106
37107
37108
37109
37110
37111
37112
37113
37121
37122
37123
37124
37125
37126
37127
37128
37129
37137
37138
37139
37140
37141
37142
37143
37144
37153
37154
37155
37156
37157
37158
37159
37160
37169
37170
37171
37172
37173
37174
37175
37176
37185
37186
37187
37188
37189
37190
37191
37192
37201
37202
37203
37204
37205
37206
37207
37208
37217
37218
37219
37220
37221
37222
37223
37224
37233
37234
37235
37521
37522
37523
37524
37525
37526
37527
37528
37529
37537
37538
37539
37540
37541
37542
37543
37544
37545
37553
37554
37555
37556
37557
37558
37559
37560
37561
37569
37570
37571
37572
37573
37574
37575
37576
37577
37585
37586
37587
37588
37589
37590
37591
37592
37593
37601
37602
37603
37604
37605
37606
37607
37608
37609
37617
37618
37619
37620
37621
37622
37623
37624
37625
37633
37634
37635
37636
37637
37638
37639
37640
37641
37649
37650
37651
37652
37653
37654
37655
37656
37665
37666
37667
37668
37669
37670
37671
37672
37681
37682
37683
37684
37685
37686
37687
37688
37697
37698
37699
37700
37701
37702
37703
37704
37713
37714
37715
37716
37717
37718
37719
37720
37729
37730
37731
37732
37733
37734
37735
37745
37746
37747
37748
37749
37750
37751
37761
37762
37763
38049
38050
38051
38052
38053
38054
38055
38056
38057
38065
38066
38067
38068
38069
38070
38071
38072
38073
38081
38082
38083
38084
38085
38086
38087
38088
38089
38097
38098
38099
38100
38101
38102
38103
38104
38105
38113
38114
38115
38116
38117
38118
38119
38120
38121
38129
38130
38131
38132
38133
38134
38135
38136
38137
38145
38146
38147
38148
38149
38150
38151
38152
38153
38161
38162
38163
38164
38165
38166
38167
38168
38177
38178
38179
38180
38181
38182
38183
38184
38193
38194
38195
38196
38197
38198
38199
38200
38209
38210
38211
38212
38213
38214
38215
38216
38225
38226
38227
38228
38229
38230
38231
38232
38241
38242
38243
38244
38245
38246
38247
38248
38257
38258
38259
38260
38261
38262
38263
38273
38274
38275
38276
38277
38278
38279
38289
38290
38291
)


// ************************************************************************* //
