/*--------------------------------*- C++ -*----------------------------------*\
| =========                 |                                                 |
| \\      /  F ield         | OpenFOAM: The Open Source CFD Toolbox           |
|  \\    /   O peration     | Version:  2406                                  |
|   \\  /    A nd           | Website:  www.openfoam.com                      |
|    \\/     M anipulation  |                                                 |
\*---------------------------------------------------------------------------*/
FoamFile
{
    version     2.0;
    format      ascii;
    arch        "LSB;label=32;scalar=64";
    note        "nPoints:6521  nCells:5437  nFaces:17335  nInternalFaces:15287";
    class       labelList;
    location    "constant/polyMesh";
    object      neighbour;
}
// * * * * * * * * * * * * * * * * * * * * * * * * * * * * * * * * * * * * * //


15287
(
1
5
66
2
6
67
3
7
68
4
8
69
9
70
957
6
10
71
7
11
72
8
12
73
9
13
74
14
75
977
11
15
76
12
16
77
13
17
78
14
18
79
19
80
997
16
20
81
17
21
82
18
22
83
19
23
84
24
85
1017
21
25
86
22
26
87
23
27
88
24
28
89
29
90
1037
26
30
91
27
31
92
28
32
93
29
33
94
34
95
1057
31
96
32
97
33
98
34
99
100
1077
40
101
1129
37
41
102
38
42
103
39
43
104
40
44
105
45
106
1149
42
46
107
43
47
108
44
48
109
45
49
110
50
111
1169
47
51
112
48
52
113
49
53
114
50
54
115
55
116
1189
52
56
117
53
57
118
54
58
119
55
59
120
60
121
1209
57
61
122
58
62
123
59
63
124
60
64
125
65
126
1229
62
66
127
63
67
128
64
68
129
65
69
130
70
131
1249
67
71
132
68
72
133
69
73
134
70
74
135
75
136
1269
72
76
137
73
77
138
74
78
139
75
79
140
80
141
1289
77
81
142
78
82
143
79
83
144
80
84
145
85
146
1309
82
86
147
83
87
148
84
88
149
85
89
150
90
151
1329
87
91
152
88
92
153
89
93
154
90
94
155
95
156
1349
92
96
157
93
97
158
94
98
159
95
99
160
100
161
1369
97
162
98
163
99
164
100
165
166
1389
106
167
1441
103
107
168
104
108
169
105
109
170
106
110
171
111
172
1461
108
112
173
109
113
174
110
114
175
111
115
176
116
177
1481
113
117
178
114
118
179
115
119
180
116
120
181
121
182
1501
118
122
183
119
123
184
120
124
185
121
125
186
126
187
1521
123
127
188
124
128
189
125
129
190
126
130
191
131
192
1541
128
132
193
129
133
194
130
134
195
131
135
196
136
197
1561
133
137
198
134
138
199
135
139
200
136
140
201
141
202
1581
138
142
203
139
143
204
140
144
205
141
145
206
146
207
1601
143
147
208
144
148
209
145
149
210
146
150
211
151
212
1621
148
152
213
149
153
214
150
154
215
151
155
216
156
217
1641
153
157
218
154
158
219
155
159
220
156
160
221
161
222
1661
158
162
223
159
163
224
160
164
225
161
165
226
166
227
1681
163
228
164
229
165
230
166
231
232
1701
172
233
1773
169
173
234
170
174
235
171
175
236
172
176
237
177
238
1793
174
178
239
175
179
240
176
180
241
177
181
242
182
243
1813
179
183
244
180
184
245
181
185
246
182
186
247
187
248
1833
184
188
249
185
189
250
186
190
251
187
191
252
192
253
1853
189
193
254
190
194
255
191
195
256
192
196
257
197
258
1873
194
198
259
195
199
260
196
200
261
197
201
262
202
263
1893
199
203
264
200
204
265
201
205
266
202
206
267
207
268
1913
204
208
269
205
209
270
206
210
271
207
211
272
212
273
1933
209
213
274
210
214
275
211
215
276
212
216
277
217
278
1953
214
218
279
215
219
280
216
220
281
217
221
282
222
283
1973
219
223
284
220
224
285
221
225
286
222
226
287
227
288
1993
224
228
289
225
229
290
226
230
291
227
231
292
232
293
2013
229
294
230
295
231
296
232
297
298
2033
238
299
2105
235
239
300
236
240
301
237
241
302
238
242
303
243
304
2125
240
244
305
241
245
306
242
246
307
243
247
308
248
309
2145
245
249
310
246
250
311
247
251
312
248
252
313
253
314
2165
250
254
315
251
255
316
252
256
317
253
257
318
258
319
2185
255
259
320
256
260
321
257
261
322
258
262
323
263
324
2205
260
264
325
261
265
326
262
266
327
263
267
328
268
329
2225
265
269
330
266
270
331
267
271
332
268
272
333
273
334
2245
270
274
335
271
275
336
272
276
337
273
277
338
278
339
2265
275
279
340
276
280
341
277
281
342
278
282
343
283
344
2285
280
284
345
281
285
346
282
286
347
283
287
348
288
349
2305
285
289
350
286
290
351
287
291
352
288
292
353
293
354
2325
290
294
355
291
295
356
292
296
357
293
297
358
298
359
2345
295
360
296
361
297
362
298
363
364
2365
304
365
2437
301
305
366
302
306
367
303
307
368
304
308
369
309
370
2457
306
310
371
307
311
372
308
312
373
309
313
374
314
375
2477
311
315
376
312
316
377
313
317
378
314
318
379
319
380
2497
316
320
381
317
321
382
318
322
383
319
323
384
324
385
2517
321
325
386
322
326
387
323
327
388
324
328
389
329
390
2537
326
330
391
327
331
392
328
332
393
329
333
394
334
395
2557
331
335
396
332
336
397
333
337
398
334
338
399
339
400
2577
336
340
401
337
341
402
338
342
403
339
343
404
344
405
2597
341
345
406
342
346
407
343
347
408
344
348
409
349
410
2617
346
350
411
347
351
412
348
352
413
349
353
414
354
415
2637
351
355
416
352
356
417
353
357
418
354
358
419
359
420
2657
356
360
421
357
361
422
358
362
423
359
363
424
364
425
2677
361
426
362
427
363
428
364
429
430
2697
370
2769
3049
367
371
3050
368
372
3051
369
373
3052
370
374
3053
375
2789
3054
372
376
3055
373
377
3056
374
378
3057
375
379
3058
380
2809
3059
377
381
3060
378
382
3061
379
383
3062
380
384
3063
385
2829
3064
382
386
3065
383
387
3066
384
388
3067
385
389
3068
390
2849
3069
387
391
3070
388
392
3071
389
393
3072
390
394
3073
395
2869
3074
392
396
3075
393
397
3076
394
398
3077
395
399
3078
400
2889
3079
397
401
3080
398
402
3081
399
403
3082
400
404
3083
405
2909
3084
402
406
3085
403
407
3086
404
408
3087
405
409
3088
410
2929
3089
407
411
3090
408
412
3091
409
413
3092
410
414
3093
415
2949
3094
412
416
3095
413
417
3096
414
418
3097
415
419
3098
420
2969
3099
417
421
3100
418
422
3101
419
423
3102
420
424
3103
425
2989
3104
422
426
3105
423
427
3106
424
428
3107
425
429
3108
430
3009
3109
427
3110
428
3111
429
3112
430
3113
3029
3114
432
435
500
433
436
501
434
437
502
438
503
436
439
509
437
440
510
438
441
511
442
512
440
443
518
441
444
519
442
445
520
446
521
444
447
527
445
448
528
446
449
529
450
530
448
451
536
449
452
537
450
453
538
454
539
452
455
545
453
456
546
454
457
547
458
548
456
459
554
457
460
555
458
461
556
462
557
460
463
563
461
464
564
462
465
565
466
566
464
467
572
465
468
573
466
469
574
470
575
468
471
581
469
472
582
470
473
583
474
584
472
475
590
473
476
591
474
477
592
478
593
476
479
599
477
480
600
478
481
601
482
602
480
483
608
481
484
609
482
485
610
486
611
484
487
617
485
488
618
486
489
619
490
620
488
491
626
489
492
627
490
493
628
494
629
492
635
493
636
494
637
638
496
504
642
497
505
643
498
506
644
499
507
645
500
508
646
501
509
647
502
510
648
503
511
649
512
650
505
513
654
506
514
655
507
515
656
508
516
657
509
517
658
510
518
659
511
519
660
512
520
661
521
662
514
522
666
515
523
667
516
524
668
517
525
669
518
526
670
519
527
671
520
528
672
521
529
673
530
674
523
531
678
524
532
679
525
533
680
526
534
681
527
535
682
528
536
683
529
537
684
530
538
685
539
686
532
540
690
533
541
691
534
542
692
535
543
693
536
544
694
537
545
695
538
546
696
539
547
697
548
698
541
549
702
542
550
703
543
551
704
544
552
705
545
553
706
546
554
707
547
555
708
548
556
709
557
710
550
558
714
551
559
715
552
560
716
553
561
717
554
562
718
555
563
719
556
564
720
557
565
721
566
722
559
567
726
560
568
727
561
569
728
562
570
729
563
571
730
564
572
731
565
573
732
566
574
733
575
734
568
576
738
569
577
739
570
578
740
571
579
741
572
580
742
573
581
743
574
582
744
575
583
745
584
746
577
585
750
578
586
751
579
587
752
580
588
753
581
589
754
582
590
755
583
591
756
584
592
757
593
758
586
594
762
587
595
763
588
596
764
589
597
765
590
598
766
591
599
767
592
600
768
593
601
769
602
770
595
603
774
596
604
775
597
605
776
598
606
777
599
607
778
600
608
779
601
609
780
602
610
781
611
782
604
612
786
605
613
787
606
614
788
607
615
789
608
616
790
609
617
791
610
618
792
611
619
793
620
794
613
621
798
614
622
799
615
623
800
616
624
801
617
625
802
618
626
803
619
627
804
620
628
805
629
806
622
630
810
623
631
811
624
632
812
625
633
813
626
634
814
627
635
815
628
636
816
629
637
817
638
818
631
822
632
823
633
824
634
825
635
826
636
827
637
828
638
829
830
640
651
833
641
652
834
642
653
835
643
654
836
644
655
837
645
656
838
646
657
839
647
658
840
648
659
841
649
660
842
650
661
843
662
844
652
663
847
653
664
848
654
665
849
655
666
850
656
667
851
657
668
852
658
669
853
659
670
854
660
671
855
661
672
856
662
673
857
674
858
664
675
861
665
676
862
666
677
863
667
678
864
668
679
865
669
680
866
670
681
867
671
682
868
672
683
869
673
684
870
674
685
871
686
872
676
687
875
677
688
876
678
689
877
679
690
878
680
691
879
681
692
880
682
693
881
683
694
882
684
695
883
685
696
884
686
697
885
698
886
688
699
889
689
700
890
690
701
891
691
702
892
692
703
893
693
704
894
694
705
895
695
706
896
696
707
897
697
708
898
698
709
899
710
900
700
711
903
701
712
904
702
713
905
703
714
906
704
715
907
705
716
908
706
717
909
707
718
910
708
719
911
709
720
912
710
721
913
722
914
712
723
917
713
724
918
714
725
919
715
726
920
716
727
921
717
728
922
718
729
923
719
730
924
720
731
925
721
732
926
722
733
927
734
928
724
735
931
725
736
932
726
737
933
727
738
934
728
739
935
729
740
936
730
741
937
731
742
938
732
743
939
733
744
940
734
745
941
746
942
736
747
945
737
748
946
738
749
947
739
750
948
740
751
949
741
752
950
742
753
951
743
754
952
744
755
953
745
756
954
746
757
955
758
956
748
759
965
749
760
966
750
761
967
751
762
968
752
763
969
753
764
970
754
765
971
755
766
972
756
767
973
757
768
974
758
769
975
770
976
760
771
985
761
772
986
762
773
987
763
774
988
764
775
989
765
776
990
766
777
991
767
778
992
768
779
993
769
780
994
770
781
995
782
996
772
783
1005
773
784
1006
774
785
1007
775
786
1008
776
787
1009
777
788
1010
778
789
1011
779
790
1012
780
791
1013
781
792
1014
782
793
1015
794
1016
784
795
1025
785
796
1026
786
797
1027
787
798
1028
788
799
1029
789
800
1030
790
801
1031
791
802
1032
792
803
1033
793
804
1034
794
805
1035
806
1036
796
807
1045
797
808
1046
798
809
1047
799
810
1048
800
811
1049
801
812
1050
802
813
1051
803
814
1052
804
815
1053
805
816
1054
806
817
1055
818
1056
808
819
1065
809
820
1066
810
821
1067
811
822
1068
812
823
1069
813
824
1070
814
825
1071
815
826
1072
816
827
1073
817
828
1074
818
829
1075
830
1076
820
1085
821
1086
822
1087
823
1088
824
1089
825
1090
826
1091
827
1092
828
1093
829
1094
830
1095
1096
832
845
1098
833
846
1099
834
847
1100
835
848
1101
836
849
1102
837
850
1103
838
851
1104
839
852
1105
840
853
1106
841
854
1107
842
855
1108
843
856
1109
844
857
1110
858
1111
846
859
1115
847
860
1116
848
861
1117
849
862
1118
850
863
1119
851
864
1120
852
865
1121
853
866
1122
854
867
1123
855
868
1124
856
869
1125
857
870
1126
858
871
1127
872
1128
860
873
1135
861
874
1136
862
875
1137
863
876
1138
864
877
1139
865
878
1140
866
879
1141
867
880
1142
868
881
1143
869
882
1144
870
883
1145
871
884
1146
872
885
1147
886
1148
874
887
1155
875
888
1156
876
889
1157
877
890
1158
878
891
1159
879
892
1160
880
893
1161
881
894
1162
882
895
1163
883
896
1164
884
897
1165
885
898
1166
886
899
1167
900
1168
888
901
1175
889
902
1176
890
903
1177
891
904
1178
892
905
1179
893
906
1180
894
907
1181
895
908
1182
896
909
1183
897
910
1184
898
911
1185
899
912
1186
900
913
1187
914
1188
902
915
1195
903
916
1196
904
917
1197
905
918
1198
906
919
1199
907
920
1200
908
921
1201
909
922
1202
910
923
1203
911
924
1204
912
925
1205
913
926
1206
914
927
1207
928
1208
916
929
1215
917
930
1216
918
931
1217
919
932
1218
920
933
1219
921
934
1220
922
935
1221
923
936
1222
924
937
1223
925
938
1224
926
939
1225
927
940
1226
928
941
1227
942
1228
930
943
1235
931
944
1236
932
945
1237
933
946
1238
934
947
1239
935
948
1240
936
949
1241
937
950
1242
938
951
1243
939
952
1244
940
953
1245
941
954
1246
942
955
1247
956
1248
944
963
1255
945
964
1256
946
965
1257
947
966
1258
948
967
1259
949
968
1260
950
969
1261
951
970
1262
952
971
1263
953
972
1264
954
973
1265
955
974
1266
956
975
1267
976
1268
958
977
1269
959
978
1270
960
979
1271
961
980
1272
962
981
1273
963
982
1274
964
983
1275
965
984
1276
966
985
1277
967
986
1278
968
987
1279
969
988
1280
970
989
1281
971
990
1282
972
991
1283
973
992
1284
974
993
1285
975
994
1286
976
995
1287
996
1288
978
997
1289
979
998
1290
980
999
1291
981
1000
1292
982
1001
1293
983
1002
1294
984
1003
1295
985
1004
1296
986
1005
1297
987
1006
1298
988
1007
1299
989
1008
1300
990
1009
1301
991
1010
1302
992
1011
1303
993
1012
1304
994
1013
1305
995
1014
1306
996
1015
1307
1016
1308
998
1017
1309
999
1018
1310
1000
1019
1311
1001
1020
1312
1002
1021
1313
1003
1022
1314
1004
1023
1315
1005
1024
1316
1006
1025
1317
1007
1026
1318
1008
1027
1319
1009
1028
1320
1010
1029
1321
1011
1030
1322
1012
1031
1323
1013
1032
1324
1014
1033
1325
1015
1034
1326
1016
1035
1327
1036
1328
1018
1037
1329
1019
1038
1330
1020
1039
1331
1021
1040
1332
1022
1041
1333
1023
1042
1334
1024
1043
1335
1025
1044
1336
1026
1045
1337
1027
1046
1338
1028
1047
1339
1029
1048
1340
1030
1049
1341
1031
1050
1342
1032
1051
1343
1033
1052
1344
1034
1053
1345
1035
1054
1346
1036
1055
1347
1056
1348
1038
1057
1349
1039
1058
1350
1040
1059
1351
1041
1060
1352
1042
1061
1353
1043
1062
1354
1044
1063
1355
1045
1064
1356
1046
1065
1357
1047
1066
1358
1048
1067
1359
1049
1068
1360
1050
1069
1361
1051
1070
1362
1052
1071
1363
1053
1072
1364
1054
1073
1365
1055
1074
1366
1056
1075
1367
1076
1368
1058
1077
1369
1059
1078
1370
1060
1079
1371
1061
1080
1372
1062
1081
1373
1063
1082
1374
1064
1083
1375
1065
1084
1376
1066
1085
1377
1067
1086
1378
1068
1087
1379
1069
1088
1380
1070
1089
1381
1071
1090
1382
1072
1091
1383
1073
1092
1384
1074
1093
1385
1075
1094
1386
1076
1095
1387
1096
1388
1078
1389
1079
1390
1080
1391
1081
1392
1082
1393
1083
1394
1084
1395
1085
1396
1086
1397
1087
1398
1088
1399
1089
1400
1090
1401
1091
1402
1092
1403
1093
1404
1094
1405
1095
1406
1096
1407
1408
1098
1114
1409
1099
1115
1410
1100
1116
1411
1101
1117
1412
1102
1118
1413
1103
1119
1414
1104
1120
1415
1105
1121
1416
1106
1122
1417
1107
1123
1418
1108
1124
1419
1109
1125
1420
1110
1126
1421
1111
1127
1422
1128
1423
1113
1132
1424
1114
1133
1425
1115
1134
1426
1116
1135
1427
1117
1136
1428
1118
1137
1429
1119
1138
1430
1120
1139
1431
1121
1140
1432
1122
1141
1433
1123
1142
1434
1124
1143
1435
1125
1144
1436
1126
1145
1437
1127
1146
1438
1128
1147
1439
1148
1440
1130
1149
1441
1131
1150
1442
1132
1151
1443
1133
1152
1444
1134
1153
1445
1135
1154
1446
1136
1155
1447
1137
1156
1448
1138
1157
1449
1139
1158
1450
1140
1159
1451
1141
1160
1452
1142
1161
1453
1143
1162
1454
1144
1163
1455
1145
1164
1456
1146
1165
1457
1147
1166
1458
1148
1167
1459
1168
1460
1150
1169
1461
1151
1170
1462
1152
1171
1463
1153
1172
1464
1154
1173
1465
1155
1174
1466
1156
1175
1467
1157
1176
1468
1158
1177
1469
1159
1178
1470
1160
1179
1471
1161
1180
1472
1162
1181
1473
1163
1182
1474
1164
1183
1475
1165
1184
1476
1166
1185
1477
1167
1186
1478
1168
1187
1479
1188
1480
1170
1189
1481
1171
1190
1482
1172
1191
1483
1173
1192
1484
1174
1193
1485
1175
1194
1486
1176
1195
1487
1177
1196
1488
1178
1197
1489
1179
1198
1490
1180
1199
1491
1181
1200
1492
1182
1201
1493
1183
1202
1494
1184
1203
1495
1185
1204
1496
1186
1205
1497
1187
1206
1498
1188
1207
1499
1208
1500
1190
1209
1501
1191
1210
1502
1192
1211
1503
1193
1212
1504
1194
1213
1505
1195
1214
1506
1196
1215
1507
1197
1216
1508
1198
1217
1509
1199
1218
1510
1200
1219
1511
1201
1220
1512
1202
1221
1513
1203
1222
1514
1204
1223
1515
1205
1224
1516
1206
1225
1517
1207
1226
1518
1208
1227
1519
1228
1520
1210
1229
1521
1211
1230
1522
1212
1231
1523
1213
1232
1524
1214
1233
1525
1215
1234
1526
1216
1235
1527
1217
1236
1528
1218
1237
1529
1219
1238
1530
1220
1239
1531
1221
1240
1532
1222
1241
1533
1223
1242
1534
1224
1243
1535
1225
1244
1536
1226
1245
1537
1227
1246
1538
1228
1247
1539
1248
1540
1230
1249
1541
1231
1250
1542
1232
1251
1543
1233
1252
1544
1234
1253
1545
1235
1254
1546
1236
1255
1547
1237
1256
1548
1238
1257
1549
1239
1258
1550
1240
1259
1551
1241
1260
1552
1242
1261
1553
1243
1262
1554
1244
1263
1555
1245
1264
1556
1246
1265
1557
1247
1266
1558
1248
1267
1559
1268
1560
1250
1269
1561
1251
1270
1562
1252
1271
1563
1253
1272
1564
1254
1273
1565
1255
1274
1566
1256
1275
1567
1257
1276
1568
1258
1277
1569
1259
1278
1570
1260
1279
1571
1261
1280
1572
1262
1281
1573
1263
1282
1574
1264
1283
1575
1265
1284
1576
1266
1285
1577
1267
1286
1578
1268
1287
1579
1288
1580
1270
1289
1581
1271
1290
1582
1272
1291
1583
1273
1292
1584
1274
1293
1585
1275
1294
1586
1276
1295
1587
1277
1296
1588
1278
1297
1589
1279
1298
1590
1280
1299
1591
1281
1300
1592
1282
1301
1593
1283
1302
1594
1284
1303
1595
1285
1304
1596
1286
1305
1597
1287
1306
1598
1288
1307
1599
1308
1600
1290
1309
1601
1291
1310
1602
1292
1311
1603
1293
1312
1604
1294
1313
1605
1295
1314
1606
1296
1315
1607
1297
1316
1608
1298
1317
1609
1299
1318
1610
1300
1319
1611
1301
1320
1612
1302
1321
1613
1303
1322
1614
1304
1323
1615
1305
1324
1616
1306
1325
1617
1307
1326
1618
1308
1327
1619
1328
1620
1310
1329
1621
1311
1330
1622
1312
1331
1623
1313
1332
1624
1314
1333
1625
1315
1334
1626
1316
1335
1627
1317
1336
1628
1318
1337
1629
1319
1338
1630
1320
1339
1631
1321
1340
1632
1322
1341
1633
1323
1342
1634
1324
1343
1635
1325
1344
1636
1326
1345
1637
1327
1346
1638
1328
1347
1639
1348
1640
1330
1349
1641
1331
1350
1642
1332
1351
1643
1333
1352
1644
1334
1353
1645
1335
1354
1646
1336
1355
1647
1337
1356
1648
1338
1357
1649
1339
1358
1650
1340
1359
1651
1341
1360
1652
1342
1361
1653
1343
1362
1654
1344
1363
1655
1345
1364
1656
1346
1365
1657
1347
1366
1658
1348
1367
1659
1368
1660
1350
1369
1661
1351
1370
1662
1352
1371
1663
1353
1372
1664
1354
1373
1665
1355
1374
1666
1356
1375
1667
1357
1376
1668
1358
1377
1669
1359
1378
1670
1360
1379
1671
1361
1380
1672
1362
1381
1673
1363
1382
1674
1364
1383
1675
1365
1384
1676
1366
1385
1677
1367
1386
1678
1368
1387
1679
1388
1680
1370
1389
1681
1371
1390
1682
1372
1391
1683
1373
1392
1684
1374
1393
1685
1375
1394
1686
1376
1395
1687
1377
1396
1688
1378
1397
1689
1379
1398
1690
1380
1399
1691
1381
1400
1692
1382
1401
1693
1383
1402
1694
1384
1403
1695
1385
1404
1696
1386
1405
1697
1387
1406
1698
1388
1407
1699
1408
1700
1390
1701
1391
1702
1392
1703
1393
1704
1394
1705
1395
1706
1396
1707
1397
1708
1398
1709
1399
1710
1400
1711
1401
1712
1402
1713
1403
1714
1404
1715
1405
1716
1406
1717
1407
1718
1408
1719
1720
1410
1426
1741
1411
1427
1742
1412
1428
1743
1413
1429
1744
1414
1430
1745
1415
1431
1746
1416
1432
1747
1417
1433
1748
1418
1434
1749
1419
1435
1750
1420
1436
1751
1421
1437
1752
1422
1438
1753
1423
1439
1754
1440
1755
1425
1444
1756
1426
1445
1757
1427
1446
1758
1428
1447
1759
1429
1448
1760
1430
1449
1761
1431
1450
1762
1432
1451
1763
1433
1452
1764
1434
1453
1765
1435
1454
1766
1436
1455
1767
1437
1456
1768
1438
1457
1769
1439
1458
1770
1440
1459
1771
1460
1772
1442
1461
1773
1443
1462
1774
1444
1463
1775
1445
1464
1776
1446
1465
1777
1447
1466
1778
1448
1467
1779
1449
1468
1780
1450
1469
1781
1451
1470
1782
1452
1471
1783
1453
1472
1784
1454
1473
1785
1455
1474
1786
1456
1475
1787
1457
1476
1788
1458
1477
1789
1459
1478
1790
1460
1479
1791
1480
1792
1462
1481
1793
1463
1482
1794
1464
1483
1795
1465
1484
1796
1466
1485
1797
1467
1486
1798
1468
1487
1799
1469
1488
1800
1470
1489
1801
1471
1490
1802
1472
1491
1803
1473
1492
1804
1474
1493
1805
1475
1494
1806
1476
1495
1807
1477
1496
1808
1478
1497
1809
1479
1498
1810
1480
1499
1811
1500
1812
1482
1501
1813
1483
1502
1814
1484
1503
1815
1485
1504
1816
1486
1505
1817
1487
1506
1818
1488
1507
1819
1489
1508
1820
1490
1509
1821
1491
1510
1822
1492
1511
1823
1493
1512
1824
1494
1513
1825
1495
1514
1826
1496
1515
1827
1497
1516
1828
1498
1517
1829
1499
1518
1830
1500
1519
1831
1520
1832
1502
1521
1833
1503
1522
1834
1504
1523
1835
1505
1524
1836
1506
1525
1837
1507
1526
1838
1508
1527
1839
1509
1528
1840
1510
1529
1841
1511
1530
1842
1512
1531
1843
1513
1532
1844
1514
1533
1845
1515
1534
1846
1516
1535
1847
1517
1536
1848
1518
1537
1849
1519
1538
1850
1520
1539
1851
1540
1852
1522
1541
1853
1523
1542
1854
1524
1543
1855
1525
1544
1856
1526
1545
1857
1527
1546
1858
1528
1547
1859
1529
1548
1860
1530
1549
1861
1531
1550
1862
1532
1551
1863
1533
1552
1864
1534
1553
1865
1535
1554
1866
1536
1555
1867
1537
1556
1868
1538
1557
1869
1539
1558
1870
1540
1559
1871
1560
1872
1542
1561
1873
1543
1562
1874
1544
1563
1875
1545
1564
1876
1546
1565
1877
1547
1566
1878
1548
1567
1879
1549
1568
1880
1550
1569
1881
1551
1570
1882
1552
1571
1883
1553
1572
1884
1554
1573
1885
1555
1574
1886
1556
1575
1887
1557
1576
1888
1558
1577
1889
1559
1578
1890
1560
1579
1891
1580
1892
1562
1581
1893
1563
1582
1894
1564
1583
1895
1565
1584
1896
1566
1585
1897
1567
1586
1898
1568
1587
1899
1569
1588
1900
1570
1589
1901
1571
1590
1902
1572
1591
1903
1573
1592
1904
1574
1593
1905
1575
1594
1906
1576
1595
1907
1577
1596
1908
1578
1597
1909
1579
1598
1910
1580
1599
1911
1600
1912
1582
1601
1913
1583
1602
1914
1584
1603
1915
1585
1604
1916
1586
1605
1917
1587
1606
1918
1588
1607
1919
1589
1608
1920
1590
1609
1921
1591
1610
1922
1592
1611
1923
1593
1612
1924
1594
1613
1925
1595
1614
1926
1596
1615
1927
1597
1616
1928
1598
1617
1929
1599
1618
1930
1600
1619
1931
1620
1932
1602
1621
1933
1603
1622
1934
1604
1623
1935
1605
1624
1936
1606
1625
1937
1607
1626
1938
1608
1627
1939
1609
1628
1940
1610
1629
1941
1611
1630
1942
1612
1631
1943
1613
1632
1944
1614
1633
1945
1615
1634
1946
1616
1635
1947
1617
1636
1948
1618
1637
1949
1619
1638
1950
1620
1639
1951
1640
1952
1622
1641
1953
1623
1642
1954
1624
1643
1955
1625
1644
1956
1626
1645
1957
1627
1646
1958
1628
1647
1959
1629
1648
1960
1630
1649
1961
1631
1650
1962
1632
1651
1963
1633
1652
1964
1634
1653
1965
1635
1654
1966
1636
1655
1967
1637
1656
1968
1638
1657
1969
1639
1658
1970
1640
1659
1971
1660
1972
1642
1661
1973
1643
1662
1974
1644
1663
1975
1645
1664
1976
1646
1665
1977
1647
1666
1978
1648
1667
1979
1649
1668
1980
1650
1669
1981
1651
1670
1982
1652
1671
1983
1653
1672
1984
1654
1673
1985
1655
1674
1986
1656
1675
1987
1657
1676
1988
1658
1677
1989
1659
1678
1990
1660
1679
1991
1680
1992
1662
1681
1993
1663
1682
1994
1664
1683
1995
1665
1684
1996
1666
1685
1997
1667
1686
1998
1668
1687
1999
1669
1688
2000
1670
1689
2001
1671
1690
2002
1672
1691
2003
1673
1692
2004
1674
1693
2005
1675
1694
2006
1676
1695
2007
1677
1696
2008
1678
1697
2009
1679
1698
2010
1680
1699
2011
1700
2012
1682
1701
2013
1683
1702
2014
1684
1703
2015
1685
1704
2016
1686
1705
2017
1687
1706
2018
1688
1707
2019
1689
1708
2020
1690
1709
2021
1691
1710
2022
1692
1711
2023
1693
1712
2024
1694
1713
2025
1695
1714
2026
1696
1715
2027
1697
1716
2028
1698
1717
2029
1699
1718
2030
1700
1719
2031
1720
2032
1702
2033
1703
2034
1704
2035
1705
2036
1706
2037
1707
2038
1708
2039
1709
2040
1710
2041
1711
2042
1712
2043
1713
2044
1714
2045
1715
2046
1716
2047
1717
2048
1718
2049
1719
2050
1720
2051
2052
1722
1732
2053
1723
1733
2054
1724
1734
2055
1725
1735
2056
1726
1736
2057
1727
1737
2058
1728
1738
2059
1729
1739
2060
1740
2061
1731
1745
2062
1732
1746
2063
1733
1747
2064
1734
1748
2065
1735
1749
2066
1736
1750
2067
1737
1751
2068
1738
1752
2069
1739
1753
2070
1740
1754
2071
1755
2072
1742
1758
2073
1743
1759
2074
1744
1760
2075
1745
1761
2076
1746
1762
2077
1747
1763
2078
1748
1764
2079
1749
1765
2080
1750
1766
2081
1751
1767
2082
1752
1768
2083
1753
1769
2084
1754
1770
2085
1755
1771
2086
1772
2087
1757
1776
2088
1758
1777
2089
1759
1778
2090
1760
1779
2091
1761
1780
2092
1762
1781
2093
1763
1782
2094
1764
1783
2095
1765
1784
2096
1766
1785
2097
1767
1786
2098
1768
1787
2099
1769
1788
2100
1770
1789
2101
1771
1790
2102
1772
1791
2103
1792
2104
1774
1793
2105
1775
1794
2106
1776
1795
2107
1777
1796
2108
1778
1797
2109
1779
1798
2110
1780
1799
2111
1781
1800
2112
1782
1801
2113
1783
1802
2114
1784
1803
2115
1785
1804
2116
1786
1805
2117
1787
1806
2118
1788
1807
2119
1789
1808
2120
1790
1809
2121
1791
1810
2122
1792
1811
2123
1812
2124
1794
1813
2125
1795
1814
2126
1796
1815
2127
1797
1816
2128
1798
1817
2129
1799
1818
2130
1800
1819
2131
1801
1820
2132
1802
1821
2133
1803
1822
2134
1804
1823
2135
1805
1824
2136
1806
1825
2137
1807
1826
2138
1808
1827
2139
1809
1828
2140
1810
1829
2141
1811
1830
2142
1812
1831
2143
1832
2144
1814
1833
2145
1815
1834
2146
1816
1835
2147
1817
1836
2148
1818
1837
2149
1819
1838
2150
1820
1839
2151
1821
1840
2152
1822
1841
2153
1823
1842
2154
1824
1843
2155
1825
1844
2156
1826
1845
2157
1827
1846
2158
1828
1847
2159
1829
1848
2160
1830
1849
2161
1831
1850
2162
1832
1851
2163
1852
2164
1834
1853
2165
1835
1854
2166
1836
1855
2167
1837
1856
2168
1838
1857
2169
1839
1858
2170
1840
1859
2171
1841
1860
2172
1842
1861
2173
1843
1862
2174
1844
1863
2175
1845
1864
2176
1846
1865
2177
1847
1866
2178
1848
1867
2179
1849
1868
2180
1850
1869
2181
1851
1870
2182
1852
1871
2183
1872
2184
1854
1873
2185
1855
1874
2186
1856
1875
2187
1857
1876
2188
1858
1877
2189
1859
1878
2190
1860
1879
2191
1861
1880
2192
1862
1881
2193
1863
1882
2194
1864
1883
2195
1865
1884
2196
1866
1885
2197
1867
1886
2198
1868
1887
2199
1869
1888
2200
1870
1889
2201
1871
1890
2202
1872
1891
2203
1892
2204
1874
1893
2205
1875
1894
2206
1876
1895
2207
1877
1896
2208
1878
1897
2209
1879
1898
2210
1880
1899
2211
1881
1900
2212
1882
1901
2213
1883
1902
2214
1884
1903
2215
1885
1904
2216
1886
1905
2217
1887
1906
2218
1888
1907
2219
1889
1908
2220
1890
1909
2221
1891
1910
2222
1892
1911
2223
1912
2224
1894
1913
2225
1895
1914
2226
1896
1915
2227
1897
1916
2228
1898
1917
2229
1899
1918
2230
1900
1919
2231
1901
1920
2232
1902
1921
2233
1903
1922
2234
1904
1923
2235
1905
1924
2236
1906
1925
2237
1907
1926
2238
1908
1927
2239
1909
1928
2240
1910
1929
2241
1911
1930
2242
1912
1931
2243
1932
2244
1914
1933
2245
1915
1934
2246
1916
1935
2247
1917
1936
2248
1918
1937
2249
1919
1938
2250
1920
1939
2251
1921
1940
2252
1922
1941
2253
1923
1942
2254
1924
1943
2255
1925
1944
2256
1926
1945
2257
1927
1946
2258
1928
1947
2259
1929
1948
2260
1930
1949
2261
1931
1950
2262
1932
1951
2263
1952
2264
1934
1953
2265
1935
1954
2266
1936
1955
2267
1937
1956
2268
1938
1957
2269
1939
1958
2270
1940
1959
2271
1941
1960
2272
1942
1961
2273
1943
1962
2274
1944
1963
2275
1945
1964
2276
1946
1965
2277
1947
1966
2278
1948
1967
2279
1949
1968
2280
1950
1969
2281
1951
1970
2282
1952
1971
2283
1972
2284
1954
1973
2285
1955
1974
2286
1956
1975
2287
1957
1976
2288
1958
1977
2289
1959
1978
2290
1960
1979
2291
1961
1980
2292
1962
1981
2293
1963
1982
2294
1964
1983
2295
1965
1984
2296
1966
1985
2297
1967
1986
2298
1968
1987
2299
1969
1988
2300
1970
1989
2301
1971
1990
2302
1972
1991
2303
1992
2304
1974
1993
2305
1975
1994
2306
1976
1995
2307
1977
1996
2308
1978
1997
2309
1979
1998
2310
1980
1999
2311
1981
2000
2312
1982
2001
2313
1983
2002
2314
1984
2003
2315
1985
2004
2316
1986
2005
2317
1987
2006
2318
1988
2007
2319
1989
2008
2320
1990
2009
2321
1991
2010
2322
1992
2011
2323
2012
2324
1994
2013
2325
1995
2014
2326
1996
2015
2327
1997
2016
2328
1998
2017
2329
1999
2018
2330
2000
2019
2331
2001
2020
2332
2002
2021
2333
2003
2022
2334
2004
2023
2335
2005
2024
2336
2006
2025
2337
2007
2026
2338
2008
2027
2339
2009
2028
2340
2010
2029
2341
2011
2030
2342
2012
2031
2343
2032
2344
2014
2033
2345
2015
2034
2346
2016
2035
2347
2017
2036
2348
2018
2037
2349
2019
2038
2350
2020
2039
2351
2021
2040
2352
2022
2041
2353
2023
2042
2354
2024
2043
2355
2025
2044
2356
2026
2045
2357
2027
2046
2358
2028
2047
2359
2029
2048
2360
2030
2049
2361
2031
2050
2362
2032
2051
2363
2052
2364
2034
2365
2035
2366
2036
2367
2037
2368
2038
2369
2039
2370
2040
2371
2041
2372
2042
2373
2043
2374
2044
2375
2045
2376
2046
2377
2047
2378
2048
2379
2049
2380
2050
2381
2051
2382
2052
2383
2384
2054
2064
2385
2055
2065
2386
2056
2066
2387
2057
2067
2388
2058
2068
2389
2059
2069
2390
2060
2070
2391
2061
2071
2392
2072
2393
2063
2077
2394
2064
2078
2395
2065
2079
2396
2066
2080
2397
2067
2081
2398
2068
2082
2399
2069
2083
2400
2070
2084
2401
2071
2085
2402
2072
2086
2403
2087
2404
2074
2090
2405
2075
2091
2406
2076
2092
2407
2077
2093
2408
2078
2094
2409
2079
2095
2410
2080
2096
2411
2081
2097
2412
2082
2098
2413
2083
2099
2414
2084
2100
2415
2085
2101
2416
2086
2102
2417
2087
2103
2418
2104
2419
2089
2108
2420
2090
2109
2421
2091
2110
2422
2092
2111
2423
2093
2112
2424
2094
2113
2425
2095
2114
2426
2096
2115
2427
2097
2116
2428
2098
2117
2429
2099
2118
2430
2100
2119
2431
2101
2120
2432
2102
2121
2433
2103
2122
2434
2104
2123
2435
2124
2436
2106
2125
2437
2107
2126
2438
2108
2127
2439
2109
2128
2440
2110
2129
2441
2111
2130
2442
2112
2131
2443
2113
2132
2444
2114
2133
2445
2115
2134
2446
2116
2135
2447
2117
2136
2448
2118
2137
2449
2119
2138
2450
2120
2139
2451
2121
2140
2452
2122
2141
2453
2123
2142
2454
2124
2143
2455
2144
2456
2126
2145
2457
2127
2146
2458
2128
2147
2459
2129
2148
2460
2130
2149
2461
2131
2150
2462
2132
2151
2463
2133
2152
2464
2134
2153
2465
2135
2154
2466
2136
2155
2467
2137
2156
2468
2138
2157
2469
2139
2158
2470
2140
2159
2471
2141
2160
2472
2142
2161
2473
2143
2162
2474
2144
2163
2475
2164
2476
2146
2165
2477
2147
2166
2478
2148
2167
2479
2149
2168
2480
2150
2169
2481
2151
2170
2482
2152
2171
2483
2153
2172
2484
2154
2173
2485
2155
2174
2486
2156
2175
2487
2157
2176
2488
2158
2177
2489
2159
2178
2490
2160
2179
2491
2161
2180
2492
2162
2181
2493
2163
2182
2494
2164
2183
2495
2184
2496
2166
2185
2497
2167
2186
2498
2168
2187
2499
2169
2188
2500
2170
2189
2501
2171
2190
2502
2172
2191
2503
2173
2192
2504
2174
2193
2505
2175
2194
2506
2176
2195
2507
2177
2196
2508
2178
2197
2509
2179
2198
2510
2180
2199
2511
2181
2200
2512
2182
2201
2513
2183
2202
2514
2184
2203
2515
2204
2516
2186
2205
2517
2187
2206
2518
2188
2207
2519
2189
2208
2520
2190
2209
2521
2191
2210
2522
2192
2211
2523
2193
2212
2524
2194
2213
2525
2195
2214
2526
2196
2215
2527
2197
2216
2528
2198
2217
2529
2199
2218
2530
2200
2219
2531
2201
2220
2532
2202
2221
2533
2203
2222
2534
2204
2223
2535
2224
2536
2206
2225
2537
2207
2226
2538
2208
2227
2539
2209
2228
2540
2210
2229
2541
2211
2230
2542
2212
2231
2543
2213
2232
2544
2214
2233
2545
2215
2234
2546
2216
2235
2547
2217
2236
2548
2218
2237
2549
2219
2238
2550
2220
2239
2551
2221
2240
2552
2222
2241
2553
2223
2242
2554
2224
2243
2555
2244
2556
2226
2245
2557
2227
2246
2558
2228
2247
2559
2229
2248
2560
2230
2249
2561
2231
2250
2562
2232
2251
2563
2233
2252
2564
2234
2253
2565
2235
2254
2566
2236
2255
2567
2237
2256
2568
2238
2257
2569
2239
2258
2570
2240
2259
2571
2241
2260
2572
2242
2261
2573
2243
2262
2574
2244
2263
2575
2264
2576
2246
2265
2577
2247
2266
2578
2248
2267
2579
2249
2268
2580
2250
2269
2581
2251
2270
2582
2252
2271
2583
2253
2272
2584
2254
2273
2585
2255
2274
2586
2256
2275
2587
2257
2276
2588
2258
2277
2589
2259
2278
2590
2260
2279
2591
2261
2280
2592
2262
2281
2593
2263
2282
2594
2264
2283
2595
2284
2596
2266
2285
2597
2267
2286
2598
2268
2287
2599
2269
2288
2600
2270
2289
2601
2271
2290
2602
2272
2291
2603
2273
2292
2604
2274
2293
2605
2275
2294
2606
2276
2295
2607
2277
2296
2608
2278
2297
2609
2279
2298
2610
2280
2299
2611
2281
2300
2612
2282
2301
2613
2283
2302
2614
2284
2303
2615
2304
2616
2286
2305
2617
2287
2306
2618
2288
2307
2619
2289
2308
2620
2290
2309
2621
2291
2310
2622
2292
2311
2623
2293
2312
2624
2294
2313
2625
2295
2314
2626
2296
2315
2627
2297
2316
2628
2298
2317
2629
2299
2318
2630
2300
2319
2631
2301
2320
2632
2302
2321
2633
2303
2322
2634
2304
2323
2635
2324
2636
2306
2325
2637
2307
2326
2638
2308
2327
2639
2309
2328
2640
2310
2329
2641
2311
2330
2642
2312
2331
2643
2313
2332
2644
2314
2333
2645
2315
2334
2646
2316
2335
2647
2317
2336
2648
2318
2337
2649
2319
2338
2650
2320
2339
2651
2321
2340
2652
2322
2341
2653
2323
2342
2654
2324
2343
2655
2344
2656
2326
2345
2657
2327
2346
2658
2328
2347
2659
2329
2348
2660
2330
2349
2661
2331
2350
2662
2332
2351
2663
2333
2352
2664
2334
2353
2665
2335
2354
2666
2336
2355
2667
2337
2356
2668
2338
2357
2669
2339
2358
2670
2340
2359
2671
2341
2360
2672
2342
2361
2673
2343
2362
2674
2344
2363
2675
2364
2676
2346
2365
2677
2347
2366
2678
2348
2367
2679
2349
2368
2680
2350
2369
2681
2351
2370
2682
2352
2371
2683
2353
2372
2684
2354
2373
2685
2355
2374
2686
2356
2375
2687
2357
2376
2688
2358
2377
2689
2359
2378
2690
2360
2379
2691
2361
2380
2692
2362
2381
2693
2363
2382
2694
2364
2383
2695
2384
2696
2366
2697
2367
2698
2368
2699
2369
2700
2370
2701
2371
2702
2372
2703
2373
2704
2374
2705
2375
2706
2376
2707
2377
2708
2378
2709
2379
2710
2380
2711
2381
2712
2382
2713
2383
2714
2384
2715
2716
2386
2396
2717
2387
2397
2718
2388
2398
2719
2389
2399
2720
2390
2400
2721
2391
2401
2722
2392
2402
2723
2393
2403
2724
2404
2725
2395
2409
2726
2396
2410
2727
2397
2411
2728
2398
2412
2729
2399
2413
2730
2400
2414
2731
2401
2415
2732
2402
2416
2733
2403
2417
2734
2404
2418
2735
2419
2736
2406
2422
2737
2407
2423
2738
2408
2424
2739
2409
2425
2740
2410
2426
2741
2411
2427
2742
2412
2428
2743
2413
2429
2744
2414
2430
2745
2415
2431
2746
2416
2432
2747
2417
2433
2748
2418
2434
2749
2419
2435
2750
2436
2751
2421
2440
2752
2422
2441
2753
2423
2442
2754
2424
2443
2755
2425
2444
2756
2426
2445
2757
2427
2446
2758
2428
2447
2759
2429
2448
2760
2430
2449
2761
2431
2450
2762
2432
2451
2763
2433
2452
2764
2434
2453
2765
2435
2454
2766
2436
2455
2767
2456
2768
2438
2457
2769
2439
2458
2770
2440
2459
2771
2441
2460
2772
2442
2461
2773
2443
2462
2774
2444
2463
2775
2445
2464
2776
2446
2465
2777
2447
2466
2778
2448
2467
2779
2449
2468
2780
2450
2469
2781
2451
2470
2782
2452
2471
2783
2453
2472
2784
2454
2473
2785
2455
2474
2786
2456
2475
2787
2476
2788
2458
2477
2789
2459
2478
2790
2460
2479
2791
2461
2480
2792
2462
2481
2793
2463
2482
2794
2464
2483
2795
2465
2484
2796
2466
2485
2797
2467
2486
2798
2468
2487
2799
2469
2488
2800
2470
2489
2801
2471
2490
2802
2472
2491
2803
2473
2492
2804
2474
2493
2805
2475
2494
2806
2476
2495
2807
2496
2808
2478
2497
2809
2479
2498
2810
2480
2499
2811
2481
2500
2812
2482
2501
2813
2483
2502
2814
2484
2503
2815
2485
2504
2816
2486
2505
2817
2487
2506
2818
2488
2507
2819
2489
2508
2820
2490
2509
2821
2491
2510
2822
2492
2511
2823
2493
2512
2824
2494
2513
2825
2495
2514
2826
2496
2515
2827
2516
2828
2498
2517
2829
2499
2518
2830
2500
2519
2831
2501
2520
2832
2502
2521
2833
2503
2522
2834
2504
2523
2835
2505
2524
2836
2506
2525
2837
2507
2526
2838
2508
2527
2839
2509
2528
2840
2510
2529
2841
2511
2530
2842
2512
2531
2843
2513
2532
2844
2514
2533
2845
2515
2534
2846
2516
2535
2847
2536
2848
2518
2537
2849
2519
2538
2850
2520
2539
2851
2521
2540
2852
2522
2541
2853
2523
2542
2854
2524
2543
2855
2525
2544
2856
2526
2545
2857
2527
2546
2858
2528
2547
2859
2529
2548
2860
2530
2549
2861
2531
2550
2862
2532
2551
2863
2533
2552
2864
2534
2553
2865
2535
2554
2866
2536
2555
2867
2556
2868
2538
2557
2869
2539
2558
2870
2540
2559
2871
2541
2560
2872
2542
2561
2873
2543
2562
2874
2544
2563
2875
2545
2564
2876
2546
2565
2877
2547
2566
2878
2548
2567
2879
2549
2568
2880
2550
2569
2881
2551
2570
2882
2552
2571
2883
2553
2572
2884
2554
2573
2885
2555
2574
2886
2556
2575
2887
2576
2888
2558
2577
2889
2559
2578
2890
2560
2579
2891
2561
2580
2892
2562
2581
2893
2563
2582
2894
2564
2583
2895
2565
2584
2896
2566
2585
2897
2567
2586
2898
2568
2587
2899
2569
2588
2900
2570
2589
2901
2571
2590
2902
2572
2591
2903
2573
2592
2904
2574
2593
2905
2575
2594
2906
2576
2595
2907
2596
2908
2578
2597
2909
2579
2598
2910
2580
2599
2911
2581
2600
2912
2582
2601
2913
2583
2602
2914
2584
2603
2915
2585
2604
2916
2586
2605
2917
2587
2606
2918
2588
2607
2919
2589
2608
2920
2590
2609
2921
2591
2610
2922
2592
2611
2923
2593
2612
2924
2594
2613
2925
2595
2614
2926
2596
2615
2927
2616
2928
2598
2617
2929
2599
2618
2930
2600
2619
2931
2601
2620
2932
2602
2621
2933
2603
2622
2934
2604
2623
2935
2605
2624
2936
2606
2625
2937
2607
2626
2938
2608
2627
2939
2609
2628
2940
2610
2629
2941
2611
2630
2942
2612
2631
2943
2613
2632
2944
2614
2633
2945
2615
2634
2946
2616
2635
2947
2636
2948
2618
2637
2949
2619
2638
2950
2620
2639
2951
2621
2640
2952
2622
2641
2953
2623
2642
2954
2624
2643
2955
2625
2644
2956
2626
2645
2957
2627
2646
2958
2628
2647
2959
2629
2648
2960
2630
2649
2961
2631
2650
2962
2632
2651
2963
2633
2652
2964
2634
2653
2965
2635
2654
2966
2636
2655
2967
2656
2968
2638
2657
2969
2639
2658
2970
2640
2659
2971
2641
2660
2972
2642
2661
2973
2643
2662
2974
2644
2663
2975
2645
2664
2976
2646
2665
2977
2647
2666
2978
2648
2667
2979
2649
2668
2980
2650
2669
2981
2651
2670
2982
2652
2671
2983
2653
2672
2984
2654
2673
2985
2655
2674
2986
2656
2675
2987
2676
2988
2658
2677
2989
2659
2678
2990
2660
2679
2991
2661
2680
2992
2662
2681
2993
2663
2682
2994
2664
2683
2995
2665
2684
2996
2666
2685
2997
2667
2686
2998
2668
2687
2999
2669
2688
3000
2670
2689
3001
2671
2690
3002
2672
2691
3003
2673
2692
3004
2674
2693
3005
2675
2694
3006
2676
2695
3007
2696
3008
2678
2697
3009
2679
2698
3010
2680
2699
3011
2681
2700
3012
2682
2701
3013
2683
2702
3014
2684
2703
3015
2685
2704
3016
2686
2705
3017
2687
2706
3018
2688
2707
3019
2689
2708
3020
2690
2709
3021
2691
2710
3022
2692
2711
3023
2693
2712
3024
2694
2713
3025
2695
2714
3026
2696
2715
3027
2716
3028
2698
3029
2699
3030
2700
3031
2701
3032
2702
3033
2703
3034
2704
3035
2705
3036
2706
3037
2707
3038
2708
3039
2709
3040
2710
3041
2711
3042
2712
3043
2713
3044
2714
3045
2715
3046
2716
3047
3048
2718
2728
3445
2719
2729
3446
2720
2730
3447
2721
2731
3448
2722
2732
3449
2723
2733
3450
2724
2734
3451
2725
2735
3452
2736
3453
2727
2741
3454
2728
2742
3455
2729
2743
3456
2730
2744
3457
2731
2745
3458
2732
2746
3459
2733
2747
3460
2734
2748
3461
2735
2749
3462
2736
2750
3463
2751
3464
2738
2754
3465
2739
2755
3466
2740
2756
3467
2741
2757
3468
2742
2758
3469
2743
2759
3470
2744
2760
3471
2745
2761
3472
2746
2762
3473
2747
2763
3474
2748
2764
3475
2749
2765
3476
2750
2766
3477
2751
2767
3478
2768
3479
2753
2772
3480
2754
2773
3481
2755
2774
3482
2756
2775
3483
2757
2776
3484
2758
2777
3485
2759
2778
3486
2760
2779
3487
2761
2780
3488
2762
2781
3489
2763
2782
3490
2764
2783
3491
2765
2784
3492
2766
2785
3493
2767
2786
3494
2768
2787
3495
2788
3496
2770
2789
3497
2771
2790
3498
2772
2791
3499
2773
2792
3500
2774
2793
3501
2775
2794
3502
2776
2795
3503
2777
2796
3504
2778
2797
3505
2779
2798
3506
2780
2799
3507
2781
2800
3508
2782
2801
3509
2783
2802
3510
2784
2803
3511
2785
2804
3512
2786
2805
3513
2787
2806
3514
2788
2807
3515
2808
3516
2790
2809
3517
2791
2810
3518
2792
2811
3519
2793
2812
3520
2794
2813
3521
2795
2814
3522
2796
2815
3523
2797
2816
3524
2798
2817
3525
2799
2818
3526
2800
2819
3527
2801
2820
3528
2802
2821
3529
2803
2822
3530
2804
2823
3531
2805
2824
3532
2806
2825
3533
2807
2826
3534
2808
2827
3535
2828
3536
2810
2829
3537
2811
2830
3538
2812
2831
3539
2813
2832
3540
2814
2833
3541
2815
2834
3542
2816
2835
3543
2817
2836
3544
2818
2837
3545
2819
2838
3546
2820
2839
3547
2821
2840
3548
2822
2841
3549
2823
2842
3550
2824
2843
3551
2825
2844
3552
2826
2845
3553
2827
2846
3554
2828
2847
3555
2848
3556
2830
2849
3557
2831
2850
3558
2832
2851
3559
2833
2852
3560
2834
2853
3561
2835
2854
3562
2836
2855
3563
2837
2856
3564
2838
2857
3565
2839
2858
3566
2840
2859
3567
2841
2860
3568
2842
2861
3569
2843
2862
3570
2844
2863
3571
2845
2864
3572
2846
2865
3573
2847
2866
3574
2848
2867
3575
2868
3576
2850
2869
3577
2851
2870
3578
2852
2871
3579
2853
2872
3580
2854
2873
3581
2855
2874
3582
2856
2875
3583
2857
2876
3584
2858
2877
3585
2859
2878
3586
2860
2879
3587
2861
2880
3588
2862
2881
3589
2863
2882
3590
2864
2883
3591
2865
2884
3592
2866
2885
3593
2867
2886
3594
2868
2887
3595
2888
3596
2870
2889
3597
2871
2890
3598
2872
2891
3599
2873
2892
3600
2874
2893
3601
2875
2894
3602
2876
2895
3603
2877
2896
3604
2878
2897
3605
2879
2898
3606
2880
2899
3607
2881
2900
3608
2882
2901
3609
2883
2902
3610
2884
2903
3611
2885
2904
3612
2886
2905
3613
2887
2906
3614
2888
2907
3615
2908
3616
2890
2909
3617
2891
2910
3618
2892
2911
3619
2893
2912
3620
2894
2913
3621
2895
2914
3622
2896
2915
3623
2897
2916
3624
2898
2917
3625
2899
2918
3626
2900
2919
3627
2901
2920
3628
2902
2921
3629
2903
2922
3630
2904
2923
3631
2905
2924
3632
2906
2925
3633
2907
2926
3634
2908
2927
3635
2928
3636
2910
2929
3637
2911
2930
3638
2912
2931
3639
2913
2932
3640
2914
2933
3641
2915
2934
3642
2916
2935
3643
2917
2936
3644
2918
2937
3645
2919
2938
3646
2920
2939
3647
2921
2940
3648
2922
2941
3649
2923
2942
3650
2924
2943
3651
2925
2944
3652
2926
2945
3653
2927
2946
3654
2928
2947
3655
2948
3656
2930
2949
3657
2931
2950
3658
2932
2951
3659
2933
2952
3660
2934
2953
3661
2935
2954
3662
2936
2955
3663
2937
2956
3664
2938
2957
3665
2939
2958
3666
2940
2959
3667
2941
2960
3668
2942
2961
3669
2943
2962
3670
2944
2963
3671
2945
2964
3672
2946
2965
3673
2947
2966
3674
2948
2967
3675
2968
3676
2950
2969
3677
2951
2970
3678
2952
2971
3679
2953
2972
3680
2954
2973
3681
2955
2974
3682
2956
2975
3683
2957
2976
3684
2958
2977
3685
2959
2978
3686
2960
2979
3687
2961
2980
3688
2962
2981
3689
2963
2982
3690
2964
2983
3691
2965
2984
3692
2966
2985
3693
2967
2986
3694
2968
2987
3695
2988
3696
2970
2989
3697
2971
2990
3698
2972
2991
3699
2973
2992
3700
2974
2993
3701
2975
2994
3702
2976
2995
3703
2977
2996
3704
2978
2997
3705
2979
2998
3706
2980
2999
3707
2981
3000
3708
2982
3001
3709
2983
3002
3710
2984
3003
3711
2985
3004
3712
2986
3005
3713
2987
3006
3714
2988
3007
3715
3008
3716
2990
3009
3717
2991
3010
3718
2992
3011
3719
2993
3012
3720
2994
3013
3721
2995
3014
3722
2996
3015
3723
2997
3016
3724
2998
3017
3725
2999
3018
3726
3000
3019
3727
3001
3020
3728
3002
3021
3729
3003
3022
3730
3004
3023
3731
3005
3024
3732
3006
3025
3733
3007
3026
3734
3008
3027
3735
3028
3736
3010
3029
3737
3011
3030
3738
3012
3031
3739
3013
3032
3740
3014
3033
3741
3015
3034
3742
3016
3035
3743
3017
3036
3744
3018
3037
3745
3019
3038
3746
3020
3039
3747
3021
3040
3748
3022
3041
3749
3023
3042
3750
3024
3043
3751
3025
3044
3752
3026
3045
3753
3027
3046
3754
3028
3047
3755
3048
3756
3030
3757
3031
3758
3032
3759
3033
3760
3034
3761
3035
3762
3036
3763
3037
3764
3038
3765
3039
3766
3040
3767
3041
3768
3042
3769
3043
3770
3044
3771
3045
3772
3046
3773
3047
3774
3048
3775
3776
3054
3115
3497
3051
3055
3116
3052
3056
3117
3053
3057
3118
3054
3058
3119
3059
3120
3517
3056
3060
3121
3057
3061
3122
3058
3062
3123
3059
3063
3124
3064
3125
3537
3061
3065
3126
3062
3066
3127
3063
3067
3128
3064
3068
3129
3069
3130
3557
3066
3070
3131
3067
3071
3132
3068
3072
3133
3069
3073
3134
3074
3135
3577
3071
3075
3136
3072
3076
3137
3073
3077
3138
3074
3078
3139
3079
3140
3597
3076
3080
3141
3077
3081
3142
3078
3082
3143
3079
3083
3144
3084
3145
3617
3081
3085
3146
3082
3086
3147
3083
3087
3148
3084
3088
3149
3089
3150
3637
3086
3090
3151
3087
3091
3152
3088
3092
3153
3089
3093
3154
3094
3155
3657
3091
3095
3156
3092
3096
3157
3093
3097
3158
3094
3098
3159
3099
3160
3677
3096
3100
3161
3097
3101
3162
3098
3102
3163
3099
3103
3164
3104
3165
3697
3101
3105
3166
3102
3106
3167
3103
3107
3168
3104
3108
3169
3109
3170
3717
3106
3110
3171
3107
3111
3172
3108
3112
3173
3109
3113
3174
3114
3175
3737
3111
3176
3112
3177
3113
3178
3114
3179
3180
3757
3120
3181
3829
3117
3121
3182
3118
3122
3183
3119
3123
3184
3120
3124
3185
3125
3186
3849
3122
3126
3187
3123
3127
3188
3124
3128
3189
3125
3129
3190
3130
3191
3869
3127
3131
3192
3128
3132
3193
3129
3133
3194
3130
3134
3195
3135
3196
3889
3132
3136
3197
3133
3137
3198
3134
3138
3199
3135
3139
3200
3140
3201
3909
3137
3141
3202
3138
3142
3203
3139
3143
3204
3140
3144
3205
3145
3206
3929
3142
3146
3207
3143
3147
3208
3144
3148
3209
3145
3149
3210
3150
3211
3949
3147
3151
3212
3148
3152
3213
3149
3153
3214
3150
3154
3215
3155
3216
3969
3152
3156
3217
3153
3157
3218
3154
3158
3219
3155
3159
3220
3160
3221
3989
3157
3161
3222
3158
3162
3223
3159
3163
3224
3160
3164
3225
3165
3226
4009
3162
3166
3227
3163
3167
3228
3164
3168
3229
3165
3169
3230
3170
3231
4029
3167
3171
3232
3168
3172
3233
3169
3173
3234
3170
3174
3235
3175
3236
4049
3172
3176
3237
3173
3177
3238
3174
3178
3239
3175
3179
3240
3180
3241
4069
3177
3242
3178
3243
3179
3244
3180
3245
3246
4089
3186
3247
4161
3183
3187
3248
3184
3188
3249
3185
3189
3250
3186
3190
3251
3191
3252
4181
3188
3192
3253
3189
3193
3254
3190
3194
3255
3191
3195
3256
3196
3257
4201
3193
3197
3258
3194
3198
3259
3195
3199
3260
3196
3200
3261
3201
3262
4221
3198
3202
3263
3199
3203
3264
3200
3204
3265
3201
3205
3266
3206
3267
4241
3203
3207
3268
3204
3208
3269
3205
3209
3270
3206
3210
3271
3211
3272
4261
3208
3212
3273
3209
3213
3274
3210
3214
3275
3211
3215
3276
3216
3277
4281
3213
3217
3278
3214
3218
3279
3215
3219
3280
3216
3220
3281
3221
3282
4301
3218
3222
3283
3219
3223
3284
3220
3224
3285
3221
3225
3286
3226
3287
4321
3223
3227
3288
3224
3228
3289
3225
3229
3290
3226
3230
3291
3231
3292
4341
3228
3232
3293
3229
3233
3294
3230
3234
3295
3231
3235
3296
3236
3297
4361
3233
3237
3298
3234
3238
3299
3235
3239
3300
3236
3240
3301
3241
3302
4381
3238
3242
3303
3239
3243
3304
3240
3244
3305
3241
3245
3306
3246
3307
4401
3243
3308
3244
3309
3245
3310
3246
3311
3312
4421
3252
3313
4493
3249
3253
3314
3250
3254
3315
3251
3255
3316
3252
3256
3317
3257
3318
4513
3254
3258
3319
3255
3259
3320
3256
3260
3321
3257
3261
3322
3262
3323
4533
3259
3263
3324
3260
3264
3325
3261
3265
3326
3262
3266
3327
3267
3328
4553
3264
3268
3329
3265
3269
3330
3266
3270
3331
3267
3271
3332
3272
3333
4573
3269
3273
3334
3270
3274
3335
3271
3275
3336
3272
3276
3337
3277
3338
4593
3274
3278
3339
3275
3279
3340
3276
3280
3341
3277
3281
3342
3282
3343
4613
3279
3283
3344
3280
3284
3345
3281
3285
3346
3282
3286
3347
3287
3348
4633
3284
3288
3349
3285
3289
3350
3286
3290
3351
3287
3291
3352
3292
3353
4653
3289
3293
3354
3290
3294
3355
3291
3295
3356
3292
3296
3357
3297
3358
4673
3294
3298
3359
3295
3299
3360
3296
3300
3361
3297
3301
3362
3302
3363
4693
3299
3303
3364
3300
3304
3365
3301
3305
3366
3302
3306
3367
3307
3368
4713
3304
3308
3369
3305
3309
3370
3306
3310
3371
3307
3311
3372
3312
3373
4733
3309
3374
3310
3375
3311
3376
3312
3377
3378
4753
3318
3379
4825
3315
3319
3380
3316
3320
3381
3317
3321
3382
3318
3322
3383
3323
3384
4845
3320
3324
3385
3321
3325
3386
3322
3326
3387
3323
3327
3388
3328
3389
4865
3325
3329
3390
3326
3330
3391
3327
3331
3392
3328
3332
3393
3333
3394
4885
3330
3334
3395
3331
3335
3396
3332
3336
3397
3333
3337
3398
3338
3399
4905
3335
3339
3400
3336
3340
3401
3337
3341
3402
3338
3342
3403
3343
3404
4925
3340
3344
3405
3341
3345
3406
3342
3346
3407
3343
3347
3408
3348
3409
4945
3345
3349
3410
3346
3350
3411
3347
3351
3412
3348
3352
3413
3353
3414
4965
3350
3354
3415
3351
3355
3416
3352
3356
3417
3353
3357
3418
3358
3419
4985
3355
3359
3420
3356
3360
3421
3357
3361
3422
3358
3362
3423
3363
3424
5005
3360
3364
3425
3361
3365
3426
3362
3366
3427
3363
3367
3428
3368
3429
5025
3365
3369
3430
3366
3370
3431
3367
3371
3432
3368
3372
3433
3373
3434
5045
3370
3374
3435
3371
3375
3436
3372
3376
3437
3373
3377
3438
3378
3439
5065
3375
3440
3376
3441
3377
3442
3378
3443
3444
5085
3384
5157
3381
3385
3382
3386
3383
3387
3384
3388
3389
5177
3386
3390
3387
3391
3388
3392
3389
3393
3394
5197
3391
3395
3392
3396
3393
3397
3394
3398
3399
5217
3396
3400
3397
3401
3398
3402
3399
3403
3404
5237
3401
3405
3402
3406
3403
3407
3404
3408
3409
5257
3406
3410
3407
3411
3408
3412
3409
3413
3414
5277
3411
3415
3412
3416
3413
3417
3414
3418
3419
5297
3416
3420
3417
3421
3418
3422
3419
3423
3424
5317
3421
3425
3422
3426
3423
3427
3424
3428
3429
5337
3426
3430
3427
3431
3428
3432
3429
3433
3434
5357
3431
3435
3432
3436
3433
3437
3434
3438
3439
5377
3436
3440
3437
3441
3438
3442
3439
3443
3444
5397
3441
3442
3443
3444
5417
3446
3456
3777
3447
3457
3778
3448
3458
3779
3449
3459
3780
3450
3460
3781
3451
3461
3782
3452
3462
3783
3453
3463
3784
3464
3785
3455
3469
3786
3456
3470
3787
3457
3471
3788
3458
3472
3789
3459
3473
3790
3460
3474
3791
3461
3475
3792
3462
3476
3793
3463
3477
3794
3464
3478
3795
3479
3796
3466
3482
3797
3467
3483
3798
3468
3484
3799
3469
3485
3800
3470
3486
3801
3471
3487
3802
3472
3488
3803
3473
3489
3804
3474
3490
3805
3475
3491
3806
3476
3492
3807
3477
3493
3808
3478
3494
3809
3479
3495
3810
3496
3811
3481
3500
3812
3482
3501
3813
3483
3502
3814
3484
3503
3815
3485
3504
3816
3486
3505
3817
3487
3506
3818
3488
3507
3819
3489
3508
3820
3490
3509
3821
3491
3510
3822
3492
3511
3823
3493
3512
3824
3494
3513
3825
3495
3514
3826
3496
3515
3827
3516
3828
3498
3517
3829
3499
3518
3830
3500
3519
3831
3501
3520
3832
3502
3521
3833
3503
3522
3834
3504
3523
3835
3505
3524
3836
3506
3525
3837
3507
3526
3838
3508
3527
3839
3509
3528
3840
3510
3529
3841
3511
3530
3842
3512
3531
3843
3513
3532
3844
3514
3533
3845
3515
3534
3846
3516
3535
3847
3536
3848
3518
3537
3849
3519
3538
3850
3520
3539
3851
3521
3540
3852
3522
3541
3853
3523
3542
3854
3524
3543
3855
3525
3544
3856
3526
3545
3857
3527
3546
3858
3528
3547
3859
3529
3548
3860
3530
3549
3861
3531
3550
3862
3532
3551
3863
3533
3552
3864
3534
3553
3865
3535
3554
3866
3536
3555
3867
3556
3868
3538
3557
3869
3539
3558
3870
3540
3559
3871
3541
3560
3872
3542
3561
3873
3543
3562
3874
3544
3563
3875
3545
3564
3876
3546
3565
3877
3547
3566
3878
3548
3567
3879
3549
3568
3880
3550
3569
3881
3551
3570
3882
3552
3571
3883
3553
3572
3884
3554
3573
3885
3555
3574
3886
3556
3575
3887
3576
3888
3558
3577
3889
3559
3578
3890
3560
3579
3891
3561
3580
3892
3562
3581
3893
3563
3582
3894
3564
3583
3895
3565
3584
3896
3566
3585
3897
3567
3586
3898
3568
3587
3899
3569
3588
3900
3570
3589
3901
3571
3590
3902
3572
3591
3903
3573
3592
3904
3574
3593
3905
3575
3594
3906
3576
3595
3907
3596
3908
3578
3597
3909
3579
3598
3910
3580
3599
3911
3581
3600
3912
3582
3601
3913
3583
3602
3914
3584
3603
3915
3585
3604
3916
3586
3605
3917
3587
3606
3918
3588
3607
3919
3589
3608
3920
3590
3609
3921
3591
3610
3922
3592
3611
3923
3593
3612
3924
3594
3613
3925
3595
3614
3926
3596
3615
3927
3616
3928
3598
3617
3929
3599
3618
3930
3600
3619
3931
3601
3620
3932
3602
3621
3933
3603
3622
3934
3604
3623
3935
3605
3624
3936
3606
3625
3937
3607
3626
3938
3608
3627
3939
3609
3628
3940
3610
3629
3941
3611
3630
3942
3612
3631
3943
3613
3632
3944
3614
3633
3945
3615
3634
3946
3616
3635
3947
3636
3948
3618
3637
3949
3619
3638
3950
3620
3639
3951
3621
3640
3952
3622
3641
3953
3623
3642
3954
3624
3643
3955
3625
3644
3956
3626
3645
3957
3627
3646
3958
3628
3647
3959
3629
3648
3960
3630
3649
3961
3631
3650
3962
3632
3651
3963
3633
3652
3964
3634
3653
3965
3635
3654
3966
3636
3655
3967
3656
3968
3638
3657
3969
3639
3658
3970
3640
3659
3971
3641
3660
3972
3642
3661
3973
3643
3662
3974
3644
3663
3975
3645
3664
3976
3646
3665
3977
3647
3666
3978
3648
3667
3979
3649
3668
3980
3650
3669
3981
3651
3670
3982
3652
3671
3983
3653
3672
3984
3654
3673
3985
3655
3674
3986
3656
3675
3987
3676
3988
3658
3677
3989
3659
3678
3990
3660
3679
3991
3661
3680
3992
3662
3681
3993
3663
3682
3994
3664
3683
3995
3665
3684
3996
3666
3685
3997
3667
3686
3998
3668
3687
3999
3669
3688
4000
3670
3689
4001
3671
3690
4002
3672
3691
4003
3673
3692
4004
3674
3693
4005
3675
3694
4006
3676
3695
4007
3696
4008
3678
3697
4009
3679
3698
4010
3680
3699
4011
3681
3700
4012
3682
3701
4013
3683
3702
4014
3684
3703
4015
3685
3704
4016
3686
3705
4017
3687
3706
4018
3688
3707
4019
3689
3708
4020
3690
3709
4021
3691
3710
4022
3692
3711
4023
3693
3712
4024
3694
3713
4025
3695
3714
4026
3696
3715
4027
3716
4028
3698
3717
4029
3699
3718
4030
3700
3719
4031
3701
3720
4032
3702
3721
4033
3703
3722
4034
3704
3723
4035
3705
3724
4036
3706
3725
4037
3707
3726
4038
3708
3727
4039
3709
3728
4040
3710
3729
4041
3711
3730
4042
3712
3731
4043
3713
3732
4044
3714
3733
4045
3715
3734
4046
3716
3735
4047
3736
4048
3718
3737
4049
3719
3738
4050
3720
3739
4051
3721
3740
4052
3722
3741
4053
3723
3742
4054
3724
3743
4055
3725
3744
4056
3726
3745
4057
3727
3746
4058
3728
3747
4059
3729
3748
4060
3730
3749
4061
3731
3750
4062
3732
3751
4063
3733
3752
4064
3734
3753
4065
3735
3754
4066
3736
3755
4067
3756
4068
3738
3757
4069
3739
3758
4070
3740
3759
4071
3741
3760
4072
3742
3761
4073
3743
3762
4074
3744
3763
4075
3745
3764
4076
3746
3765
4077
3747
3766
4078
3748
3767
4079
3749
3768
4080
3750
3769
4081
3751
3770
4082
3752
3771
4083
3753
3772
4084
3754
3773
4085
3755
3774
4086
3756
3775
4087
3776
4088
3758
4089
3759
4090
3760
4091
3761
4092
3762
4093
3763
4094
3764
4095
3765
4096
3766
4097
3767
4098
3768
4099
3769
4100
3770
4101
3771
4102
3772
4103
3773
4104
3774
4105
3775
4106
3776
4107
4108
3778
3788
4109
3779
3789
4110
3780
3790
4111
3781
3791
4112
3782
3792
4113
3783
3793
4114
3784
3794
4115
3785
3795
4116
3796
4117
3787
3801
4118
3788
3802
4119
3789
3803
4120
3790
3804
4121
3791
3805
4122
3792
3806
4123
3793
3807
4124
3794
3808
4125
3795
3809
4126
3796
3810
4127
3811
4128
3798
3814
4129
3799
3815
4130
3800
3816
4131
3801
3817
4132
3802
3818
4133
3803
3819
4134
3804
3820
4135
3805
3821
4136
3806
3822
4137
3807
3823
4138
3808
3824
4139
3809
3825
4140
3810
3826
4141
3811
3827
4142
3828
4143
3813
3832
4144
3814
3833
4145
3815
3834
4146
3816
3835
4147
3817
3836
4148
3818
3837
4149
3819
3838
4150
3820
3839
4151
3821
3840
4152
3822
3841
4153
3823
3842
4154
3824
3843
4155
3825
3844
4156
3826
3845
4157
3827
3846
4158
3828
3847
4159
3848
4160
3830
3849
4161
3831
3850
4162
3832
3851
4163
3833
3852
4164
3834
3853
4165
3835
3854
4166
3836
3855
4167
3837
3856
4168
3838
3857
4169
3839
3858
4170
3840
3859
4171
3841
3860
4172
3842
3861
4173
3843
3862
4174
3844
3863
4175
3845
3864
4176
3846
3865
4177
3847
3866
4178
3848
3867
4179
3868
4180
3850
3869
4181
3851
3870
4182
3852
3871
4183
3853
3872
4184
3854
3873
4185
3855
3874
4186
3856
3875
4187
3857
3876
4188
3858
3877
4189
3859
3878
4190
3860
3879
4191
3861
3880
4192
3862
3881
4193
3863
3882
4194
3864
3883
4195
3865
3884
4196
3866
3885
4197
3867
3886
4198
3868
3887
4199
3888
4200
3870
3889
4201
3871
3890
4202
3872
3891
4203
3873
3892
4204
3874
3893
4205
3875
3894
4206
3876
3895
4207
3877
3896
4208
3878
3897
4209
3879
3898
4210
3880
3899
4211
3881
3900
4212
3882
3901
4213
3883
3902
4214
3884
3903
4215
3885
3904
4216
3886
3905
4217
3887
3906
4218
3888
3907
4219
3908
4220
3890
3909
4221
3891
3910
4222
3892
3911
4223
3893
3912
4224
3894
3913
4225
3895
3914
4226
3896
3915
4227
3897
3916
4228
3898
3917
4229
3899
3918
4230
3900
3919
4231
3901
3920
4232
3902
3921
4233
3903
3922
4234
3904
3923
4235
3905
3924
4236
3906
3925
4237
3907
3926
4238
3908
3927
4239
3928
4240
3910
3929
4241
3911
3930
4242
3912
3931
4243
3913
3932
4244
3914
3933
4245
3915
3934
4246
3916
3935
4247
3917
3936
4248
3918
3937
4249
3919
3938
4250
3920
3939
4251
3921
3940
4252
3922
3941
4253
3923
3942
4254
3924
3943
4255
3925
3944
4256
3926
3945
4257
3927
3946
4258
3928
3947
4259
3948
4260
3930
3949
4261
3931
3950
4262
3932
3951
4263
3933
3952
4264
3934
3953
4265
3935
3954
4266
3936
3955
4267
3937
3956
4268
3938
3957
4269
3939
3958
4270
3940
3959
4271
3941
3960
4272
3942
3961
4273
3943
3962
4274
3944
3963
4275
3945
3964
4276
3946
3965
4277
3947
3966
4278
3948
3967
4279
3968
4280
3950
3969
4281
3951
3970
4282
3952
3971
4283
3953
3972
4284
3954
3973
4285
3955
3974
4286
3956
3975
4287
3957
3976
4288
3958
3977
4289
3959
3978
4290
3960
3979
4291
3961
3980
4292
3962
3981
4293
3963
3982
4294
3964
3983
4295
3965
3984
4296
3966
3985
4297
3967
3986
4298
3968
3987
4299
3988
4300
3970
3989
4301
3971
3990
4302
3972
3991
4303
3973
3992
4304
3974
3993
4305
3975
3994
4306
3976
3995
4307
3977
3996
4308
3978
3997
4309
3979
3998
4310
3980
3999
4311
3981
4000
4312
3982
4001
4313
3983
4002
4314
3984
4003
4315
3985
4004
4316
3986
4005
4317
3987
4006
4318
3988
4007
4319
4008
4320
3990
4009
4321
3991
4010
4322
3992
4011
4323
3993
4012
4324
3994
4013
4325
3995
4014
4326
3996
4015
4327
3997
4016
4328
3998
4017
4329
3999
4018
4330
4000
4019
4331
4001
4020
4332
4002
4021
4333
4003
4022
4334
4004
4023
4335
4005
4024
4336
4006
4025
4337
4007
4026
4338
4008
4027
4339
4028
4340
4010
4029
4341
4011
4030
4342
4012
4031
4343
4013
4032
4344
4014
4033
4345
4015
4034
4346
4016
4035
4347
4017
4036
4348
4018
4037
4349
4019
4038
4350
4020
4039
4351
4021
4040
4352
4022
4041
4353
4023
4042
4354
4024
4043
4355
4025
4044
4356
4026
4045
4357
4027
4046
4358
4028
4047
4359
4048
4360
4030
4049
4361
4031
4050
4362
4032
4051
4363
4033
4052
4364
4034
4053
4365
4035
4054
4366
4036
4055
4367
4037
4056
4368
4038
4057
4369
4039
4058
4370
4040
4059
4371
4041
4060
4372
4042
4061
4373
4043
4062
4374
4044
4063
4375
4045
4064
4376
4046
4065
4377
4047
4066
4378
4048
4067
4379
4068
4380
4050
4069
4381
4051
4070
4382
4052
4071
4383
4053
4072
4384
4054
4073
4385
4055
4074
4386
4056
4075
4387
4057
4076
4388
4058
4077
4389
4059
4078
4390
4060
4079
4391
4061
4080
4392
4062
4081
4393
4063
4082
4394
4064
4083
4395
4065
4084
4396
4066
4085
4397
4067
4086
4398
4068
4087
4399
4088
4400
4070
4089
4401
4071
4090
4402
4072
4091
4403
4073
4092
4404
4074
4093
4405
4075
4094
4406
4076
4095
4407
4077
4096
4408
4078
4097
4409
4079
4098
4410
4080
4099
4411
4081
4100
4412
4082
4101
4413
4083
4102
4414
4084
4103
4415
4085
4104
4416
4086
4105
4417
4087
4106
4418
4088
4107
4419
4108
4420
4090
4421
4091
4422
4092
4423
4093
4424
4094
4425
4095
4426
4096
4427
4097
4428
4098
4429
4099
4430
4100
4431
4101
4432
4102
4433
4103
4434
4104
4435
4105
4436
4106
4437
4107
4438
4108
4439
4440
4110
4120
4441
4111
4121
4442
4112
4122
4443
4113
4123
4444
4114
4124
4445
4115
4125
4446
4116
4126
4447
4117
4127
4448
4128
4449
4119
4133
4450
4120
4134
4451
4121
4135
4452
4122
4136
4453
4123
4137
4454
4124
4138
4455
4125
4139
4456
4126
4140
4457
4127
4141
4458
4128
4142
4459
4143
4460
4130
4146
4461
4131
4147
4462
4132
4148
4463
4133
4149
4464
4134
4150
4465
4135
4151
4466
4136
4152
4467
4137
4153
4468
4138
4154
4469
4139
4155
4470
4140
4156
4471
4141
4157
4472
4142
4158
4473
4143
4159
4474
4160
4475
4145
4164
4476
4146
4165
4477
4147
4166
4478
4148
4167
4479
4149
4168
4480
4150
4169
4481
4151
4170
4482
4152
4171
4483
4153
4172
4484
4154
4173
4485
4155
4174
4486
4156
4175
4487
4157
4176
4488
4158
4177
4489
4159
4178
4490
4160
4179
4491
4180
4492
4162
4181
4493
4163
4182
4494
4164
4183
4495
4165
4184
4496
4166
4185
4497
4167
4186
4498
4168
4187
4499
4169
4188
4500
4170
4189
4501
4171
4190
4502
4172
4191
4503
4173
4192
4504
4174
4193
4505
4175
4194
4506
4176
4195
4507
4177
4196
4508
4178
4197
4509
4179
4198
4510
4180
4199
4511
4200
4512
4182
4201
4513
4183
4202
4514
4184
4203
4515
4185
4204
4516
4186
4205
4517
4187
4206
4518
4188
4207
4519
4189
4208
4520
4190
4209
4521
4191
4210
4522
4192
4211
4523
4193
4212
4524
4194
4213
4525
4195
4214
4526
4196
4215
4527
4197
4216
4528
4198
4217
4529
4199
4218
4530
4200
4219
4531
4220
4532
4202
4221
4533
4203
4222
4534
4204
4223
4535
4205
4224
4536
4206
4225
4537
4207
4226
4538
4208
4227
4539
4209
4228
4540
4210
4229
4541
4211
4230
4542
4212
4231
4543
4213
4232
4544
4214
4233
4545
4215
4234
4546
4216
4235
4547
4217
4236
4548
4218
4237
4549
4219
4238
4550
4220
4239
4551
4240
4552
4222
4241
4553
4223
4242
4554
4224
4243
4555
4225
4244
4556
4226
4245
4557
4227
4246
4558
4228
4247
4559
4229
4248
4560
4230
4249
4561
4231
4250
4562
4232
4251
4563
4233
4252
4564
4234
4253
4565
4235
4254
4566
4236
4255
4567
4237
4256
4568
4238
4257
4569
4239
4258
4570
4240
4259
4571
4260
4572
4242
4261
4573
4243
4262
4574
4244
4263
4575
4245
4264
4576
4246
4265
4577
4247
4266
4578
4248
4267
4579
4249
4268
4580
4250
4269
4581
4251
4270
4582
4252
4271
4583
4253
4272
4584
4254
4273
4585
4255
4274
4586
4256
4275
4587
4257
4276
4588
4258
4277
4589
4259
4278
4590
4260
4279
4591
4280
4592
4262
4281
4593
4263
4282
4594
4264
4283
4595
4265
4284
4596
4266
4285
4597
4267
4286
4598
4268
4287
4599
4269
4288
4600
4270
4289
4601
4271
4290
4602
4272
4291
4603
4273
4292
4604
4274
4293
4605
4275
4294
4606
4276
4295
4607
4277
4296
4608
4278
4297
4609
4279
4298
4610
4280
4299
4611
4300
4612
4282
4301
4613
4283
4302
4614
4284
4303
4615
4285
4304
4616
4286
4305
4617
4287
4306
4618
4288
4307
4619
4289
4308
4620
4290
4309
4621
4291
4310
4622
4292
4311
4623
4293
4312
4624
4294
4313
4625
4295
4314
4626
4296
4315
4627
4297
4316
4628
4298
4317
4629
4299
4318
4630
4300
4319
4631
4320
4632
4302
4321
4633
4303
4322
4634
4304
4323
4635
4305
4324
4636
4306
4325
4637
4307
4326
4638
4308
4327
4639
4309
4328
4640
4310
4329
4641
4311
4330
4642
4312
4331
4643
4313
4332
4644
4314
4333
4645
4315
4334
4646
4316
4335
4647
4317
4336
4648
4318
4337
4649
4319
4338
4650
4320
4339
4651
4340
4652
4322
4341
4653
4323
4342
4654
4324
4343
4655
4325
4344
4656
4326
4345
4657
4327
4346
4658
4328
4347
4659
4329
4348
4660
4330
4349
4661
4331
4350
4662
4332
4351
4663
4333
4352
4664
4334
4353
4665
4335
4354
4666
4336
4355
4667
4337
4356
4668
4338
4357
4669
4339
4358
4670
4340
4359
4671
4360
4672
4342
4361
4673
4343
4362
4674
4344
4363
4675
4345
4364
4676
4346
4365
4677
4347
4366
4678
4348
4367
4679
4349
4368
4680
4350
4369
4681
4351
4370
4682
4352
4371
4683
4353
4372
4684
4354
4373
4685
4355
4374
4686
4356
4375
4687
4357
4376
4688
4358
4377
4689
4359
4378
4690
4360
4379
4691
4380
4692
4362
4381
4693
4363
4382
4694
4364
4383
4695
4365
4384
4696
4366
4385
4697
4367
4386
4698
4368
4387
4699
4369
4388
4700
4370
4389
4701
4371
4390
4702
4372
4391
4703
4373
4392
4704
4374
4393
4705
4375
4394
4706
4376
4395
4707
4377
4396
4708
4378
4397
4709
4379
4398
4710
4380
4399
4711
4400
4712
4382
4401
4713
4383
4402
4714
4384
4403
4715
4385
4404
4716
4386
4405
4717
4387
4406
4718
4388
4407
4719
4389
4408
4720
4390
4409
4721
4391
4410
4722
4392
4411
4723
4393
4412
4724
4394
4413
4725
4395
4414
4726
4396
4415
4727
4397
4416
4728
4398
4417
4729
4399
4418
4730
4400
4419
4731
4420
4732
4402
4421
4733
4403
4422
4734
4404
4423
4735
4405
4424
4736
4406
4425
4737
4407
4426
4738
4408
4427
4739
4409
4428
4740
4410
4429
4741
4411
4430
4742
4412
4431
4743
4413
4432
4744
4414
4433
4745
4415
4434
4746
4416
4435
4747
4417
4436
4748
4418
4437
4749
4419
4438
4750
4420
4439
4751
4440
4752
4422
4753
4423
4754
4424
4755
4425
4756
4426
4757
4427
4758
4428
4759
4429
4760
4430
4761
4431
4762
4432
4763
4433
4764
4434
4765
4435
4766
4436
4767
4437
4768
4438
4769
4439
4770
4440
4771
4772
4442
4452
4773
4443
4453
4774
4444
4454
4775
4445
4455
4776
4446
4456
4777
4447
4457
4778
4448
4458
4779
4449
4459
4780
4460
4781
4451
4465
4782
4452
4466
4783
4453
4467
4784
4454
4468
4785
4455
4469
4786
4456
4470
4787
4457
4471
4788
4458
4472
4789
4459
4473
4790
4460
4474
4791
4475
4792
4462
4478
4793
4463
4479
4794
4464
4480
4795
4465
4481
4796
4466
4482
4797
4467
4483
4798
4468
4484
4799
4469
4485
4800
4470
4486
4801
4471
4487
4802
4472
4488
4803
4473
4489
4804
4474
4490
4805
4475
4491
4806
4492
4807
4477
4496
4808
4478
4497
4809
4479
4498
4810
4480
4499
4811
4481
4500
4812
4482
4501
4813
4483
4502
4814
4484
4503
4815
4485
4504
4816
4486
4505
4817
4487
4506
4818
4488
4507
4819
4489
4508
4820
4490
4509
4821
4491
4510
4822
4492
4511
4823
4512
4824
4494
4513
4825
4495
4514
4826
4496
4515
4827
4497
4516
4828
4498
4517
4829
4499
4518
4830
4500
4519
4831
4501
4520
4832
4502
4521
4833
4503
4522
4834
4504
4523
4835
4505
4524
4836
4506
4525
4837
4507
4526
4838
4508
4527
4839
4509
4528
4840
4510
4529
4841
4511
4530
4842
4512
4531
4843
4532
4844
4514
4533
4845
4515
4534
4846
4516
4535
4847
4517
4536
4848
4518
4537
4849
4519
4538
4850
4520
4539
4851
4521
4540
4852
4522
4541
4853
4523
4542
4854
4524
4543
4855
4525
4544
4856
4526
4545
4857
4527
4546
4858
4528
4547
4859
4529
4548
4860
4530
4549
4861
4531
4550
4862
4532
4551
4863
4552
4864
4534
4553
4865
4535
4554
4866
4536
4555
4867
4537
4556
4868
4538
4557
4869
4539
4558
4870
4540
4559
4871
4541
4560
4872
4542
4561
4873
4543
4562
4874
4544
4563
4875
4545
4564
4876
4546
4565
4877
4547
4566
4878
4548
4567
4879
4549
4568
4880
4550
4569
4881
4551
4570
4882
4552
4571
4883
4572
4884
4554
4573
4885
4555
4574
4886
4556
4575
4887
4557
4576
4888
4558
4577
4889
4559
4578
4890
4560
4579
4891
4561
4580
4892
4562
4581
4893
4563
4582
4894
4564
4583
4895
4565
4584
4896
4566
4585
4897
4567
4586
4898
4568
4587
4899
4569
4588
4900
4570
4589
4901
4571
4590
4902
4572
4591
4903
4592
4904
4574
4593
4905
4575
4594
4906
4576
4595
4907
4577
4596
4908
4578
4597
4909
4579
4598
4910
4580
4599
4911
4581
4600
4912
4582
4601
4913
4583
4602
4914
4584
4603
4915
4585
4604
4916
4586
4605
4917
4587
4606
4918
4588
4607
4919
4589
4608
4920
4590
4609
4921
4591
4610
4922
4592
4611
4923
4612
4924
4594
4613
4925
4595
4614
4926
4596
4615
4927
4597
4616
4928
4598
4617
4929
4599
4618
4930
4600
4619
4931
4601
4620
4932
4602
4621
4933
4603
4622
4934
4604
4623
4935
4605
4624
4936
4606
4625
4937
4607
4626
4938
4608
4627
4939
4609
4628
4940
4610
4629
4941
4611
4630
4942
4612
4631
4943
4632
4944
4614
4633
4945
4615
4634
4946
4616
4635
4947
4617
4636
4948
4618
4637
4949
4619
4638
4950
4620
4639
4951
4621
4640
4952
4622
4641
4953
4623
4642
4954
4624
4643
4955
4625
4644
4956
4626
4645
4957
4627
4646
4958
4628
4647
4959
4629
4648
4960
4630
4649
4961
4631
4650
4962
4632
4651
4963
4652
4964
4634
4653
4965
4635
4654
4966
4636
4655
4967
4637
4656
4968
4638
4657
4969
4639
4658
4970
4640
4659
4971
4641
4660
4972
4642
4661
4973
4643
4662
4974
4644
4663
4975
4645
4664
4976
4646
4665
4977
4647
4666
4978
4648
4667
4979
4649
4668
4980
4650
4669
4981
4651
4670
4982
4652
4671
4983
4672
4984
4654
4673
4985
4655
4674
4986
4656
4675
4987
4657
4676
4988
4658
4677
4989
4659
4678
4990
4660
4679
4991
4661
4680
4992
4662
4681
4993
4663
4682
4994
4664
4683
4995
4665
4684
4996
4666
4685
4997
4667
4686
4998
4668
4687
4999
4669
4688
5000
4670
4689
5001
4671
4690
5002
4672
4691
5003
4692
5004
4674
4693
5005
4675
4694
5006
4676
4695
5007
4677
4696
5008
4678
4697
5009
4679
4698
5010
4680
4699
5011
4681
4700
5012
4682
4701
5013
4683
4702
5014
4684
4703
5015
4685
4704
5016
4686
4705
5017
4687
4706
5018
4688
4707
5019
4689
4708
5020
4690
4709
5021
4691
4710
5022
4692
4711
5023
4712
5024
4694
4713
5025
4695
4714
5026
4696
4715
5027
4697
4716
5028
4698
4717
5029
4699
4718
5030
4700
4719
5031
4701
4720
5032
4702
4721
5033
4703
4722
5034
4704
4723
5035
4705
4724
5036
4706
4725
5037
4707
4726
5038
4708
4727
5039
4709
4728
5040
4710
4729
5041
4711
4730
5042
4712
4731
5043
4732
5044
4714
4733
5045
4715
4734
5046
4716
4735
5047
4717
4736
5048
4718
4737
5049
4719
4738
5050
4720
4739
5051
4721
4740
5052
4722
4741
5053
4723
4742
5054
4724
4743
5055
4725
4744
5056
4726
4745
5057
4727
4746
5058
4728
4747
5059
4729
4748
5060
4730
4749
5061
4731
4750
5062
4732
4751
5063
4752
5064
4734
4753
5065
4735
4754
5066
4736
4755
5067
4737
4756
5068
4738
4757
5069
4739
4758
5070
4740
4759
5071
4741
4760
5072
4742
4761
5073
4743
4762
5074
4744
4763
5075
4745
4764
5076
4746
4765
5077
4747
4766
5078
4748
4767
5079
4749
4768
5080
4750
4769
5081
4751
4770
5082
4752
4771
5083
4772
5084
4754
5085
4755
5086
4756
5087
4757
5088
4758
5089
4759
5090
4760
5091
4761
5092
4762
5093
4763
5094
4764
5095
4765
5096
4766
5097
4767
5098
4768
5099
4769
5100
4770
5101
4771
5102
4772
5103
5104
4774
4784
5105
4775
4785
5106
4776
4786
5107
4777
4787
5108
4778
4788
5109
4779
4789
5110
4780
4790
5111
4781
4791
5112
4792
5113
4783
4797
5114
4784
4798
5115
4785
4799
5116
4786
4800
5117
4787
4801
5118
4788
4802
5119
4789
4803
5120
4790
4804
5121
4791
4805
5122
4792
4806
5123
4807
5124
4794
4810
5125
4795
4811
5126
4796
4812
5127
4797
4813
5128
4798
4814
5129
4799
4815
5130
4800
4816
5131
4801
4817
5132
4802
4818
5133
4803
4819
5134
4804
4820
5135
4805
4821
5136
4806
4822
5137
4807
4823
5138
4824
5139
4809
4828
5140
4810
4829
5141
4811
4830
5142
4812
4831
5143
4813
4832
5144
4814
4833
5145
4815
4834
5146
4816
4835
5147
4817
4836
5148
4818
4837
5149
4819
4838
5150
4820
4839
5151
4821
4840
5152
4822
4841
5153
4823
4842
5154
4824
4843
5155
4844
5156
4826
4845
5157
4827
4846
5158
4828
4847
5159
4829
4848
5160
4830
4849
5161
4831
4850
5162
4832
4851
5163
4833
4852
5164
4834
4853
5165
4835
4854
5166
4836
4855
5167
4837
4856
5168
4838
4857
5169
4839
4858
5170
4840
4859
5171
4841
4860
5172
4842
4861
5173
4843
4862
5174
4844
4863
5175
4864
5176
4846
4865
5177
4847
4866
5178
4848
4867
5179
4849
4868
5180
4850
4869
5181
4851
4870
5182
4852
4871
5183
4853
4872
5184
4854
4873
5185
4855
4874
5186
4856
4875
5187
4857
4876
5188
4858
4877
5189
4859
4878
5190
4860
4879
5191
4861
4880
5192
4862
4881
5193
4863
4882
5194
4864
4883
5195
4884
5196
4866
4885
5197
4867
4886
5198
4868
4887
5199
4869
4888
5200
4870
4889
5201
4871
4890
5202
4872
4891
5203
4873
4892
5204
4874
4893
5205
4875
4894
5206
4876
4895
5207
4877
4896
5208
4878
4897
5209
4879
4898
5210
4880
4899
5211
4881
4900
5212
4882
4901
5213
4883
4902
5214
4884
4903
5215
4904
5216
4886
4905
5217
4887
4906
5218
4888
4907
5219
4889
4908
5220
4890
4909
5221
4891
4910
5222
4892
4911
5223
4893
4912
5224
4894
4913
5225
4895
4914
5226
4896
4915
5227
4897
4916
5228
4898
4917
5229
4899
4918
5230
4900
4919
5231
4901
4920
5232
4902
4921
5233
4903
4922
5234
4904
4923
5235
4924
5236
4906
4925
5237
4907
4926
5238
4908
4927
5239
4909
4928
5240
4910
4929
5241
4911
4930
5242
4912
4931
5243
4913
4932
5244
4914
4933
5245
4915
4934
5246
4916
4935
5247
4917
4936
5248
4918
4937
5249
4919
4938
5250
4920
4939
5251
4921
4940
5252
4922
4941
5253
4923
4942
5254
4924
4943
5255
4944
5256
4926
4945
5257
4927
4946
5258
4928
4947
5259
4929
4948
5260
4930
4949
5261
4931
4950
5262
4932
4951
5263
4933
4952
5264
4934
4953
5265
4935
4954
5266
4936
4955
5267
4937
4956
5268
4938
4957
5269
4939
4958
5270
4940
4959
5271
4941
4960
5272
4942
4961
5273
4943
4962
5274
4944
4963
5275
4964
5276
4946
4965
5277
4947
4966
5278
4948
4967
5279
4949
4968
5280
4950
4969
5281
4951
4970
5282
4952
4971
5283
4953
4972
5284
4954
4973
5285
4955
4974
5286
4956
4975
5287
4957
4976
5288
4958
4977
5289
4959
4978
5290
4960
4979
5291
4961
4980
5292
4962
4981
5293
4963
4982
5294
4964
4983
5295
4984
5296
4966
4985
5297
4967
4986
5298
4968
4987
5299
4969
4988
5300
4970
4989
5301
4971
4990
5302
4972
4991
5303
4973
4992
5304
4974
4993
5305
4975
4994
5306
4976
4995
5307
4977
4996
5308
4978
4997
5309
4979
4998
5310
4980
4999
5311
4981
5000
5312
4982
5001
5313
4983
5002
5314
4984
5003
5315
5004
5316
4986
5005
5317
4987
5006
5318
4988
5007
5319
4989
5008
5320
4990
5009
5321
4991
5010
5322
4992
5011
5323
4993
5012
5324
4994
5013
5325
4995
5014
5326
4996
5015
5327
4997
5016
5328
4998
5017
5329
4999
5018
5330
5000
5019
5331
5001
5020
5332
5002
5021
5333
5003
5022
5334
5004
5023
5335
5024
5336
5006
5025
5337
5007
5026
5338
5008
5027
5339
5009
5028
5340
5010
5029
5341
5011
5030
5342
5012
5031
5343
5013
5032
5344
5014
5033
5345
5015
5034
5346
5016
5035
5347
5017
5036
5348
5018
5037
5349
5019
5038
5350
5020
5039
5351
5021
5040
5352
5022
5041
5353
5023
5042
5354
5024
5043
5355
5044
5356
5026
5045
5357
5027
5046
5358
5028
5047
5359
5029
5048
5360
5030
5049
5361
5031
5050
5362
5032
5051
5363
5033
5052
5364
5034
5053
5365
5035
5054
5366
5036
5055
5367
5037
5056
5368
5038
5057
5369
5039
5058
5370
5040
5059
5371
5041
5060
5372
5042
5061
5373
5043
5062
5374
5044
5063
5375
5064
5376
5046
5065
5377
5047
5066
5378
5048
5067
5379
5049
5068
5380
5050
5069
5381
5051
5070
5382
5052
5071
5383
5053
5072
5384
5054
5073
5385
5055
5074
5386
5056
5075
5387
5057
5076
5388
5058
5077
5389
5059
5078
5390
5060
5079
5391
5061
5080
5392
5062
5081
5393
5063
5082
5394
5064
5083
5395
5084
5396
5066
5085
5397
5067
5086
5398
5068
5087
5399
5069
5088
5400
5070
5089
5401
5071
5090
5402
5072
5091
5403
5073
5092
5404
5074
5093
5405
5075
5094
5406
5076
5095
5407
5077
5096
5408
5078
5097
5409
5079
5098
5410
5080
5099
5411
5081
5100
5412
5082
5101
5413
5083
5102
5414
5084
5103
5415
5104
5416
5086
5417
5087
5418
5088
5419
5089
5420
5090
5421
5091
5422
5092
5423
5093
5424
5094
5425
5095
5426
5096
5427
5097
5428
5098
5429
5099
5430
5100
5431
5101
5432
5102
5433
5103
5434
5104
5435
5436
5106
5116
5107
5117
5108
5118
5109
5119
5110
5120
5111
5121
5112
5122
5113
5123
5124
5115
5129
5116
5130
5117
5131
5118
5132
5119
5133
5120
5134
5121
5135
5122
5136
5123
5137
5124
5138
5139
5126
5142
5127
5143
5128
5144
5129
5145
5130
5146
5131
5147
5132
5148
5133
5149
5134
5150
5135
5151
5136
5152
5137
5153
5138
5154
5139
5155
5156
5141
5160
5142
5161
5143
5162
5144
5163
5145
5164
5146
5165
5147
5166
5148
5167
5149
5168
5150
5169
5151
5170
5152
5171
5153
5172
5154
5173
5155
5174
5156
5175
5176
5158
5177
5159
5178
5160
5179
5161
5180
5162
5181
5163
5182
5164
5183
5165
5184
5166
5185
5167
5186
5168
5187
5169
5188
5170
5189
5171
5190
5172
5191
5173
5192
5174
5193
5175
5194
5176
5195
5196
5178
5197
5179
5198
5180
5199
5181
5200
5182
5201
5183
5202
5184
5203
5185
5204
5186
5205
5187
5206
5188
5207
5189
5208
5190
5209
5191
5210
5192
5211
5193
5212
5194
5213
5195
5214
5196
5215
5216
5198
5217
5199
5218
5200
5219
5201
5220
5202
5221
5203
5222
5204
5223
5205
5224
5206
5225
5207
5226
5208
5227
5209
5228
5210
5229
5211
5230
5212
5231
5213
5232
5214
5233
5215
5234
5216
5235
5236
5218
5237
5219
5238
5220
5239
5221
5240
5222
5241
5223
5242
5224
5243
5225
5244
5226
5245
5227
5246
5228
5247
5229
5248
5230
5249
5231
5250
5232
5251
5233
5252
5234
5253
5235
5254
5236
5255
5256
5238
5257
5239
5258
5240
5259
5241
5260
5242
5261
5243
5262
5244
5263
5245
5264
5246
5265
5247
5266
5248
5267
5249
5268
5250
5269
5251
5270
5252
5271
5253
5272
5254
5273
5255
5274
5256
5275
5276
5258
5277
5259
5278
5260
5279
5261
5280
5262
5281
5263
5282
5264
5283
5265
5284
5266
5285
5267
5286
5268
5287
5269
5288
5270
5289
5271
5290
5272
5291
5273
5292
5274
5293
5275
5294
5276
5295
5296
5278
5297
5279
5298
5280
5299
5281
5300
5282
5301
5283
5302
5284
5303
5285
5304
5286
5305
5287
5306
5288
5307
5289
5308
5290
5309
5291
5310
5292
5311
5293
5312
5294
5313
5295
5314
5296
5315
5316
5298
5317
5299
5318
5300
5319
5301
5320
5302
5321
5303
5322
5304
5323
5305
5324
5306
5325
5307
5326
5308
5327
5309
5328
5310
5329
5311
5330
5312
5331
5313
5332
5314
5333
5315
5334
5316
5335
5336
5318
5337
5319
5338
5320
5339
5321
5340
5322
5341
5323
5342
5324
5343
5325
5344
5326
5345
5327
5346
5328
5347
5329
5348
5330
5349
5331
5350
5332
5351
5333
5352
5334
5353
5335
5354
5336
5355
5356
5338
5357
5339
5358
5340
5359
5341
5360
5342
5361
5343
5362
5344
5363
5345
5364
5346
5365
5347
5366
5348
5367
5349
5368
5350
5369
5351
5370
5352
5371
5353
5372
5354
5373
5355
5374
5356
5375
5376
5358
5377
5359
5378
5360
5379
5361
5380
5362
5381
5363
5382
5364
5383
5365
5384
5366
5385
5367
5386
5368
5387
5369
5388
5370
5389
5371
5390
5372
5391
5373
5392
5374
5393
5375
5394
5376
5395
5396
5378
5397
5379
5398
5380
5399
5381
5400
5382
5401
5383
5402
5384
5403
5385
5404
5386
5405
5387
5406
5388
5407
5389
5408
5390
5409
5391
5410
5392
5411
5393
5412
5394
5413
5395
5414
5396
5415
5416
5398
5417
5399
5418
5400
5419
5401
5420
5402
5421
5403
5422
5404
5423
5405
5424
5406
5425
5407
5426
5408
5427
5409
5428
5410
5429
5411
5430
5412
5431
5413
5432
5414
5433
5415
5434
5416
5435
5436
5418
5419
5420
5421
5422
5423
5424
5425
5426
5427
5428
5429
5430
5431
5432
5433
5434
5435
5436
)


// ************************************************************************* //
