/*--------------------------------*- C++ -*----------------------------------*\
| =========                 |                                                 |
| \\      /  F ield         | OpenFOAM: The Open Source CFD Toolbox           |
|  \\    /   O peration     | Version:  2406                                  |
|   \\  /    A nd           | Website:  www.openfoam.com                      |
|    \\/     M anipulation  |                                                 |
\*---------------------------------------------------------------------------*/
FoamFile
{
    version     2.0;
    format      ascii;
    arch        "LSB;label=32;scalar=64";
    note        "nPoints:6416  nCells:5360  nFaces:17078  nInternalFaces:15082";
    class       labelList;
    location    "constant/polyMesh";
    object      neighbour;
}
// * * * * * * * * * * * * * * * * * * * * * * * * * * * * * * * * * * * * * //


15082
(
1
5
90
2
6
91
3
7
92
4
8
93
9
94
1185
6
10
95
7
11
96
8
12
97
9
13
98
14
99
1205
11
15
100
12
16
101
13
17
102
14
18
103
19
104
1225
16
20
105
17
21
106
18
22
107
19
23
108
24
109
1245
21
25
110
22
26
111
23
27
112
24
28
113
29
114
1265
26
30
115
27
31
116
28
32
117
29
33
118
34
119
1285
31
35
120
32
36
121
33
37
122
34
38
123
39
124
1305
36
40
125
37
41
126
38
42
127
39
43
128
44
129
1325
41
45
130
42
46
131
43
47
132
44
48
133
49
134
1345
46
50
135
47
51
136
48
52
137
49
53
138
54
139
1365
51
55
140
52
56
141
53
57
142
54
58
143
59
144
1385
56
60
145
57
61
146
58
62
147
59
63
148
64
149
1405
61
65
150
62
66
151
63
67
152
64
68
153
69
154
1425
66
70
155
67
71
156
68
72
157
69
73
158
74
159
1445
71
75
160
72
76
161
73
77
162
74
78
163
79
164
1465
76
80
165
77
81
166
78
82
167
79
83
168
84
169
1485
81
85
170
82
86
171
83
87
172
84
88
173
89
174
1505
86
175
87
176
88
177
89
178
179
1525
91
95
180
92
96
181
93
97
182
94
98
183
99
184
1545
96
100
185
97
101
186
98
102
187
99
103
188
104
189
1565
101
105
190
102
106
191
103
107
192
104
108
193
109
194
1585
106
110
195
107
111
196
108
112
197
109
113
198
114
199
1605
111
115
200
112
116
201
113
117
202
114
118
203
119
204
1625
116
120
205
117
121
206
118
122
207
119
123
208
124
209
1645
121
125
210
122
126
211
123
127
212
124
128
213
129
214
1665
126
130
215
127
131
216
128
132
217
129
133
218
134
219
1685
131
135
220
132
136
221
133
137
222
134
138
223
139
224
1705
136
140
225
137
141
226
138
142
227
139
143
228
144
229
1725
141
145
230
142
146
231
143
147
232
144
148
233
149
234
1745
146
150
235
147
151
236
148
152
237
149
153
238
154
239
1765
151
155
240
152
156
241
153
157
242
154
158
243
159
244
1785
156
160
245
157
161
246
158
162
247
159
163
248
164
249
1805
161
165
250
162
166
251
163
167
252
164
168
253
169
254
1825
166
170
255
167
171
256
168
172
257
169
173
258
174
259
1845
171
175
260
172
176
261
173
177
262
174
178
263
179
264
1865
176
265
177
266
178
267
179
268
269
1885
181
185
270
182
186
271
183
187
272
184
188
273
189
274
1905
186
190
275
187
191
276
188
192
277
189
193
278
194
279
1925
191
195
280
192
196
281
193
197
282
194
198
283
199
284
1945
196
200
285
197
201
286
198
202
287
199
203
288
204
289
1965
201
205
290
202
206
291
203
207
292
204
208
293
209
294
1985
206
210
295
207
211
296
208
212
297
209
213
298
214
299
2005
211
215
300
212
216
301
213
217
302
214
218
303
219
304
2025
216
220
305
217
221
306
218
222
307
219
223
308
224
309
2045
221
225
310
222
226
311
223
227
312
224
228
313
229
314
2065
226
230
315
227
231
316
228
232
317
229
233
318
234
319
2085
231
235
320
232
236
321
233
237
322
234
238
323
239
324
2105
236
240
325
237
241
326
238
242
327
239
243
328
244
329
2125
241
245
330
242
246
331
243
247
332
244
248
333
249
334
2145
246
250
335
247
251
336
248
252
337
249
253
338
254
339
2165
251
255
340
252
256
341
253
257
342
254
258
343
259
344
2185
256
260
345
257
261
346
258
262
347
259
263
348
264
349
2205
261
265
350
262
266
351
263
267
352
264
268
353
269
354
2225
266
355
267
356
268
357
269
358
359
2245
271
275
360
272
276
361
273
277
362
274
278
363
279
364
2265
276
280
365
277
281
366
278
282
367
279
283
368
284
369
2285
281
285
370
282
286
371
283
287
372
284
288
373
289
374
2305
286
290
375
287
291
376
288
292
377
289
293
378
294
379
2325
291
295
380
292
296
381
293
297
382
294
298
383
299
384
2345
296
300
385
297
301
386
298
302
387
299
303
388
304
389
2365
301
305
390
302
306
391
303
307
392
304
308
393
309
394
2385
306
310
395
307
311
396
308
312
397
309
313
398
314
399
2405
311
315
400
312
316
401
313
317
402
314
318
403
319
404
2425
316
320
405
317
321
406
318
322
407
319
323
408
324
409
2445
321
325
410
322
326
411
323
327
412
324
328
413
329
414
2465
326
330
415
327
331
416
328
332
417
329
333
418
334
419
2485
331
335
420
332
336
421
333
337
422
334
338
423
339
424
2505
336
340
425
337
341
426
338
342
427
339
343
428
344
429
2525
341
345
430
342
346
431
343
347
432
344
348
433
349
434
2545
346
350
435
347
351
436
348
352
437
349
353
438
354
439
2565
351
355
440
352
356
441
353
357
442
354
358
443
359
444
2585
356
445
357
446
358
447
359
448
449
2605
361
365
450
362
366
451
363
367
452
364
368
453
369
454
2625
366
370
455
367
371
456
368
372
457
369
373
458
374
459
2645
371
375
460
372
376
461
373
377
462
374
378
463
379
464
2665
376
380
465
377
381
466
378
382
467
379
383
468
384
469
2685
381
385
470
382
386
471
383
387
472
384
388
473
389
474
2705
386
390
475
387
391
476
388
392
477
389
393
478
394
479
2725
391
395
480
392
396
481
393
397
482
394
398
483
399
484
2745
396
400
485
397
401
486
398
402
487
399
403
488
404
489
2765
401
405
490
402
406
491
403
407
492
404
408
493
409
494
2785
406
410
495
407
411
496
408
412
497
409
413
498
414
499
2805
411
415
500
412
416
501
413
417
502
414
418
503
419
504
2825
416
420
505
417
421
506
418
422
507
419
423
508
424
509
2845
421
425
510
422
426
511
423
427
512
424
428
513
429
514
2865
426
430
515
427
431
516
428
432
517
429
433
518
434
519
2885
431
435
520
432
436
521
433
437
522
434
438
523
439
524
2905
436
440
525
437
441
526
438
442
527
439
443
528
444
529
2925
441
445
530
442
446
531
443
447
532
444
448
533
449
534
2945
446
535
447
536
448
537
449
538
539
2965
451
455
452
456
453
457
454
458
459
2985
456
460
540
457
461
541
458
462
542
459
463
543
464
544
3005
461
465
545
462
466
546
463
467
547
464
468
548
469
549
3025
466
470
550
467
471
551
468
472
552
469
473
553
474
554
3045
471
475
555
472
476
556
473
477
557
474
478
558
479
559
3065
476
480
560
477
481
561
478
482
562
479
483
563
484
564
3085
481
485
565
482
486
566
483
487
567
484
488
568
489
569
3105
486
490
570
487
491
571
488
492
572
489
493
573
494
574
3125
491
495
575
492
496
576
493
497
577
494
498
578
499
579
3145
496
500
580
497
501
581
498
502
582
499
503
583
504
584
3165
501
505
585
502
506
586
503
507
587
504
508
588
509
589
3185
506
510
590
507
511
591
508
512
592
509
513
593
514
594
3205
511
515
595
512
516
596
513
517
597
514
518
598
519
599
3225
516
520
600
517
521
601
518
522
602
519
523
603
524
604
3245
521
525
605
522
526
606
523
527
607
524
528
608
529
609
3265
526
530
610
527
531
611
528
532
612
529
533
613
534
614
3285
531
535
615
532
536
616
533
537
617
534
538
618
539
619
3305
536
620
537
621
538
622
539
623
624
3325
541
545
625
542
546
626
543
547
627
544
548
628
549
629
3345
546
550
630
547
551
631
548
552
632
549
553
633
554
634
3365
551
555
635
552
556
636
553
557
637
554
558
638
559
639
3385
556
560
640
557
561
641
558
562
642
559
563
643
564
644
3405
561
565
645
562
566
646
563
567
647
564
568
648
569
649
3425
566
570
650
567
571
651
568
572
652
569
573
653
574
654
3445
571
575
655
572
576
656
573
577
657
574
578
658
579
659
3465
576
580
660
577
581
661
578
582
662
579
583
663
584
664
3485
581
585
665
582
586
666
583
587
667
584
588
668
589
669
3505
586
590
670
587
591
671
588
592
672
589
593
673
594
674
3525
591
595
675
592
596
676
593
597
677
594
598
678
599
679
3545
596
600
680
597
601
681
598
602
682
599
603
683
604
684
3565
601
605
685
602
606
686
603
607
687
604
608
688
609
689
3585
606
610
690
607
611
691
608
612
692
609
613
693
614
694
3605
611
615
695
612
616
696
613
617
697
614
618
698
619
699
3625
616
620
700
617
621
701
618
622
702
619
623
703
624
704
3645
621
705
622
706
623
707
624
708
709
3665
626
630
710
627
631
711
628
632
712
629
633
713
634
714
3685
631
635
715
632
636
716
633
637
717
634
638
718
639
719
3705
636
640
720
637
641
721
638
642
722
639
643
723
644
724
3725
641
645
725
642
646
726
643
647
727
644
648
728
649
729
3745
646
650
730
647
651
731
648
652
732
649
653
733
654
734
3765
651
655
735
652
656
736
653
657
737
654
658
738
659
739
3785
656
660
740
657
661
741
658
662
742
659
663
743
664
744
3805
661
665
745
662
666
746
663
667
747
664
668
748
669
749
3825
666
670
750
667
671
751
668
672
752
669
673
753
674
754
3845
671
675
755
672
676
756
673
677
757
674
678
758
679
759
3865
676
680
760
677
681
761
678
682
762
679
683
763
684
764
3885
681
685
765
682
686
766
683
687
767
684
688
768
689
769
3905
686
690
770
687
691
771
688
692
772
689
693
773
694
774
3925
691
695
775
692
696
776
693
697
777
694
698
778
699
779
3945
696
700
780
697
701
781
698
702
782
699
703
783
704
784
3965
701
705
785
702
706
786
703
707
787
704
708
788
709
789
3985
706
790
707
791
708
792
709
793
794
4005
711
715
795
712
716
796
713
717
797
714
718
798
719
799
4025
716
720
800
717
721
801
718
722
802
719
723
803
724
804
4045
721
725
805
722
726
806
723
727
807
724
728
808
729
809
4065
726
730
810
727
731
811
728
732
812
729
733
813
734
814
4085
731
735
815
732
736
816
733
737
817
734
738
818
739
819
4105
736
740
820
737
741
821
738
742
822
739
743
823
744
824
4125
741
745
825
742
746
826
743
747
827
744
748
828
749
829
4145
746
750
830
747
751
831
748
752
832
749
753
833
754
834
4165
751
755
835
752
756
836
753
757
837
754
758
838
759
839
4185
756
760
840
757
761
841
758
762
842
759
763
843
764
844
4205
761
765
845
762
766
846
763
767
847
764
768
848
769
849
4225
766
770
850
767
771
851
768
772
852
769
773
853
774
854
4245
771
775
855
772
776
856
773
777
857
774
778
858
779
859
4265
776
780
860
777
781
861
778
782
862
779
783
863
784
864
4285
781
785
865
782
786
866
783
787
867
784
788
868
789
869
4305
786
790
870
787
791
871
788
792
872
789
793
873
794
874
4325
791
875
792
876
793
877
794
878
879
4345
796
800
880
797
801
881
798
802
882
799
803
883
804
884
4365
801
805
885
802
806
886
803
807
887
804
808
888
809
889
4385
806
810
890
807
811
891
808
812
892
809
813
893
814
894
4405
811
815
895
812
816
896
813
817
897
814
818
898
819
899
4425
816
820
900
817
821
901
818
822
902
819
823
903
824
904
4445
821
825
905
822
826
906
823
827
907
824
828
908
829
909
4465
826
830
910
827
831
911
828
832
912
829
833
913
834
914
4485
831
835
915
832
836
916
833
837
917
834
838
918
839
919
4505
836
840
920
837
841
921
838
842
922
839
843
923
844
924
4525
841
845
925
842
846
926
843
847
927
844
848
928
849
929
4545
846
850
930
847
851
931
848
852
932
849
853
933
854
934
4565
851
855
935
852
856
936
853
857
937
854
858
938
859
939
4585
856
860
940
857
861
941
858
862
942
859
863
943
864
944
4605
861
865
945
862
866
946
863
867
947
864
868
948
869
949
4625
866
870
950
867
871
951
868
872
952
869
873
953
874
954
4645
871
875
955
872
876
956
873
877
957
874
878
958
879
959
4665
876
960
877
961
878
962
879
963
964
4685
881
885
965
882
886
966
883
887
967
884
888
968
889
969
4705
886
890
970
887
891
971
888
892
972
889
893
973
894
974
4721
891
895
975
892
896
976
893
897
977
894
898
978
899
979
4737
896
900
980
897
901
981
898
902
982
899
903
983
904
984
4753
901
905
985
902
906
986
903
907
987
904
908
988
909
989
4769
906
910
990
907
911
991
908
912
992
909
913
993
914
994
4785
911
915
995
912
916
996
913
917
997
914
918
998
919
999
4801
916
920
1000
917
921
1001
918
922
1002
919
923
1003
924
1004
4817
921
925
1005
922
926
1006
923
927
1007
924
928
1008
929
1009
4833
926
930
1010
927
931
1011
928
932
1012
929
933
1013
934
1014
4849
931
935
1015
932
936
1016
933
937
1017
934
938
1018
939
1019
4865
936
940
1020
937
941
1021
938
942
1022
939
943
1023
944
1024
4881
941
945
1025
942
946
1026
943
947
1027
944
948
1028
949
1029
4897
946
950
1030
947
951
1031
948
952
1032
949
953
1033
954
1034
4913
951
955
1035
952
956
1036
953
957
1037
954
958
1038
959
1039
4929
956
960
1040
957
961
1041
958
962
1042
959
963
1043
964
1044
4945
961
1045
962
1046
963
1047
964
1048
1049
4961
966
970
1050
967
971
1051
968
972
1052
969
973
1053
974
1054
4977
971
975
1055
972
976
1056
973
977
1057
974
978
1058
979
1059
4988
976
980
1060
977
981
1061
978
982
1062
979
983
1063
984
1064
4999
981
985
1065
982
986
1066
983
987
1067
984
988
1068
989
1069
5010
986
990
1070
987
991
1071
988
992
1072
989
993
1073
994
1074
5021
991
995
1075
992
996
1076
993
997
1077
994
998
1078
999
1079
5032
996
1000
1080
997
1001
1081
998
1002
1082
999
1003
1083
1004
1084
5043
1001
1005
1085
1002
1006
1086
1003
1007
1087
1004
1008
1088
1009
1089
5054
1006
1010
1090
1007
1011
1091
1008
1012
1092
1009
1013
1093
1014
1094
5065
1011
1015
1095
1012
1016
1096
1013
1017
1097
1014
1018
1098
1019
1099
5076
1016
1020
1100
1017
1021
1101
1018
1022
1102
1019
1023
1103
1024
1104
5087
1021
1025
1105
1022
1026
1106
1023
1027
1107
1024
1028
1108
1029
1109
5098
1026
1030
1110
1027
1031
1111
1028
1032
1112
1029
1033
1113
1034
1114
5109
1031
1035
1115
1032
1036
1116
1033
1037
1117
1034
1038
1118
1039
1119
5120
1036
1040
1120
1037
1041
1121
1038
1042
1122
1039
1043
1123
1044
1124
5131
1041
1045
1125
1042
1046
1126
1043
1047
1127
1044
1048
1128
1049
1129
5142
1046
1130
1047
1131
1048
1132
1049
1133
1134
5153
1051
1055
1135
1052
1056
1136
1053
1057
1137
1054
1058
1138
1059
1139
5164
1056
1060
1140
1057
1061
1141
1058
1062
1142
1059
1063
1143
1064
1144
5172
1061
1065
1145
1062
1066
1146
1063
1067
1147
1064
1068
1148
1069
1149
5180
1066
1070
1150
1067
1071
1151
1068
1072
1152
1069
1073
1153
1074
1154
5188
1071
1075
1155
1072
1076
1156
1073
1077
1157
1074
1078
1158
1079
1159
5196
1076
1080
1160
1077
1081
1161
1078
1082
1162
1079
1083
1163
1084
1164
5204
1081
1085
1165
1082
1086
1166
1083
1087
1167
1084
1088
1168
1089
1169
5212
1086
1090
1170
1087
1091
1171
1088
1092
1172
1089
1093
1173
1094
1174
5220
1091
1095
1175
1092
1096
1176
1093
1097
1177
1094
1098
1178
1099
1179
5228
1096
1100
1180
1097
1101
1181
1098
1102
1182
1099
1103
1183
1104
1184
5236
1101
1105
1102
1106
1103
1107
1104
1108
1109
5244
1106
1110
1107
1111
1108
1112
1109
1113
1114
5252
1111
1115
1112
1116
1113
1117
1114
1118
1119
5260
1116
1120
1117
1121
1118
1122
1119
1123
1124
5268
1121
1125
1122
1126
1123
1127
1124
1128
1129
5276
1126
1130
1127
1131
1128
1132
1129
1133
1134
5284
1131
1132
1133
1134
5292
1136
1140
1137
1141
1138
1142
1139
1143
1144
5300
1141
1145
1142
1146
1143
1147
1144
1148
1149
5306
1146
1150
1147
1151
1148
1152
1149
1153
1154
5312
1151
1155
1152
1156
1153
1157
1154
1158
1159
5318
1156
1160
1157
1161
1158
1162
1159
1163
1164
5324
1161
1165
1162
1166
1163
1167
1164
1168
1169
5330
1166
1170
1167
1171
1168
1172
1169
1173
1174
5336
1171
1175
1172
1176
1173
1177
1174
1178
1179
5342
1176
1180
1177
1181
1178
1182
1179
1183
1184
5348
1181
1182
1183
1184
5354
1186
1205
1545
1187
1206
1546
1188
1207
1547
1189
1208
1548
1190
1209
1549
1191
1210
1550
1192
1211
1551
1193
1212
1552
1194
1213
1553
1195
1214
1554
1196
1215
1555
1197
1216
1556
1198
1217
1557
1199
1218
1558
1200
1219
1559
1201
1220
1560
1202
1221
1561
1203
1222
1562
1204
1223
1563
1224
1564
1206
1225
1565
1207
1226
1566
1208
1227
1567
1209
1228
1568
1210
1229
1569
1211
1230
1570
1212
1231
1571
1213
1232
1572
1214
1233
1573
1215
1234
1574
1216
1235
1575
1217
1236
1576
1218
1237
1577
1219
1238
1578
1220
1239
1579
1221
1240
1580
1222
1241
1581
1223
1242
1582
1224
1243
1583
1244
1584
1226
1245
1585
1227
1246
1586
1228
1247
1587
1229
1248
1588
1230
1249
1589
1231
1250
1590
1232
1251
1591
1233
1252
1592
1234
1253
1593
1235
1254
1594
1236
1255
1595
1237
1256
1596
1238
1257
1597
1239
1258
1598
1240
1259
1599
1241
1260
1600
1242
1261
1601
1243
1262
1602
1244
1263
1603
1264
1604
1246
1265
1605
1247
1266
1606
1248
1267
1607
1249
1268
1608
1250
1269
1609
1251
1270
1610
1252
1271
1611
1253
1272
1612
1254
1273
1613
1255
1274
1614
1256
1275
1615
1257
1276
1616
1258
1277
1617
1259
1278
1618
1260
1279
1619
1261
1280
1620
1262
1281
1621
1263
1282
1622
1264
1283
1623
1284
1624
1266
1285
1625
1267
1286
1626
1268
1287
1627
1269
1288
1628
1270
1289
1629
1271
1290
1630
1272
1291
1631
1273
1292
1632
1274
1293
1633
1275
1294
1634
1276
1295
1635
1277
1296
1636
1278
1297
1637
1279
1298
1638
1280
1299
1639
1281
1300
1640
1282
1301
1641
1283
1302
1642
1284
1303
1643
1304
1644
1286
1305
1645
1287
1306
1646
1288
1307
1647
1289
1308
1648
1290
1309
1649
1291
1310
1650
1292
1311
1651
1293
1312
1652
1294
1313
1653
1295
1314
1654
1296
1315
1655
1297
1316
1656
1298
1317
1657
1299
1318
1658
1300
1319
1659
1301
1320
1660
1302
1321
1661
1303
1322
1662
1304
1323
1663
1324
1664
1306
1325
1665
1307
1326
1666
1308
1327
1667
1309
1328
1668
1310
1329
1669
1311
1330
1670
1312
1331
1671
1313
1332
1672
1314
1333
1673
1315
1334
1674
1316
1335
1675
1317
1336
1676
1318
1337
1677
1319
1338
1678
1320
1339
1679
1321
1340
1680
1322
1341
1681
1323
1342
1682
1324
1343
1683
1344
1684
1326
1345
1685
1327
1346
1686
1328
1347
1687
1329
1348
1688
1330
1349
1689
1331
1350
1690
1332
1351
1691
1333
1352
1692
1334
1353
1693
1335
1354
1694
1336
1355
1695
1337
1356
1696
1338
1357
1697
1339
1358
1698
1340
1359
1699
1341
1360
1700
1342
1361
1701
1343
1362
1702
1344
1363
1703
1364
1704
1346
1365
1705
1347
1366
1706
1348
1367
1707
1349
1368
1708
1350
1369
1709
1351
1370
1710
1352
1371
1711
1353
1372
1712
1354
1373
1713
1355
1374
1714
1356
1375
1715
1357
1376
1716
1358
1377
1717
1359
1378
1718
1360
1379
1719
1361
1380
1720
1362
1381
1721
1363
1382
1722
1364
1383
1723
1384
1724
1366
1385
1725
1367
1386
1726
1368
1387
1727
1369
1388
1728
1370
1389
1729
1371
1390
1730
1372
1391
1731
1373
1392
1732
1374
1393
1733
1375
1394
1734
1376
1395
1735
1377
1396
1736
1378
1397
1737
1379
1398
1738
1380
1399
1739
1381
1400
1740
1382
1401
1741
1383
1402
1742
1384
1403
1743
1404
1744
1386
1405
1745
1387
1406
1746
1388
1407
1747
1389
1408
1748
1390
1409
1749
1391
1410
1750
1392
1411
1751
1393
1412
1752
1394
1413
1753
1395
1414
1754
1396
1415
1755
1397
1416
1756
1398
1417
1757
1399
1418
1758
1400
1419
1759
1401
1420
1760
1402
1421
1761
1403
1422
1762
1404
1423
1763
1424
1764
1406
1425
1765
1407
1426
1766
1408
1427
1767
1409
1428
1768
1410
1429
1769
1411
1430
1770
1412
1431
1771
1413
1432
1772
1414
1433
1773
1415
1434
1774
1416
1435
1775
1417
1436
1776
1418
1437
1777
1419
1438
1778
1420
1439
1779
1421
1440
1780
1422
1441
1781
1423
1442
1782
1424
1443
1783
1444
1784
1426
1445
1785
1427
1446
1786
1428
1447
1787
1429
1448
1788
1430
1449
1789
1431
1450
1790
1432
1451
1791
1433
1452
1792
1434
1453
1793
1435
1454
1794
1436
1455
1795
1437
1456
1796
1438
1457
1797
1439
1458
1798
1440
1459
1799
1441
1460
1800
1442
1461
1801
1443
1462
1802
1444
1463
1803
1464
1804
1446
1465
1805
1447
1466
1806
1448
1467
1807
1449
1468
1808
1450
1469
1809
1451
1470
1810
1452
1471
1811
1453
1472
1812
1454
1473
1813
1455
1474
1814
1456
1475
1815
1457
1476
1816
1458
1477
1817
1459
1478
1818
1460
1479
1819
1461
1480
1820
1462
1481
1821
1463
1482
1822
1464
1483
1823
1484
1824
1466
1485
1825
1467
1486
1826
1468
1487
1827
1469
1488
1828
1470
1489
1829
1471
1490
1830
1472
1491
1831
1473
1492
1832
1474
1493
1833
1475
1494
1834
1476
1495
1835
1477
1496
1836
1478
1497
1837
1479
1498
1838
1480
1499
1839
1481
1500
1840
1482
1501
1841
1483
1502
1842
1484
1503
1843
1504
1844
1486
1505
1845
1487
1506
1846
1488
1507
1847
1489
1508
1848
1490
1509
1849
1491
1510
1850
1492
1511
1851
1493
1512
1852
1494
1513
1853
1495
1514
1854
1496
1515
1855
1497
1516
1856
1498
1517
1857
1499
1518
1858
1500
1519
1859
1501
1520
1860
1502
1521
1861
1503
1522
1862
1504
1523
1863
1524
1864
1506
1525
1865
1507
1526
1866
1508
1527
1867
1509
1528
1868
1510
1529
1869
1511
1530
1870
1512
1531
1871
1513
1532
1872
1514
1533
1873
1515
1534
1874
1516
1535
1875
1517
1536
1876
1518
1537
1877
1519
1538
1878
1520
1539
1879
1521
1540
1880
1522
1541
1881
1523
1542
1882
1524
1543
1883
1544
1884
1526
1885
1527
1886
1528
1887
1529
1888
1530
1889
1531
1890
1532
1891
1533
1892
1534
1893
1535
1894
1536
1895
1537
1896
1538
1897
1539
1898
1540
1899
1541
1900
1542
1901
1543
1902
1544
1903
1904
1546
1565
1905
1547
1566
1906
1548
1567
1907
1549
1568
1908
1550
1569
1909
1551
1570
1910
1552
1571
1911
1553
1572
1912
1554
1573
1913
1555
1574
1914
1556
1575
1915
1557
1576
1916
1558
1577
1917
1559
1578
1918
1560
1579
1919
1561
1580
1920
1562
1581
1921
1563
1582
1922
1564
1583
1923
1584
1924
1566
1585
1925
1567
1586
1926
1568
1587
1927
1569
1588
1928
1570
1589
1929
1571
1590
1930
1572
1591
1931
1573
1592
1932
1574
1593
1933
1575
1594
1934
1576
1595
1935
1577
1596
1936
1578
1597
1937
1579
1598
1938
1580
1599
1939
1581
1600
1940
1582
1601
1941
1583
1602
1942
1584
1603
1943
1604
1944
1586
1605
1945
1587
1606
1946
1588
1607
1947
1589
1608
1948
1590
1609
1949
1591
1610
1950
1592
1611
1951
1593
1612
1952
1594
1613
1953
1595
1614
1954
1596
1615
1955
1597
1616
1956
1598
1617
1957
1599
1618
1958
1600
1619
1959
1601
1620
1960
1602
1621
1961
1603
1622
1962
1604
1623
1963
1624
1964
1606
1625
1965
1607
1626
1966
1608
1627
1967
1609
1628
1968
1610
1629
1969
1611
1630
1970
1612
1631
1971
1613
1632
1972
1614
1633
1973
1615
1634
1974
1616
1635
1975
1617
1636
1976
1618
1637
1977
1619
1638
1978
1620
1639
1979
1621
1640
1980
1622
1641
1981
1623
1642
1982
1624
1643
1983
1644
1984
1626
1645
1985
1627
1646
1986
1628
1647
1987
1629
1648
1988
1630
1649
1989
1631
1650
1990
1632
1651
1991
1633
1652
1992
1634
1653
1993
1635
1654
1994
1636
1655
1995
1637
1656
1996
1638
1657
1997
1639
1658
1998
1640
1659
1999
1641
1660
2000
1642
1661
2001
1643
1662
2002
1644
1663
2003
1664
2004
1646
1665
2005
1647
1666
2006
1648
1667
2007
1649
1668
2008
1650
1669
2009
1651
1670
2010
1652
1671
2011
1653
1672
2012
1654
1673
2013
1655
1674
2014
1656
1675
2015
1657
1676
2016
1658
1677
2017
1659
1678
2018
1660
1679
2019
1661
1680
2020
1662
1681
2021
1663
1682
2022
1664
1683
2023
1684
2024
1666
1685
2025
1667
1686
2026
1668
1687
2027
1669
1688
2028
1670
1689
2029
1671
1690
2030
1672
1691
2031
1673
1692
2032
1674
1693
2033
1675
1694
2034
1676
1695
2035
1677
1696
2036
1678
1697
2037
1679
1698
2038
1680
1699
2039
1681
1700
2040
1682
1701
2041
1683
1702
2042
1684
1703
2043
1704
2044
1686
1705
2045
1687
1706
2046
1688
1707
2047
1689
1708
2048
1690
1709
2049
1691
1710
2050
1692
1711
2051
1693
1712
2052
1694
1713
2053
1695
1714
2054
1696
1715
2055
1697
1716
2056
1698
1717
2057
1699
1718
2058
1700
1719
2059
1701
1720
2060
1702
1721
2061
1703
1722
2062
1704
1723
2063
1724
2064
1706
1725
2065
1707
1726
2066
1708
1727
2067
1709
1728
2068
1710
1729
2069
1711
1730
2070
1712
1731
2071
1713
1732
2072
1714
1733
2073
1715
1734
2074
1716
1735
2075
1717
1736
2076
1718
1737
2077
1719
1738
2078
1720
1739
2079
1721
1740
2080
1722
1741
2081
1723
1742
2082
1724
1743
2083
1744
2084
1726
1745
2085
1727
1746
2086
1728
1747
2087
1729
1748
2088
1730
1749
2089
1731
1750
2090
1732
1751
2091
1733
1752
2092
1734
1753
2093
1735
1754
2094
1736
1755
2095
1737
1756
2096
1738
1757
2097
1739
1758
2098
1740
1759
2099
1741
1760
2100
1742
1761
2101
1743
1762
2102
1744
1763
2103
1764
2104
1746
1765
2105
1747
1766
2106
1748
1767
2107
1749
1768
2108
1750
1769
2109
1751
1770
2110
1752
1771
2111
1753
1772
2112
1754
1773
2113
1755
1774
2114
1756
1775
2115
1757
1776
2116
1758
1777
2117
1759
1778
2118
1760
1779
2119
1761
1780
2120
1762
1781
2121
1763
1782
2122
1764
1783
2123
1784
2124
1766
1785
2125
1767
1786
2126
1768
1787
2127
1769
1788
2128
1770
1789
2129
1771
1790
2130
1772
1791
2131
1773
1792
2132
1774
1793
2133
1775
1794
2134
1776
1795
2135
1777
1796
2136
1778
1797
2137
1779
1798
2138
1780
1799
2139
1781
1800
2140
1782
1801
2141
1783
1802
2142
1784
1803
2143
1804
2144
1786
1805
2145
1787
1806
2146
1788
1807
2147
1789
1808
2148
1790
1809
2149
1791
1810
2150
1792
1811
2151
1793
1812
2152
1794
1813
2153
1795
1814
2154
1796
1815
2155
1797
1816
2156
1798
1817
2157
1799
1818
2158
1800
1819
2159
1801
1820
2160
1802
1821
2161
1803
1822
2162
1804
1823
2163
1824
2164
1806
1825
2165
1807
1826
2166
1808
1827
2167
1809
1828
2168
1810
1829
2169
1811
1830
2170
1812
1831
2171
1813
1832
2172
1814
1833
2173
1815
1834
2174
1816
1835
2175
1817
1836
2176
1818
1837
2177
1819
1838
2178
1820
1839
2179
1821
1840
2180
1822
1841
2181
1823
1842
2182
1824
1843
2183
1844
2184
1826
1845
2185
1827
1846
2186
1828
1847
2187
1829
1848
2188
1830
1849
2189
1831
1850
2190
1832
1851
2191
1833
1852
2192
1834
1853
2193
1835
1854
2194
1836
1855
2195
1837
1856
2196
1838
1857
2197
1839
1858
2198
1840
1859
2199
1841
1860
2200
1842
1861
2201
1843
1862
2202
1844
1863
2203
1864
2204
1846
1865
2205
1847
1866
2206
1848
1867
2207
1849
1868
2208
1850
1869
2209
1851
1870
2210
1852
1871
2211
1853
1872
2212
1854
1873
2213
1855
1874
2214
1856
1875
2215
1857
1876
2216
1858
1877
2217
1859
1878
2218
1860
1879
2219
1861
1880
2220
1862
1881
2221
1863
1882
2222
1864
1883
2223
1884
2224
1866
1885
2225
1867
1886
2226
1868
1887
2227
1869
1888
2228
1870
1889
2229
1871
1890
2230
1872
1891
2231
1873
1892
2232
1874
1893
2233
1875
1894
2234
1876
1895
2235
1877
1896
2236
1878
1897
2237
1879
1898
2238
1880
1899
2239
1881
1900
2240
1882
1901
2241
1883
1902
2242
1884
1903
2243
1904
2244
1886
2245
1887
2246
1888
2247
1889
2248
1890
2249
1891
2250
1892
2251
1893
2252
1894
2253
1895
2254
1896
2255
1897
2256
1898
2257
1899
2258
1900
2259
1901
2260
1902
2261
1903
2262
1904
2263
2264
1906
1925
2265
1907
1926
2266
1908
1927
2267
1909
1928
2268
1910
1929
2269
1911
1930
2270
1912
1931
2271
1913
1932
2272
1914
1933
2273
1915
1934
2274
1916
1935
2275
1917
1936
2276
1918
1937
2277
1919
1938
2278
1920
1939
2279
1921
1940
2280
1922
1941
2281
1923
1942
2282
1924
1943
2283
1944
2284
1926
1945
2285
1927
1946
2286
1928
1947
2287
1929
1948
2288
1930
1949
2289
1931
1950
2290
1932
1951
2291
1933
1952
2292
1934
1953
2293
1935
1954
2294
1936
1955
2295
1937
1956
2296
1938
1957
2297
1939
1958
2298
1940
1959
2299
1941
1960
2300
1942
1961
2301
1943
1962
2302
1944
1963
2303
1964
2304
1946
1965
2305
1947
1966
2306
1948
1967
2307
1949
1968
2308
1950
1969
2309
1951
1970
2310
1952
1971
2311
1953
1972
2312
1954
1973
2313
1955
1974
2314
1956
1975
2315
1957
1976
2316
1958
1977
2317
1959
1978
2318
1960
1979
2319
1961
1980
2320
1962
1981
2321
1963
1982
2322
1964
1983
2323
1984
2324
1966
1985
2325
1967
1986
2326
1968
1987
2327
1969
1988
2328
1970
1989
2329
1971
1990
2330
1972
1991
2331
1973
1992
2332
1974
1993
2333
1975
1994
2334
1976
1995
2335
1977
1996
2336
1978
1997
2337
1979
1998
2338
1980
1999
2339
1981
2000
2340
1982
2001
2341
1983
2002
2342
1984
2003
2343
2004
2344
1986
2005
2345
1987
2006
2346
1988
2007
2347
1989
2008
2348
1990
2009
2349
1991
2010
2350
1992
2011
2351
1993
2012
2352
1994
2013
2353
1995
2014
2354
1996
2015
2355
1997
2016
2356
1998
2017
2357
1999
2018
2358
2000
2019
2359
2001
2020
2360
2002
2021
2361
2003
2022
2362
2004
2023
2363
2024
2364
2006
2025
2365
2007
2026
2366
2008
2027
2367
2009
2028
2368
2010
2029
2369
2011
2030
2370
2012
2031
2371
2013
2032
2372
2014
2033
2373
2015
2034
2374
2016
2035
2375
2017
2036
2376
2018
2037
2377
2019
2038
2378
2020
2039
2379
2021
2040
2380
2022
2041
2381
2023
2042
2382
2024
2043
2383
2044
2384
2026
2045
2385
2027
2046
2386
2028
2047
2387
2029
2048
2388
2030
2049
2389
2031
2050
2390
2032
2051
2391
2033
2052
2392
2034
2053
2393
2035
2054
2394
2036
2055
2395
2037
2056
2396
2038
2057
2397
2039
2058
2398
2040
2059
2399
2041
2060
2400
2042
2061
2401
2043
2062
2402
2044
2063
2403
2064
2404
2046
2065
2405
2047
2066
2406
2048
2067
2407
2049
2068
2408
2050
2069
2409
2051
2070
2410
2052
2071
2411
2053
2072
2412
2054
2073
2413
2055
2074
2414
2056
2075
2415
2057
2076
2416
2058
2077
2417
2059
2078
2418
2060
2079
2419
2061
2080
2420
2062
2081
2421
2063
2082
2422
2064
2083
2423
2084
2424
2066
2085
2425
2067
2086
2426
2068
2087
2427
2069
2088
2428
2070
2089
2429
2071
2090
2430
2072
2091
2431
2073
2092
2432
2074
2093
2433
2075
2094
2434
2076
2095
2435
2077
2096
2436
2078
2097
2437
2079
2098
2438
2080
2099
2439
2081
2100
2440
2082
2101
2441
2083
2102
2442
2084
2103
2443
2104
2444
2086
2105
2445
2087
2106
2446
2088
2107
2447
2089
2108
2448
2090
2109
2449
2091
2110
2450
2092
2111
2451
2093
2112
2452
2094
2113
2453
2095
2114
2454
2096
2115
2455
2097
2116
2456
2098
2117
2457
2099
2118
2458
2100
2119
2459
2101
2120
2460
2102
2121
2461
2103
2122
2462
2104
2123
2463
2124
2464
2106
2125
2465
2107
2126
2466
2108
2127
2467
2109
2128
2468
2110
2129
2469
2111
2130
2470
2112
2131
2471
2113
2132
2472
2114
2133
2473
2115
2134
2474
2116
2135
2475
2117
2136
2476
2118
2137
2477
2119
2138
2478
2120
2139
2479
2121
2140
2480
2122
2141
2481
2123
2142
2482
2124
2143
2483
2144
2484
2126
2145
2485
2127
2146
2486
2128
2147
2487
2129
2148
2488
2130
2149
2489
2131
2150
2490
2132
2151
2491
2133
2152
2492
2134
2153
2493
2135
2154
2494
2136
2155
2495
2137
2156
2496
2138
2157
2497
2139
2158
2498
2140
2159
2499
2141
2160
2500
2142
2161
2501
2143
2162
2502
2144
2163
2503
2164
2504
2146
2165
2505
2147
2166
2506
2148
2167
2507
2149
2168
2508
2150
2169
2509
2151
2170
2510
2152
2171
2511
2153
2172
2512
2154
2173
2513
2155
2174
2514
2156
2175
2515
2157
2176
2516
2158
2177
2517
2159
2178
2518
2160
2179
2519
2161
2180
2520
2162
2181
2521
2163
2182
2522
2164
2183
2523
2184
2524
2166
2185
2525
2167
2186
2526
2168
2187
2527
2169
2188
2528
2170
2189
2529
2171
2190
2530
2172
2191
2531
2173
2192
2532
2174
2193
2533
2175
2194
2534
2176
2195
2535
2177
2196
2536
2178
2197
2537
2179
2198
2538
2180
2199
2539
2181
2200
2540
2182
2201
2541
2183
2202
2542
2184
2203
2543
2204
2544
2186
2205
2545
2187
2206
2546
2188
2207
2547
2189
2208
2548
2190
2209
2549
2191
2210
2550
2192
2211
2551
2193
2212
2552
2194
2213
2553
2195
2214
2554
2196
2215
2555
2197
2216
2556
2198
2217
2557
2199
2218
2558
2200
2219
2559
2201
2220
2560
2202
2221
2561
2203
2222
2562
2204
2223
2563
2224
2564
2206
2225
2565
2207
2226
2566
2208
2227
2567
2209
2228
2568
2210
2229
2569
2211
2230
2570
2212
2231
2571
2213
2232
2572
2214
2233
2573
2215
2234
2574
2216
2235
2575
2217
2236
2576
2218
2237
2577
2219
2238
2578
2220
2239
2579
2221
2240
2580
2222
2241
2581
2223
2242
2582
2224
2243
2583
2244
2584
2226
2245
2585
2227
2246
2586
2228
2247
2587
2229
2248
2588
2230
2249
2589
2231
2250
2590
2232
2251
2591
2233
2252
2592
2234
2253
2593
2235
2254
2594
2236
2255
2595
2237
2256
2596
2238
2257
2597
2239
2258
2598
2240
2259
2599
2241
2260
2600
2242
2261
2601
2243
2262
2602
2244
2263
2603
2264
2604
2246
2605
2247
2606
2248
2607
2249
2608
2250
2609
2251
2610
2252
2611
2253
2612
2254
2613
2255
2614
2256
2615
2257
2616
2258
2617
2259
2618
2260
2619
2261
2620
2262
2621
2263
2622
2264
2623
2624
2266
2285
2625
2267
2286
2626
2268
2287
2627
2269
2288
2628
2270
2289
2629
2271
2290
2630
2272
2291
2631
2273
2292
2632
2274
2293
2633
2275
2294
2634
2276
2295
2635
2277
2296
2636
2278
2297
2637
2279
2298
2638
2280
2299
2639
2281
2300
2640
2282
2301
2641
2283
2302
2642
2284
2303
2643
2304
2644
2286
2305
2645
2287
2306
2646
2288
2307
2647
2289
2308
2648
2290
2309
2649
2291
2310
2650
2292
2311
2651
2293
2312
2652
2294
2313
2653
2295
2314
2654
2296
2315
2655
2297
2316
2656
2298
2317
2657
2299
2318
2658
2300
2319
2659
2301
2320
2660
2302
2321
2661
2303
2322
2662
2304
2323
2663
2324
2664
2306
2325
2665
2307
2326
2666
2308
2327
2667
2309
2328
2668
2310
2329
2669
2311
2330
2670
2312
2331
2671
2313
2332
2672
2314
2333
2673
2315
2334
2674
2316
2335
2675
2317
2336
2676
2318
2337
2677
2319
2338
2678
2320
2339
2679
2321
2340
2680
2322
2341
2681
2323
2342
2682
2324
2343
2683
2344
2684
2326
2345
2685
2327
2346
2686
2328
2347
2687
2329
2348
2688
2330
2349
2689
2331
2350
2690
2332
2351
2691
2333
2352
2692
2334
2353
2693
2335
2354
2694
2336
2355
2695
2337
2356
2696
2338
2357
2697
2339
2358
2698
2340
2359
2699
2341
2360
2700
2342
2361
2701
2343
2362
2702
2344
2363
2703
2364
2704
2346
2365
2705
2347
2366
2706
2348
2367
2707
2349
2368
2708
2350
2369
2709
2351
2370
2710
2352
2371
2711
2353
2372
2712
2354
2373
2713
2355
2374
2714
2356
2375
2715
2357
2376
2716
2358
2377
2717
2359
2378
2718
2360
2379
2719
2361
2380
2720
2362
2381
2721
2363
2382
2722
2364
2383
2723
2384
2724
2366
2385
2725
2367
2386
2726
2368
2387
2727
2369
2388
2728
2370
2389
2729
2371
2390
2730
2372
2391
2731
2373
2392
2732
2374
2393
2733
2375
2394
2734
2376
2395
2735
2377
2396
2736
2378
2397
2737
2379
2398
2738
2380
2399
2739
2381
2400
2740
2382
2401
2741
2383
2402
2742
2384
2403
2743
2404
2744
2386
2405
2745
2387
2406
2746
2388
2407
2747
2389
2408
2748
2390
2409
2749
2391
2410
2750
2392
2411
2751
2393
2412
2752
2394
2413
2753
2395
2414
2754
2396
2415
2755
2397
2416
2756
2398
2417
2757
2399
2418
2758
2400
2419
2759
2401
2420
2760
2402
2421
2761
2403
2422
2762
2404
2423
2763
2424
2764
2406
2425
2765
2407
2426
2766
2408
2427
2767
2409
2428
2768
2410
2429
2769
2411
2430
2770
2412
2431
2771
2413
2432
2772
2414
2433
2773
2415
2434
2774
2416
2435
2775
2417
2436
2776
2418
2437
2777
2419
2438
2778
2420
2439
2779
2421
2440
2780
2422
2441
2781
2423
2442
2782
2424
2443
2783
2444
2784
2426
2445
2785
2427
2446
2786
2428
2447
2787
2429
2448
2788
2430
2449
2789
2431
2450
2790
2432
2451
2791
2433
2452
2792
2434
2453
2793
2435
2454
2794
2436
2455
2795
2437
2456
2796
2438
2457
2797
2439
2458
2798
2440
2459
2799
2441
2460
2800
2442
2461
2801
2443
2462
2802
2444
2463
2803
2464
2804
2446
2465
2805
2447
2466
2806
2448
2467
2807
2449
2468
2808
2450
2469
2809
2451
2470
2810
2452
2471
2811
2453
2472
2812
2454
2473
2813
2455
2474
2814
2456
2475
2815
2457
2476
2816
2458
2477
2817
2459
2478
2818
2460
2479
2819
2461
2480
2820
2462
2481
2821
2463
2482
2822
2464
2483
2823
2484
2824
2466
2485
2825
2467
2486
2826
2468
2487
2827
2469
2488
2828
2470
2489
2829
2471
2490
2830
2472
2491
2831
2473
2492
2832
2474
2493
2833
2475
2494
2834
2476
2495
2835
2477
2496
2836
2478
2497
2837
2479
2498
2838
2480
2499
2839
2481
2500
2840
2482
2501
2841
2483
2502
2842
2484
2503
2843
2504
2844
2486
2505
2845
2487
2506
2846
2488
2507
2847
2489
2508
2848
2490
2509
2849
2491
2510
2850
2492
2511
2851
2493
2512
2852
2494
2513
2853
2495
2514
2854
2496
2515
2855
2497
2516
2856
2498
2517
2857
2499
2518
2858
2500
2519
2859
2501
2520
2860
2502
2521
2861
2503
2522
2862
2504
2523
2863
2524
2864
2506
2525
2865
2507
2526
2866
2508
2527
2867
2509
2528
2868
2510
2529
2869
2511
2530
2870
2512
2531
2871
2513
2532
2872
2514
2533
2873
2515
2534
2874
2516
2535
2875
2517
2536
2876
2518
2537
2877
2519
2538
2878
2520
2539
2879
2521
2540
2880
2522
2541
2881
2523
2542
2882
2524
2543
2883
2544
2884
2526
2545
2885
2527
2546
2886
2528
2547
2887
2529
2548
2888
2530
2549
2889
2531
2550
2890
2532
2551
2891
2533
2552
2892
2534
2553
2893
2535
2554
2894
2536
2555
2895
2537
2556
2896
2538
2557
2897
2539
2558
2898
2540
2559
2899
2541
2560
2900
2542
2561
2901
2543
2562
2902
2544
2563
2903
2564
2904
2546
2565
2905
2547
2566
2906
2548
2567
2907
2549
2568
2908
2550
2569
2909
2551
2570
2910
2552
2571
2911
2553
2572
2912
2554
2573
2913
2555
2574
2914
2556
2575
2915
2557
2576
2916
2558
2577
2917
2559
2578
2918
2560
2579
2919
2561
2580
2920
2562
2581
2921
2563
2582
2922
2564
2583
2923
2584
2924
2566
2585
2925
2567
2586
2926
2568
2587
2927
2569
2588
2928
2570
2589
2929
2571
2590
2930
2572
2591
2931
2573
2592
2932
2574
2593
2933
2575
2594
2934
2576
2595
2935
2577
2596
2936
2578
2597
2937
2579
2598
2938
2580
2599
2939
2581
2600
2940
2582
2601
2941
2583
2602
2942
2584
2603
2943
2604
2944
2586
2605
2945
2587
2606
2946
2588
2607
2947
2589
2608
2948
2590
2609
2949
2591
2610
2950
2592
2611
2951
2593
2612
2952
2594
2613
2953
2595
2614
2954
2596
2615
2955
2597
2616
2956
2598
2617
2957
2599
2618
2958
2600
2619
2959
2601
2620
2960
2602
2621
2961
2603
2622
2962
2604
2623
2963
2624
2964
2606
2965
2607
2966
2608
2967
2609
2968
2610
2969
2611
2970
2612
2971
2613
2972
2614
2973
2615
2974
2616
2975
2617
2976
2618
2977
2619
2978
2620
2979
2621
2980
2622
2981
2623
2982
2624
2983
2984
2626
2645
2985
2627
2646
2986
2628
2647
2987
2629
2648
2988
2630
2649
2989
2631
2650
2990
2632
2651
2991
2633
2652
2992
2634
2653
2993
2635
2654
2994
2636
2655
2995
2637
2656
2996
2638
2657
2997
2639
2658
2998
2640
2659
2999
2641
2660
3000
2642
2661
3001
2643
2662
3002
2644
2663
3003
2664
3004
2646
2665
3005
2647
2666
3006
2648
2667
3007
2649
2668
3008
2650
2669
3009
2651
2670
3010
2652
2671
3011
2653
2672
3012
2654
2673
3013
2655
2674
3014
2656
2675
3015
2657
2676
3016
2658
2677
3017
2659
2678
3018
2660
2679
3019
2661
2680
3020
2662
2681
3021
2663
2682
3022
2664
2683
3023
2684
3024
2666
2685
3025
2667
2686
3026
2668
2687
3027
2669
2688
3028
2670
2689
3029
2671
2690
3030
2672
2691
3031
2673
2692
3032
2674
2693
3033
2675
2694
3034
2676
2695
3035
2677
2696
3036
2678
2697
3037
2679
2698
3038
2680
2699
3039
2681
2700
3040
2682
2701
3041
2683
2702
3042
2684
2703
3043
2704
3044
2686
2705
3045
2687
2706
3046
2688
2707
3047
2689
2708
3048
2690
2709
3049
2691
2710
3050
2692
2711
3051
2693
2712
3052
2694
2713
3053
2695
2714
3054
2696
2715
3055
2697
2716
3056
2698
2717
3057
2699
2718
3058
2700
2719
3059
2701
2720
3060
2702
2721
3061
2703
2722
3062
2704
2723
3063
2724
3064
2706
2725
3065
2707
2726
3066
2708
2727
3067
2709
2728
3068
2710
2729
3069
2711
2730
3070
2712
2731
3071
2713
2732
3072
2714
2733
3073
2715
2734
3074
2716
2735
3075
2717
2736
3076
2718
2737
3077
2719
2738
3078
2720
2739
3079
2721
2740
3080
2722
2741
3081
2723
2742
3082
2724
2743
3083
2744
3084
2726
2745
3085
2727
2746
3086
2728
2747
3087
2729
2748
3088
2730
2749
3089
2731
2750
3090
2732
2751
3091
2733
2752
3092
2734
2753
3093
2735
2754
3094
2736
2755
3095
2737
2756
3096
2738
2757
3097
2739
2758
3098
2740
2759
3099
2741
2760
3100
2742
2761
3101
2743
2762
3102
2744
2763
3103
2764
3104
2746
2765
3105
2747
2766
3106
2748
2767
3107
2749
2768
3108
2750
2769
3109
2751
2770
3110
2752
2771
3111
2753
2772
3112
2754
2773
3113
2755
2774
3114
2756
2775
3115
2757
2776
3116
2758
2777
3117
2759
2778
3118
2760
2779
3119
2761
2780
3120
2762
2781
3121
2763
2782
3122
2764
2783
3123
2784
3124
2766
2785
3125
2767
2786
3126
2768
2787
3127
2769
2788
3128
2770
2789
3129
2771
2790
3130
2772
2791
3131
2773
2792
3132
2774
2793
3133
2775
2794
3134
2776
2795
3135
2777
2796
3136
2778
2797
3137
2779
2798
3138
2780
2799
3139
2781
2800
3140
2782
2801
3141
2783
2802
3142
2784
2803
3143
2804
3144
2786
2805
3145
2787
2806
3146
2788
2807
3147
2789
2808
3148
2790
2809
3149
2791
2810
3150
2792
2811
3151
2793
2812
3152
2794
2813
3153
2795
2814
3154
2796
2815
3155
2797
2816
3156
2798
2817
3157
2799
2818
3158
2800
2819
3159
2801
2820
3160
2802
2821
3161
2803
2822
3162
2804
2823
3163
2824
3164
2806
2825
3165
2807
2826
3166
2808
2827
3167
2809
2828
3168
2810
2829
3169
2811
2830
3170
2812
2831
3171
2813
2832
3172
2814
2833
3173
2815
2834
3174
2816
2835
3175
2817
2836
3176
2818
2837
3177
2819
2838
3178
2820
2839
3179
2821
2840
3180
2822
2841
3181
2823
2842
3182
2824
2843
3183
2844
3184
2826
2845
3185
2827
2846
3186
2828
2847
3187
2829
2848
3188
2830
2849
3189
2831
2850
3190
2832
2851
3191
2833
2852
3192
2834
2853
3193
2835
2854
3194
2836
2855
3195
2837
2856
3196
2838
2857
3197
2839
2858
3198
2840
2859
3199
2841
2860
3200
2842
2861
3201
2843
2862
3202
2844
2863
3203
2864
3204
2846
2865
3205
2847
2866
3206
2848
2867
3207
2849
2868
3208
2850
2869
3209
2851
2870
3210
2852
2871
3211
2853
2872
3212
2854
2873
3213
2855
2874
3214
2856
2875
3215
2857
2876
3216
2858
2877
3217
2859
2878
3218
2860
2879
3219
2861
2880
3220
2862
2881
3221
2863
2882
3222
2864
2883
3223
2884
3224
2866
2885
3225
2867
2886
3226
2868
2887
3227
2869
2888
3228
2870
2889
3229
2871
2890
3230
2872
2891
3231
2873
2892
3232
2874
2893
3233
2875
2894
3234
2876
2895
3235
2877
2896
3236
2878
2897
3237
2879
2898
3238
2880
2899
3239
2881
2900
3240
2882
2901
3241
2883
2902
3242
2884
2903
3243
2904
3244
2886
2905
3245
2887
2906
3246
2888
2907
3247
2889
2908
3248
2890
2909
3249
2891
2910
3250
2892
2911
3251
2893
2912
3252
2894
2913
3253
2895
2914
3254
2896
2915
3255
2897
2916
3256
2898
2917
3257
2899
2918
3258
2900
2919
3259
2901
2920
3260
2902
2921
3261
2903
2922
3262
2904
2923
3263
2924
3264
2906
2925
3265
2907
2926
3266
2908
2927
3267
2909
2928
3268
2910
2929
3269
2911
2930
3270
2912
2931
3271
2913
2932
3272
2914
2933
3273
2915
2934
3274
2916
2935
3275
2917
2936
3276
2918
2937
3277
2919
2938
3278
2920
2939
3279
2921
2940
3280
2922
2941
3281
2923
2942
3282
2924
2943
3283
2944
3284
2926
2945
3285
2927
2946
3286
2928
2947
3287
2929
2948
3288
2930
2949
3289
2931
2950
3290
2932
2951
3291
2933
2952
3292
2934
2953
3293
2935
2954
3294
2936
2955
3295
2937
2956
3296
2938
2957
3297
2939
2958
3298
2940
2959
3299
2941
2960
3300
2942
2961
3301
2943
2962
3302
2944
2963
3303
2964
3304
2946
2965
3305
2947
2966
3306
2948
2967
3307
2949
2968
3308
2950
2969
3309
2951
2970
3310
2952
2971
3311
2953
2972
3312
2954
2973
3313
2955
2974
3314
2956
2975
3315
2957
2976
3316
2958
2977
3317
2959
2978
3318
2960
2979
3319
2961
2980
3320
2962
2981
3321
2963
2982
3322
2964
2983
3323
2984
3324
2966
3325
2967
3326
2968
3327
2969
3328
2970
3329
2971
3330
2972
3331
2973
3332
2974
3333
2975
3334
2976
3335
2977
3336
2978
3337
2979
3338
2980
3339
2981
3340
2982
3341
2983
3342
2984
3343
3344
2986
3005
2987
3006
2988
3007
2989
3008
2990
3009
2991
3010
2992
3011
2993
3012
2994
3013
2995
3014
2996
3015
2997
3016
2998
3017
2999
3018
3000
3019
3001
3020
3002
3021
3003
3022
3004
3023
3024
3006
3025
3345
3007
3026
3346
3008
3027
3347
3009
3028
3348
3010
3029
3349
3011
3030
3350
3012
3031
3351
3013
3032
3352
3014
3033
3353
3015
3034
3354
3016
3035
3355
3017
3036
3356
3018
3037
3357
3019
3038
3358
3020
3039
3359
3021
3040
3360
3022
3041
3361
3023
3042
3362
3024
3043
3363
3044
3364
3026
3045
3365
3027
3046
3366
3028
3047
3367
3029
3048
3368
3030
3049
3369
3031
3050
3370
3032
3051
3371
3033
3052
3372
3034
3053
3373
3035
3054
3374
3036
3055
3375
3037
3056
3376
3038
3057
3377
3039
3058
3378
3040
3059
3379
3041
3060
3380
3042
3061
3381
3043
3062
3382
3044
3063
3383
3064
3384
3046
3065
3385
3047
3066
3386
3048
3067
3387
3049
3068
3388
3050
3069
3389
3051
3070
3390
3052
3071
3391
3053
3072
3392
3054
3073
3393
3055
3074
3394
3056
3075
3395
3057
3076
3396
3058
3077
3397
3059
3078
3398
3060
3079
3399
3061
3080
3400
3062
3081
3401
3063
3082
3402
3064
3083
3403
3084
3404
3066
3085
3405
3067
3086
3406
3068
3087
3407
3069
3088
3408
3070
3089
3409
3071
3090
3410
3072
3091
3411
3073
3092
3412
3074
3093
3413
3075
3094
3414
3076
3095
3415
3077
3096
3416
3078
3097
3417
3079
3098
3418
3080
3099
3419
3081
3100
3420
3082
3101
3421
3083
3102
3422
3084
3103
3423
3104
3424
3086
3105
3425
3087
3106
3426
3088
3107
3427
3089
3108
3428
3090
3109
3429
3091
3110
3430
3092
3111
3431
3093
3112
3432
3094
3113
3433
3095
3114
3434
3096
3115
3435
3097
3116
3436
3098
3117
3437
3099
3118
3438
3100
3119
3439
3101
3120
3440
3102
3121
3441
3103
3122
3442
3104
3123
3443
3124
3444
3106
3125
3445
3107
3126
3446
3108
3127
3447
3109
3128
3448
3110
3129
3449
3111
3130
3450
3112
3131
3451
3113
3132
3452
3114
3133
3453
3115
3134
3454
3116
3135
3455
3117
3136
3456
3118
3137
3457
3119
3138
3458
3120
3139
3459
3121
3140
3460
3122
3141
3461
3123
3142
3462
3124
3143
3463
3144
3464
3126
3145
3465
3127
3146
3466
3128
3147
3467
3129
3148
3468
3130
3149
3469
3131
3150
3470
3132
3151
3471
3133
3152
3472
3134
3153
3473
3135
3154
3474
3136
3155
3475
3137
3156
3476
3138
3157
3477
3139
3158
3478
3140
3159
3479
3141
3160
3480
3142
3161
3481
3143
3162
3482
3144
3163
3483
3164
3484
3146
3165
3485
3147
3166
3486
3148
3167
3487
3149
3168
3488
3150
3169
3489
3151
3170
3490
3152
3171
3491
3153
3172
3492
3154
3173
3493
3155
3174
3494
3156
3175
3495
3157
3176
3496
3158
3177
3497
3159
3178
3498
3160
3179
3499
3161
3180
3500
3162
3181
3501
3163
3182
3502
3164
3183
3503
3184
3504
3166
3185
3505
3167
3186
3506
3168
3187
3507
3169
3188
3508
3170
3189
3509
3171
3190
3510
3172
3191
3511
3173
3192
3512
3174
3193
3513
3175
3194
3514
3176
3195
3515
3177
3196
3516
3178
3197
3517
3179
3198
3518
3180
3199
3519
3181
3200
3520
3182
3201
3521
3183
3202
3522
3184
3203
3523
3204
3524
3186
3205
3525
3187
3206
3526
3188
3207
3527
3189
3208
3528
3190
3209
3529
3191
3210
3530
3192
3211
3531
3193
3212
3532
3194
3213
3533
3195
3214
3534
3196
3215
3535
3197
3216
3536
3198
3217
3537
3199
3218
3538
3200
3219
3539
3201
3220
3540
3202
3221
3541
3203
3222
3542
3204
3223
3543
3224
3544
3206
3225
3545
3207
3226
3546
3208
3227
3547
3209
3228
3548
3210
3229
3549
3211
3230
3550
3212
3231
3551
3213
3232
3552
3214
3233
3553
3215
3234
3554
3216
3235
3555
3217
3236
3556
3218
3237
3557
3219
3238
3558
3220
3239
3559
3221
3240
3560
3222
3241
3561
3223
3242
3562
3224
3243
3563
3244
3564
3226
3245
3565
3227
3246
3566
3228
3247
3567
3229
3248
3568
3230
3249
3569
3231
3250
3570
3232
3251
3571
3233
3252
3572
3234
3253
3573
3235
3254
3574
3236
3255
3575
3237
3256
3576
3238
3257
3577
3239
3258
3578
3240
3259
3579
3241
3260
3580
3242
3261
3581
3243
3262
3582
3244
3263
3583
3264
3584
3246
3265
3585
3247
3266
3586
3248
3267
3587
3249
3268
3588
3250
3269
3589
3251
3270
3590
3252
3271
3591
3253
3272
3592
3254
3273
3593
3255
3274
3594
3256
3275
3595
3257
3276
3596
3258
3277
3597
3259
3278
3598
3260
3279
3599
3261
3280
3600
3262
3281
3601
3263
3282
3602
3264
3283
3603
3284
3604
3266
3285
3605
3267
3286
3606
3268
3287
3607
3269
3288
3608
3270
3289
3609
3271
3290
3610
3272
3291
3611
3273
3292
3612
3274
3293
3613
3275
3294
3614
3276
3295
3615
3277
3296
3616
3278
3297
3617
3279
3298
3618
3280
3299
3619
3281
3300
3620
3282
3301
3621
3283
3302
3622
3284
3303
3623
3304
3624
3286
3305
3625
3287
3306
3626
3288
3307
3627
3289
3308
3628
3290
3309
3629
3291
3310
3630
3292
3311
3631
3293
3312
3632
3294
3313
3633
3295
3314
3634
3296
3315
3635
3297
3316
3636
3298
3317
3637
3299
3318
3638
3300
3319
3639
3301
3320
3640
3302
3321
3641
3303
3322
3642
3304
3323
3643
3324
3644
3306
3325
3645
3307
3326
3646
3308
3327
3647
3309
3328
3648
3310
3329
3649
3311
3330
3650
3312
3331
3651
3313
3332
3652
3314
3333
3653
3315
3334
3654
3316
3335
3655
3317
3336
3656
3318
3337
3657
3319
3338
3658
3320
3339
3659
3321
3340
3660
3322
3341
3661
3323
3342
3662
3324
3343
3663
3344
3664
3326
3665
3327
3666
3328
3667
3329
3668
3330
3669
3331
3670
3332
3671
3333
3672
3334
3673
3335
3674
3336
3675
3337
3676
3338
3677
3339
3678
3340
3679
3341
3680
3342
3681
3343
3682
3344
3683
3684
3346
3365
3685
3347
3366
3686
3348
3367
3687
3349
3368
3688
3350
3369
3689
3351
3370
3690
3352
3371
3691
3353
3372
3692
3354
3373
3693
3355
3374
3694
3356
3375
3695
3357
3376
3696
3358
3377
3697
3359
3378
3698
3360
3379
3699
3361
3380
3700
3362
3381
3701
3363
3382
3702
3364
3383
3703
3384
3704
3366
3385
3705
3367
3386
3706
3368
3387
3707
3369
3388
3708
3370
3389
3709
3371
3390
3710
3372
3391
3711
3373
3392
3712
3374
3393
3713
3375
3394
3714
3376
3395
3715
3377
3396
3716
3378
3397
3717
3379
3398
3718
3380
3399
3719
3381
3400
3720
3382
3401
3721
3383
3402
3722
3384
3403
3723
3404
3724
3386
3405
3725
3387
3406
3726
3388
3407
3727
3389
3408
3728
3390
3409
3729
3391
3410
3730
3392
3411
3731
3393
3412
3732
3394
3413
3733
3395
3414
3734
3396
3415
3735
3397
3416
3736
3398
3417
3737
3399
3418
3738
3400
3419
3739
3401
3420
3740
3402
3421
3741
3403
3422
3742
3404
3423
3743
3424
3744
3406
3425
3745
3407
3426
3746
3408
3427
3747
3409
3428
3748
3410
3429
3749
3411
3430
3750
3412
3431
3751
3413
3432
3752
3414
3433
3753
3415
3434
3754
3416
3435
3755
3417
3436
3756
3418
3437
3757
3419
3438
3758
3420
3439
3759
3421
3440
3760
3422
3441
3761
3423
3442
3762
3424
3443
3763
3444
3764
3426
3445
3765
3427
3446
3766
3428
3447
3767
3429
3448
3768
3430
3449
3769
3431
3450
3770
3432
3451
3771
3433
3452
3772
3434
3453
3773
3435
3454
3774
3436
3455
3775
3437
3456
3776
3438
3457
3777
3439
3458
3778
3440
3459
3779
3441
3460
3780
3442
3461
3781
3443
3462
3782
3444
3463
3783
3464
3784
3446
3465
3785
3447
3466
3786
3448
3467
3787
3449
3468
3788
3450
3469
3789
3451
3470
3790
3452
3471
3791
3453
3472
3792
3454
3473
3793
3455
3474
3794
3456
3475
3795
3457
3476
3796
3458
3477
3797
3459
3478
3798
3460
3479
3799
3461
3480
3800
3462
3481
3801
3463
3482
3802
3464
3483
3803
3484
3804
3466
3485
3805
3467
3486
3806
3468
3487
3807
3469
3488
3808
3470
3489
3809
3471
3490
3810
3472
3491
3811
3473
3492
3812
3474
3493
3813
3475
3494
3814
3476
3495
3815
3477
3496
3816
3478
3497
3817
3479
3498
3818
3480
3499
3819
3481
3500
3820
3482
3501
3821
3483
3502
3822
3484
3503
3823
3504
3824
3486
3505
3825
3487
3506
3826
3488
3507
3827
3489
3508
3828
3490
3509
3829
3491
3510
3830
3492
3511
3831
3493
3512
3832
3494
3513
3833
3495
3514
3834
3496
3515
3835
3497
3516
3836
3498
3517
3837
3499
3518
3838
3500
3519
3839
3501
3520
3840
3502
3521
3841
3503
3522
3842
3504
3523
3843
3524
3844
3506
3525
3845
3507
3526
3846
3508
3527
3847
3509
3528
3848
3510
3529
3849
3511
3530
3850
3512
3531
3851
3513
3532
3852
3514
3533
3853
3515
3534
3854
3516
3535
3855
3517
3536
3856
3518
3537
3857
3519
3538
3858
3520
3539
3859
3521
3540
3860
3522
3541
3861
3523
3542
3862
3524
3543
3863
3544
3864
3526
3545
3865
3527
3546
3866
3528
3547
3867
3529
3548
3868
3530
3549
3869
3531
3550
3870
3532
3551
3871
3533
3552
3872
3534
3553
3873
3535
3554
3874
3536
3555
3875
3537
3556
3876
3538
3557
3877
3539
3558
3878
3540
3559
3879
3541
3560
3880
3542
3561
3881
3543
3562
3882
3544
3563
3883
3564
3884
3546
3565
3885
3547
3566
3886
3548
3567
3887
3549
3568
3888
3550
3569
3889
3551
3570
3890
3552
3571
3891
3553
3572
3892
3554
3573
3893
3555
3574
3894
3556
3575
3895
3557
3576
3896
3558
3577
3897
3559
3578
3898
3560
3579
3899
3561
3580
3900
3562
3581
3901
3563
3582
3902
3564
3583
3903
3584
3904
3566
3585
3905
3567
3586
3906
3568
3587
3907
3569
3588
3908
3570
3589
3909
3571
3590
3910
3572
3591
3911
3573
3592
3912
3574
3593
3913
3575
3594
3914
3576
3595
3915
3577
3596
3916
3578
3597
3917
3579
3598
3918
3580
3599
3919
3581
3600
3920
3582
3601
3921
3583
3602
3922
3584
3603
3923
3604
3924
3586
3605
3925
3587
3606
3926
3588
3607
3927
3589
3608
3928
3590
3609
3929
3591
3610
3930
3592
3611
3931
3593
3612
3932
3594
3613
3933
3595
3614
3934
3596
3615
3935
3597
3616
3936
3598
3617
3937
3599
3618
3938
3600
3619
3939
3601
3620
3940
3602
3621
3941
3603
3622
3942
3604
3623
3943
3624
3944
3606
3625
3945
3607
3626
3946
3608
3627
3947
3609
3628
3948
3610
3629
3949
3611
3630
3950
3612
3631
3951
3613
3632
3952
3614
3633
3953
3615
3634
3954
3616
3635
3955
3617
3636
3956
3618
3637
3957
3619
3638
3958
3620
3639
3959
3621
3640
3960
3622
3641
3961
3623
3642
3962
3624
3643
3963
3644
3964
3626
3645
3965
3627
3646
3966
3628
3647
3967
3629
3648
3968
3630
3649
3969
3631
3650
3970
3632
3651
3971
3633
3652
3972
3634
3653
3973
3635
3654
3974
3636
3655
3975
3637
3656
3976
3638
3657
3977
3639
3658
3978
3640
3659
3979
3641
3660
3980
3642
3661
3981
3643
3662
3982
3644
3663
3983
3664
3984
3646
3665
3985
3647
3666
3986
3648
3667
3987
3649
3668
3988
3650
3669
3989
3651
3670
3990
3652
3671
3991
3653
3672
3992
3654
3673
3993
3655
3674
3994
3656
3675
3995
3657
3676
3996
3658
3677
3997
3659
3678
3998
3660
3679
3999
3661
3680
4000
3662
3681
4001
3663
3682
4002
3664
3683
4003
3684
4004
3666
4005
3667
4006
3668
4007
3669
4008
3670
4009
3671
4010
3672
4011
3673
4012
3674
4013
3675
4014
3676
4015
3677
4016
3678
4017
3679
4018
3680
4019
3681
4020
3682
4021
3683
4022
3684
4023
4024
3686
3705
4025
3687
3706
4026
3688
3707
4027
3689
3708
4028
3690
3709
4029
3691
3710
4030
3692
3711
4031
3693
3712
4032
3694
3713
4033
3695
3714
4034
3696
3715
4035
3697
3716
4036
3698
3717
4037
3699
3718
4038
3700
3719
4039
3701
3720
4040
3702
3721
4041
3703
3722
4042
3704
3723
4043
3724
4044
3706
3725
4045
3707
3726
4046
3708
3727
4047
3709
3728
4048
3710
3729
4049
3711
3730
4050
3712
3731
4051
3713
3732
4052
3714
3733
4053
3715
3734
4054
3716
3735
4055
3717
3736
4056
3718
3737
4057
3719
3738
4058
3720
3739
4059
3721
3740
4060
3722
3741
4061
3723
3742
4062
3724
3743
4063
3744
4064
3726
3745
4065
3727
3746
4066
3728
3747
4067
3729
3748
4068
3730
3749
4069
3731
3750
4070
3732
3751
4071
3733
3752
4072
3734
3753
4073
3735
3754
4074
3736
3755
4075
3737
3756
4076
3738
3757
4077
3739
3758
4078
3740
3759
4079
3741
3760
4080
3742
3761
4081
3743
3762
4082
3744
3763
4083
3764
4084
3746
3765
4085
3747
3766
4086
3748
3767
4087
3749
3768
4088
3750
3769
4089
3751
3770
4090
3752
3771
4091
3753
3772
4092
3754
3773
4093
3755
3774
4094
3756
3775
4095
3757
3776
4096
3758
3777
4097
3759
3778
4098
3760
3779
4099
3761
3780
4100
3762
3781
4101
3763
3782
4102
3764
3783
4103
3784
4104
3766
3785
4105
3767
3786
4106
3768
3787
4107
3769
3788
4108
3770
3789
4109
3771
3790
4110
3772
3791
4111
3773
3792
4112
3774
3793
4113
3775
3794
4114
3776
3795
4115
3777
3796
4116
3778
3797
4117
3779
3798
4118
3780
3799
4119
3781
3800
4120
3782
3801
4121
3783
3802
4122
3784
3803
4123
3804
4124
3786
3805
4125
3787
3806
4126
3788
3807
4127
3789
3808
4128
3790
3809
4129
3791
3810
4130
3792
3811
4131
3793
3812
4132
3794
3813
4133
3795
3814
4134
3796
3815
4135
3797
3816
4136
3798
3817
4137
3799
3818
4138
3800
3819
4139
3801
3820
4140
3802
3821
4141
3803
3822
4142
3804
3823
4143
3824
4144
3806
3825
4145
3807
3826
4146
3808
3827
4147
3809
3828
4148
3810
3829
4149
3811
3830
4150
3812
3831
4151
3813
3832
4152
3814
3833
4153
3815
3834
4154
3816
3835
4155
3817
3836
4156
3818
3837
4157
3819
3838
4158
3820
3839
4159
3821
3840
4160
3822
3841
4161
3823
3842
4162
3824
3843
4163
3844
4164
3826
3845
4165
3827
3846
4166
3828
3847
4167
3829
3848
4168
3830
3849
4169
3831
3850
4170
3832
3851
4171
3833
3852
4172
3834
3853
4173
3835
3854
4174
3836
3855
4175
3837
3856
4176
3838
3857
4177
3839
3858
4178
3840
3859
4179
3841
3860
4180
3842
3861
4181
3843
3862
4182
3844
3863
4183
3864
4184
3846
3865
4185
3847
3866
4186
3848
3867
4187
3849
3868
4188
3850
3869
4189
3851
3870
4190
3852
3871
4191
3853
3872
4192
3854
3873
4193
3855
3874
4194
3856
3875
4195
3857
3876
4196
3858
3877
4197
3859
3878
4198
3860
3879
4199
3861
3880
4200
3862
3881
4201
3863
3882
4202
3864
3883
4203
3884
4204
3866
3885
4205
3867
3886
4206
3868
3887
4207
3869
3888
4208
3870
3889
4209
3871
3890
4210
3872
3891
4211
3873
3892
4212
3874
3893
4213
3875
3894
4214
3876
3895
4215
3877
3896
4216
3878
3897
4217
3879
3898
4218
3880
3899
4219
3881
3900
4220
3882
3901
4221
3883
3902
4222
3884
3903
4223
3904
4224
3886
3905
4225
3887
3906
4226
3888
3907
4227
3889
3908
4228
3890
3909
4229
3891
3910
4230
3892
3911
4231
3893
3912
4232
3894
3913
4233
3895
3914
4234
3896
3915
4235
3897
3916
4236
3898
3917
4237
3899
3918
4238
3900
3919
4239
3901
3920
4240
3902
3921
4241
3903
3922
4242
3904
3923
4243
3924
4244
3906
3925
4245
3907
3926
4246
3908
3927
4247
3909
3928
4248
3910
3929
4249
3911
3930
4250
3912
3931
4251
3913
3932
4252
3914
3933
4253
3915
3934
4254
3916
3935
4255
3917
3936
4256
3918
3937
4257
3919
3938
4258
3920
3939
4259
3921
3940
4260
3922
3941
4261
3923
3942
4262
3924
3943
4263
3944
4264
3926
3945
4265
3927
3946
4266
3928
3947
4267
3929
3948
4268
3930
3949
4269
3931
3950
4270
3932
3951
4271
3933
3952
4272
3934
3953
4273
3935
3954
4274
3936
3955
4275
3937
3956
4276
3938
3957
4277
3939
3958
4278
3940
3959
4279
3941
3960
4280
3942
3961
4281
3943
3962
4282
3944
3963
4283
3964
4284
3946
3965
4285
3947
3966
4286
3948
3967
4287
3949
3968
4288
3950
3969
4289
3951
3970
4290
3952
3971
4291
3953
3972
4292
3954
3973
4293
3955
3974
4294
3956
3975
4295
3957
3976
4296
3958
3977
4297
3959
3978
4298
3960
3979
4299
3961
3980
4300
3962
3981
4301
3963
3982
4302
3964
3983
4303
3984
4304
3966
3985
4305
3967
3986
4306
3968
3987
4307
3969
3988
4308
3970
3989
4309
3971
3990
4310
3972
3991
4311
3973
3992
4312
3974
3993
4313
3975
3994
4314
3976
3995
4315
3977
3996
4316
3978
3997
4317
3979
3998
4318
3980
3999
4319
3981
4000
4320
3982
4001
4321
3983
4002
4322
3984
4003
4323
4004
4324
3986
4005
4325
3987
4006
4326
3988
4007
4327
3989
4008
4328
3990
4009
4329
3991
4010
4330
3992
4011
4331
3993
4012
4332
3994
4013
4333
3995
4014
4334
3996
4015
4335
3997
4016
4336
3998
4017
4337
3999
4018
4338
4000
4019
4339
4001
4020
4340
4002
4021
4341
4003
4022
4342
4004
4023
4343
4024
4344
4006
4345
4007
4346
4008
4347
4009
4348
4010
4349
4011
4350
4012
4351
4013
4352
4014
4353
4015
4354
4016
4355
4017
4356
4018
4357
4019
4358
4020
4359
4021
4360
4022
4361
4023
4362
4024
4363
4364
4026
4045
4365
4027
4046
4366
4028
4047
4367
4029
4048
4368
4030
4049
4369
4031
4050
4370
4032
4051
4371
4033
4052
4372
4034
4053
4373
4035
4054
4374
4036
4055
4375
4037
4056
4376
4038
4057
4377
4039
4058
4378
4040
4059
4379
4041
4060
4380
4042
4061
4381
4043
4062
4382
4044
4063
4383
4064
4384
4046
4065
4385
4047
4066
4386
4048
4067
4387
4049
4068
4388
4050
4069
4389
4051
4070
4390
4052
4071
4391
4053
4072
4392
4054
4073
4393
4055
4074
4394
4056
4075
4395
4057
4076
4396
4058
4077
4397
4059
4078
4398
4060
4079
4399
4061
4080
4400
4062
4081
4401
4063
4082
4402
4064
4083
4403
4084
4404
4066
4085
4405
4067
4086
4406
4068
4087
4407
4069
4088
4408
4070
4089
4409
4071
4090
4410
4072
4091
4411
4073
4092
4412
4074
4093
4413
4075
4094
4414
4076
4095
4415
4077
4096
4416
4078
4097
4417
4079
4098
4418
4080
4099
4419
4081
4100
4420
4082
4101
4421
4083
4102
4422
4084
4103
4423
4104
4424
4086
4105
4425
4087
4106
4426
4088
4107
4427
4089
4108
4428
4090
4109
4429
4091
4110
4430
4092
4111
4431
4093
4112
4432
4094
4113
4433
4095
4114
4434
4096
4115
4435
4097
4116
4436
4098
4117
4437
4099
4118
4438
4100
4119
4439
4101
4120
4440
4102
4121
4441
4103
4122
4442
4104
4123
4443
4124
4444
4106
4125
4445
4107
4126
4446
4108
4127
4447
4109
4128
4448
4110
4129
4449
4111
4130
4450
4112
4131
4451
4113
4132
4452
4114
4133
4453
4115
4134
4454
4116
4135
4455
4117
4136
4456
4118
4137
4457
4119
4138
4458
4120
4139
4459
4121
4140
4460
4122
4141
4461
4123
4142
4462
4124
4143
4463
4144
4464
4126
4145
4465
4127
4146
4466
4128
4147
4467
4129
4148
4468
4130
4149
4469
4131
4150
4470
4132
4151
4471
4133
4152
4472
4134
4153
4473
4135
4154
4474
4136
4155
4475
4137
4156
4476
4138
4157
4477
4139
4158
4478
4140
4159
4479
4141
4160
4480
4142
4161
4481
4143
4162
4482
4144
4163
4483
4164
4484
4146
4165
4485
4147
4166
4486
4148
4167
4487
4149
4168
4488
4150
4169
4489
4151
4170
4490
4152
4171
4491
4153
4172
4492
4154
4173
4493
4155
4174
4494
4156
4175
4495
4157
4176
4496
4158
4177
4497
4159
4178
4498
4160
4179
4499
4161
4180
4500
4162
4181
4501
4163
4182
4502
4164
4183
4503
4184
4504
4166
4185
4505
4167
4186
4506
4168
4187
4507
4169
4188
4508
4170
4189
4509
4171
4190
4510
4172
4191
4511
4173
4192
4512
4174
4193
4513
4175
4194
4514
4176
4195
4515
4177
4196
4516
4178
4197
4517
4179
4198
4518
4180
4199
4519
4181
4200
4520
4182
4201
4521
4183
4202
4522
4184
4203
4523
4204
4524
4186
4205
4525
4187
4206
4526
4188
4207
4527
4189
4208
4528
4190
4209
4529
4191
4210
4530
4192
4211
4531
4193
4212
4532
4194
4213
4533
4195
4214
4534
4196
4215
4535
4197
4216
4536
4198
4217
4537
4199
4218
4538
4200
4219
4539
4201
4220
4540
4202
4221
4541
4203
4222
4542
4204
4223
4543
4224
4544
4206
4225
4545
4207
4226
4546
4208
4227
4547
4209
4228
4548
4210
4229
4549
4211
4230
4550
4212
4231
4551
4213
4232
4552
4214
4233
4553
4215
4234
4554
4216
4235
4555
4217
4236
4556
4218
4237
4557
4219
4238
4558
4220
4239
4559
4221
4240
4560
4222
4241
4561
4223
4242
4562
4224
4243
4563
4244
4564
4226
4245
4565
4227
4246
4566
4228
4247
4567
4229
4248
4568
4230
4249
4569
4231
4250
4570
4232
4251
4571
4233
4252
4572
4234
4253
4573
4235
4254
4574
4236
4255
4575
4237
4256
4576
4238
4257
4577
4239
4258
4578
4240
4259
4579
4241
4260
4580
4242
4261
4581
4243
4262
4582
4244
4263
4583
4264
4584
4246
4265
4585
4247
4266
4586
4248
4267
4587
4249
4268
4588
4250
4269
4589
4251
4270
4590
4252
4271
4591
4253
4272
4592
4254
4273
4593
4255
4274
4594
4256
4275
4595
4257
4276
4596
4258
4277
4597
4259
4278
4598
4260
4279
4599
4261
4280
4600
4262
4281
4601
4263
4282
4602
4264
4283
4603
4284
4604
4266
4285
4605
4267
4286
4606
4268
4287
4607
4269
4288
4608
4270
4289
4609
4271
4290
4610
4272
4291
4611
4273
4292
4612
4274
4293
4613
4275
4294
4614
4276
4295
4615
4277
4296
4616
4278
4297
4617
4279
4298
4618
4280
4299
4619
4281
4300
4620
4282
4301
4621
4283
4302
4622
4284
4303
4623
4304
4624
4286
4305
4625
4287
4306
4626
4288
4307
4627
4289
4308
4628
4290
4309
4629
4291
4310
4630
4292
4311
4631
4293
4312
4632
4294
4313
4633
4295
4314
4634
4296
4315
4635
4297
4316
4636
4298
4317
4637
4299
4318
4638
4300
4319
4639
4301
4320
4640
4302
4321
4641
4303
4322
4642
4304
4323
4643
4324
4644
4306
4325
4645
4307
4326
4646
4308
4327
4647
4309
4328
4648
4310
4329
4649
4311
4330
4650
4312
4331
4651
4313
4332
4652
4314
4333
4653
4315
4334
4654
4316
4335
4655
4317
4336
4656
4318
4337
4657
4319
4338
4658
4320
4339
4659
4321
4340
4660
4322
4341
4661
4323
4342
4662
4324
4343
4663
4344
4664
4326
4345
4665
4327
4346
4666
4328
4347
4667
4329
4348
4668
4330
4349
4669
4331
4350
4670
4332
4351
4671
4333
4352
4672
4334
4353
4673
4335
4354
4674
4336
4355
4675
4337
4356
4676
4338
4357
4677
4339
4358
4678
4340
4359
4679
4341
4360
4680
4342
4361
4681
4343
4362
4682
4344
4363
4683
4364
4684
4346
4685
4347
4686
4348
4687
4349
4688
4350
4689
4351
4690
4352
4691
4353
4692
4354
4693
4355
4694
4356
4695
4357
4696
4358
4697
4359
4698
4360
4699
4361
4700
4362
4701
4363
4702
4364
4703
4704
4366
4385
4705
4367
4386
4706
4368
4387
4707
4369
4388
4708
4370
4389
4709
4371
4390
4710
4372
4391
4711
4373
4392
4712
4374
4393
4713
4375
4394
4714
4376
4395
4715
4377
4396
4716
4378
4397
4717
4379
4398
4718
4380
4399
4719
4381
4400
4720
4382
4401
4383
4402
4384
4403
4404
4386
4405
4721
4387
4406
4722
4388
4407
4723
4389
4408
4724
4390
4409
4725
4391
4410
4726
4392
4411
4727
4393
4412
4728
4394
4413
4729
4395
4414
4730
4396
4415
4731
4397
4416
4732
4398
4417
4733
4399
4418
4734
4400
4419
4735
4401
4420
4736
4402
4421
4403
4422
4404
4423
4424
4406
4425
4737
4407
4426
4738
4408
4427
4739
4409
4428
4740
4410
4429
4741
4411
4430
4742
4412
4431
4743
4413
4432
4744
4414
4433
4745
4415
4434
4746
4416
4435
4747
4417
4436
4748
4418
4437
4749
4419
4438
4750
4420
4439
4751
4421
4440
4752
4422
4441
4423
4442
4424
4443
4444
4426
4445
4753
4427
4446
4754
4428
4447
4755
4429
4448
4756
4430
4449
4757
4431
4450
4758
4432
4451
4759
4433
4452
4760
4434
4453
4761
4435
4454
4762
4436
4455
4763
4437
4456
4764
4438
4457
4765
4439
4458
4766
4440
4459
4767
4441
4460
4768
4442
4461
4443
4462
4444
4463
4464
4446
4465
4769
4447
4466
4770
4448
4467
4771
4449
4468
4772
4450
4469
4773
4451
4470
4774
4452
4471
4775
4453
4472
4776
4454
4473
4777
4455
4474
4778
4456
4475
4779
4457
4476
4780
4458
4477
4781
4459
4478
4782
4460
4479
4783
4461
4480
4784
4462
4481
4463
4482
4464
4483
4484
4466
4485
4785
4467
4486
4786
4468
4487
4787
4469
4488
4788
4470
4489
4789
4471
4490
4790
4472
4491
4791
4473
4492
4792
4474
4493
4793
4475
4494
4794
4476
4495
4795
4477
4496
4796
4478
4497
4797
4479
4498
4798
4480
4499
4799
4481
4500
4800
4482
4501
4483
4502
4484
4503
4504
4486
4505
4801
4487
4506
4802
4488
4507
4803
4489
4508
4804
4490
4509
4805
4491
4510
4806
4492
4511
4807
4493
4512
4808
4494
4513
4809
4495
4514
4810
4496
4515
4811
4497
4516
4812
4498
4517
4813
4499
4518
4814
4500
4519
4815
4501
4520
4816
4502
4521
4503
4522
4504
4523
4524
4506
4525
4817
4507
4526
4818
4508
4527
4819
4509
4528
4820
4510
4529
4821
4511
4530
4822
4512
4531
4823
4513
4532
4824
4514
4533
4825
4515
4534
4826
4516
4535
4827
4517
4536
4828
4518
4537
4829
4519
4538
4830
4520
4539
4831
4521
4540
4832
4522
4541
4523
4542
4524
4543
4544
4526
4545
4833
4527
4546
4834
4528
4547
4835
4529
4548
4836
4530
4549
4837
4531
4550
4838
4532
4551
4839
4533
4552
4840
4534
4553
4841
4535
4554
4842
4536
4555
4843
4537
4556
4844
4538
4557
4845
4539
4558
4846
4540
4559
4847
4541
4560
4848
4542
4561
4543
4562
4544
4563
4564
4546
4565
4849
4547
4566
4850
4548
4567
4851
4549
4568
4852
4550
4569
4853
4551
4570
4854
4552
4571
4855
4553
4572
4856
4554
4573
4857
4555
4574
4858
4556
4575
4859
4557
4576
4860
4558
4577
4861
4559
4578
4862
4560
4579
4863
4561
4580
4864
4562
4581
4563
4582
4564
4583
4584
4566
4585
4865
4567
4586
4866
4568
4587
4867
4569
4588
4868
4570
4589
4869
4571
4590
4870
4572
4591
4871
4573
4592
4872
4574
4593
4873
4575
4594
4874
4576
4595
4875
4577
4596
4876
4578
4597
4877
4579
4598
4878
4580
4599
4879
4581
4600
4880
4582
4601
4583
4602
4584
4603
4604
4586
4605
4881
4587
4606
4882
4588
4607
4883
4589
4608
4884
4590
4609
4885
4591
4610
4886
4592
4611
4887
4593
4612
4888
4594
4613
4889
4595
4614
4890
4596
4615
4891
4597
4616
4892
4598
4617
4893
4599
4618
4894
4600
4619
4895
4601
4620
4896
4602
4621
4603
4622
4604
4623
4624
4606
4625
4897
4607
4626
4898
4608
4627
4899
4609
4628
4900
4610
4629
4901
4611
4630
4902
4612
4631
4903
4613
4632
4904
4614
4633
4905
4615
4634
4906
4616
4635
4907
4617
4636
4908
4618
4637
4909
4619
4638
4910
4620
4639
4911
4621
4640
4912
4622
4641
4623
4642
4624
4643
4644
4626
4645
4913
4627
4646
4914
4628
4647
4915
4629
4648
4916
4630
4649
4917
4631
4650
4918
4632
4651
4919
4633
4652
4920
4634
4653
4921
4635
4654
4922
4636
4655
4923
4637
4656
4924
4638
4657
4925
4639
4658
4926
4640
4659
4927
4641
4660
4928
4642
4661
4643
4662
4644
4663
4664
4646
4665
4929
4647
4666
4930
4648
4667
4931
4649
4668
4932
4650
4669
4933
4651
4670
4934
4652
4671
4935
4653
4672
4936
4654
4673
4937
4655
4674
4938
4656
4675
4939
4657
4676
4940
4658
4677
4941
4659
4678
4942
4660
4679
4943
4661
4680
4944
4662
4681
4663
4682
4664
4683
4684
4666
4685
4945
4667
4686
4946
4668
4687
4947
4669
4688
4948
4670
4689
4949
4671
4690
4950
4672
4691
4951
4673
4692
4952
4674
4693
4953
4675
4694
4954
4676
4695
4955
4677
4696
4956
4678
4697
4957
4679
4698
4958
4680
4699
4959
4681
4700
4960
4682
4701
4683
4702
4684
4703
4704
4686
4961
4687
4962
4688
4963
4689
4964
4690
4965
4691
4966
4692
4967
4693
4968
4694
4969
4695
4970
4696
4971
4697
4972
4698
4973
4699
4974
4700
4975
4701
4976
4702
4703
4704
4706
4721
4977
4707
4722
4978
4708
4723
4979
4709
4724
4980
4710
4725
4981
4711
4726
4982
4712
4727
4983
4713
4728
4984
4714
4729
4985
4715
4730
4986
4716
4731
4987
4717
4732
4718
4733
4719
4734
4720
4735
4736
4722
4737
4988
4723
4738
4989
4724
4739
4990
4725
4740
4991
4726
4741
4992
4727
4742
4993
4728
4743
4994
4729
4744
4995
4730
4745
4996
4731
4746
4997
4732
4747
4998
4733
4748
4734
4749
4735
4750
4736
4751
4752
4738
4753
4999
4739
4754
5000
4740
4755
5001
4741
4756
5002
4742
4757
5003
4743
4758
5004
4744
4759
5005
4745
4760
5006
4746
4761
5007
4747
4762
5008
4748
4763
5009
4749
4764
4750
4765
4751
4766
4752
4767
4768
4754
4769
5010
4755
4770
5011
4756
4771
5012
4757
4772
5013
4758
4773
5014
4759
4774
5015
4760
4775
5016
4761
4776
5017
4762
4777
5018
4763
4778
5019
4764
4779
5020
4765
4780
4766
4781
4767
4782
4768
4783
4784
4770
4785
5021
4771
4786
5022
4772
4787
5023
4773
4788
5024
4774
4789
5025
4775
4790
5026
4776
4791
5027
4777
4792
5028
4778
4793
5029
4779
4794
5030
4780
4795
5031
4781
4796
4782
4797
4783
4798
4784
4799
4800
4786
4801
5032
4787
4802
5033
4788
4803
5034
4789
4804
5035
4790
4805
5036
4791
4806
5037
4792
4807
5038
4793
4808
5039
4794
4809
5040
4795
4810
5041
4796
4811
5042
4797
4812
4798
4813
4799
4814
4800
4815
4816
4802
4817
5043
4803
4818
5044
4804
4819
5045
4805
4820
5046
4806
4821
5047
4807
4822
5048
4808
4823
5049
4809
4824
5050
4810
4825
5051
4811
4826
5052
4812
4827
5053
4813
4828
4814
4829
4815
4830
4816
4831
4832
4818
4833
5054
4819
4834
5055
4820
4835
5056
4821
4836
5057
4822
4837
5058
4823
4838
5059
4824
4839
5060
4825
4840
5061
4826
4841
5062
4827
4842
5063
4828
4843
5064
4829
4844
4830
4845
4831
4846
4832
4847
4848
4834
4849
5065
4835
4850
5066
4836
4851
5067
4837
4852
5068
4838
4853
5069
4839
4854
5070
4840
4855
5071
4841
4856
5072
4842
4857
5073
4843
4858
5074
4844
4859
5075
4845
4860
4846
4861
4847
4862
4848
4863
4864
4850
4865
5076
4851
4866
5077
4852
4867
5078
4853
4868
5079
4854
4869
5080
4855
4870
5081
4856
4871
5082
4857
4872
5083
4858
4873
5084
4859
4874
5085
4860
4875
5086
4861
4876
4862
4877
4863
4878
4864
4879
4880
4866
4881
5087
4867
4882
5088
4868
4883
5089
4869
4884
5090
4870
4885
5091
4871
4886
5092
4872
4887
5093
4873
4888
5094
4874
4889
5095
4875
4890
5096
4876
4891
5097
4877
4892
4878
4893
4879
4894
4880
4895
4896
4882
4897
5098
4883
4898
5099
4884
4899
5100
4885
4900
5101
4886
4901
5102
4887
4902
5103
4888
4903
5104
4889
4904
5105
4890
4905
5106
4891
4906
5107
4892
4907
5108
4893
4908
4894
4909
4895
4910
4896
4911
4912
4898
4913
5109
4899
4914
5110
4900
4915
5111
4901
4916
5112
4902
4917
5113
4903
4918
5114
4904
4919
5115
4905
4920
5116
4906
4921
5117
4907
4922
5118
4908
4923
5119
4909
4924
4910
4925
4911
4926
4912
4927
4928
4914
4929
5120
4915
4930
5121
4916
4931
5122
4917
4932
5123
4918
4933
5124
4919
4934
5125
4920
4935
5126
4921
4936
5127
4922
4937
5128
4923
4938
5129
4924
4939
5130
4925
4940
4926
4941
4927
4942
4928
4943
4944
4930
4945
5131
4931
4946
5132
4932
4947
5133
4933
4948
5134
4934
4949
5135
4935
4950
5136
4936
4951
5137
4937
4952
5138
4938
4953
5139
4939
4954
5140
4940
4955
5141
4941
4956
4942
4957
4943
4958
4944
4959
4960
4946
4961
5142
4947
4962
5143
4948
4963
5144
4949
4964
5145
4950
4965
5146
4951
4966
5147
4952
4967
5148
4953
4968
5149
4954
4969
5150
4955
4970
5151
4956
4971
5152
4957
4972
4958
4973
4959
4974
4960
4975
4976
4962
5153
4963
5154
4964
5155
4965
5156
4966
5157
4967
5158
4968
5159
4969
5160
4970
5161
4971
5162
4972
5163
4973
4974
4975
4976
4978
4988
5164
4979
4989
5165
4980
4990
5166
4981
4991
5167
4982
4992
5168
4983
4993
5169
4984
4994
5170
4985
4995
5171
4986
4996
4987
4997
4998
4989
4999
5172
4990
5000
5173
4991
5001
5174
4992
5002
5175
4993
5003
5176
4994
5004
5177
4995
5005
5178
4996
5006
5179
4997
5007
4998
5008
5009
5000
5010
5180
5001
5011
5181
5002
5012
5182
5003
5013
5183
5004
5014
5184
5005
5015
5185
5006
5016
5186
5007
5017
5187
5008
5018
5009
5019
5020
5011
5021
5188
5012
5022
5189
5013
5023
5190
5014
5024
5191
5015
5025
5192
5016
5026
5193
5017
5027
5194
5018
5028
5195
5019
5029
5020
5030
5031
5022
5032
5196
5023
5033
5197
5024
5034
5198
5025
5035
5199
5026
5036
5200
5027
5037
5201
5028
5038
5202
5029
5039
5203
5030
5040
5031
5041
5042
5033
5043
5204
5034
5044
5205
5035
5045
5206
5036
5046
5207
5037
5047
5208
5038
5048
5209
5039
5049
5210
5040
5050
5211
5041
5051
5042
5052
5053
5044
5054
5212
5045
5055
5213
5046
5056
5214
5047
5057
5215
5048
5058
5216
5049
5059
5217
5050
5060
5218
5051
5061
5219
5052
5062
5053
5063
5064
5055
5065
5220
5056
5066
5221
5057
5067
5222
5058
5068
5223
5059
5069
5224
5060
5070
5225
5061
5071
5226
5062
5072
5227
5063
5073
5064
5074
5075
5066
5076
5228
5067
5077
5229
5068
5078
5230
5069
5079
5231
5070
5080
5232
5071
5081
5233
5072
5082
5234
5073
5083
5235
5074
5084
5075
5085
5086
5077
5087
5236
5078
5088
5237
5079
5089
5238
5080
5090
5239
5081
5091
5240
5082
5092
5241
5083
5093
5242
5084
5094
5243
5085
5095
5086
5096
5097
5088
5098
5244
5089
5099
5245
5090
5100
5246
5091
5101
5247
5092
5102
5248
5093
5103
5249
5094
5104
5250
5095
5105
5251
5096
5106
5097
5107
5108
5099
5109
5252
5100
5110
5253
5101
5111
5254
5102
5112
5255
5103
5113
5256
5104
5114
5257
5105
5115
5258
5106
5116
5259
5107
5117
5108
5118
5119
5110
5120
5260
5111
5121
5261
5112
5122
5262
5113
5123
5263
5114
5124
5264
5115
5125
5265
5116
5126
5266
5117
5127
5267
5118
5128
5119
5129
5130
5121
5131
5268
5122
5132
5269
5123
5133
5270
5124
5134
5271
5125
5135
5272
5126
5136
5273
5127
5137
5274
5128
5138
5275
5129
5139
5130
5140
5141
5132
5142
5276
5133
5143
5277
5134
5144
5278
5135
5145
5279
5136
5146
5280
5137
5147
5281
5138
5148
5282
5139
5149
5283
5140
5150
5141
5151
5152
5143
5153
5284
5144
5154
5285
5145
5155
5286
5146
5156
5287
5147
5157
5288
5148
5158
5289
5149
5159
5290
5150
5160
5291
5151
5161
5152
5162
5163
5154
5292
5155
5293
5156
5294
5157
5295
5158
5296
5159
5297
5160
5298
5161
5299
5162
5163
5165
5172
5300
5166
5173
5301
5167
5174
5302
5168
5175
5303
5169
5176
5304
5170
5177
5305
5171
5178
5179
5173
5180
5306
5174
5181
5307
5175
5182
5308
5176
5183
5309
5177
5184
5310
5178
5185
5311
5179
5186
5187
5181
5188
5312
5182
5189
5313
5183
5190
5314
5184
5191
5315
5185
5192
5316
5186
5193
5317
5187
5194
5195
5189
5196
5318
5190
5197
5319
5191
5198
5320
5192
5199
5321
5193
5200
5322
5194
5201
5323
5195
5202
5203
5197
5204
5324
5198
5205
5325
5199
5206
5326
5200
5207
5327
5201
5208
5328
5202
5209
5329
5203
5210
5211
5205
5212
5330
5206
5213
5331
5207
5214
5332
5208
5215
5333
5209
5216
5334
5210
5217
5335
5211
5218
5219
5213
5220
5336
5214
5221
5337
5215
5222
5338
5216
5223
5339
5217
5224
5340
5218
5225
5341
5219
5226
5227
5221
5228
5342
5222
5229
5343
5223
5230
5344
5224
5231
5345
5225
5232
5346
5226
5233
5347
5227
5234
5235
5229
5236
5348
5230
5237
5349
5231
5238
5350
5232
5239
5351
5233
5240
5352
5234
5241
5353
5235
5242
5243
5237
5244
5354
5238
5245
5355
5239
5246
5356
5240
5247
5357
5241
5248
5358
5242
5249
5359
5243
5250
5251
5245
5252
5246
5253
5247
5254
5248
5255
5249
5256
5250
5257
5251
5258
5259
5253
5260
5254
5261
5255
5262
5256
5263
5257
5264
5258
5265
5259
5266
5267
5261
5268
5262
5269
5263
5270
5264
5271
5265
5272
5266
5273
5267
5274
5275
5269
5276
5270
5277
5271
5278
5272
5279
5273
5280
5274
5281
5275
5282
5283
5277
5284
5278
5285
5279
5286
5280
5287
5281
5288
5282
5289
5283
5290
5291
5285
5292
5286
5293
5287
5294
5288
5295
5289
5296
5290
5297
5291
5298
5299
5293
5294
5295
5296
5297
5298
5299
5301
5306
5302
5307
5303
5308
5304
5309
5305
5310
5311
5307
5312
5308
5313
5309
5314
5310
5315
5311
5316
5317
5313
5318
5314
5319
5315
5320
5316
5321
5317
5322
5323
5319
5324
5320
5325
5321
5326
5322
5327
5323
5328
5329
5325
5330
5326
5331
5327
5332
5328
5333
5329
5334
5335
5331
5336
5332
5337
5333
5338
5334
5339
5335
5340
5341
5337
5342
5338
5343
5339
5344
5340
5345
5341
5346
5347
5343
5348
5344
5349
5345
5350
5346
5351
5347
5352
5353
5349
5354
5350
5355
5351
5356
5352
5357
5353
5358
5359
5355
5356
5357
5358
5359
)


// ************************************************************************* //
