/*--------------------------------*- C++ -*----------------------------------*\
| =========                 |                                                 |
| \\      /  F ield         | OpenFOAM: The Open Source CFD Toolbox           |
|  \\    /   O peration     | Version:  2406                                  |
|   \\  /    A nd           | Website:  www.openfoam.com                      |
|    \\/     M anipulation  |                                                 |
\*---------------------------------------------------------------------------*/
FoamFile
{
    version     2.0;
    format      ascii;
    arch        "LSB;label=32;scalar=64";
    class       labelList;
    location    "constant/polyMesh";
    object      pointProcAddressing;
}
// * * * * * * * * * * * * * * * * * * * * * * * * * * * * * * * * * * * * * //


6416
(
42627
42628
42629
42630
42631
42632
42651
42652
42653
42654
42655
42656
42675
42676
42677
42678
42679
42680
42699
42700
42701
42702
42703
42704
42723
42724
42725
42726
42727
42728
42747
42748
42749
42750
42751
42752
42771
42772
42773
42774
42775
42776
42795
42796
42797
42798
42799
42800
42819
42820
42821
42822
42823
42824
42843
42844
42845
42846
42847
42848
42867
42868
42869
42870
42871
42872
42891
42892
42893
42894
42895
42896
42915
42916
42917
42918
42919
42920
42939
42940
42941
42942
42943
42944
42963
42964
42965
42966
42967
42968
42987
42988
42989
42990
42991
42992
43011
43012
43013
43014
43015
43016
43035
43036
43037
43038
43039
43040
43059
43060
43061
43062
43063
43064
43419
43420
43421
43422
43423
43424
43443
43444
43445
43446
43447
43448
43467
43468
43469
43470
43471
43472
43491
43492
43493
43494
43495
43496
43515
43516
43517
43518
43519
43520
43539
43540
43541
43542
43543
43544
43563
43564
43565
43566
43567
43568
43587
43588
43589
43590
43591
43592
43611
43612
43613
43614
43615
43616
43635
43636
43637
43638
43639
43640
43659
43660
43661
43662
43663
43664
43683
43684
43685
43686
43687
43688
43707
43708
43709
43710
43711
43712
43731
43732
43733
43734
43735
43736
43755
43756
43757
43758
43759
43760
43779
43780
43781
43782
43783
43784
43803
43804
43805
43806
43807
43808
43827
43828
43829
43830
43831
43832
43851
43852
43853
43854
43855
43856
44211
44212
44213
44214
44215
44216
44235
44236
44237
44238
44239
44240
44259
44260
44261
44262
44263
44264
44283
44284
44285
44286
44287
44288
44307
44308
44309
44310
44311
44312
44331
44332
44333
44334
44335
44336
44355
44356
44357
44358
44359
44360
44379
44380
44381
44382
44383
44384
44403
44404
44405
44406
44407
44408
44427
44428
44429
44430
44431
44432
44451
44452
44453
44454
44455
44456
44475
44476
44477
44478
44479
44480
44499
44500
44501
44502
44503
44504
44523
44524
44525
44526
44527
44528
44547
44548
44549
44550
44551
44552
44571
44572
44573
44574
44575
44576
44595
44596
44597
44598
44599
44600
44619
44620
44621
44622
44623
44624
44643
44644
44645
44646
44647
44648
45003
45004
45005
45006
45007
45008
45027
45028
45029
45030
45031
45032
45051
45052
45053
45054
45055
45056
45075
45076
45077
45078
45079
45080
45099
45100
45101
45102
45103
45104
45123
45124
45125
45126
45127
45128
45147
45148
45149
45150
45151
45152
45171
45172
45173
45174
45175
45176
45195
45196
45197
45198
45199
45200
45219
45220
45221
45222
45223
45224
45243
45244
45245
45246
45247
45248
45267
45268
45269
45270
45271
45272
45291
45292
45293
45294
45295
45296
45315
45316
45317
45318
45319
45320
45339
45340
45341
45342
45343
45344
45363
45364
45365
45366
45367
45368
45387
45388
45389
45390
45391
45392
45411
45412
45413
45414
45415
45416
45435
45436
45437
45438
45439
45440
45795
45796
45797
45798
45799
45800
45819
45820
45821
45822
45823
45824
45843
45844
45845
45846
45847
45848
45867
45868
45869
45870
45871
45872
45891
45892
45893
45894
45895
45896
45915
45916
45917
45918
45919
45920
45939
45940
45941
45942
45943
45944
45963
45964
45965
45966
45967
45968
45987
45988
45989
45990
45991
45992
46011
46012
46013
46014
46015
46016
46035
46036
46037
46038
46039
46040
46059
46060
46061
46062
46063
46064
46083
46084
46085
46086
46087
46088
46107
46108
46109
46110
46111
46112
46131
46132
46133
46134
46135
46136
46155
46156
46157
46158
46159
46160
46179
46180
46181
46182
46183
46184
46203
46204
46205
46206
46207
46208
46227
46228
46229
46230
46231
46232
46587
46588
46589
46590
46591
46592
46611
46612
46613
46614
46615
46616
46635
46636
46637
46638
46639
46640
46659
46660
46661
46662
46663
46664
46683
46684
46685
46686
46687
46688
46707
46708
46709
46710
46711
46712
46731
46732
46733
46734
46735
46736
46755
46756
46757
46758
46759
46760
46779
46780
46781
46782
46783
46784
46803
46804
46805
46806
46807
46808
46827
46828
46829
46830
46831
46832
46851
46852
46853
46854
46855
46856
46875
46876
46877
46878
46879
46880
46899
46900
46901
46902
46903
46904
46923
46924
46925
46926
46927
46928
46947
46948
46949
46950
46951
46952
46971
46972
46973
46974
46975
46976
46995
46996
46997
46998
46999
47000
47019
47020
47021
47022
47023
47024
47379
47380
47381
47382
47383
47384
47403
47404
47405
47406
47407
47408
47427
47428
47429
47430
47431
47432
47451
47452
47453
47454
47455
47456
47475
47476
47477
47478
47479
47480
47499
47500
47501
47502
47503
47504
47523
47524
47525
47526
47527
47528
47547
47548
47549
47550
47551
47552
47571
47572
47573
47574
47575
47576
47595
47596
47597
47598
47599
47600
47619
47620
47621
47622
47623
47624
47643
47644
47645
47646
47647
47648
47667
47668
47669
47670
47671
47672
47691
47692
47693
47694
47695
47696
47715
47716
47717
47718
47719
47720
47739
47740
47741
47742
47743
47744
47763
47764
47765
47766
47767
47768
47787
47788
47789
47790
47791
47792
47811
47812
47813
47814
47815
47816
48195
48196
48197
48198
48199
48200
48219
48220
48221
48222
48223
48224
48243
48244
48245
48246
48247
48248
48267
48268
48269
48270
48271
48272
48291
48292
48293
48294
48295
48296
48315
48316
48317
48318
48319
48320
48339
48340
48341
48342
48343
48344
48363
48364
48365
48366
48367
48368
48387
48388
48389
48390
48391
48392
48411
48412
48413
48414
48415
48416
48435
48436
48437
48438
48439
48440
48459
48460
48461
48462
48463
48464
48483
48484
48485
48486
48487
48488
48507
48508
48509
48510
48511
48512
48531
48532
48533
48534
48535
48536
48555
48556
48557
48558
48559
48560
48579
48580
48581
48582
48583
48584
48603
48604
48605
48606
48607
48608
48987
48988
48989
48990
48991
48992
49011
49012
49013
49014
49015
49016
49035
49036
49037
49038
49039
49040
49059
49060
49061
49062
49063
49064
49083
49084
49085
49086
49087
49088
49107
49108
49109
49110
49111
49112
49131
49132
49133
49134
49135
49136
49155
49156
49157
49158
49159
49160
49179
49180
49181
49182
49183
49184
49203
49204
49205
49206
49207
49208
49227
49228
49229
49230
49231
49232
49251
49252
49253
49254
49255
49256
49275
49276
49277
49278
49279
49280
49299
49300
49301
49302
49303
49304
49323
49324
49325
49326
49327
49328
49347
49348
49349
49350
49351
49352
49371
49372
49373
49374
49375
49376
49395
49396
49397
49398
49399
49400
49779
49780
49781
49782
49783
49784
49803
49804
49805
49806
49807
49808
49827
49828
49829
49830
49831
49832
49851
49852
49853
49854
49855
49856
49875
49876
49877
49878
49879
49880
49899
49900
49901
49902
49903
49904
49923
49924
49925
49926
49927
49928
49947
49948
49949
49950
49951
49952
49971
49972
49973
49974
49975
49976
49995
49996
49997
49998
49999
50000
50019
50020
50021
50022
50023
50024
50043
50044
50045
50046
50047
50048
50067
50068
50069
50070
50071
50072
50091
50092
50093
50094
50095
50096
50115
50116
50117
50118
50119
50120
50139
50140
50141
50142
50143
50144
50163
50164
50165
50166
50167
50168
50187
50188
50189
50190
50191
50192
50571
50572
50573
50574
50575
50576
50595
50596
50597
50598
50599
50600
50619
50620
50621
50622
50623
50624
50643
50644
50645
50646
50647
50648
50667
50668
50669
50670
50671
50672
50691
50692
50693
50694
50695
50696
50715
50716
50717
50718
50719
50720
50739
50740
50741
50742
50743
50744
50763
50764
50765
50766
50767
50768
50787
50788
50789
50790
50791
50792
50811
50812
50813
50814
50815
50816
50835
50836
50837
50838
50839
50840
50859
50860
50861
50862
50863
50864
50883
50884
50885
50886
50887
50888
50907
50908
50909
50910
50911
50912
50931
50932
50933
50934
50935
50936
50955
50956
50957
50958
50959
50960
50979
50980
50981
50982
50983
50984
51363
51364
51365
51366
51367
51368
51387
51388
51389
51390
51391
51392
51411
51412
51413
51414
51415
51416
51435
51436
51437
51438
51439
51440
51459
51460
51461
51462
51463
51464
51483
51484
51485
51486
51487
51488
51507
51508
51509
51510
51511
51512
51531
51532
51533
51534
51535
51536
51555
51556
51557
51558
51559
51560
51579
51580
51581
51582
51583
51584
51603
51604
51605
51606
51607
51608
51627
51628
51629
51630
51631
51632
51651
51652
51653
51654
51655
51656
51675
51676
51677
51678
51679
51680
51699
51700
51701
51702
51703
51704
51723
51724
51725
51726
51727
51728
51747
51748
51749
51750
51751
51752
51771
51772
51773
51774
51775
51776
52155
52156
52157
52158
52159
52160
52179
52180
52181
52182
52183
52184
52203
52204
52205
52206
52207
52208
52227
52228
52229
52230
52231
52232
52251
52252
52253
52254
52255
52256
52275
52276
52277
52278
52279
52280
52299
52300
52301
52302
52303
52304
52323
52324
52325
52326
52327
52328
52347
52348
52349
52350
52351
52352
52371
52372
52373
52374
52375
52376
52395
52396
52397
52398
52399
52400
52419
52420
52421
52422
52423
52424
52443
52444
52445
52446
52447
52448
52467
52468
52469
52470
52471
52472
52491
52492
52493
52494
52495
52496
52515
52516
52517
52518
52519
52520
52539
52540
52541
52542
52543
52544
52563
52564
52565
52566
52567
52568
52947
52948
52949
52950
52951
52952
52971
52972
52973
52974
52975
52976
52995
52996
52997
52998
52999
53000
53019
53020
53021
53022
53023
53024
53043
53044
53045
53046
53047
53048
53067
53068
53069
53070
53071
53072
53091
53092
53093
53094
53095
53096
53115
53116
53117
53118
53119
53120
53139
53140
53141
53142
53143
53144
53163
53164
53165
53166
53167
53168
53187
53188
53189
53190
53191
53192
53211
53212
53213
53214
53215
53216
53235
53236
53237
53238
53239
53240
53259
53260
53261
53262
53263
53264
53283
53284
53285
53286
53287
53288
53307
53308
53309
53310
53311
53312
53331
53332
53333
53334
53335
53336
53355
53356
53357
53358
53359
53360
53739
53740
53741
53742
53743
53744
53763
53764
53765
53766
53767
53768
53787
53788
53789
53790
53791
53792
53811
53812
53813
53814
53815
53816
53835
53836
53837
53838
53839
53840
53859
53860
53861
53862
53863
53864
53883
53884
53885
53886
53887
53888
53907
53908
53909
53910
53911
53912
53931
53932
53933
53934
53935
53936
53955
53956
53957
53958
53959
53960
53979
53980
53981
53982
53983
53984
59185
59186
59187
59188
59189
59190
59191
59192
59193
59194
59195
59196
59197
59198
59199
59200
59201
59202
59203
59204
59205
59206
59207
59208
59209
59210
59211
59212
59213
59214
59215
59216
59217
59218
59219
59220
59221
59222
59223
59224
59225
59226
59227
59228
59229
59230
59231
59232
59233
59234
59235
59236
59237
59238
59239
59240
59241
59242
59243
59244
59245
59246
59247
59248
59249
59250
59251
59252
59253
59254
59255
59256
59257
59258
59259
59260
59261
59262
59263
59264
59265
59266
59267
59268
59269
59270
59271
59272
59273
59274
59275
59276
59277
59278
59279
59280
59281
59282
59283
59284
59285
59286
59287
59288
59289
59290
59291
59292
59293
59294
59295
59296
59297
59298
59299
59300
59301
59302
59303
59304
59305
59306
59307
59308
59309
59310
59311
59312
59313
59314
59315
59316
59317
59318
59319
59320
59321
59322
59323
59324
59325
59326
59327
59328
59329
59330
59331
59332
59333
59334
59335
59336
59337
59338
59339
59340
59341
59342
59343
59344
59345
59346
59347
59348
59349
59350
59351
59352
59353
59354
59355
59356
59357
59358
59359
59360
59361
59362
59363
59364
59365
59366
59367
59368
59369
59370
59371
59372
59373
59374
59375
59376
59377
59378
59379
59380
59381
59382
59383
59384
59385
59386
59387
59388
59389
59390
59391
59392
59393
59394
59395
59396
59397
59398
59399
59400
59401
59402
59403
59404
59405
59406
59407
59408
59409
59410
59411
59412
59413
59414
59415
59416
59417
59418
59419
59420
59421
59422
59423
59424
59425
59426
59427
59428
59429
59430
59431
59432
59433
59434
59435
59436
59437
59438
59439
59440
59441
59442
59443
59444
59445
59446
59447
59448
59449
59450
59451
59452
59453
59454
59455
59456
59457
59458
59459
59460
59461
59462
59463
59464
59465
59466
59467
59468
59469
59470
59471
59472
59473
59474
59475
59476
59477
59478
59479
59480
59481
59482
59483
59484
59485
59486
59487
59488
59489
59490
59491
59492
59493
59494
59495
59496
59497
59498
59499
59500
59501
59502
59503
59504
59505
59506
59507
59508
59509
59510
59511
59512
59513
59514
59515
59516
59517
59518
59519
59520
59521
59522
59523
59524
59525
59526
59527
59528
59529
59530
59531
59532
59533
59534
59535
59536
59537
59538
59539
59540
59541
59542
59543
59544
59545
59546
59547
59548
59549
59550
59551
59552
59553
59554
59555
59556
59557
59558
59559
59560
59561
59562
59563
59564
59845
59846
59847
59848
59849
59850
59851
59852
59853
59854
59855
59856
59857
59858
59859
59860
59861
59862
59863
59864
59865
59866
59867
59868
59869
59870
59871
59872
59873
59874
59875
59876
59877
59878
59879
59880
59881
59882
59883
59884
59885
59886
59887
59888
59889
59890
59891
59892
59893
59894
59895
59896
59897
59898
59899
59900
59901
59902
59903
59904
59905
59906
59907
59908
59909
59910
59911
59912
59913
59914
59915
59916
59917
59918
59919
59920
59921
59922
59923
59924
59925
59926
59927
59928
59929
59930
59931
59932
59933
59934
59935
59936
59937
59938
59939
59940
59941
59942
59943
59944
59945
59946
59947
59948
59949
59950
59951
59952
59953
59954
59955
59956
59957
59958
59959
59960
59961
59962
59963
59964
59965
59966
59967
59968
59969
59970
59971
59972
59973
59974
59975
59976
59977
59978
59979
59980
59981
59982
59983
59984
59985
59986
59987
59988
59989
59990
59991
59992
59993
59994
59995
59996
59997
59998
59999
60000
60001
60002
60003
60004
60005
60006
60007
60008
60009
60010
60011
60012
60013
60014
60015
60016
60017
60018
60019
60020
60021
60022
60023
60024
60025
60026
60027
60028
60029
60030
60031
60032
60033
60034
60035
60036
60037
60038
60039
60040
60041
60042
60043
60044
60045
60046
60047
60048
60049
60050
60051
60052
60053
60054
60055
60056
60057
60058
60059
60060
60061
60062
60063
60064
60065
60066
60067
60068
60069
60070
60071
60072
60073
60074
60075
60076
60077
60078
60079
60080
60081
60082
60083
60084
60085
60086
60087
60088
60089
60090
60091
60092
60093
60094
60095
60096
60097
60098
60099
60100
60101
60102
60103
60104
60105
60106
60107
60108
60109
60110
60111
60112
60113
60114
60115
60116
60117
60118
60119
60120
60121
60122
60123
60124
60125
60126
60127
60128
60129
60130
60131
60132
60133
60134
60135
60136
60137
60138
60139
60140
60141
60142
60143
60144
60145
60146
60147
60148
60149
60150
60151
60152
60153
60154
60155
60156
60157
60158
60159
60160
60161
60162
60163
60164
60165
60166
60167
60168
60169
60170
60171
60172
60173
60174
60175
60176
60177
60178
60179
60180
60181
60182
60183
60184
60185
60186
60187
60188
60189
60190
60191
60192
60193
60194
60195
60196
60197
60198
60199
60200
60201
60202
60203
60204
60205
60206
60207
60208
60209
60210
60211
60212
60213
60214
60215
60216
60217
60218
60219
60220
60221
60222
60223
60224
60505
60506
60507
60508
60509
60510
60511
60512
60513
60514
60515
60516
60517
60518
60519
60520
60521
60522
60523
60524
60525
60526
60527
60528
60529
60530
60531
60532
60533
60534
60535
60536
60537
60538
60539
60540
60541
60542
60543
60544
60545
60546
60547
60548
60549
60550
60551
60552
60553
60554
60555
60556
60557
60558
60559
60560
60561
60562
60563
60564
60565
60566
60567
60568
60569
60570
60571
60572
60573
60574
60575
60576
60577
60578
60579
60580
60581
60582
60583
60584
60585
60586
60587
60588
60589
60590
60591
60592
60593
60594
60595
60596
60597
60598
60599
60600
60601
60602
60603
60604
60605
60606
60607
60608
60609
60610
60611
60612
60613
60614
60615
60616
60617
60618
60619
60620
60621
60622
60623
60624
60625
60626
60627
60628
60629
60630
60631
60632
60633
60634
60635
60636
60637
60638
60639
60640
60641
60642
60643
60644
60645
60646
60647
60648
60649
60650
60651
60652
60653
60654
60655
60656
60657
60658
60659
60660
60661
60662
60663
60664
60665
60666
60667
60668
60669
60670
60671
60672
60673
60674
60675
60676
60677
60678
60679
60680
60681
60682
60683
60684
60685
60686
60687
60688
60689
60690
60691
60692
60693
60694
60695
60696
60697
60698
60699
60700
60701
60702
60703
60704
60705
60706
60707
60708
60709
60710
60711
60712
60713
60714
60715
60716
60717
60718
60719
60720
60721
60722
60723
60724
60725
60726
60727
60728
60729
60730
60731
60732
60733
60734
60735
60736
60737
60738
60739
60740
60741
60742
60743
60744
60745
60746
60747
60748
60749
60750
60751
60752
60753
60754
60755
60756
60757
60758
60759
60760
60761
60762
60763
60764
60765
60766
60767
60768
60769
60770
60771
60772
60773
60774
60775
60776
60777
60778
60779
60780
60781
60782
60783
60784
60785
60786
60787
60788
60789
60790
60791
60792
60793
60794
60795
60796
60797
60798
60799
60800
60801
60802
60803
60804
60805
60806
60807
60808
60809
60810
60811
60812
60813
60814
60815
60816
60817
60818
60819
60820
60821
60822
60823
60824
60825
60826
60827
60828
60829
60830
60831
60832
60833
60834
60835
60836
60837
60838
60839
60840
60841
60842
60843
60844
60845
60846
60847
60848
60849
60850
60851
60852
60853
60854
60855
60856
60857
60858
60859
60860
60861
60862
60863
60864
60865
60866
60867
60868
60869
60870
60871
60872
60873
60874
60875
60876
60877
60878
60879
60880
60881
60882
60883
60884
61165
61166
61167
61168
61169
61170
61171
61172
61173
61174
61175
61176
61177
61178
61179
61180
61181
61182
61183
61184
61185
61186
61187
61188
61189
61190
61191
61192
61193
61194
61195
61196
61197
61198
61199
61200
61201
61202
61203
61204
61205
61206
61207
61208
61209
61210
61211
61212
61213
61214
61215
61216
61217
61218
61219
61220
61221
61222
61223
61224
61225
61226
61227
61228
61229
61230
61231
61232
61233
61234
61235
61236
61237
61238
61239
61240
61241
61242
61243
61244
61245
61246
61247
61248
61249
61250
61251
61252
61253
61254
61255
61256
61257
61258
61259
61260
61261
61262
61263
61264
61265
61266
61267
61268
61269
61270
61271
61272
61273
61274
61275
61276
61277
61278
61279
61280
61281
61282
61283
61284
61285
61286
61287
61288
61289
61290
61291
61292
61293
61294
61295
61296
61297
61298
61299
61300
61301
61302
61303
61304
61305
61306
61307
61308
61309
61310
61311
61312
61313
61314
61315
61316
61317
61318
61319
61320
61321
61322
61323
61324
61325
61326
61327
61328
61329
61330
61331
61332
61333
61334
61335
61336
61337
61338
61339
61340
61341
61342
61343
61344
61345
61346
61347
61348
61349
61350
61351
61352
61353
61354
61355
61356
61357
61358
61359
61360
61361
61362
61363
61364
61365
61366
61367
61368
61369
61370
61371
61372
61373
61374
61375
61376
61377
61378
61379
61380
61381
61382
61383
61384
61385
61386
61387
61388
61389
61390
61391
61392
61393
61394
61395
61396
61397
61398
61399
61400
61401
61402
61403
61404
61405
61406
61407
61408
61409
61410
61411
61412
61413
61414
61415
61416
61417
61418
61419
61420
61421
61422
61423
61424
61425
61426
61427
61428
61429
61430
61431
61432
61433
61434
61435
61436
61437
61438
61439
61440
61441
61442
61443
61444
61445
61446
61447
61448
61449
61450
61451
61452
61453
61454
61455
61456
61457
61458
61459
61460
61461
61462
61463
61464
61465
61466
61467
61468
61469
61470
61471
61472
61473
61474
61475
61476
61477
61478
61479
61480
61481
61482
61483
61484
61485
61486
61487
61488
61489
61490
61491
61492
61493
61494
61495
61496
61497
61498
61499
61500
61501
61502
61503
61504
61505
61506
61507
61508
61509
61510
61511
61512
61513
61514
61515
61516
61517
61518
61519
61520
61521
61522
61523
61524
61525
61526
61527
61528
61529
61530
61531
61532
61533
61534
61535
61536
61537
61538
61539
61540
61541
61542
61543
61544
61825
61826
61827
61828
61829
61830
61831
61832
61833
61834
61835
61836
61837
61838
61839
61840
61841
61842
61843
61844
61845
61846
61847
61848
61849
61850
61851
61852
61853
61854
61855
61856
61857
61858
61859
61860
61861
61862
61863
61864
61865
61866
61867
61868
61869
61870
61871
61872
61873
61874
61875
61876
61877
61878
61879
61880
61881
61882
61883
61884
61885
61886
61887
61888
61889
61890
61891
61892
61893
61894
61895
61896
61897
61898
61899
61900
61901
61902
61903
61904
61905
61906
61907
61908
61909
61910
61911
61912
61913
61914
61915
61916
61917
61918
61919
61920
61921
61922
61923
61924
61925
61926
61927
61928
61929
61930
61931
61932
61933
61934
61935
61936
61937
61938
61939
61940
61941
61942
61943
61944
61945
61946
61947
61948
61949
61950
61951
61952
61953
61954
61955
61956
61957
61958
61959
61960
61961
61962
61963
61964
61965
61966
61967
61968
61969
61970
61971
61972
61973
61974
61975
61976
61977
61978
61979
61980
61981
61982
61983
61984
61985
61986
61987
61988
61989
61990
61991
61992
61993
61994
61995
61996
61997
61998
61999
62000
62001
62002
62003
62004
62005
62006
62007
62008
62009
62010
62011
62012
62013
62014
62015
62016
62017
62018
62019
62020
62021
62022
62023
62024
62025
62026
62027
62028
62029
62030
62031
62032
62033
62034
62035
62036
62037
62038
62039
62040
62041
62042
62043
62044
62045
62046
62047
62048
62049
62050
62051
62052
62053
62054
62055
62056
62057
62058
62059
62060
62061
62062
62063
62064
62065
62066
62067
62068
62069
62070
62071
62072
62073
62074
62075
62076
62077
62078
62079
62080
62081
62082
62083
62084
62085
62086
62087
62088
62089
62090
62091
62092
62093
62094
62095
62096
62097
62098
62099
62100
62101
62102
62103
62104
62105
62106
62107
62108
62109
62110
62111
62112
62113
62114
62115
62116
62117
62118
62119
62120
62121
62122
62123
62124
62125
62126
62127
62128
62129
62130
62131
62132
62133
62134
62135
62136
62137
62138
62139
62140
62141
62142
62143
62144
62145
62146
62147
62148
62149
62150
62151
62152
62153
62154
62155
62156
62157
62158
62159
62160
62161
62162
62163
62164
62165
62166
62167
62168
62169
62170
62171
62172
62173
62174
62175
62176
62177
62178
62179
62180
62181
62182
62183
62184
62185
62186
62187
62188
62189
62190
62191
62192
62193
62194
62195
62196
62197
62198
62199
62200
62201
62202
62203
62204
62485
62486
62487
62488
62489
62490
62491
62492
62493
62494
62495
62496
62497
62498
62499
62500
62501
62502
62503
62504
62505
62506
62507
62508
62509
62510
62511
62512
62513
62514
62515
62516
62517
62518
62519
62520
62521
62522
62523
62524
62525
62526
62527
62528
62529
62530
62531
62532
62533
62534
62535
62536
62537
62538
62539
62540
62541
62542
62543
62544
62545
62546
62547
62548
62549
62550
62551
62552
62553
62554
62555
62556
62557
62558
62559
62560
62561
62562
62563
62564
62565
62566
62567
62568
62569
62570
62571
62572
62573
62574
62575
62576
62577
62578
62579
62580
62581
62582
62583
62584
62585
62586
62587
62588
62589
62590
62591
62592
62593
62594
62595
62596
62597
62598
62599
62600
62601
62602
62603
62604
62605
62606
62607
62608
62609
62610
62611
62612
62613
62614
62615
62616
62617
62618
62619
62620
62621
62622
62623
62624
62625
62626
62627
62628
62629
62630
62631
62632
62633
62634
62635
62636
62637
62638
62639
62640
62641
62642
62643
62644
62645
62646
62647
62648
62649
62650
62651
62652
62653
62654
62655
62656
62657
62658
62659
62660
62661
62662
62663
62664
62665
62666
62667
62668
62669
62670
62671
62672
62673
62674
62675
62676
62677
62678
62679
62680
62681
62682
62683
62684
62685
62686
62687
62688
62689
62690
62691
62692
62693
62694
62695
62696
62697
62698
62699
62700
62701
62702
62703
62704
62705
62706
62707
62708
62709
62710
62711
62712
62713
62714
62715
62716
62717
62718
62719
62720
62721
62722
62723
62724
62725
62726
62727
62728
62729
62730
62731
62732
62733
62734
62735
62736
62737
62738
62739
62740
62741
62742
62743
62744
62745
62746
62747
62748
62749
62750
62751
62752
62753
62754
62755
62756
62757
62758
62759
62760
62761
62762
62763
62764
62765
62766
62767
62768
62769
62770
62771
62772
62773
62774
62775
62776
62777
62778
62779
62780
62781
62782
62783
62784
62785
62786
62787
62788
62789
62790
62791
62792
62793
62794
62795
62796
62797
62798
62799
62800
62801
62802
62803
62804
62805
62806
62807
62808
62809
62810
62811
62812
62813
62814
62815
62816
62817
62818
62819
62820
62821
62822
62823
62824
62825
62826
62827
62828
62829
62830
62831
62832
62833
62834
62835
62836
62837
62838
62839
62840
62841
62842
62843
62844
62845
62846
62847
62848
62849
62850
62851
62852
62853
62854
62855
62856
62857
62858
62859
62860
62861
62862
62863
62864
63145
63146
63147
63148
63149
63150
63151
63152
63153
63154
63155
63156
63157
63158
63159
63160
63161
63162
63163
63164
63165
63166
63167
63168
63169
63170
63171
63172
63173
63174
63175
63176
63177
63178
63179
63180
63181
63182
63183
63184
63185
63186
63187
63188
63189
63190
63191
63192
63193
63194
63195
63196
63197
63198
63199
63200
63201
63202
63203
63204
63205
63206
63207
63208
63209
63210
63211
63212
63213
63214
63215
63216
63217
63218
63219
63220
63221
63222
63223
63224
63225
63226
63227
63228
63229
63230
63231
63232
63233
63234
63235
63236
63237
63238
63239
63240
63241
63242
63243
63244
63245
63246
63247
63248
63249
63250
63251
63252
63253
63254
63255
63256
63257
63258
63259
63260
63261
63262
63263
63264
63265
63266
63267
63268
63269
63270
63271
63272
63273
63274
63275
63276
63277
63278
63279
63280
63281
63282
63283
63284
63285
63286
63287
63288
63289
63290
63291
63292
63293
63294
63295
63296
63297
63298
63299
63300
63301
63302
63303
63304
63305
63306
63307
63308
63309
63310
63311
63312
63313
63314
63315
63316
63317
63318
63319
63320
63321
63322
63323
63324
63325
63326
63327
63328
63329
63330
63331
63332
63333
63334
63335
63336
63337
63338
63339
63340
63341
63342
63343
63344
63345
63346
63347
63348
63349
63350
63351
63352
63353
63354
63355
63356
63357
63358
63359
63360
63361
63362
63363
63364
63365
63366
63367
63368
63369
63370
63371
63372
63373
63374
63375
63376
63377
63378
63379
63380
63381
63382
63383
63384
63385
63386
63387
63388
63389
63390
63391
63392
63393
63394
63395
63396
63397
63398
63399
63400
63401
63402
63403
63404
63405
63406
63407
63408
63409
63410
63411
63412
63413
63414
63415
63416
63417
63418
63419
63420
63421
63422
63423
63424
63425
63426
63427
63428
63429
63430
63431
63432
63433
63434
63435
63436
63437
63438
63439
63440
63441
63442
63443
63444
63445
63446
63447
63448
63449
63450
63451
63452
63453
63454
63455
63456
63457
63458
63459
63460
63461
63462
63463
63464
63465
63466
63467
63468
63469
63470
63471
63472
63473
63474
63475
63476
63477
63478
63479
63480
63481
63482
63483
63484
63485
63486
63487
63488
63489
63490
63491
63492
63493
63494
63495
63496
63497
63498
63499
63500
63501
63502
63503
63504
63505
63506
63507
63508
63509
63510
63511
63512
63513
63514
63515
63516
63517
63518
63519
63520
63521
63522
63523
63524
63825
63826
63827
63828
63829
63830
63831
63832
63833
63834
63835
63836
63837
63838
63839
63840
63841
63842
63843
63844
63845
63846
63847
63848
63849
63850
63851
63852
63853
63854
63855
63856
63857
63858
63859
63860
63861
63862
63863
63864
63865
63866
63867
63868
63869
63870
63871
63872
63873
63874
63875
63876
63877
63878
63879
63880
63881
63882
63883
63884
63885
63886
63887
63888
63889
63890
63891
63892
63893
63894
63895
63896
63897
63898
63899
63900
63901
63902
63903
63904
63905
63906
63907
63908
63909
63910
63911
63912
63913
63914
63915
63916
63917
63918
63919
63920
63921
63922
63923
63924
63925
63926
63927
63928
63929
63930
63931
63932
63933
63934
63935
63936
63937
63938
63939
63940
63941
63942
63943
63944
63945
63946
63947
63948
63949
63950
63951
63952
63953
63954
63955
63956
63957
63958
63959
63960
63961
63962
63963
63964
63965
63966
63967
63968
63969
63970
63971
63972
63973
63974
63975
63976
63977
63978
63979
63980
63981
63982
63983
63984
63985
63986
63987
63988
63989
63990
63991
63992
63993
63994
63995
63996
63997
63998
63999
64000
64001
64002
64003
64004
64005
64006
64007
64008
64009
64010
64011
64012
64013
64014
64015
64016
64017
64018
64019
64020
64021
64022
64023
64024
64025
64026
64027
64028
64029
64030
64031
64032
64033
64034
64035
64036
64037
64038
64039
64040
64041
64042
64043
64044
64045
64046
64047
64048
64049
64050
64051
64052
64053
64054
64055
64056
64057
64058
64059
64060
64061
64062
64063
64064
64065
64066
64067
64068
64069
64070
64071
64072
64073
64074
64075
64076
64077
64078
64079
64080
64081
64082
64083
64084
64085
64086
64087
64088
64089
64090
64091
64092
64093
64094
64095
64096
64097
64098
64099
64100
64101
64102
64103
64104
64105
64106
64107
64108
64109
64110
64111
64112
64113
64114
64115
64116
64117
64118
64119
64120
64121
64122
64123
64124
64125
64126
64127
64128
64129
64130
64131
64132
64133
64134
64135
64136
64137
64138
64139
64140
64141
64142
64143
64144
64145
64146
64147
64148
64149
64150
64151
64152
64153
64154
64155
64156
64157
64158
64159
64160
64161
64162
64163
64164
64165
64166
64167
64168
64169
64170
64171
64172
64173
64174
64175
64176
64177
64178
64179
64180
64181
64182
64183
64184
64485
64486
64487
64488
64489
64490
64491
64492
64493
64494
64495
64496
64497
64498
64499
64500
64501
64502
64503
64504
64505
64506
64507
64508
64509
64510
64511
64512
64513
64514
64515
64516
64517
64518
64519
64520
64521
64522
64523
64524
64525
64526
64527
64528
64529
64530
64531
64532
64533
64534
64535
64536
64537
64538
64539
64540
64541
64542
64543
64544
64545
64546
64547
64548
64549
64550
64551
64552
64553
64554
64555
64556
64557
64558
64559
64560
64561
64562
64563
64564
64565
64566
64567
64568
64569
64570
64571
64572
64573
64574
64575
64576
64577
64578
64579
64580
64581
64582
64583
64584
64585
64586
64587
64588
64589
64590
64591
64592
64593
64594
64595
64596
64597
64598
64599
64600
64601
64602
64603
64604
64605
64606
64607
64608
64609
64610
64611
64612
64613
64614
64615
64616
64617
64618
64619
64620
64621
64622
64623
64624
64625
64626
64627
64628
64629
64630
64631
64632
64633
64634
64635
64636
64637
64638
64639
64640
64641
64642
64643
64644
64645
64646
64647
64648
64649
64650
64651
64652
64653
64654
64655
64656
64657
64658
64659
64660
64661
64662
64663
64664
64665
64666
64667
64668
64669
64670
64671
64672
64673
64674
64675
64676
64677
64678
64679
64680
64681
64682
64683
64684
64685
64686
64687
64688
64689
64690
64691
64692
64693
64694
64695
64696
64697
64698
64699
64700
64701
64702
64703
64704
64705
64706
64707
64708
64709
64710
64711
64712
64713
64714
64715
64716
64717
64718
64719
64720
64721
64722
64723
64724
64725
64726
64727
64728
64729
64730
64731
64732
64733
64734
64735
64736
64737
64738
64739
64740
64741
64742
64743
64744
64745
64746
64747
64748
64749
64750
64751
64752
64753
64754
64755
64756
64757
64758
64759
64760
64761
64762
64763
64764
64765
64766
64767
64768
64769
64770
64771
64772
64773
64774
64775
64776
64777
64778
64779
64780
64781
64782
64783
64784
64785
64786
64787
64788
64789
64790
64791
64792
64793
64794
64795
64796
64797
64798
64799
64800
64801
64802
64803
64804
64805
64806
64807
64808
64809
64810
64811
64812
64813
64814
64815
64816
64817
64818
64819
64820
64821
64822
64823
64824
64825
64826
64827
64828
64829
64830
64831
64832
64833
64834
64835
64836
64837
64838
64839
64840
64841
64842
64843
64844
65145
65146
65147
65148
65149
65150
65151
65152
65153
65154
65155
65156
65157
65158
65159
65160
65161
65162
65163
65164
65165
65166
65167
65168
65169
65170
65171
65172
65173
65174
65175
65176
65177
65178
65179
65180
65181
65182
65183
65184
65185
65186
65187
65188
65189
65190
65191
65192
65193
65194
65195
65196
65197
65198
65199
65200
65201
65202
65203
65204
65205
65206
65207
65208
65209
65210
65211
65212
65213
65214
65215
65216
65217
65218
65219
65220
65221
65222
65223
65224
65225
65226
65227
65228
65229
65230
65231
65232
65233
65234
65235
65236
65237
65238
65239
65240
65241
65242
65243
65244
65245
65246
65247
65248
65249
65250
65251
65252
65253
65254
65255
65256
65257
65258
65259
65260
65261
65262
65263
65264
65265
65266
65267
65268
65269
65270
65271
65272
65273
65274
65275
65276
65277
65278
65279
65280
65281
65282
65283
65284
65285
65286
65287
65288
65289
65290
65291
65292
65293
65294
65295
65296
65297
65298
65299
65300
65301
65302
65303
65304
65305
65306
65307
65308
65309
65310
65311
65312
65313
65314
65315
65316
65317
65318
65319
65320
65321
65322
65323
65324
65325
65326
65327
65328
65329
65330
65331
65332
65333
65334
65335
65336
65337
65338
65339
65340
65341
65342
65343
65344
65345
65346
65347
65348
65349
65350
65351
65352
65353
65354
65355
65356
65357
65358
65359
65360
65361
65362
65363
65364
65365
65366
65367
65368
65369
65370
65371
65372
65373
65374
65375
65376
65377
65378
65379
65380
65381
65382
65383
65384
65385
65386
65387
65388
65389
65390
65391
65392
65393
65394
65395
65396
65397
65398
65399
65400
65401
65402
65403
65404
65405
65406
65407
65408
65409
65410
65411
65412
65413
65414
65415
65416
65417
65418
65419
65420
65421
65422
65423
65424
65425
65426
65427
65428
65429
65430
65431
65432
65433
65434
65435
65436
65437
65438
65439
65440
65441
65442
65443
65444
65445
65446
65447
65448
65449
65450
65451
65452
65453
65454
65455
65456
65457
65458
65459
65460
65461
65462
65463
65464
65465
65466
65467
65468
65469
65470
65471
65472
65473
65474
65475
65476
65477
65478
65479
65480
65481
65482
65483
65484
65485
65486
65487
65488
65489
65490
65491
65492
65493
65494
65495
65496
65497
65498
65499
65500
65501
65502
65503
65504
65805
65806
65807
65808
65809
65810
65811
65812
65813
65814
65815
65816
65817
65818
65819
65820
65821
65822
65823
65824
65825
65826
65827
65828
65829
65830
65831
65832
65833
65834
65835
65836
65837
65838
65839
65840
65841
65842
65843
65844
65845
65846
65847
65848
65849
65850
65851
65852
65853
65854
65855
65856
65857
65858
65859
65860
65861
65862
65863
65864
65865
65866
65867
65868
65869
65870
65871
65872
65873
65874
65875
65876
65877
65878
65879
65880
65881
65882
65883
65884
65885
65886
65887
65888
65889
65890
65891
65892
65893
65894
65895
65896
65897
65898
65899
65900
65901
65902
65903
65904
65905
65906
65907
65908
65909
65910
65911
65912
65913
65914
65915
65916
65917
65918
65919
65920
65921
65922
65923
65924
65925
65926
65927
65928
65929
65930
65931
65932
65933
65934
65935
65936
65937
65938
65939
65940
65941
65942
65943
65944
65945
65946
65947
65948
65949
65950
65951
65952
65953
65954
65955
65956
65957
65958
65959
65960
65961
65962
65963
65964
65965
65966
65967
65968
65969
65970
65971
65972
65973
65974
65975
65976
65977
65978
65979
65980
65981
65982
65983
65984
65985
65986
65987
65988
65989
65990
65991
65992
65993
65994
65995
65996
65997
65998
65999
66000
66001
66002
66003
66004
66005
66006
66007
66008
66009
66010
66011
66012
66013
66014
66015
66016
66017
66018
66019
66020
66021
66022
66023
66024
66025
66026
66027
66028
66029
66030
66031
66032
66033
66034
66035
66036
66037
66038
66039
66040
66041
66042
66043
66044
66045
66046
66047
66048
66049
66050
66051
66052
66053
66054
66055
66056
66057
66058
66059
66060
66061
66062
66063
66064
66065
66066
66067
66068
66069
66070
66071
66072
66073
66074
66075
66076
66077
66078
66079
66080
66081
66082
66083
66084
66085
66086
66087
66088
66089
66090
66091
66092
66093
66094
66095
66096
66097
66098
66099
66100
66101
66102
66103
66104
66105
66106
66107
66108
66109
66110
66111
66112
66113
66114
66115
66116
66117
66118
66119
66120
66121
66122
66123
66124
66125
66126
66127
66128
66129
66130
66131
66132
66133
66134
66135
66136
66137
66138
66139
66140
66141
66142
66143
66144
66145
66146
66147
66148
66149
66150
66151
66152
66153
66154
66155
66156
66157
66158
66159
66160
66161
66162
66163
66164
66465
66466
66467
66468
66469
66470
66471
66472
66473
66474
66475
66476
66477
66478
66479
66480
66485
66486
66487
66488
66489
66490
66491
66492
66493
66494
66495
66496
66497
66498
66499
66500
66505
66506
66507
66508
66509
66510
66511
66512
66513
66514
66515
66516
66517
66518
66519
66520
66525
66526
66527
66528
66529
66530
66531
66532
66533
66534
66535
66536
66537
66538
66539
66540
66545
66546
66547
66548
66549
66550
66551
66552
66553
66554
66555
66556
66557
66558
66559
66560
66565
66566
66567
66568
66569
66570
66571
66572
66573
66574
66575
66576
66577
66578
66579
66580
66585
66586
66587
66588
66589
66590
66591
66592
66593
66594
66595
66596
66597
66598
66599
66600
66605
66606
66607
66608
66609
66610
66611
66612
66613
66614
66615
66616
66617
66618
66619
66620
66625
66626
66627
66628
66629
66630
66631
66632
66633
66634
66635
66636
66637
66638
66639
66640
66645
66646
66647
66648
66649
66650
66651
66652
66653
66654
66655
66656
66657
66658
66659
66660
66665
66666
66667
66668
66669
66670
66671
66672
66673
66674
66675
66676
66677
66678
66679
66680
66685
66686
66687
66688
66689
66690
66691
66692
66693
66694
66695
66696
66697
66698
66699
66700
66705
66706
66707
66708
66709
66710
66711
66712
66713
66714
66715
66716
66717
66718
66719
66720
66725
66726
66727
66728
66729
66730
66731
66732
66733
66734
66735
66736
66737
66738
66739
66740
66745
66746
66747
66748
66749
66750
66751
66752
66753
66754
66755
66756
66757
66758
66759
66760
66765
66766
66767
66768
66769
66770
66771
66772
66773
66774
66775
66776
66777
66778
66779
66780
66785
66786
66787
66788
66789
66790
66791
66792
66793
66794
66795
66796
66797
66798
66799
66800
66805
66806
66807
66808
66809
66810
66811
66812
66813
66814
66815
66816
66817
66818
66819
66820
67125
67126
67127
67128
67129
67130
67131
67132
67133
67134
67135
67145
67146
67147
67148
67149
67150
67151
67152
67153
67154
67155
67165
67166
67167
67168
67169
67170
67171
67172
67173
67174
67175
67185
67186
67187
67188
67189
67190
67191
67192
67193
67194
67195
67205
67206
67207
67208
67209
67210
67211
67212
67213
67214
67215
67225
67226
67227
67228
67229
67230
67231
67232
67233
67234
67235
67245
67246
67247
67248
67249
67250
67251
67252
67253
67254
67255
67265
67266
67267
67268
67269
67270
67271
67272
67273
67274
67275
67285
67286
67287
67288
67289
67290
67291
67292
67293
67294
67295
67305
67306
67307
67308
67309
67310
67311
67312
67313
67314
67315
67325
67326
67327
67328
67329
67330
67331
67332
67333
67334
67335
67345
67346
67347
67348
67349
67350
67351
67352
67353
67354
67355
67365
67366
67367
67368
67369
67370
67371
67372
67373
67374
67375
67385
67386
67387
67388
67389
67390
67391
67392
67393
67394
67395
67405
67406
67407
67408
67409
67410
67411
67412
67413
67414
67415
67425
67426
67427
67428
67429
67430
67431
67432
67433
67434
67435
67445
67446
67447
67448
67449
67450
67451
67452
67453
67454
67455
67465
67466
67467
67468
67469
67470
67471
67472
67473
67474
67475
67785
67786
67787
67788
67789
67790
67791
67792
67805
67806
67807
67808
67809
67810
67811
67812
67825
67826
67827
67828
67829
67830
67831
67832
67845
67846
67847
67848
67849
67850
67851
67852
67865
67866
67867
67868
67869
67870
67871
67872
67885
67886
67887
67888
67889
67890
67891
67892
67905
67906
67907
67908
67909
67910
67911
67912
67925
67926
67927
67928
67929
67930
67931
67932
67945
67946
67947
67948
67949
67950
67951
67952
67965
67966
67967
67968
67969
67970
67971
67972
67985
67986
67987
67988
67989
67990
67991
67992
68005
68006
68007
68008
68009
68010
68011
68012
68025
68026
68027
68028
68029
68030
68031
68032
68045
68046
68047
68048
68049
68050
68051
68052
68065
68066
68067
68068
68069
68070
68071
68072
68085
68086
68087
68088
68089
68090
68091
68092
68105
68106
68107
68108
68109
68110
68111
68112
68125
68126
68127
68128
68129
68130
68131
68132
68445
68446
68447
68448
68449
68450
68465
68466
68467
68468
68469
68470
68485
68486
68487
68488
68489
68490
68505
68506
68507
68508
68509
68510
68525
68526
68527
68528
68529
68530
68545
68546
68547
68548
68549
68550
68565
68566
68567
68568
68569
68570
68585
68586
68587
68588
68589
68590
68605
68606
68607
68608
68609
68610
68625
68626
68627
68628
68629
68630
68645
68646
68647
68648
68649
68650
)


// ************************************************************************* //
