/*--------------------------------*- C++ -*----------------------------------*\
| =========                 |                                                 |
| \\      /  F ield         | OpenFOAM: The Open Source CFD Toolbox           |
|  \\    /   O peration     | Version:  2406                                  |
|   \\  /    A nd           | Website:  www.openfoam.com                      |
|    \\/     M anipulation  |                                                 |
\*---------------------------------------------------------------------------*/
FoamFile
{
    version     2.0;
    format      ascii;
    arch        "LSB;label=32;scalar=64";
    class       labelList;
    location    "constant/polyMesh";
    object      cellProcAddressing;
}
// * * * * * * * * * * * * * * * * * * * * * * * * * * * * * * * * * * * * * //


5354
(
6739
6759
6779
6799
6819
6839
6859
6879
6899
6919
6939
6959
6979
6999
7019
7039
7375
7376
7377
7378
7379
7395
7396
7397
7398
7399
7415
7416
7417
7418
7419
7435
7436
7437
7438
7439
7455
7456
7457
7458
7459
7475
7476
7477
7478
7479
7495
7496
7497
7498
7499
7515
7516
7517
7518
7519
7535
7536
7537
7538
7539
7555
7556
7557
7558
7559
7575
7576
7577
7578
7579
7595
7596
7597
7598
7599
7615
7616
7617
7618
7619
7635
7636
7637
7638
7639
7655
7656
7657
7658
7659
7675
7676
7677
7678
7679
8015
8016
8017
8018
8019
8035
8036
8037
8038
8039
8055
8056
8057
8058
8059
8075
8076
8077
8078
8079
8095
8096
8097
8098
8099
8115
8116
8117
8118
8119
8135
8136
8137
8138
8139
8155
8156
8157
8158
8159
8175
8176
8177
8178
8179
8195
8196
8197
8198
8199
8215
8216
8217
8218
8219
8235
8236
8237
8238
8239
8255
8256
8257
8258
8259
8275
8276
8277
8278
8279
8295
8296
8297
8298
8299
8315
8316
8317
8318
8319
8655
8656
8657
8658
8659
8675
8676
8677
8678
8679
8693
8694
8695
8696
8697
8698
8699
8713
8714
8715
8716
8717
8718
8719
8733
8734
8735
8736
8737
8738
8739
8753
8754
8755
8756
8757
8758
8759
8773
8774
8775
8776
8777
8778
8779
8793
8794
8795
8796
8797
8798
8799
8813
8814
8815
8816
8817
8818
8819
8833
8834
8835
8836
8837
8838
8839
8853
8854
8855
8856
8857
8858
8859
8873
8874
8875
8876
8877
8878
8879
8893
8894
8895
8896
8897
8898
8899
8913
8914
8915
8916
8917
8918
8919
8933
8934
8935
8936
8937
8938
8939
8953
8954
8955
8956
8957
8958
8959
9295
9296
9297
9298
9299
9315
9316
9317
9318
9319
9331
9332
9333
9334
9335
9336
9337
9338
9339
9340
9341
9342
9343
9344
9345
9346
9347
9348
9349
9350
9351
9352
9353
9354
9355
9356
9357
9358
9359
9360
9361
9362
9363
9364
9365
9366
9367
9368
9369
9370
9371
9372
9373
9374
9375
9376
9377
9378
9379
9380
9381
9382
9383
9384
9385
9386
9387
9388
9389
9390
9391
9392
9393
9394
9395
9396
9397
9398
9399
9400
9401
9402
9403
9404
9405
9406
9407
9408
9409
9410
9411
9412
9413
9414
9415
9416
9417
9418
9419
9420
9421
9422
9423
9424
9425
9426
9427
9428
9429
9430
9431
9432
9433
9434
9435
9436
9437
9438
9439
9440
9441
9442
9443
9444
9445
9446
9447
9448
9449
9450
9451
9452
9453
9454
9455
9456
9457
9458
9459
9460
9461
9462
9463
9464
9465
9466
9467
9468
9469
9470
9471
9472
9473
9474
9475
9476
9477
9478
9479
9480
9481
9482
9483
9484
9485
9486
9487
9488
9489
9490
9491
9492
9493
9494
9495
9496
9497
9498
9499
9500
9501
9502
9503
9504
9505
9506
9507
9508
9509
9510
9511
9512
9513
9514
9515
9516
9517
9518
9519
9520
9521
9522
9523
9524
9525
9526
9527
9528
9529
9530
9531
9532
9533
9534
9535
9536
9537
9538
9539
9540
9541
9542
9543
9544
9545
9546
9547
9548
9549
9550
9551
9552
9553
9554
9555
9556
9557
9558
9559
9560
9561
9562
9563
9564
9565
9566
9567
9568
9569
9570
9571
9572
9573
9574
9575
9576
9577
9578
9579
9580
9581
9582
9583
9584
9585
9586
9587
9588
9589
9590
9591
9592
9593
9594
9595
9596
9597
9598
9599
9935
9936
9937
9938
9939
9955
9956
9957
9958
9959
9971
9972
9973
9974
9975
9976
9977
9978
9979
9980
9981
9982
9983
9984
9985
9986
9987
9988
9989
9990
9991
9992
9993
9994
9995
9996
9997
9998
9999
10000
10001
10002
10003
10004
10005
10006
10007
10008
10009
10010
10011
10012
10013
10014
10015
10016
10017
10018
10019
10020
10021
10022
10023
10024
10025
10026
10027
10028
10029
10030
10031
10032
10033
10034
10035
10036
10037
10038
10039
10040
10041
10042
10043
10044
10045
10046
10047
10048
10049
10050
10051
10052
10053
10054
10055
10056
10057
10058
10059
10060
10061
10062
10063
10064
10065
10066
10067
10068
10069
10070
10071
10072
10073
10074
10075
10076
10077
10078
10079
10080
10081
10082
10083
10084
10085
10086
10087
10088
10089
10090
10091
10092
10093
10094
10095
10096
10097
10098
10099
10100
10101
10102
10103
10104
10105
10106
10107
10108
10109
10110
10111
10112
10113
10114
10115
10116
10117
10118
10119
10120
10121
10122
10123
10124
10125
10126
10127
10128
10129
10130
10131
10132
10133
10134
10135
10136
10137
10138
10139
10140
10141
10142
10143
10144
10145
10146
10147
10148
10149
10150
10151
10152
10153
10154
10155
10156
10157
10158
10159
10160
10161
10162
10163
10164
10165
10166
10167
10168
10169
10170
10171
10172
10173
10174
10175
10176
10177
10178
10179
10180
10181
10182
10183
10184
10185
10186
10187
10188
10189
10190
10191
10192
10193
10194
10195
10196
10197
10198
10199
10200
10201
10202
10203
10204
10205
10206
10207
10208
10209
10210
10211
10212
10213
10214
10215
10216
10217
10218
10219
10220
10221
10222
10223
10224
10225
10226
10227
10228
10229
10230
10231
10232
10233
10234
10235
10236
10237
10238
10239
10575
10576
10577
10578
10579
10595
10596
10597
10598
10599
10611
10612
10613
10614
10615
10616
10617
10618
10619
10620
10621
10622
10623
10624
10625
10626
10627
10628
10629
10630
10631
10632
10633
10634
10635
10636
10637
10638
10639
10640
10641
10642
10643
10644
10645
10646
10647
10648
10649
10650
10651
10652
10653
10654
10655
10656
10657
10658
10659
10660
10661
10662
10663
10664
10665
10666
10667
10668
10669
10670
10671
10672
10673
10674
10675
10676
10677
10678
10679
10680
10681
10682
10683
10684
10685
10686
10687
10688
10689
10690
10691
10692
10693
10694
10695
10696
10697
10698
10699
10700
10701
10702
10703
10704
10705
10706
10707
10708
10709
10710
10711
10712
10713
10714
10715
10716
10717
10718
10719
10720
10721
10722
10723
10724
10725
10726
10727
10728
10729
10730
10731
10732
10733
10734
10735
10736
10737
10738
10739
10740
10741
10742
10743
10744
10745
10746
10747
10748
10749
10750
10751
10752
10753
10754
10755
10756
10757
10758
10759
10760
10761
10762
10763
10764
10765
10766
10767
10768
10769
10770
10771
10772
10773
10774
10775
10776
10777
10778
10779
10780
10781
10782
10783
10784
10785
10786
10787
10788
10789
10790
10791
10792
10793
10794
10795
10796
10797
10798
10799
10800
10801
10802
10803
10804
10805
10806
10807
10808
10809
10810
10811
10812
10813
10814
10815
10816
10817
10818
10819
10820
10821
10822
10823
10824
10825
10826
10827
10828
10829
10830
10831
10832
10833
10834
10835
10836
10837
10838
10839
10840
10841
10842
10843
10844
10845
10846
10847
10848
10849
10850
10851
10852
10853
10854
10855
10856
10857
10858
10859
10860
10861
10862
10863
10864
10865
10866
10867
10868
10869
10870
10871
10872
10873
10874
10875
10876
10877
10878
10879
11218
11219
11235
11236
11237
11238
11239
11251
11252
11253
11254
11255
11256
11257
11258
11259
11260
11261
11262
11263
11264
11265
11266
11267
11268
11269
11270
11271
11272
11273
11274
11275
11276
11277
11278
11279
11280
11281
11282
11283
11284
11285
11286
11287
11288
11289
11290
11291
11292
11293
11294
11295
11296
11297
11298
11299
11300
11301
11302
11303
11304
11305
11306
11307
11308
11309
11310
11311
11312
11313
11314
11315
11316
11317
11318
11319
11320
11321
11322
11323
11324
11325
11326
11327
11328
11329
11330
11331
11332
11333
11334
11335
11336
11337
11338
11339
11340
11341
11342
11343
11344
11345
11346
11347
11348
11349
11350
11351
11352
11353
11354
11355
11356
11357
11358
11359
11360
11361
11362
11363
11364
11365
11366
11367
11368
11369
11370
11371
11372
11373
11374
11375
11376
11377
11378
11379
11380
11381
11382
11383
11384
11385
11386
11387
11388
11389
11390
11391
11392
11393
11394
11395
11396
11397
11398
11399
11400
11401
11402
11403
11404
11405
11406
11407
11408
11409
11410
11411
11412
11413
11414
11415
11416
11417
11418
11419
11420
11421
11422
11423
11424
11425
11426
11427
11428
11429
11430
11431
11432
11433
11434
11435
11436
11437
11438
11439
11440
11441
11442
11443
11444
11445
11446
11447
11448
11449
11450
11451
11452
11453
11454
11455
11456
11457
11458
11459
11460
11461
11462
11463
11464
11465
11466
11467
11468
11469
11470
11471
11472
11473
11474
11475
11476
11477
11478
11479
11480
11481
11482
11483
11484
11485
11486
11487
11488
11489
11490
11491
11492
11493
11494
11495
11496
11497
11498
11499
11500
11501
11502
11503
11504
11505
11506
11507
11508
11509
11510
11511
11512
11513
11514
11515
11516
11517
11518
11519
11875
11876
11877
11878
11879
11891
11892
11893
11894
11895
11896
11897
11898
11899
11900
11901
11902
11903
11904
11905
11906
11907
11908
11909
11910
11911
11912
11913
11914
11915
11916
11917
11918
11919
11920
11921
11922
11923
11924
11925
11926
11927
11928
11929
11930
11931
11932
11933
11934
11935
11936
11937
11938
11939
11940
11941
11942
11943
11944
11945
11946
11947
11948
11949
11950
11951
11952
11953
11954
11955
11956
11957
11958
11959
11960
11961
11962
11963
11964
11965
11966
11967
11968
11969
11970
11971
11972
11973
11974
11975
11976
11977
11978
11979
11980
11981
11982
11983
11984
11985
11986
11987
11988
11989
11990
11991
11992
11993
11994
11995
11996
11997
11998
11999
12000
12001
12002
12003
12004
12005
12006
12007
12008
12009
12010
12011
12012
12013
12014
12015
12016
12017
12018
12019
12020
12021
12022
12023
12024
12025
12026
12027
12028
12029
12030
12031
12032
12033
12034
12035
12036
12037
12038
12039
12040
12041
12042
12043
12044
12045
12046
12047
12048
12049
12050
12051
12052
12053
12054
12055
12056
12057
12058
12059
12060
12061
12062
12063
12064
12065
12066
12067
12068
12069
12070
12071
12072
12073
12074
12075
12076
12077
12078
12079
12080
12081
12082
12083
12084
12085
12086
12087
12088
12089
12090
12091
12092
12093
12094
12095
12096
12097
12098
12099
12100
12101
12102
12103
12104
12105
12106
12107
12108
12109
12110
12111
12112
12113
12114
12115
12116
12117
12118
12119
12120
12121
12122
12123
12124
12125
12126
12127
12128
12129
12130
12131
12132
12133
12134
12135
12136
12137
12138
12139
12140
12141
12142
12143
12144
12145
12146
12147
12148
12149
12150
12151
12152
12153
12154
12155
12156
12157
12158
12159
12531
12532
12533
12534
12535
12536
12537
12538
12539
12540
12541
12542
12543
12544
12545
12546
12547
12548
12549
12550
12551
12552
12553
12554
12555
12556
12557
12558
12559
12560
12561
12562
12563
12564
12565
12566
12567
12568
12569
12570
12571
12572
12573
12574
12575
12576
12577
12578
12579
12580
12581
12582
12583
12584
12585
12586
12587
12588
12589
12590
12591
12592
12593
12594
12595
12596
12597
12598
12599
12600
12601
12602
12603
12604
12605
12606
12607
12608
12609
12610
12611
12612
12613
12614
12615
12616
12617
12618
12619
12620
12621
12622
12623
12624
12625
12626
12627
12628
12629
12630
12631
12632
12633
12634
12635
12636
12637
12638
12639
12640
12641
12642
12643
12644
12645
12646
12647
12648
12649
12650
12651
12652
12653
12654
12655
12656
12657
12658
12659
12660
12661
12662
12663
12664
12665
12666
12667
12668
12669
12670
12671
12672
12673
12674
12675
12676
12677
12678
12679
12680
12681
12682
12683
12684
12685
12686
12687
12688
12689
12690
12691
12692
12693
12694
12695
12696
12697
12698
12699
12700
12701
12702
12703
12704
12705
12706
12707
12708
12709
12710
12711
12712
12713
12714
12715
12716
12717
12718
12719
12720
12721
12722
12723
12724
12725
12726
12727
12728
12729
12730
12731
12732
12733
12734
12735
12736
12737
12738
12739
12740
12741
12742
12743
12744
12745
12746
12747
12748
12749
12750
12751
12752
12753
12754
12755
12756
12757
12758
12759
12760
12761
12762
12763
12764
12765
12766
12767
12768
12769
12770
12771
12772
12773
12774
12775
12776
12777
12778
12779
12780
12781
12782
12783
12784
12785
12786
12787
12788
12789
12790
12791
12792
12793
12794
12795
12796
12797
12798
12799
20864
20865
20866
20867
20868
20869
20888
20889
20890
20891
20892
20893
20912
20913
20914
20915
20916
20917
20936
20937
20938
20939
20940
20941
20960
20961
20962
20963
20964
20965
20984
20985
20986
20987
20988
20989
21008
21009
21010
21011
21012
21013
21032
21033
21034
21035
21036
21037
21056
21057
21058
21059
21060
21061
21080
21081
21082
21083
21084
21085
21104
21105
21106
21107
21108
21109
21128
21129
21130
21131
21132
21133
21152
21153
21154
21155
21156
21157
21176
21177
21178
21179
21180
21181
21200
21201
21202
21203
21204
21205
21224
21225
21226
21227
21228
21229
21632
21633
21634
21635
21636
21637
21638
21639
21656
21657
21658
21659
21660
21661
21662
21663
21680
21681
21682
21683
21684
21685
21686
21687
21704
21705
21706
21707
21708
21709
21710
21711
21728
21729
21730
21731
21732
21733
21734
21735
21752
21753
21754
21755
21756
21757
21758
21759
21776
21777
21778
21779
21780
21781
21782
21783
21800
21801
21802
21803
21804
21805
21806
21807
21824
21825
21826
21827
21828
21829
21830
21831
21848
21849
21850
21851
21852
21853
21854
21855
21872
21873
21874
21875
21876
21877
21878
21879
21896
21897
21898
21899
21900
21901
21902
21903
21920
21921
21922
21923
21924
21925
21926
21927
21944
21945
21946
21947
21948
21949
21950
21951
21968
21969
21970
21971
21972
21973
21974
21975
21992
21993
21994
21995
21996
21997
21998
21999
22400
22401
22402
22403
22404
22405
22406
22407
22424
22425
22426
22427
22428
22429
22430
22431
22448
22449
22450
22451
22452
22453
22454
22455
22472
22473
22474
22475
22476
22477
22478
22479
22496
22497
22498
22499
22500
22501
22502
22503
22520
22521
22522
22523
22524
22525
22526
22527
22544
22545
22546
22547
22548
22549
22550
22551
22568
22569
22570
22571
22572
22573
22574
22575
22592
22593
22594
22595
22596
22597
22598
22599
22616
22617
22618
22619
22620
22621
22622
22623
22640
22641
22642
22643
22644
22645
22646
22647
22664
22665
22666
22667
22668
22669
22670
22671
22688
22689
22690
22691
22692
22693
22694
22695
22712
22713
22714
22715
22716
22717
22718
22719
22736
22737
22738
22739
22740
22741
22742
22743
22760
22761
22762
22763
22764
22765
22766
22767
23168
23169
23170
23171
23172
23173
23174
23175
23192
23193
23194
23195
23196
23197
23198
23199
23216
23217
23218
23219
23220
23221
23222
23223
23240
23241
23242
23243
23244
23245
23246
23247
23264
23265
23266
23267
23268
23269
23270
23271
23288
23289
23290
23291
23292
23293
23294
23295
23312
23313
23314
23315
23316
23317
23318
23319
23336
23337
23338
23339
23340
23341
23342
23343
23360
23361
23362
23363
23364
23365
23366
23367
23384
23385
23386
23387
23388
23389
23390
23391
23408
23409
23410
23411
23412
23413
23414
23415
23432
23433
23434
23435
23436
23437
23438
23439
23456
23457
23458
23459
23460
23461
23462
23463
23480
23481
23482
23483
23484
23485
23486
23487
23504
23505
23506
23507
23508
23509
23510
23511
23528
23529
23530
23531
23532
23533
23534
23535
23936
23937
23938
23939
23940
23941
23942
23943
23960
23961
23962
23963
23964
23965
23966
23967
23984
23985
23986
23987
23988
23989
23990
23991
24008
24009
24010
24011
24012
24013
24014
24015
24032
24033
24034
24035
24036
24037
24038
24039
24056
24057
24058
24059
24060
24061
24062
24063
24080
24081
24082
24083
24084
24085
24086
24087
24104
24105
24106
24107
24108
24109
24110
24111
24128
24129
24130
24131
24132
24133
24134
24135
24152
24153
24154
24155
24156
24157
24158
24159
24176
24177
24178
24179
24180
24181
24182
24183
24200
24201
24202
24203
24204
24205
24206
24207
24224
24225
24226
24227
24228
24229
24230
24231
24248
24249
24250
24251
24252
24253
24254
24255
24272
24273
24274
24275
24276
24277
24278
24279
24296
24297
24298
24299
24300
24301
24302
24303
24704
24705
24706
24707
24708
24709
24710
24711
24728
24729
24730
24731
24732
24733
24734
24735
24752
24753
24754
24755
24756
24757
24758
24759
24776
24777
24778
24779
24780
24781
24782
24783
24800
24801
24802
24803
24804
24805
24806
24807
24824
24825
24826
24827
24828
24829
24830
24831
24848
24849
24850
24851
24852
24853
24854
24855
24872
24873
24874
24875
24876
24877
24878
24879
24896
24897
24898
24899
24900
24901
24902
24903
24920
24921
24922
24923
24924
24925
24926
24927
24944
24945
24946
24947
24948
24949
24950
24951
24968
24969
24970
24971
24972
24973
24974
24975
24992
24993
24994
24995
24996
24997
24998
24999
25016
25017
25018
25019
25020
25021
25022
25023
25040
25041
25042
25043
25044
25045
25046
25047
25064
25065
25066
25067
25068
25069
25070
25071
25472
25473
25474
25475
25476
25477
25478
25479
25496
25497
25498
25499
25500
25501
25502
25503
25520
25521
25522
25523
25524
25525
25526
25527
25544
25545
25546
25547
25548
25549
25550
25551
25568
25569
25570
25571
25572
25573
25574
25575
25592
25593
25594
25595
25596
25597
25598
25599
25616
25617
25618
25619
25620
25621
25622
25623
25640
25641
25642
25643
25644
25645
25646
25647
25664
25665
25666
25667
25668
25669
25670
25671
25688
25689
25690
25691
25692
25693
25694
25695
25712
25713
25714
25715
25716
25717
25718
25719
25736
25737
25738
25739
25740
25741
25742
25743
25760
25761
25762
25763
25764
25765
25766
25767
25784
25785
25786
25787
25788
25789
25790
25791
25808
25809
25810
25811
25812
25813
25814
25815
25832
25833
25834
25835
25836
25837
25838
25839
26240
26241
26242
26243
26244
26245
26246
26247
26264
26265
26266
26267
26268
26269
26270
26271
26288
26289
26290
26291
26292
26293
26294
26295
26312
26313
26314
26315
26316
26317
26318
26319
26336
26337
26338
26339
26340
26341
26342
26343
26360
26361
26362
26363
26364
26365
26366
26367
26384
26385
26386
26387
26388
26389
26390
26391
26408
26409
26410
26411
26412
26413
26414
26415
26432
26433
26434
26435
26436
26437
26438
26439
26456
26457
26458
26459
26460
26461
26462
26463
26480
26481
26482
26483
26484
26485
26486
26487
26504
26505
26506
26507
26508
26509
26510
26511
26528
26529
26530
26531
26532
26533
26534
26535
26552
26553
26554
26555
26556
26557
26558
26559
26576
26577
26578
26579
26580
26581
26582
26583
26600
26601
26602
26603
26604
26605
26606
26607
27014
27015
27032
27033
27034
27035
27036
27037
27038
27039
27056
27057
27058
27059
27060
27061
27062
27063
27080
27081
27082
27083
27084
27085
27086
27087
27104
27105
27106
27107
27108
27109
27110
27111
27128
27129
27130
27131
27132
27133
27134
27135
27152
27153
27154
27155
27156
27157
27158
27159
27176
27177
27178
27179
27180
27181
27182
27183
27200
27201
27202
27203
27204
27205
27206
27207
27224
27225
27226
27227
27228
27229
27230
27231
27248
27249
27250
27251
27252
27253
27254
27255
27272
27273
27274
27275
27276
27277
27278
27279
27296
27297
27298
27299
27300
27301
27302
27303
27320
27321
27322
27323
27324
27325
27326
27327
27344
27345
27346
27347
27348
27349
27350
27351
27368
27369
27370
27371
27372
27373
27374
27375
27824
27825
27826
27827
27828
27829
27830
27848
27849
27850
27851
27852
27853
27854
27872
27873
27874
27875
27876
27877
27878
27896
27897
27898
27899
27900
27901
27902
27920
27921
27922
27923
27924
27925
27926
27944
27945
27946
27947
27948
27949
27950
27968
27969
27970
27971
27972
27973
27974
27992
27993
27994
27995
27996
27997
27998
28016
28017
28018
28019
28020
28021
28022
28040
28041
28042
28043
28044
28045
28046
28064
28065
28066
28067
28068
28069
28070
28088
28089
28090
28091
28092
28093
28094
28112
28113
28114
28115
28116
28117
28118
28136
28137
28138
28139
28140
28141
28142
66931
66932
66933
66934
66935
66936
66937
66938
66939
66940
66941
66942
66943
66944
66945
66946
66947
66948
66949
66950
66951
66952
66953
66954
66955
66956
66957
66958
66959
66960
66961
66962
66963
66964
66965
66966
66967
66968
66969
66970
66971
66972
66973
66974
66975
66976
66977
66978
66979
66980
66981
66982
66983
66984
66985
66986
66987
66988
66989
66990
66991
66992
66993
66994
66995
66996
66997
66998
66999
67000
67001
67002
67003
67004
67005
67006
67007
67008
67009
67010
67011
67012
67013
67014
67015
67016
67017
67018
67019
67020
67021
67022
67023
67024
67025
67026
67027
67028
67029
67030
67031
67032
67033
67034
67035
67036
67037
67038
67039
67040
67041
67042
67043
67044
67045
67046
67047
67048
67049
67050
67051
67052
67053
67054
67055
67056
67057
67058
67059
67060
67061
67062
67063
67064
67065
67066
67067
67068
67069
67070
67071
67072
67073
67074
67075
67076
67077
67078
67079
67080
67081
67082
67083
67084
67085
67086
67087
67088
67089
67090
67091
67092
67093
67094
67095
67096
67097
67098
67099
67100
67101
67102
67103
67104
67105
67106
67107
67108
67109
67110
67111
67112
67113
67114
67115
67116
67117
67118
67119
67120
67121
67122
67123
67124
67125
67126
67127
67128
67129
67130
67131
67132
67133
67134
67135
67136
67137
67138
67139
67140
67141
67142
67143
67144
67145
67146
67147
67148
67149
67150
67151
67152
67153
67154
67155
67156
67157
67158
67159
67160
67161
67162
67163
67164
67165
67166
67167
67168
67169
67170
67171
67172
67173
67174
67175
67176
67177
67178
67179
67180
67181
67182
67183
67184
67185
67186
67187
67188
67189
67190
67191
67192
67193
67194
67195
67196
67197
67198
67199
67571
67572
67573
67574
67575
67576
67577
67578
67579
67580
67581
67582
67583
67584
67585
67586
67587
67588
67589
67590
67591
67592
67593
67594
67595
67596
67597
67598
67599
67600
67601
67602
67603
67604
67605
67606
67607
67608
67609
67610
67611
67612
67613
67614
67615
67616
67617
67618
67619
67620
67621
67622
67623
67624
67625
67626
67627
67628
67629
67630
67631
67632
67633
67634
67635
67636
67637
67638
67639
67640
67641
67642
67643
67644
67645
67646
67647
67648
67649
67650
67651
67652
67653
67654
67655
67656
67657
67658
67659
67660
67661
67662
67663
67664
67665
67666
67667
67668
67669
67670
67671
67672
67673
67674
67675
67676
67677
67678
67679
67680
67681
67682
67683
67684
67685
67686
67687
67688
67689
67690
67691
67692
67693
67694
67695
67696
67697
67698
67699
67700
67701
67702
67703
67704
67705
67706
67707
67708
67709
67710
67711
67712
67713
67714
67715
67716
67717
67718
67719
67720
67721
67722
67723
67724
67725
67726
67727
67728
67729
67730
67731
67732
67733
67734
67735
67736
67737
67738
67739
67740
67741
67742
67743
67744
67745
67746
67747
67748
67749
67750
67751
67752
67753
67754
67755
67756
67757
67758
67759
67760
67761
67762
67763
67764
67765
67766
67767
67768
67769
67770
67771
67772
67773
67774
67775
67776
67777
67778
67779
67780
67781
67782
67783
67784
67785
67786
67787
67788
67789
67790
67791
67792
67793
67794
67795
67796
67797
67798
67799
67800
67801
67802
67803
67804
67805
67806
67807
67808
67809
67810
67811
67812
67813
67814
67815
67816
67817
67818
67819
67820
67821
67822
67823
67824
67825
67826
67827
67828
67829
67830
67831
67832
67833
67834
67835
67836
67837
67838
67839
68211
68212
68213
68214
68215
68216
68217
68218
68219
68220
68221
68222
68223
68224
68225
68226
68227
68228
68229
68230
68231
68232
68233
68234
68235
68236
68237
68238
68239
68240
68241
68242
68243
68244
68245
68246
68247
68248
68249
68250
68251
68252
68253
68254
68255
68256
68257
68258
68259
68260
68261
68262
68263
68264
68265
68266
68267
68268
68269
68270
68271
68272
68273
68274
68275
68276
68277
68278
68279
68280
68281
68282
68283
68284
68285
68286
68287
68288
68289
68290
68291
68292
68293
68294
68295
68296
68297
68298
68299
68300
68301
68302
68303
68304
68305
68306
68307
68308
68309
68310
68311
68312
68313
68314
68315
68316
68317
68318
68319
68320
68321
68322
68323
68324
68325
68326
68327
68328
68329
68330
68331
68332
68333
68334
68335
68336
68337
68338
68339
68340
68341
68342
68343
68344
68345
68346
68347
68348
68349
68350
68351
68352
68353
68354
68355
68356
68357
68358
68359
68360
68361
68362
68363
68364
68365
68366
68367
68368
68369
68370
68371
68372
68373
68374
68375
68376
68377
68378
68379
68380
68381
68382
68383
68384
68385
68386
68387
68388
68389
68390
68391
68392
68393
68394
68395
68396
68397
68398
68399
68400
68401
68402
68403
68404
68405
68406
68407
68408
68409
68410
68411
68412
68413
68414
68415
68416
68417
68418
68419
68420
68421
68422
68423
68424
68425
68426
68427
68428
68429
68430
68431
68432
68433
68434
68435
68436
68437
68438
68439
68440
68441
68442
68443
68444
68445
68446
68447
68448
68449
68450
68451
68452
68453
68454
68455
68456
68457
68458
68459
68460
68461
68462
68463
68464
68465
68466
68467
68468
68469
68470
68471
68472
68473
68474
68475
68476
68477
68478
68479
68851
68852
68853
68854
68855
68856
68857
68858
68859
68860
68861
68862
68863
68864
68865
68866
68867
68868
68869
68870
68871
68872
68873
68874
68875
68876
68877
68878
68879
68880
68881
68882
68883
68884
68885
68886
68887
68888
68889
68890
68891
68892
68893
68894
68895
68896
68897
68898
68899
68900
68901
68902
68903
68904
68905
68906
68907
68908
68909
68910
68911
68912
68913
68914
68915
68916
68917
68918
68919
68920
68921
68922
68923
68924
68925
68926
68927
68928
68929
68930
68931
68932
68933
68934
68935
68936
68937
68938
68939
68940
68941
68942
68943
68944
68945
68946
68947
68948
68949
68950
68951
68952
68953
68954
68955
68956
68957
68958
68959
68960
68961
68962
68963
68964
68965
68966
68967
68968
68969
68970
68971
68972
68973
68974
68975
68976
68977
68978
68979
68980
68981
68982
68983
68984
68985
68986
68987
68988
68989
68990
68991
68992
68993
68994
68995
68996
68997
68998
68999
69000
69001
69002
69003
69004
69005
69006
69007
69008
69009
69010
69011
69012
69013
69014
69015
69016
69017
69018
69019
69020
69021
69022
69023
69024
69025
69026
69027
69028
69029
69030
69031
69032
69033
69034
69035
69036
69037
69038
69039
69040
69041
69042
69043
69044
69045
69046
69047
69048
69049
69050
69051
69052
69053
69054
69055
69056
69057
69058
69059
69060
69061
69062
69063
69064
69065
69066
69067
69068
69069
69070
69071
69072
69073
69074
69075
69076
69077
69078
69079
69080
69081
69082
69083
69084
69085
69086
69087
69088
69089
69090
69091
69092
69093
69094
69095
69096
69097
69098
69099
69100
69101
69102
69103
69104
69105
69106
69107
69108
69109
69110
69111
69112
69113
69114
69115
69116
69117
69118
69119
69491
69492
69493
69494
69495
69496
69497
69498
69499
69500
69501
69502
69503
69504
69505
69506
69507
69508
69509
69510
69511
69512
69513
69514
69515
69516
69517
69518
69519
69520
69521
69522
69523
69524
69525
69526
69527
69528
69529
69530
69531
69532
69533
69534
69535
69536
69537
69538
69539
69540
69541
69542
69543
69544
69545
69546
69547
69548
69549
69550
69551
69552
69553
69554
69555
69556
69557
69558
69559
69560
69561
69562
69563
69564
69565
69566
69567
69568
69569
69570
69571
69572
69573
69574
69575
69576
69577
69578
69579
69580
69581
69582
69583
69584
69585
69586
69587
69588
69589
69590
69591
69592
69593
69594
69595
69596
69597
69598
69599
69600
69601
69602
69603
69604
69605
69606
69607
69608
69609
69610
69611
69612
69613
69614
69615
69616
69617
69618
69619
69620
69621
69622
69623
69624
69625
69626
69627
69628
69629
69630
69631
69632
69633
69634
69635
69636
69637
69638
69639
69640
69641
69642
69643
69644
69645
69646
69647
69648
69649
69650
69651
69652
69653
69654
69655
69656
69657
69658
69659
69660
69661
69662
69663
69664
69665
69666
69667
69668
69669
69670
69671
69672
69673
69674
69675
69676
69677
69678
69679
69680
69681
69682
69683
69684
69685
69686
69687
69688
69689
69690
69691
69692
69693
69694
69695
69696
69697
69698
69699
69700
69701
69702
69703
69704
69705
69706
69707
69708
69709
69710
69711
69712
69713
69714
69715
69716
69717
69718
69719
69720
69721
69722
69723
69724
69725
69726
69727
69728
69729
69730
69731
69732
69733
69734
69735
69736
69737
69738
69739
69740
69741
69742
69743
69744
69745
69746
69747
69748
69749
69750
69751
69752
69753
69754
69755
69756
69757
69758
69759
70131
70132
70133
70134
70135
70136
70137
70138
70139
70140
70141
70142
70143
70144
70145
70146
70147
70148
70149
70150
70151
70152
70153
70154
70155
70156
70157
70158
70159
70160
70161
70162
70163
70164
70165
70166
70167
70168
70169
70170
70171
70172
70173
70174
70175
70176
70177
70178
70179
70180
70181
70182
70183
70184
70185
70186
70187
70188
70189
70190
70191
70192
70193
70194
70195
70196
70197
70198
70199
70200
70201
70202
70203
70204
70205
70206
70207
70208
70209
70210
70211
70212
70213
70214
70215
70216
70217
70218
70219
70220
70221
70222
70223
70224
70225
70226
70227
70228
70229
70230
70231
70232
70233
70234
70235
70236
70237
70238
70239
70240
70241
70242
70243
70244
70245
70246
70247
70248
70249
70250
70251
70252
70253
70254
70255
70256
70257
70258
70259
70260
70261
70262
70263
70264
70265
70266
70267
70268
70269
70270
70271
70272
70273
70274
70275
70276
70277
70278
70279
70280
70281
70282
70283
70284
70285
70286
70287
70288
70289
70290
70291
70292
70293
70294
70295
70296
70297
70298
70299
70300
70301
70302
70303
70304
70305
70306
70307
70308
70309
70310
70311
70312
70313
70314
70315
70316
70317
70318
70319
70320
70321
70322
70323
70324
70325
70326
70327
70328
70329
70330
70331
70332
70333
70334
70335
70336
70337
70338
70339
70340
70341
70342
70343
70344
70345
70346
70347
70348
70349
70350
70351
70352
70353
70354
70355
70356
70357
70358
70359
70360
70361
70362
70363
70364
70365
70366
70367
70368
70369
70370
70371
70372
70373
70374
70375
70376
70377
70378
70379
70380
70381
70382
70383
70384
70385
70386
70387
70388
70389
70390
70391
70392
70393
70394
70395
70396
70397
70398
70399
70832
70833
70834
70835
70836
70837
70838
70856
70857
70858
70859
70860
70861
70862
70880
70881
70882
70883
70884
70885
70886
70904
70905
70906
70907
70908
70909
70910
70928
70929
70930
70931
70932
70933
70934
70952
70953
70954
70955
70956
70957
70958
70976
70977
70978
70979
70980
70981
70982
71000
71001
71002
71003
71004
71005
71006
71024
71025
71026
71027
71028
71029
71030
71048
71049
71050
71051
71052
71053
71054
71072
71073
71074
71075
71076
71077
71078
71096
71097
71098
71099
71100
71101
71102
71120
71121
71122
71123
71124
71125
71126
71144
71145
71146
71147
71148
71149
71150
71600
71601
71602
71603
71604
71605
71606
71624
71625
71626
71627
71628
71629
71630
71648
71649
71650
71651
71652
71653
71654
71672
71673
71674
71675
71676
71677
71678
71696
71697
71698
71699
71700
71701
71702
71720
71721
71722
71723
71724
71725
71726
71744
71745
71746
71747
71748
71749
71750
71768
71769
71770
71771
71772
71773
71774
71792
71793
71794
71795
71796
71797
71798
71816
71817
71818
71819
71820
71821
71822
71840
71841
71842
71843
71844
71845
71846
71864
71865
71866
71867
71868
71869
71870
71888
71889
71890
71891
71892
71893
71894
71912
71913
71914
71915
71916
71917
71918
72368
72369
72370
72371
72372
72373
72374
72392
72393
72394
72395
72396
72397
72398
72416
72417
72418
72419
72420
72421
72422
72440
72441
72442
72443
72444
72445
72446
72464
72465
72466
72467
72468
72469
72470
72488
72489
72490
72491
72492
72493
72494
72512
72513
72514
72515
72516
72517
72518
72536
72537
72538
72539
72540
72541
72542
72560
72561
72562
72563
72564
72565
72566
72584
72585
72586
72587
72588
72589
72590
72608
72609
72610
72611
72612
72613
72614
72632
72633
72634
72635
72636
72637
72638
72656
72657
72658
72659
72660
72661
72662
72680
72681
72682
72683
72684
72685
72686
73136
73137
73138
73139
73140
73141
73142
73160
73161
73162
73163
73164
73165
73166
73184
73185
73186
73187
73188
73189
73190
73208
73209
73210
73211
73212
73213
73214
73232
73233
73234
73235
73236
73237
73238
73256
73257
73258
73259
73260
73261
73262
73280
73281
73282
73283
73284
73285
73286
73304
73305
73306
73307
73308
73309
73310
73328
73329
73330
73331
73332
73333
73334
73352
73353
73354
73355
73356
73357
73358
73376
73377
73378
73379
73380
73381
73382
73400
73401
73402
73403
73404
73405
73406
73424
73425
73426
73427
73428
73429
73430
73448
73449
73450
73451
73452
73453
73454
73904
73905
73906
73907
73908
73909
73910
73928
73929
73930
73931
73932
73933
73934
73952
73953
73954
73955
73956
73957
73958
73976
73977
73978
73979
73980
73981
73982
74000
74001
74002
74003
74004
74005
74006
74024
74025
74026
74027
74028
74029
74030
74048
74049
74050
74051
74052
74053
74054
74072
74073
74074
74075
74076
74077
74078
74096
74097
74098
74099
74100
74101
74102
74120
74121
74122
74123
74124
74125
74126
74144
74145
74146
74147
74148
74149
74150
74168
74169
74170
74171
74172
74173
74174
74192
74193
74194
74195
74196
74197
74198
74216
74217
74218
74219
74220
74221
74222
74672
74673
74674
74675
74676
74677
74678
74696
74697
74698
74699
74700
74701
74702
74720
74721
74722
74723
74724
74725
74726
74744
74745
74746
74747
74748
74749
74750
74768
74769
74770
74771
74772
74773
74774
74792
74793
74794
74795
74796
74797
74798
74816
74817
74818
74819
74820
74821
74822
74840
74841
74842
74843
74844
74845
74846
74864
74865
74866
74867
74868
74869
74870
74888
74889
74890
74891
74892
74893
74894
74912
74913
74914
74915
74916
74917
74918
74936
74937
74938
74939
74940
74941
74942
74960
74961
74962
74963
74964
74965
74966
74984
74985
74986
74987
74988
74989
74990
)


// ************************************************************************* //
