/*--------------------------------*- C++ -*----------------------------------*\
| =========                 |                                                 |
| \\      /  F ield         | OpenFOAM: The Open Source CFD Toolbox           |
|  \\    /   O peration     | Version:  2406                                  |
|   \\  /    A nd           | Website:  www.openfoam.com                      |
|    \\/     M anipulation  |                                                 |
\*---------------------------------------------------------------------------*/
FoamFile
{
    version     2.0;
    format      ascii;
    arch        "LSB;label=32;scalar=64";
    note        "nPoints:6441  nCells:5354  nFaces:17088  nInternalFaces:15036";
    class       labelList;
    location    "constant/polyMesh";
    object      neighbour;
}
// * * * * * * * * * * * * * * * * * * * * * * * * * * * * * * * * * * * * * //


15036
(
1
20
1940
2
25
1946
3
30
1952
4
35
1958
5
40
1964
6
45
1970
7
50
1976
8
55
1982
9
60
1988
10
65
1994
11
70
2000
12
75
2006
13
80
2012
14
85
2018
15
90
2024
95
2030
17
21
96
18
22
97
19
23
98
20
24
99
25
100
2036
22
26
101
23
27
102
24
28
103
25
29
104
30
105
2044
27
31
106
28
32
107
29
33
108
30
34
109
35
110
2052
32
36
111
33
37
112
34
38
113
35
39
114
40
115
2060
37
41
116
38
42
117
39
43
118
40
44
119
45
120
2068
42
46
121
43
47
122
44
48
123
45
49
124
50
125
2076
47
51
126
48
52
127
49
53
128
50
54
129
55
130
2084
52
56
131
53
57
132
54
58
133
55
59
134
60
135
2092
57
61
136
58
62
137
59
63
138
60
64
139
65
140
2100
62
66
141
63
67
142
64
68
143
65
69
144
70
145
2108
67
71
146
68
72
147
69
73
148
70
74
149
75
150
2116
72
76
151
73
77
152
74
78
153
75
79
154
80
155
2124
77
81
156
78
82
157
79
83
158
80
84
159
85
160
2132
82
86
161
83
87
162
84
88
163
85
89
164
90
165
2140
87
91
166
88
92
167
89
93
168
90
94
169
95
170
2148
92
171
93
172
94
173
95
174
175
2156
97
101
176
98
102
177
99
103
178
100
104
179
105
180
2164
102
106
181
103
107
182
104
108
183
105
109
184
110
185
2172
107
111
188
108
112
189
109
113
190
110
114
191
115
192
2180
112
116
195
113
117
196
114
118
197
115
119
198
120
199
2188
117
121
202
118
122
203
119
123
204
120
124
205
125
206
2196
122
126
209
123
127
210
124
128
211
125
129
212
130
213
2204
127
131
216
128
132
217
129
133
218
130
134
219
135
220
2212
132
136
223
133
137
224
134
138
225
135
139
226
140
227
2220
137
141
230
138
142
231
139
143
232
140
144
233
145
234
2228
142
146
237
143
147
238
144
148
239
145
149
240
150
241
2236
147
151
244
148
152
245
149
153
246
150
154
247
155
248
2244
152
156
251
153
157
252
154
158
253
155
159
254
160
255
2252
157
161
258
158
162
259
159
163
260
160
164
261
165
262
2260
162
166
265
163
167
266
164
168
267
165
169
268
170
269
2268
167
171
272
168
172
273
169
173
274
170
174
275
175
276
2276
172
279
173
280
174
281
175
282
283
2284
177
181
284
178
182
285
179
183
286
180
184
287
185
288
2292
182
188
289
183
189
290
184
190
291
185
191
292
192
293
2300
187
193
296
188
194
297
189
195
298
190
196
299
191
197
300
192
198
301
199
302
2308
194
200
316
195
201
317
196
202
318
197
203
319
198
204
320
199
205
321
206
322
2316
201
207
336
202
208
337
203
209
338
204
210
339
205
211
340
206
212
341
213
342
2324
208
214
356
209
215
357
210
216
358
211
217
359
212
218
360
213
219
361
220
362
2332
215
221
376
216
222
377
217
223
378
218
224
379
219
225
380
220
226
381
227
382
2340
222
228
396
223
229
397
224
230
398
225
231
399
226
232
400
227
233
401
234
402
2348
229
235
416
230
236
417
231
237
418
232
238
419
233
239
420
234
240
421
241
422
2356
236
242
436
237
243
437
238
244
438
239
245
439
240
246
440
241
247
441
248
442
2364
243
249
456
244
250
457
245
251
458
246
252
459
247
253
460
248
254
461
255
462
2372
250
256
476
251
257
477
252
258
478
253
259
479
254
260
480
255
261
481
262
482
2380
257
263
496
258
264
497
259
265
498
260
266
499
261
267
500
262
268
501
269
502
2388
264
270
516
265
271
517
266
272
518
267
273
519
268
274
520
269
275
521
276
522
2396
271
277
536
272
278
537
273
279
538
274
280
539
275
281
540
276
282
541
283
542
2404
278
556
279
557
280
558
281
559
282
560
283
561
562
2412
285
289
563
286
290
564
287
291
565
288
292
566
293
567
2420
290
298
568
291
299
569
292
300
570
293
301
571
302
572
2428
295
314
573
296
315
574
297
316
575
298
317
576
299
318
577
300
319
578
301
320
579
302
321
580
322
581
2436
304
323
582
305
324
583
306
325
584
307
326
585
308
327
586
309
328
587
310
329
588
311
330
589
312
331
590
313
332
591
314
333
592
315
334
593
316
335
594
317
336
595
318
337
596
319
338
597
320
339
598
321
340
599
322
341
600
342
601
2444
324
343
602
325
344
603
326
345
604
327
346
605
328
347
606
329
348
607
330
349
608
331
350
609
332
351
610
333
352
611
334
353
612
335
354
613
336
355
614
337
356
615
338
357
616
339
358
617
340
359
618
341
360
619
342
361
620
362
621
2452
344
363
622
345
364
623
346
365
624
347
366
625
348
367
626
349
368
627
350
369
628
351
370
629
352
371
630
353
372
631
354
373
632
355
374
633
356
375
634
357
376
635
358
377
636
359
378
637
360
379
638
361
380
639
362
381
640
382
641
2460
364
383
642
365
384
643
366
385
644
367
386
645
368
387
646
369
388
647
370
389
648
371
390
649
372
391
650
373
392
651
374
393
652
375
394
653
376
395
654
377
396
655
378
397
656
379
398
657
380
399
658
381
400
659
382
401
660
402
661
2468
384
403
662
385
404
663
386
405
664
387
406
665
388
407
666
389
408
667
390
409
668
391
410
669
392
411
670
393
412
671
394
413
672
395
414
673
396
415
674
397
416
675
398
417
676
399
418
677
400
419
678
401
420
679
402
421
680
422
681
2476
404
423
682
405
424
683
406
425
684
407
426
685
408
427
686
409
428
687
410
429
688
411
430
689
412
431
690
413
432
691
414
433
692
415
434
693
416
435
694
417
436
695
418
437
696
419
438
697
420
439
698
421
440
699
422
441
700
442
701
2484
424
443
702
425
444
703
426
445
704
427
446
705
428
447
706
429
448
707
430
449
708
431
450
709
432
451
710
433
452
711
434
453
712
435
454
713
436
455
714
437
456
715
438
457
716
439
458
717
440
459
718
441
460
719
442
461
720
462
721
2492
444
463
722
445
464
723
446
465
724
447
466
725
448
467
726
449
468
727
450
469
728
451
470
729
452
471
730
453
472
731
454
473
732
455
474
733
456
475
734
457
476
735
458
477
736
459
478
737
460
479
738
461
480
739
462
481
740
482
741
2500
464
483
742
465
484
743
466
485
744
467
486
745
468
487
746
469
488
747
470
489
748
471
490
749
472
491
750
473
492
751
474
493
752
475
494
753
476
495
754
477
496
755
478
497
756
479
498
757
480
499
758
481
500
759
482
501
760
502
761
2508
484
503
762
485
504
763
486
505
764
487
506
765
488
507
766
489
508
767
490
509
768
491
510
769
492
511
770
493
512
771
494
513
772
495
514
773
496
515
774
497
516
775
498
517
776
499
518
777
500
519
778
501
520
779
502
521
780
522
781
2516
504
523
782
505
524
783
506
525
784
507
526
785
508
527
786
509
528
787
510
529
788
511
530
789
512
531
790
513
532
791
514
533
792
515
534
793
516
535
794
517
536
795
518
537
796
519
538
797
520
539
798
521
540
799
522
541
800
542
801
2524
524
543
802
525
544
803
526
545
804
527
546
805
528
547
806
529
548
807
530
549
808
531
550
809
532
551
810
533
552
811
534
553
812
535
554
813
536
555
814
537
556
815
538
557
816
539
558
817
540
559
818
541
560
819
542
561
820
562
821
2532
544
822
545
823
546
824
547
825
548
826
549
827
550
828
551
829
552
830
553
831
554
832
555
833
556
834
557
835
558
836
559
837
560
838
561
839
562
840
841
2540
564
568
842
565
569
843
566
570
844
567
571
845
572
846
2548
569
577
847
570
578
848
571
579
849
572
580
850
581
851
2556
574
593
852
575
594
853
576
595
854
577
596
855
578
597
856
579
598
857
580
599
858
581
600
859
601
860
2564
583
602
861
584
603
862
585
604
863
586
605
864
587
606
865
588
607
866
589
608
867
590
609
868
591
610
869
592
611
870
593
612
871
594
613
872
595
614
873
596
615
874
597
616
875
598
617
876
599
618
877
600
619
878
601
620
879
621
880
2572
603
622
881
604
623
882
605
624
883
606
625
884
607
626
885
608
627
886
609
628
887
610
629
888
611
630
889
612
631
890
613
632
891
614
633
892
615
634
893
616
635
894
617
636
895
618
637
896
619
638
897
620
639
898
621
640
899
641
900
2580
623
642
901
624
643
902
625
644
903
626
645
904
627
646
905
628
647
906
629
648
907
630
649
908
631
650
909
632
651
910
633
652
911
634
653
912
635
654
913
636
655
914
637
656
915
638
657
916
639
658
917
640
659
918
641
660
919
661
920
2588
643
662
921
644
663
922
645
664
923
646
665
924
647
666
925
648
667
926
649
668
927
650
669
928
651
670
929
652
671
930
653
672
931
654
673
932
655
674
933
656
675
934
657
676
935
658
677
936
659
678
937
660
679
938
661
680
939
681
940
2596
663
682
941
664
683
942
665
684
943
666
685
944
667
686
945
668
687
946
669
688
947
670
689
948
671
690
949
672
691
950
673
692
951
674
693
952
675
694
953
676
695
954
677
696
955
678
697
956
679
698
957
680
699
958
681
700
959
701
960
2604
683
702
961
684
703
962
685
704
963
686
705
964
687
706
965
688
707
966
689
708
967
690
709
968
691
710
969
692
711
970
693
712
971
694
713
972
695
714
973
696
715
974
697
716
975
698
717
976
699
718
977
700
719
978
701
720
979
721
980
2612
703
722
981
704
723
982
705
724
983
706
725
984
707
726
985
708
727
986
709
728
987
710
729
988
711
730
989
712
731
990
713
732
991
714
733
992
715
734
993
716
735
994
717
736
995
718
737
996
719
738
997
720
739
998
721
740
999
741
1000
2620
723
742
1001
724
743
1002
725
744
1003
726
745
1004
727
746
1005
728
747
1006
729
748
1007
730
749
1008
731
750
1009
732
751
1010
733
752
1011
734
753
1012
735
754
1013
736
755
1014
737
756
1015
738
757
1016
739
758
1017
740
759
1018
741
760
1019
761
1020
2628
743
762
1021
744
763
1022
745
764
1023
746
765
1024
747
766
1025
748
767
1026
749
768
1027
750
769
1028
751
770
1029
752
771
1030
753
772
1031
754
773
1032
755
774
1033
756
775
1034
757
776
1035
758
777
1036
759
778
1037
760
779
1038
761
780
1039
781
1040
2636
763
782
1041
764
783
1042
765
784
1043
766
785
1044
767
786
1045
768
787
1046
769
788
1047
770
789
1048
771
790
1049
772
791
1050
773
792
1051
774
793
1052
775
794
1053
776
795
1054
777
796
1055
778
797
1056
779
798
1057
780
799
1058
781
800
1059
801
1060
2644
783
802
1061
784
803
1062
785
804
1063
786
805
1064
787
806
1065
788
807
1066
789
808
1067
790
809
1068
791
810
1069
792
811
1070
793
812
1071
794
813
1072
795
814
1073
796
815
1074
797
816
1075
798
817
1076
799
818
1077
800
819
1078
801
820
1079
821
1080
2652
803
822
1081
804
823
1082
805
824
1083
806
825
1084
807
826
1085
808
827
1086
809
828
1087
810
829
1088
811
830
1089
812
831
1090
813
832
1091
814
833
1092
815
834
1093
816
835
1094
817
836
1095
818
837
1096
819
838
1097
820
839
1098
821
840
1099
841
1100
2660
823
1101
824
1102
825
1103
826
1104
827
1105
828
1106
829
1107
830
1108
831
1109
832
1110
833
1111
834
1112
835
1113
836
1114
837
1115
838
1116
839
1117
840
1118
841
1119
1120
2668
843
847
844
848
845
849
846
850
1121
851
1122
2676
848
856
1123
849
857
1124
850
858
1125
851
859
1126
860
1127
2684
853
872
1128
854
873
1129
855
874
1130
856
875
1131
857
876
1132
858
877
1133
859
878
1134
860
879
1135
880
1136
2692
862
881
1137
863
882
1138
864
883
1139
865
884
1140
866
885
1141
867
886
1142
868
887
1143
869
888
1144
870
889
1145
871
890
1146
872
891
1147
873
892
1148
874
893
1149
875
894
1150
876
895
1151
877
896
1152
878
897
1153
879
898
1154
880
899
1155
900
1156
2700
882
901
1157
883
902
1158
884
903
1159
885
904
1160
886
905
1161
887
906
1162
888
907
1163
889
908
1164
890
909
1165
891
910
1166
892
911
1167
893
912
1168
894
913
1169
895
914
1170
896
915
1171
897
916
1172
898
917
1173
899
918
1174
900
919
1175
920
1176
2708
902
921
1177
903
922
1178
904
923
1179
905
924
1180
906
925
1181
907
926
1182
908
927
1183
909
928
1184
910
929
1185
911
930
1186
912
931
1187
913
932
1188
914
933
1189
915
934
1190
916
935
1191
917
936
1192
918
937
1193
919
938
1194
920
939
1195
940
1196
2716
922
941
1197
923
942
1198
924
943
1199
925
944
1200
926
945
1201
927
946
1202
928
947
1203
929
948
1204
930
949
1205
931
950
1206
932
951
1207
933
952
1208
934
953
1209
935
954
1210
936
955
1211
937
956
1212
938
957
1213
939
958
1214
940
959
1215
960
1216
2724
942
961
1217
943
962
1218
944
963
1219
945
964
1220
946
965
1221
947
966
1222
948
967
1223
949
968
1224
950
969
1225
951
970
1226
952
971
1227
953
972
1228
954
973
1229
955
974
1230
956
975
1231
957
976
1232
958
977
1233
959
978
1234
960
979
1235
980
1236
2732
962
981
1237
963
982
1238
964
983
1239
965
984
1240
966
985
1241
967
986
1242
968
987
1243
969
988
1244
970
989
1245
971
990
1246
972
991
1247
973
992
1248
974
993
1249
975
994
1250
976
995
1251
977
996
1252
978
997
1253
979
998
1254
980
999
1255
1000
1256
2740
982
1001
1257
983
1002
1258
984
1003
1259
985
1004
1260
986
1005
1261
987
1006
1262
988
1007
1263
989
1008
1264
990
1009
1265
991
1010
1266
992
1011
1267
993
1012
1268
994
1013
1269
995
1014
1270
996
1015
1271
997
1016
1272
998
1017
1273
999
1018
1274
1000
1019
1275
1020
1276
2748
1002
1021
1277
1003
1022
1278
1004
1023
1279
1005
1024
1280
1006
1025
1281
1007
1026
1282
1008
1027
1283
1009
1028
1284
1010
1029
1285
1011
1030
1286
1012
1031
1287
1013
1032
1288
1014
1033
1289
1015
1034
1290
1016
1035
1291
1017
1036
1292
1018
1037
1293
1019
1038
1294
1020
1039
1295
1040
1296
2756
1022
1041
1297
1023
1042
1298
1024
1043
1299
1025
1044
1300
1026
1045
1301
1027
1046
1302
1028
1047
1303
1029
1048
1304
1030
1049
1305
1031
1050
1306
1032
1051
1307
1033
1052
1308
1034
1053
1309
1035
1054
1310
1036
1055
1311
1037
1056
1312
1038
1057
1313
1039
1058
1314
1040
1059
1315
1060
1316
2764
1042
1061
1317
1043
1062
1318
1044
1063
1319
1045
1064
1320
1046
1065
1321
1047
1066
1322
1048
1067
1323
1049
1068
1324
1050
1069
1325
1051
1070
1326
1052
1071
1327
1053
1072
1328
1054
1073
1329
1055
1074
1330
1056
1075
1331
1057
1076
1332
1058
1077
1333
1059
1078
1334
1060
1079
1335
1080
1336
2772
1062
1081
1337
1063
1082
1338
1064
1083
1339
1065
1084
1340
1066
1085
1341
1067
1086
1342
1068
1087
1343
1069
1088
1344
1070
1089
1345
1071
1090
1346
1072
1091
1347
1073
1092
1348
1074
1093
1349
1075
1094
1350
1076
1095
1351
1077
1096
1352
1078
1097
1353
1079
1098
1354
1080
1099
1355
1100
1356
2780
1082
1101
1357
1083
1102
1358
1084
1103
1359
1085
1104
1360
1086
1105
1361
1087
1106
1362
1088
1107
1363
1089
1108
1364
1090
1109
1365
1091
1110
1366
1092
1111
1367
1093
1112
1368
1094
1113
1369
1095
1114
1370
1096
1115
1371
1097
1116
1372
1098
1117
1373
1099
1118
1374
1100
1119
1375
1120
1376
2788
1102
1377
1103
1378
1104
1379
1105
1380
1106
1381
1107
1382
1108
1383
1109
1384
1110
1385
1111
1386
1112
1387
1113
1388
1114
1389
1115
1390
1116
1391
1117
1392
1118
1393
1119
1394
1120
1395
1396
2796
1122
1126
1127
2804
1124
1132
1397
1125
1133
1398
1126
1134
1399
1127
1135
1400
1136
1401
2812
1129
1148
1402
1130
1149
1403
1131
1150
1404
1132
1151
1405
1133
1152
1406
1134
1153
1407
1135
1154
1408
1136
1155
1409
1156
1410
2820
1138
1157
1411
1139
1158
1412
1140
1159
1413
1141
1160
1414
1142
1161
1415
1143
1162
1416
1144
1163
1417
1145
1164
1418
1146
1165
1419
1147
1166
1420
1148
1167
1421
1149
1168
1422
1150
1169
1423
1151
1170
1424
1152
1171
1425
1153
1172
1426
1154
1173
1427
1155
1174
1428
1156
1175
1429
1176
1430
2828
1158
1177
1431
1159
1178
1432
1160
1179
1433
1161
1180
1434
1162
1181
1435
1163
1182
1436
1164
1183
1437
1165
1184
1438
1166
1185
1439
1167
1186
1440
1168
1187
1441
1169
1188
1442
1170
1189
1443
1171
1190
1444
1172
1191
1445
1173
1192
1446
1174
1193
1447
1175
1194
1448
1176
1195
1449
1196
1450
2836
1178
1197
1451
1179
1198
1452
1180
1199
1453
1181
1200
1454
1182
1201
1455
1183
1202
1456
1184
1203
1457
1185
1204
1458
1186
1205
1459
1187
1206
1460
1188
1207
1461
1189
1208
1462
1190
1209
1463
1191
1210
1464
1192
1211
1465
1193
1212
1466
1194
1213
1467
1195
1214
1468
1196
1215
1469
1216
1470
2844
1198
1217
1471
1199
1218
1472
1200
1219
1473
1201
1220
1474
1202
1221
1475
1203
1222
1476
1204
1223
1477
1205
1224
1478
1206
1225
1479
1207
1226
1480
1208
1227
1481
1209
1228
1482
1210
1229
1483
1211
1230
1484
1212
1231
1485
1213
1232
1486
1214
1233
1487
1215
1234
1488
1216
1235
1489
1236
1490
2852
1218
1237
1491
1219
1238
1492
1220
1239
1493
1221
1240
1494
1222
1241
1495
1223
1242
1496
1224
1243
1497
1225
1244
1498
1226
1245
1499
1227
1246
1500
1228
1247
1501
1229
1248
1502
1230
1249
1503
1231
1250
1504
1232
1251
1505
1233
1252
1506
1234
1253
1507
1235
1254
1508
1236
1255
1509
1256
1510
2860
1238
1257
1511
1239
1258
1512
1240
1259
1513
1241
1260
1514
1242
1261
1515
1243
1262
1516
1244
1263
1517
1245
1264
1518
1246
1265
1519
1247
1266
1520
1248
1267
1521
1249
1268
1522
1250
1269
1523
1251
1270
1524
1252
1271
1525
1253
1272
1526
1254
1273
1527
1255
1274
1528
1256
1275
1529
1276
1530
2868
1258
1277
1531
1259
1278
1532
1260
1279
1533
1261
1280
1534
1262
1281
1535
1263
1282
1536
1264
1283
1537
1265
1284
1538
1266
1285
1539
1267
1286
1540
1268
1287
1541
1269
1288
1542
1270
1289
1543
1271
1290
1544
1272
1291
1545
1273
1292
1546
1274
1293
1547
1275
1294
1548
1276
1295
1549
1296
1550
2876
1278
1297
1551
1279
1298
1552
1280
1299
1553
1281
1300
1554
1282
1301
1555
1283
1302
1556
1284
1303
1557
1285
1304
1558
1286
1305
1559
1287
1306
1560
1288
1307
1561
1289
1308
1562
1290
1309
1563
1291
1310
1564
1292
1311
1565
1293
1312
1566
1294
1313
1567
1295
1314
1568
1296
1315
1569
1316
1570
2884
1298
1317
1571
1299
1318
1572
1300
1319
1573
1301
1320
1574
1302
1321
1575
1303
1322
1576
1304
1323
1577
1305
1324
1578
1306
1325
1579
1307
1326
1580
1308
1327
1581
1309
1328
1582
1310
1329
1583
1311
1330
1584
1312
1331
1585
1313
1332
1586
1314
1333
1587
1315
1334
1588
1316
1335
1589
1336
1590
2892
1318
1337
1591
1319
1338
1592
1320
1339
1593
1321
1340
1594
1322
1341
1595
1323
1342
1596
1324
1343
1597
1325
1344
1598
1326
1345
1599
1327
1346
1600
1328
1347
1601
1329
1348
1602
1330
1349
1603
1331
1350
1604
1332
1351
1605
1333
1352
1606
1334
1353
1607
1335
1354
1608
1336
1355
1609
1356
1610
2900
1338
1357
1611
1339
1358
1612
1340
1359
1613
1341
1360
1614
1342
1361
1615
1343
1362
1616
1344
1363
1617
1345
1364
1618
1346
1365
1619
1347
1366
1620
1348
1367
1621
1349
1368
1622
1350
1369
1623
1351
1370
1624
1352
1371
1625
1353
1372
1626
1354
1373
1627
1355
1374
1628
1356
1375
1629
1376
1630
2908
1358
1377
1631
1359
1378
1632
1360
1379
1633
1361
1380
1634
1362
1381
1635
1363
1382
1636
1364
1383
1637
1365
1384
1638
1366
1385
1639
1367
1386
1640
1368
1387
1641
1369
1388
1642
1370
1389
1643
1371
1390
1644
1372
1391
1645
1373
1392
1646
1374
1393
1647
1375
1394
1648
1376
1395
1649
1396
1650
2916
1378
1651
1379
1652
1380
1653
1381
1654
1382
1655
1383
1656
1384
1657
1385
1658
1386
1659
1387
1660
1388
1661
1389
1662
1390
1663
1391
1664
1392
1665
1393
1666
1394
1667
1395
1668
1396
1669
1670
2924
1398
1406
1399
1407
1400
1408
1401
1409
1410
2934
1403
1422
1671
1404
1423
1672
1405
1424
1673
1406
1425
1674
1407
1426
1675
1408
1427
1676
1409
1428
1677
1410
1429
1678
1430
1679
2942
1412
1431
1680
1413
1432
1681
1414
1433
1682
1415
1434
1683
1416
1435
1684
1417
1436
1685
1418
1437
1686
1419
1438
1687
1420
1439
1688
1421
1440
1689
1422
1441
1690
1423
1442
1691
1424
1443
1692
1425
1444
1693
1426
1445
1694
1427
1446
1695
1428
1447
1696
1429
1448
1697
1430
1449
1698
1450
1699
2950
1432
1451
1700
1433
1452
1701
1434
1453
1702
1435
1454
1703
1436
1455
1704
1437
1456
1705
1438
1457
1706
1439
1458
1707
1440
1459
1708
1441
1460
1709
1442
1461
1710
1443
1462
1711
1444
1463
1712
1445
1464
1713
1446
1465
1714
1447
1466
1715
1448
1467
1716
1449
1468
1717
1450
1469
1718
1470
1719
2958
1452
1471
1720
1453
1472
1721
1454
1473
1722
1455
1474
1723
1456
1475
1724
1457
1476
1725
1458
1477
1726
1459
1478
1727
1460
1479
1728
1461
1480
1729
1462
1481
1730
1463
1482
1731
1464
1483
1732
1465
1484
1733
1466
1485
1734
1467
1486
1735
1468
1487
1736
1469
1488
1737
1470
1489
1738
1490
1739
2966
1472
1491
1740
1473
1492
1741
1474
1493
1742
1475
1494
1743
1476
1495
1744
1477
1496
1745
1478
1497
1746
1479
1498
1747
1480
1499
1748
1481
1500
1749
1482
1501
1750
1483
1502
1751
1484
1503
1752
1485
1504
1753
1486
1505
1754
1487
1506
1755
1488
1507
1756
1489
1508
1757
1490
1509
1758
1510
1759
2974
1492
1511
1760
1493
1512
1761
1494
1513
1762
1495
1514
1763
1496
1515
1764
1497
1516
1765
1498
1517
1766
1499
1518
1767
1500
1519
1768
1501
1520
1769
1502
1521
1770
1503
1522
1771
1504
1523
1772
1505
1524
1773
1506
1525
1774
1507
1526
1775
1508
1527
1776
1509
1528
1777
1510
1529
1778
1530
1779
2982
1512
1531
1780
1513
1532
1781
1514
1533
1782
1515
1534
1783
1516
1535
1784
1517
1536
1785
1518
1537
1786
1519
1538
1787
1520
1539
1788
1521
1540
1789
1522
1541
1790
1523
1542
1791
1524
1543
1792
1525
1544
1793
1526
1545
1794
1527
1546
1795
1528
1547
1796
1529
1548
1797
1530
1549
1798
1550
1799
2990
1532
1551
1800
1533
1552
1801
1534
1553
1802
1535
1554
1803
1536
1555
1804
1537
1556
1805
1538
1557
1806
1539
1558
1807
1540
1559
1808
1541
1560
1809
1542
1561
1810
1543
1562
1811
1544
1563
1812
1545
1564
1813
1546
1565
1814
1547
1566
1815
1548
1567
1816
1549
1568
1817
1550
1569
1818
1570
1819
2998
1552
1571
1820
1553
1572
1821
1554
1573
1822
1555
1574
1823
1556
1575
1824
1557
1576
1825
1558
1577
1826
1559
1578
1827
1560
1579
1828
1561
1580
1829
1562
1581
1830
1563
1582
1831
1564
1583
1832
1565
1584
1833
1566
1585
1834
1567
1586
1835
1568
1587
1836
1569
1588
1837
1570
1589
1838
1590
1839
3006
1572
1591
1840
1573
1592
1841
1574
1593
1842
1575
1594
1843
1576
1595
1844
1577
1596
1845
1578
1597
1846
1579
1598
1847
1580
1599
1848
1581
1600
1849
1582
1601
1850
1583
1602
1851
1584
1603
1852
1585
1604
1853
1586
1605
1854
1587
1606
1855
1588
1607
1856
1589
1608
1857
1590
1609
1858
1610
1859
3014
1592
1611
1860
1593
1612
1861
1594
1613
1862
1595
1614
1863
1596
1615
1864
1597
1616
1865
1598
1617
1866
1599
1618
1867
1600
1619
1868
1601
1620
1869
1602
1621
1870
1603
1622
1871
1604
1623
1872
1605
1624
1873
1606
1625
1874
1607
1626
1875
1608
1627
1876
1609
1628
1877
1610
1629
1878
1630
1879
3022
1612
1631
1880
1613
1632
1881
1614
1633
1882
1615
1634
1883
1616
1635
1884
1617
1636
1885
1618
1637
1886
1619
1638
1887
1620
1639
1888
1621
1640
1889
1622
1641
1890
1623
1642
1891
1624
1643
1892
1625
1644
1893
1626
1645
1894
1627
1646
1895
1628
1647
1896
1629
1648
1897
1630
1649
1898
1650
1899
3030
1632
1651
1900
1633
1652
1901
1634
1653
1902
1635
1654
1903
1636
1655
1904
1637
1656
1905
1638
1657
1906
1639
1658
1907
1640
1659
1908
1641
1660
1909
1642
1661
1910
1643
1662
1911
1644
1663
1912
1645
1664
1913
1646
1665
1914
1647
1666
1915
1648
1667
1916
1649
1668
1917
1650
1669
1918
1670
1919
3038
1652
1920
1653
1921
1654
1922
1655
1923
1656
1924
1657
1925
1658
1926
1659
1927
1660
1928
1661
1929
1662
1930
1663
1931
1664
1932
1665
1933
1666
1934
1667
1935
1668
1936
1669
1937
1670
1938
1939
3046
1672
1691
3152
1673
1692
3153
1674
1693
3154
1675
1694
3155
1676
1695
3156
1677
1696
3157
1678
1697
3158
1679
1698
3159
1699
3054
3160
1681
1700
3161
1682
1701
3162
1683
1702
3163
1684
1703
3164
1685
1704
3165
1686
1705
3166
1687
1706
3167
1688
1707
3168
1689
1708
3169
1690
1709
3170
1691
1710
3171
1692
1711
3172
1693
1712
3173
1694
1713
3174
1695
1714
3175
1696
1715
3176
1697
1716
3177
1698
1717
3178
1699
1718
3179
1719
3061
3180
1701
1720
3181
1702
1721
3182
1703
1722
3183
1704
1723
3184
1705
1724
3185
1706
1725
3186
1707
1726
3187
1708
1727
3188
1709
1728
3189
1710
1729
3190
1711
1730
3191
1712
1731
3192
1713
1732
3193
1714
1733
3194
1715
1734
3195
1716
1735
3196
1717
1736
3197
1718
1737
3198
1719
1738
3199
1739
3068
3200
1721
1740
3201
1722
1741
3202
1723
1742
3203
1724
1743
3204
1725
1744
3205
1726
1745
3206
1727
1746
3207
1728
1747
3208
1729
1748
3209
1730
1749
3210
1731
1750
3211
1732
1751
3212
1733
1752
3213
1734
1753
3214
1735
1754
3215
1736
1755
3216
1737
1756
3217
1738
1757
3218
1739
1758
3219
1759
3075
3220
1741
1760
3221
1742
1761
3222
1743
1762
3223
1744
1763
3224
1745
1764
3225
1746
1765
3226
1747
1766
3227
1748
1767
3228
1749
1768
3229
1750
1769
3230
1751
1770
3231
1752
1771
3232
1753
1772
3233
1754
1773
3234
1755
1774
3235
1756
1775
3236
1757
1776
3237
1758
1777
3238
1759
1778
3239
1779
3082
3240
1761
1780
3241
1762
1781
3242
1763
1782
3243
1764
1783
3244
1765
1784
3245
1766
1785
3246
1767
1786
3247
1768
1787
3248
1769
1788
3249
1770
1789
3250
1771
1790
3251
1772
1791
3252
1773
1792
3253
1774
1793
3254
1775
1794
3255
1776
1795
3256
1777
1796
3257
1778
1797
3258
1779
1798
3259
1799
3089
3260
1781
1800
3261
1782
1801
3262
1783
1802
3263
1784
1803
3264
1785
1804
3265
1786
1805
3266
1787
1806
3267
1788
1807
3268
1789
1808
3269
1790
1809
3270
1791
1810
3271
1792
1811
3272
1793
1812
3273
1794
1813
3274
1795
1814
3275
1796
1815
3276
1797
1816
3277
1798
1817
3278
1799
1818
3279
1819
3096
3280
1801
1820
3281
1802
1821
3282
1803
1822
3283
1804
1823
3284
1805
1824
3285
1806
1825
3286
1807
1826
3287
1808
1827
3288
1809
1828
3289
1810
1829
3290
1811
1830
3291
1812
1831
3292
1813
1832
3293
1814
1833
3294
1815
1834
3295
1816
1835
3296
1817
1836
3297
1818
1837
3298
1819
1838
3299
1839
3103
3300
1821
1840
3301
1822
1841
3302
1823
1842
3303
1824
1843
3304
1825
1844
3305
1826
1845
3306
1827
1846
3307
1828
1847
3308
1829
1848
3309
1830
1849
3310
1831
1850
3311
1832
1851
3312
1833
1852
3313
1834
1853
3314
1835
1854
3315
1836
1855
3316
1837
1856
3317
1838
1857
3318
1839
1858
3319
1859
3110
3320
1841
1860
3321
1842
1861
3322
1843
1862
3323
1844
1863
3324
1845
1864
3325
1846
1865
3326
1847
1866
3327
1848
1867
3328
1849
1868
3329
1850
1869
3330
1851
1870
3331
1852
1871
3332
1853
1872
3333
1854
1873
3334
1855
1874
3335
1856
1875
3336
1857
1876
3337
1858
1877
3338
1859
1878
3339
1879
3117
3340
1861
1880
3341
1862
1881
3342
1863
1882
3343
1864
1883
3344
1865
1884
3345
1866
1885
3346
1867
1886
3347
1868
1887
3348
1869
1888
3349
1870
1889
3350
1871
1890
3351
1872
1891
3352
1873
1892
3353
1874
1893
3354
1875
1894
3355
1876
1895
3356
1877
1896
3357
1878
1897
3358
1879
1898
3359
1899
3124
3360
1881
1900
3361
1882
1901
3362
1883
1902
3363
1884
1903
3364
1885
1904
3365
1886
1905
3366
1887
1906
3367
1888
1907
3368
1889
1908
3369
1890
1909
3370
1891
1910
3371
1892
1911
3372
1893
1912
3373
1894
1913
3374
1895
1914
3375
1896
1915
3376
1897
1916
3377
1898
1917
3378
1899
1918
3379
1919
3131
3380
1901
1920
3381
1902
1921
3382
1903
1922
3383
1904
1923
3384
1905
1924
3385
1906
1925
3386
1907
1926
3387
1908
1927
3388
1909
1928
3389
1910
1929
3390
1911
1930
3391
1912
1931
3392
1913
1932
3393
1914
1933
3394
1915
1934
3395
1916
1935
3396
1917
1936
3397
1918
1937
3398
1919
1938
3399
1939
3138
3400
1921
3401
1922
3402
1923
3403
1924
3404
1925
3405
1926
3406
1927
3407
1928
3408
1929
3409
1930
3410
1931
3411
1932
3412
1933
3413
1934
3414
1935
3415
1936
3416
1937
3417
1938
3418
1939
3419
3145
3420
1941
1946
2036
1942
1947
2037
1943
1948
2038
1944
1949
2039
1945
1950
2040
1951
2041
1947
1952
2044
1948
1953
2045
1949
1954
2046
1950
1955
2047
1951
1956
2048
1957
2049
1953
1958
2052
1954
1959
2053
1955
1960
2054
1956
1961
2055
1957
1962
2056
1963
2057
1959
1964
2060
1960
1965
2061
1961
1966
2062
1962
1967
2063
1963
1968
2064
1969
2065
1965
1970
2068
1966
1971
2069
1967
1972
2070
1968
1973
2071
1969
1974
2072
1975
2073
1971
1976
2076
1972
1977
2077
1973
1978
2078
1974
1979
2079
1975
1980
2080
1981
2081
1977
1982
2084
1978
1983
2085
1979
1984
2086
1980
1985
2087
1981
1986
2088
1987
2089
1983
1988
2092
1984
1989
2093
1985
1990
2094
1986
1991
2095
1987
1992
2096
1993
2097
1989
1994
2100
1990
1995
2101
1991
1996
2102
1992
1997
2103
1993
1998
2104
1999
2105
1995
2000
2108
1996
2001
2109
1997
2002
2110
1998
2003
2111
1999
2004
2112
2005
2113
2001
2006
2116
2002
2007
2117
2003
2008
2118
2004
2009
2119
2005
2010
2120
2011
2121
2007
2012
2124
2008
2013
2125
2009
2014
2126
2010
2015
2127
2011
2016
2128
2017
2129
2013
2018
2132
2014
2019
2133
2015
2020
2134
2016
2021
2135
2017
2022
2136
2023
2137
2019
2024
2140
2020
2025
2141
2021
2026
2142
2022
2027
2143
2023
2028
2144
2029
2145
2025
2030
2148
2026
2031
2149
2027
2032
2150
2028
2033
2151
2029
2034
2152
2035
2153
2031
2156
2032
2157
2033
2158
2034
2159
2035
2160
2161
2037
2044
2164
2038
2045
2165
2039
2046
2166
2040
2047
2167
2041
2048
2168
2042
2049
2169
2043
2050
2170
2051
2171
2045
2052
2172
2046
2053
2173
2047
2054
2174
2048
2055
2175
2049
2056
2176
2050
2057
2177
2051
2058
2178
2059
2179
2053
2060
2180
2054
2061
2181
2055
2062
2182
2056
2063
2183
2057
2064
2184
2058
2065
2185
2059
2066
2186
2067
2187
2061
2068
2188
2062
2069
2189
2063
2070
2190
2064
2071
2191
2065
2072
2192
2066
2073
2193
2067
2074
2194
2075
2195
2069
2076
2196
2070
2077
2197
2071
2078
2198
2072
2079
2199
2073
2080
2200
2074
2081
2201
2075
2082
2202
2083
2203
2077
2084
2204
2078
2085
2205
2079
2086
2206
2080
2087
2207
2081
2088
2208
2082
2089
2209
2083
2090
2210
2091
2211
2085
2092
2212
2086
2093
2213
2087
2094
2214
2088
2095
2215
2089
2096
2216
2090
2097
2217
2091
2098
2218
2099
2219
2093
2100
2220
2094
2101
2221
2095
2102
2222
2096
2103
2223
2097
2104
2224
2098
2105
2225
2099
2106
2226
2107
2227
2101
2108
2228
2102
2109
2229
2103
2110
2230
2104
2111
2231
2105
2112
2232
2106
2113
2233
2107
2114
2234
2115
2235
2109
2116
2236
2110
2117
2237
2111
2118
2238
2112
2119
2239
2113
2120
2240
2114
2121
2241
2115
2122
2242
2123
2243
2117
2124
2244
2118
2125
2245
2119
2126
2246
2120
2127
2247
2121
2128
2248
2122
2129
2249
2123
2130
2250
2131
2251
2125
2132
2252
2126
2133
2253
2127
2134
2254
2128
2135
2255
2129
2136
2256
2130
2137
2257
2131
2138
2258
2139
2259
2133
2140
2260
2134
2141
2261
2135
2142
2262
2136
2143
2263
2137
2144
2264
2138
2145
2265
2139
2146
2266
2147
2267
2141
2148
2268
2142
2149
2269
2143
2150
2270
2144
2151
2271
2145
2152
2272
2146
2153
2273
2147
2154
2274
2155
2275
2149
2156
2276
2150
2157
2277
2151
2158
2278
2152
2159
2279
2153
2160
2280
2154
2161
2281
2155
2162
2282
2163
2283
2157
2284
2158
2285
2159
2286
2160
2287
2161
2288
2162
2289
2163
2290
2291
2165
2172
2292
2166
2173
2293
2167
2174
2294
2168
2175
2295
2169
2176
2296
2170
2177
2297
2171
2178
2298
2179
2299
2173
2180
2300
2174
2181
2301
2175
2182
2302
2176
2183
2303
2177
2184
2304
2178
2185
2305
2179
2186
2306
2187
2307
2181
2188
2308
2182
2189
2309
2183
2190
2310
2184
2191
2311
2185
2192
2312
2186
2193
2313
2187
2194
2314
2195
2315
2189
2196
2316
2190
2197
2317
2191
2198
2318
2192
2199
2319
2193
2200
2320
2194
2201
2321
2195
2202
2322
2203
2323
2197
2204
2324
2198
2205
2325
2199
2206
2326
2200
2207
2327
2201
2208
2328
2202
2209
2329
2203
2210
2330
2211
2331
2205
2212
2332
2206
2213
2333
2207
2214
2334
2208
2215
2335
2209
2216
2336
2210
2217
2337
2211
2218
2338
2219
2339
2213
2220
2340
2214
2221
2341
2215
2222
2342
2216
2223
2343
2217
2224
2344
2218
2225
2345
2219
2226
2346
2227
2347
2221
2228
2348
2222
2229
2349
2223
2230
2350
2224
2231
2351
2225
2232
2352
2226
2233
2353
2227
2234
2354
2235
2355
2229
2236
2356
2230
2237
2357
2231
2238
2358
2232
2239
2359
2233
2240
2360
2234
2241
2361
2235
2242
2362
2243
2363
2237
2244
2364
2238
2245
2365
2239
2246
2366
2240
2247
2367
2241
2248
2368
2242
2249
2369
2243
2250
2370
2251
2371
2245
2252
2372
2246
2253
2373
2247
2254
2374
2248
2255
2375
2249
2256
2376
2250
2257
2377
2251
2258
2378
2259
2379
2253
2260
2380
2254
2261
2381
2255
2262
2382
2256
2263
2383
2257
2264
2384
2258
2265
2385
2259
2266
2386
2267
2387
2261
2268
2388
2262
2269
2389
2263
2270
2390
2264
2271
2391
2265
2272
2392
2266
2273
2393
2267
2274
2394
2275
2395
2269
2276
2396
2270
2277
2397
2271
2278
2398
2272
2279
2399
2273
2280
2400
2274
2281
2401
2275
2282
2402
2283
2403
2277
2284
2404
2278
2285
2405
2279
2286
2406
2280
2287
2407
2281
2288
2408
2282
2289
2409
2283
2290
2410
2291
2411
2285
2412
2286
2413
2287
2414
2288
2415
2289
2416
2290
2417
2291
2418
2419
2293
2300
2420
2294
2301
2421
2295
2302
2422
2296
2303
2423
2297
2304
2424
2298
2305
2425
2299
2306
2426
2307
2427
2301
2308
2428
2302
2309
2429
2303
2310
2430
2304
2311
2431
2305
2312
2432
2306
2313
2433
2307
2314
2434
2315
2435
2309
2316
2436
2310
2317
2437
2311
2318
2438
2312
2319
2439
2313
2320
2440
2314
2321
2441
2315
2322
2442
2323
2443
2317
2324
2444
2318
2325
2445
2319
2326
2446
2320
2327
2447
2321
2328
2448
2322
2329
2449
2323
2330
2450
2331
2451
2325
2332
2452
2326
2333
2453
2327
2334
2454
2328
2335
2455
2329
2336
2456
2330
2337
2457
2331
2338
2458
2339
2459
2333
2340
2460
2334
2341
2461
2335
2342
2462
2336
2343
2463
2337
2344
2464
2338
2345
2465
2339
2346
2466
2347
2467
2341
2348
2468
2342
2349
2469
2343
2350
2470
2344
2351
2471
2345
2352
2472
2346
2353
2473
2347
2354
2474
2355
2475
2349
2356
2476
2350
2357
2477
2351
2358
2478
2352
2359
2479
2353
2360
2480
2354
2361
2481
2355
2362
2482
2363
2483
2357
2364
2484
2358
2365
2485
2359
2366
2486
2360
2367
2487
2361
2368
2488
2362
2369
2489
2363
2370
2490
2371
2491
2365
2372
2492
2366
2373
2493
2367
2374
2494
2368
2375
2495
2369
2376
2496
2370
2377
2497
2371
2378
2498
2379
2499
2373
2380
2500
2374
2381
2501
2375
2382
2502
2376
2383
2503
2377
2384
2504
2378
2385
2505
2379
2386
2506
2387
2507
2381
2388
2508
2382
2389
2509
2383
2390
2510
2384
2391
2511
2385
2392
2512
2386
2393
2513
2387
2394
2514
2395
2515
2389
2396
2516
2390
2397
2517
2391
2398
2518
2392
2399
2519
2393
2400
2520
2394
2401
2521
2395
2402
2522
2403
2523
2397
2404
2524
2398
2405
2525
2399
2406
2526
2400
2407
2527
2401
2408
2528
2402
2409
2529
2403
2410
2530
2411
2531
2405
2412
2532
2406
2413
2533
2407
2414
2534
2408
2415
2535
2409
2416
2536
2410
2417
2537
2411
2418
2538
2419
2539
2413
2540
2414
2541
2415
2542
2416
2543
2417
2544
2418
2545
2419
2546
2547
2421
2428
2548
2422
2429
2549
2423
2430
2550
2424
2431
2551
2425
2432
2552
2426
2433
2553
2427
2434
2554
2435
2555
2429
2436
2556
2430
2437
2557
2431
2438
2558
2432
2439
2559
2433
2440
2560
2434
2441
2561
2435
2442
2562
2443
2563
2437
2444
2564
2438
2445
2565
2439
2446
2566
2440
2447
2567
2441
2448
2568
2442
2449
2569
2443
2450
2570
2451
2571
2445
2452
2572
2446
2453
2573
2447
2454
2574
2448
2455
2575
2449
2456
2576
2450
2457
2577
2451
2458
2578
2459
2579
2453
2460
2580
2454
2461
2581
2455
2462
2582
2456
2463
2583
2457
2464
2584
2458
2465
2585
2459
2466
2586
2467
2587
2461
2468
2588
2462
2469
2589
2463
2470
2590
2464
2471
2591
2465
2472
2592
2466
2473
2593
2467
2474
2594
2475
2595
2469
2476
2596
2470
2477
2597
2471
2478
2598
2472
2479
2599
2473
2480
2600
2474
2481
2601
2475
2482
2602
2483
2603
2477
2484
2604
2478
2485
2605
2479
2486
2606
2480
2487
2607
2481
2488
2608
2482
2489
2609
2483
2490
2610
2491
2611
2485
2492
2612
2486
2493
2613
2487
2494
2614
2488
2495
2615
2489
2496
2616
2490
2497
2617
2491
2498
2618
2499
2619
2493
2500
2620
2494
2501
2621
2495
2502
2622
2496
2503
2623
2497
2504
2624
2498
2505
2625
2499
2506
2626
2507
2627
2501
2508
2628
2502
2509
2629
2503
2510
2630
2504
2511
2631
2505
2512
2632
2506
2513
2633
2507
2514
2634
2515
2635
2509
2516
2636
2510
2517
2637
2511
2518
2638
2512
2519
2639
2513
2520
2640
2514
2521
2641
2515
2522
2642
2523
2643
2517
2524
2644
2518
2525
2645
2519
2526
2646
2520
2527
2647
2521
2528
2648
2522
2529
2649
2523
2530
2650
2531
2651
2525
2532
2652
2526
2533
2653
2527
2534
2654
2528
2535
2655
2529
2536
2656
2530
2537
2657
2531
2538
2658
2539
2659
2533
2540
2660
2534
2541
2661
2535
2542
2662
2536
2543
2663
2537
2544
2664
2538
2545
2665
2539
2546
2666
2547
2667
2541
2668
2542
2669
2543
2670
2544
2671
2545
2672
2546
2673
2547
2674
2675
2549
2556
2676
2550
2557
2677
2551
2558
2678
2552
2559
2679
2553
2560
2680
2554
2561
2681
2555
2562
2682
2563
2683
2557
2564
2684
2558
2565
2685
2559
2566
2686
2560
2567
2687
2561
2568
2688
2562
2569
2689
2563
2570
2690
2571
2691
2565
2572
2692
2566
2573
2693
2567
2574
2694
2568
2575
2695
2569
2576
2696
2570
2577
2697
2571
2578
2698
2579
2699
2573
2580
2700
2574
2581
2701
2575
2582
2702
2576
2583
2703
2577
2584
2704
2578
2585
2705
2579
2586
2706
2587
2707
2581
2588
2708
2582
2589
2709
2583
2590
2710
2584
2591
2711
2585
2592
2712
2586
2593
2713
2587
2594
2714
2595
2715
2589
2596
2716
2590
2597
2717
2591
2598
2718
2592
2599
2719
2593
2600
2720
2594
2601
2721
2595
2602
2722
2603
2723
2597
2604
2724
2598
2605
2725
2599
2606
2726
2600
2607
2727
2601
2608
2728
2602
2609
2729
2603
2610
2730
2611
2731
2605
2612
2732
2606
2613
2733
2607
2614
2734
2608
2615
2735
2609
2616
2736
2610
2617
2737
2611
2618
2738
2619
2739
2613
2620
2740
2614
2621
2741
2615
2622
2742
2616
2623
2743
2617
2624
2744
2618
2625
2745
2619
2626
2746
2627
2747
2621
2628
2748
2622
2629
2749
2623
2630
2750
2624
2631
2751
2625
2632
2752
2626
2633
2753
2627
2634
2754
2635
2755
2629
2636
2756
2630
2637
2757
2631
2638
2758
2632
2639
2759
2633
2640
2760
2634
2641
2761
2635
2642
2762
2643
2763
2637
2644
2764
2638
2645
2765
2639
2646
2766
2640
2647
2767
2641
2648
2768
2642
2649
2769
2643
2650
2770
2651
2771
2645
2652
2772
2646
2653
2773
2647
2654
2774
2648
2655
2775
2649
2656
2776
2650
2657
2777
2651
2658
2778
2659
2779
2653
2660
2780
2654
2661
2781
2655
2662
2782
2656
2663
2783
2657
2664
2784
2658
2665
2785
2659
2666
2786
2667
2787
2661
2668
2788
2662
2669
2789
2663
2670
2790
2664
2671
2791
2665
2672
2792
2666
2673
2793
2667
2674
2794
2675
2795
2669
2796
2670
2797
2671
2798
2672
2799
2673
2800
2674
2801
2675
2802
2803
2677
2684
2804
2678
2685
2805
2679
2686
2806
2680
2687
2807
2681
2688
2808
2682
2689
2809
2683
2690
2810
2691
2811
2685
2692
2812
2686
2693
2813
2687
2694
2814
2688
2695
2815
2689
2696
2816
2690
2697
2817
2691
2698
2818
2699
2819
2693
2700
2820
2694
2701
2821
2695
2702
2822
2696
2703
2823
2697
2704
2824
2698
2705
2825
2699
2706
2826
2707
2827
2701
2708
2828
2702
2709
2829
2703
2710
2830
2704
2711
2831
2705
2712
2832
2706
2713
2833
2707
2714
2834
2715
2835
2709
2716
2836
2710
2717
2837
2711
2718
2838
2712
2719
2839
2713
2720
2840
2714
2721
2841
2715
2722
2842
2723
2843
2717
2724
2844
2718
2725
2845
2719
2726
2846
2720
2727
2847
2721
2728
2848
2722
2729
2849
2723
2730
2850
2731
2851
2725
2732
2852
2726
2733
2853
2727
2734
2854
2728
2735
2855
2729
2736
2856
2730
2737
2857
2731
2738
2858
2739
2859
2733
2740
2860
2734
2741
2861
2735
2742
2862
2736
2743
2863
2737
2744
2864
2738
2745
2865
2739
2746
2866
2747
2867
2741
2748
2868
2742
2749
2869
2743
2750
2870
2744
2751
2871
2745
2752
2872
2746
2753
2873
2747
2754
2874
2755
2875
2749
2756
2876
2750
2757
2877
2751
2758
2878
2752
2759
2879
2753
2760
2880
2754
2761
2881
2755
2762
2882
2763
2883
2757
2764
2884
2758
2765
2885
2759
2766
2886
2760
2767
2887
2761
2768
2888
2762
2769
2889
2763
2770
2890
2771
2891
2765
2772
2892
2766
2773
2893
2767
2774
2894
2768
2775
2895
2769
2776
2896
2770
2777
2897
2771
2778
2898
2779
2899
2773
2780
2900
2774
2781
2901
2775
2782
2902
2776
2783
2903
2777
2784
2904
2778
2785
2905
2779
2786
2906
2787
2907
2781
2788
2908
2782
2789
2909
2783
2790
2910
2784
2791
2911
2785
2792
2912
2786
2793
2913
2787
2794
2914
2795
2915
2789
2796
2916
2790
2797
2917
2791
2798
2918
2792
2799
2919
2793
2800
2920
2794
2801
2921
2795
2802
2922
2803
2923
2797
2924
2798
2925
2799
2926
2800
2927
2801
2928
2802
2929
2803
2930
2931
2805
2812
2806
2813
2807
2814
2808
2815
2809
2816
2810
2817
2811
2818
2932
2819
2933
2813
2820
2934
2814
2821
2935
2815
2822
2936
2816
2823
2937
2817
2824
2938
2818
2825
2939
2819
2826
2940
2827
2941
2821
2828
2942
2822
2829
2943
2823
2830
2944
2824
2831
2945
2825
2832
2946
2826
2833
2947
2827
2834
2948
2835
2949
2829
2836
2950
2830
2837
2951
2831
2838
2952
2832
2839
2953
2833
2840
2954
2834
2841
2955
2835
2842
2956
2843
2957
2837
2844
2958
2838
2845
2959
2839
2846
2960
2840
2847
2961
2841
2848
2962
2842
2849
2963
2843
2850
2964
2851
2965
2845
2852
2966
2846
2853
2967
2847
2854
2968
2848
2855
2969
2849
2856
2970
2850
2857
2971
2851
2858
2972
2859
2973
2853
2860
2974
2854
2861
2975
2855
2862
2976
2856
2863
2977
2857
2864
2978
2858
2865
2979
2859
2866
2980
2867
2981
2861
2868
2982
2862
2869
2983
2863
2870
2984
2864
2871
2985
2865
2872
2986
2866
2873
2987
2867
2874
2988
2875
2989
2869
2876
2990
2870
2877
2991
2871
2878
2992
2872
2879
2993
2873
2880
2994
2874
2881
2995
2875
2882
2996
2883
2997
2877
2884
2998
2878
2885
2999
2879
2886
3000
2880
2887
3001
2881
2888
3002
2882
2889
3003
2883
2890
3004
2891
3005
2885
2892
3006
2886
2893
3007
2887
2894
3008
2888
2895
3009
2889
2896
3010
2890
2897
3011
2891
2898
3012
2899
3013
2893
2900
3014
2894
2901
3015
2895
2902
3016
2896
2903
3017
2897
2904
3018
2898
2905
3019
2899
2906
3020
2907
3021
2901
2908
3022
2902
2909
3023
2903
2910
3024
2904
2911
3025
2905
2912
3026
2906
2913
3027
2907
2914
3028
2915
3029
2909
2916
3030
2910
2917
3031
2911
2918
3032
2912
2919
3033
2913
2920
3034
2914
2921
3035
2915
2922
3036
2923
3037
2917
2924
3038
2918
2925
3039
2919
2926
3040
2920
2927
3041
2921
2928
3042
2922
2929
3043
2923
2930
3044
2931
3045
2925
3046
2926
3047
2927
3048
2928
3049
2929
3050
2930
3051
2931
3052
3053
2933
2940
2941
2935
2942
2936
2943
2937
2944
2938
2945
2939
2946
2940
2947
2941
2948
2949
2943
2950
3054
2944
2951
3055
2945
2952
3056
2946
2953
3057
2947
2954
3058
2948
2955
3059
2949
2956
3060
2957
2951
2958
3061
2952
2959
3062
2953
2960
3063
2954
2961
3064
2955
2962
3065
2956
2963
3066
2957
2964
3067
2965
2959
2966
3068
2960
2967
3069
2961
2968
3070
2962
2969
3071
2963
2970
3072
2964
2971
3073
2965
2972
3074
2973
2967
2974
3075
2968
2975
3076
2969
2976
3077
2970
2977
3078
2971
2978
3079
2972
2979
3080
2973
2980
3081
2981
2975
2982
3082
2976
2983
3083
2977
2984
3084
2978
2985
3085
2979
2986
3086
2980
2987
3087
2981
2988
3088
2989
2983
2990
3089
2984
2991
3090
2985
2992
3091
2986
2993
3092
2987
2994
3093
2988
2995
3094
2989
2996
3095
2997
2991
2998
3096
2992
2999
3097
2993
3000
3098
2994
3001
3099
2995
3002
3100
2996
3003
3101
2997
3004
3102
3005
2999
3006
3103
3000
3007
3104
3001
3008
3105
3002
3009
3106
3003
3010
3107
3004
3011
3108
3005
3012
3109
3013
3007
3014
3110
3008
3015
3111
3009
3016
3112
3010
3017
3113
3011
3018
3114
3012
3019
3115
3013
3020
3116
3021
3015
3022
3117
3016
3023
3118
3017
3024
3119
3018
3025
3120
3019
3026
3121
3020
3027
3122
3021
3028
3123
3029
3023
3030
3124
3024
3031
3125
3025
3032
3126
3026
3033
3127
3027
3034
3128
3028
3035
3129
3029
3036
3130
3037
3031
3038
3131
3032
3039
3132
3033
3040
3133
3034
3041
3134
3035
3042
3135
3036
3043
3136
3037
3044
3137
3045
3039
3046
3138
3040
3047
3139
3041
3048
3140
3042
3049
3141
3043
3050
3142
3044
3051
3143
3045
3052
3144
3053
3047
3145
3048
3146
3049
3147
3050
3148
3051
3149
3052
3150
3053
3151
3055
3061
4766
3056
3062
4767
3057
3063
4768
3058
3064
4769
3059
3065
4770
3060
3066
4771
3067
4772
3062
3068
4773
3063
3069
4774
3064
3070
4775
3065
3071
4776
3066
3072
4777
3067
3073
4778
3074
4779
3069
3075
4780
3070
3076
4781
3071
3077
4782
3072
3078
4783
3073
3079
4784
3074
3080
4785
3081
4786
3076
3082
4787
3077
3083
4788
3078
3084
4789
3079
3085
4790
3080
3086
4791
3081
3087
4792
3088
4793
3083
3089
4794
3084
3090
4795
3085
3091
4796
3086
3092
4797
3087
3093
4798
3088
3094
4799
3095
4800
3090
3096
4801
3091
3097
4802
3092
3098
4803
3093
3099
4804
3094
3100
4805
3095
3101
4806
3102
4807
3097
3103
4808
3098
3104
4809
3099
3105
4810
3100
3106
4811
3101
3107
4812
3102
3108
4813
3109
4814
3104
3110
4815
3105
3111
4816
3106
3112
4817
3107
3113
4818
3108
3114
4819
3109
3115
4820
3116
4821
3111
3117
4822
3112
3118
4823
3113
3119
4824
3114
3120
4825
3115
3121
4826
3116
3122
4827
3123
4828
3118
3124
4829
3119
3125
4830
3120
3126
4831
3121
3127
4832
3122
3128
4833
3123
3129
4834
3130
4835
3125
3131
4836
3126
3132
4837
3127
3133
4838
3128
3134
4839
3129
3135
4840
3130
3136
4841
3137
4842
3132
3138
4843
3133
3139
4844
3134
3140
4845
3135
3141
4846
3136
3142
4847
3137
3143
4848
3144
4849
3139
3145
4850
3140
3146
4851
3141
3147
4852
3142
3148
4853
3143
3149
4854
3144
3150
4855
3151
4856
3146
4857
3147
4858
3148
4859
3149
4860
3150
4861
3151
4862
4863
3153
3172
3421
3154
3173
3422
3155
3174
3423
3156
3175
3424
3157
3176
3425
3158
3177
3426
3159
3178
3427
3160
3179
3428
3180
3429
4766
3162
3181
3430
3163
3182
3431
3164
3183
3432
3165
3184
3433
3166
3185
3434
3167
3186
3435
3168
3187
3436
3169
3188
3437
3170
3189
3438
3171
3190
3439
3172
3191
3440
3173
3192
3441
3174
3193
3442
3175
3194
3443
3176
3195
3444
3177
3196
3445
3178
3197
3446
3179
3198
3447
3180
3199
3448
3200
3449
4773
3182
3201
3450
3183
3202
3451
3184
3203
3452
3185
3204
3453
3186
3205
3454
3187
3206
3455
3188
3207
3456
3189
3208
3457
3190
3209
3458
3191
3210
3459
3192
3211
3460
3193
3212
3461
3194
3213
3462
3195
3214
3463
3196
3215
3464
3197
3216
3465
3198
3217
3466
3199
3218
3467
3200
3219
3468
3220
3469
4780
3202
3221
3470
3203
3222
3471
3204
3223
3472
3205
3224
3473
3206
3225
3474
3207
3226
3475
3208
3227
3476
3209
3228
3477
3210
3229
3478
3211
3230
3479
3212
3231
3480
3213
3232
3481
3214
3233
3482
3215
3234
3483
3216
3235
3484
3217
3236
3485
3218
3237
3486
3219
3238
3487
3220
3239
3488
3240
3489
4787
3222
3241
3490
3223
3242
3491
3224
3243
3492
3225
3244
3493
3226
3245
3494
3227
3246
3495
3228
3247
3496
3229
3248
3497
3230
3249
3498
3231
3250
3499
3232
3251
3500
3233
3252
3501
3234
3253
3502
3235
3254
3503
3236
3255
3504
3237
3256
3505
3238
3257
3506
3239
3258
3507
3240
3259
3508
3260
3509
4794
3242
3261
3510
3243
3262
3511
3244
3263
3512
3245
3264
3513
3246
3265
3514
3247
3266
3515
3248
3267
3516
3249
3268
3517
3250
3269
3518
3251
3270
3519
3252
3271
3520
3253
3272
3521
3254
3273
3522
3255
3274
3523
3256
3275
3524
3257
3276
3525
3258
3277
3526
3259
3278
3527
3260
3279
3528
3280
3529
4801
3262
3281
3530
3263
3282
3531
3264
3283
3532
3265
3284
3533
3266
3285
3534
3267
3286
3535
3268
3287
3536
3269
3288
3537
3270
3289
3538
3271
3290
3539
3272
3291
3540
3273
3292
3541
3274
3293
3542
3275
3294
3543
3276
3295
3544
3277
3296
3545
3278
3297
3546
3279
3298
3547
3280
3299
3548
3300
3549
4808
3282
3301
3550
3283
3302
3551
3284
3303
3552
3285
3304
3553
3286
3305
3554
3287
3306
3555
3288
3307
3556
3289
3308
3557
3290
3309
3558
3291
3310
3559
3292
3311
3560
3293
3312
3561
3294
3313
3562
3295
3314
3563
3296
3315
3564
3297
3316
3565
3298
3317
3566
3299
3318
3567
3300
3319
3568
3320
3569
4815
3302
3321
3570
3303
3322
3571
3304
3323
3572
3305
3324
3573
3306
3325
3574
3307
3326
3575
3308
3327
3576
3309
3328
3577
3310
3329
3578
3311
3330
3579
3312
3331
3580
3313
3332
3581
3314
3333
3582
3315
3334
3583
3316
3335
3584
3317
3336
3585
3318
3337
3586
3319
3338
3587
3320
3339
3588
3340
3589
4822
3322
3341
3590
3323
3342
3591
3324
3343
3592
3325
3344
3593
3326
3345
3594
3327
3346
3595
3328
3347
3596
3329
3348
3597
3330
3349
3598
3331
3350
3599
3332
3351
3600
3333
3352
3601
3334
3353
3602
3335
3354
3603
3336
3355
3604
3337
3356
3605
3338
3357
3606
3339
3358
3607
3340
3359
3608
3360
3609
4829
3342
3361
3610
3343
3362
3611
3344
3363
3612
3345
3364
3613
3346
3365
3614
3347
3366
3615
3348
3367
3616
3349
3368
3617
3350
3369
3618
3351
3370
3619
3352
3371
3620
3353
3372
3621
3354
3373
3622
3355
3374
3623
3356
3375
3624
3357
3376
3625
3358
3377
3626
3359
3378
3627
3360
3379
3628
3380
3629
4836
3362
3381
3630
3363
3382
3631
3364
3383
3632
3365
3384
3633
3366
3385
3634
3367
3386
3635
3368
3387
3636
3369
3388
3637
3370
3389
3638
3371
3390
3639
3372
3391
3640
3373
3392
3641
3374
3393
3642
3375
3394
3643
3376
3395
3644
3377
3396
3645
3378
3397
3646
3379
3398
3647
3380
3399
3648
3400
3649
4843
3382
3401
3650
3383
3402
3651
3384
3403
3652
3385
3404
3653
3386
3405
3654
3387
3406
3655
3388
3407
3656
3389
3408
3657
3390
3409
3658
3391
3410
3659
3392
3411
3660
3393
3412
3661
3394
3413
3662
3395
3414
3663
3396
3415
3664
3397
3416
3665
3398
3417
3666
3399
3418
3667
3400
3419
3668
3420
3669
4850
3402
3670
3403
3671
3404
3672
3405
3673
3406
3674
3407
3675
3408
3676
3409
3677
3410
3678
3411
3679
3412
3680
3413
3681
3414
3682
3415
3683
3416
3684
3417
3685
3418
3686
3419
3687
3420
3688
3689
4857
3422
3441
3690
3423
3442
3691
3424
3443
3692
3425
3444
3693
3426
3445
3694
3427
3446
3695
3428
3447
3696
3429
3448
3697
3449
3698
4864
3431
3450
3699
3432
3451
3700
3433
3452
3701
3434
3453
3702
3435
3454
3703
3436
3455
3704
3437
3456
3705
3438
3457
3706
3439
3458
3707
3440
3459
3708
3441
3460
3709
3442
3461
3710
3443
3462
3711
3444
3463
3712
3445
3464
3713
3446
3465
3714
3447
3466
3715
3448
3467
3716
3449
3468
3717
3469
3718
4871
3451
3470
3719
3452
3471
3720
3453
3472
3721
3454
3473
3722
3455
3474
3723
3456
3475
3724
3457
3476
3725
3458
3477
3726
3459
3478
3727
3460
3479
3728
3461
3480
3729
3462
3481
3730
3463
3482
3731
3464
3483
3732
3465
3484
3733
3466
3485
3734
3467
3486
3735
3468
3487
3736
3469
3488
3737
3489
3738
4878
3471
3490
3739
3472
3491
3740
3473
3492
3741
3474
3493
3742
3475
3494
3743
3476
3495
3744
3477
3496
3745
3478
3497
3746
3479
3498
3747
3480
3499
3748
3481
3500
3749
3482
3501
3750
3483
3502
3751
3484
3503
3752
3485
3504
3753
3486
3505
3754
3487
3506
3755
3488
3507
3756
3489
3508
3757
3509
3758
4885
3491
3510
3759
3492
3511
3760
3493
3512
3761
3494
3513
3762
3495
3514
3763
3496
3515
3764
3497
3516
3765
3498
3517
3766
3499
3518
3767
3500
3519
3768
3501
3520
3769
3502
3521
3770
3503
3522
3771
3504
3523
3772
3505
3524
3773
3506
3525
3774
3507
3526
3775
3508
3527
3776
3509
3528
3777
3529
3778
4892
3511
3530
3779
3512
3531
3780
3513
3532
3781
3514
3533
3782
3515
3534
3783
3516
3535
3784
3517
3536
3785
3518
3537
3786
3519
3538
3787
3520
3539
3788
3521
3540
3789
3522
3541
3790
3523
3542
3791
3524
3543
3792
3525
3544
3793
3526
3545
3794
3527
3546
3795
3528
3547
3796
3529
3548
3797
3549
3798
4899
3531
3550
3799
3532
3551
3800
3533
3552
3801
3534
3553
3802
3535
3554
3803
3536
3555
3804
3537
3556
3805
3538
3557
3806
3539
3558
3807
3540
3559
3808
3541
3560
3809
3542
3561
3810
3543
3562
3811
3544
3563
3812
3545
3564
3813
3546
3565
3814
3547
3566
3815
3548
3567
3816
3549
3568
3817
3569
3818
4906
3551
3570
3819
3552
3571
3820
3553
3572
3821
3554
3573
3822
3555
3574
3823
3556
3575
3824
3557
3576
3825
3558
3577
3826
3559
3578
3827
3560
3579
3828
3561
3580
3829
3562
3581
3830
3563
3582
3831
3564
3583
3832
3565
3584
3833
3566
3585
3834
3567
3586
3835
3568
3587
3836
3569
3588
3837
3589
3838
4913
3571
3590
3839
3572
3591
3840
3573
3592
3841
3574
3593
3842
3575
3594
3843
3576
3595
3844
3577
3596
3845
3578
3597
3846
3579
3598
3847
3580
3599
3848
3581
3600
3849
3582
3601
3850
3583
3602
3851
3584
3603
3852
3585
3604
3853
3586
3605
3854
3587
3606
3855
3588
3607
3856
3589
3608
3857
3609
3858
4920
3591
3610
3859
3592
3611
3860
3593
3612
3861
3594
3613
3862
3595
3614
3863
3596
3615
3864
3597
3616
3865
3598
3617
3866
3599
3618
3867
3600
3619
3868
3601
3620
3869
3602
3621
3870
3603
3622
3871
3604
3623
3872
3605
3624
3873
3606
3625
3874
3607
3626
3875
3608
3627
3876
3609
3628
3877
3629
3878
4927
3611
3630
3879
3612
3631
3880
3613
3632
3881
3614
3633
3882
3615
3634
3883
3616
3635
3884
3617
3636
3885
3618
3637
3886
3619
3638
3887
3620
3639
3888
3621
3640
3889
3622
3641
3890
3623
3642
3891
3624
3643
3892
3625
3644
3893
3626
3645
3894
3627
3646
3895
3628
3647
3896
3629
3648
3897
3649
3898
4934
3631
3650
3899
3632
3651
3900
3633
3652
3901
3634
3653
3902
3635
3654
3903
3636
3655
3904
3637
3656
3905
3638
3657
3906
3639
3658
3907
3640
3659
3908
3641
3660
3909
3642
3661
3910
3643
3662
3911
3644
3663
3912
3645
3664
3913
3646
3665
3914
3647
3666
3915
3648
3667
3916
3649
3668
3917
3669
3918
4941
3651
3670
3919
3652
3671
3920
3653
3672
3921
3654
3673
3922
3655
3674
3923
3656
3675
3924
3657
3676
3925
3658
3677
3926
3659
3678
3927
3660
3679
3928
3661
3680
3929
3662
3681
3930
3663
3682
3931
3664
3683
3932
3665
3684
3933
3666
3685
3934
3667
3686
3935
3668
3687
3936
3669
3688
3937
3689
3938
4948
3671
3939
3672
3940
3673
3941
3674
3942
3675
3943
3676
3944
3677
3945
3678
3946
3679
3947
3680
3948
3681
3949
3682
3950
3683
3951
3684
3952
3685
3953
3686
3954
3687
3955
3688
3956
3689
3957
3958
4955
3691
3710
3959
3692
3711
3960
3693
3712
3961
3694
3713
3962
3695
3714
3963
3696
3715
3964
3697
3716
3965
3698
3717
3966
3718
3967
4962
3700
3719
3968
3701
3720
3969
3702
3721
3970
3703
3722
3971
3704
3723
3972
3705
3724
3973
3706
3725
3974
3707
3726
3975
3708
3727
3976
3709
3728
3977
3710
3729
3978
3711
3730
3979
3712
3731
3980
3713
3732
3981
3714
3733
3982
3715
3734
3983
3716
3735
3984
3717
3736
3985
3718
3737
3986
3738
3987
4969
3720
3739
3988
3721
3740
3989
3722
3741
3990
3723
3742
3991
3724
3743
3992
3725
3744
3993
3726
3745
3994
3727
3746
3995
3728
3747
3996
3729
3748
3997
3730
3749
3998
3731
3750
3999
3732
3751
4000
3733
3752
4001
3734
3753
4002
3735
3754
4003
3736
3755
4004
3737
3756
4005
3738
3757
4006
3758
4007
4976
3740
3759
4008
3741
3760
4009
3742
3761
4010
3743
3762
4011
3744
3763
4012
3745
3764
4013
3746
3765
4014
3747
3766
4015
3748
3767
4016
3749
3768
4017
3750
3769
4018
3751
3770
4019
3752
3771
4020
3753
3772
4021
3754
3773
4022
3755
3774
4023
3756
3775
4024
3757
3776
4025
3758
3777
4026
3778
4027
4983
3760
3779
4028
3761
3780
4029
3762
3781
4030
3763
3782
4031
3764
3783
4032
3765
3784
4033
3766
3785
4034
3767
3786
4035
3768
3787
4036
3769
3788
4037
3770
3789
4038
3771
3790
4039
3772
3791
4040
3773
3792
4041
3774
3793
4042
3775
3794
4043
3776
3795
4044
3777
3796
4045
3778
3797
4046
3798
4047
4990
3780
3799
4048
3781
3800
4049
3782
3801
4050
3783
3802
4051
3784
3803
4052
3785
3804
4053
3786
3805
4054
3787
3806
4055
3788
3807
4056
3789
3808
4057
3790
3809
4058
3791
3810
4059
3792
3811
4060
3793
3812
4061
3794
3813
4062
3795
3814
4063
3796
3815
4064
3797
3816
4065
3798
3817
4066
3818
4067
4997
3800
3819
4068
3801
3820
4069
3802
3821
4070
3803
3822
4071
3804
3823
4072
3805
3824
4073
3806
3825
4074
3807
3826
4075
3808
3827
4076
3809
3828
4077
3810
3829
4078
3811
3830
4079
3812
3831
4080
3813
3832
4081
3814
3833
4082
3815
3834
4083
3816
3835
4084
3817
3836
4085
3818
3837
4086
3838
4087
5004
3820
3839
4088
3821
3840
4089
3822
3841
4090
3823
3842
4091
3824
3843
4092
3825
3844
4093
3826
3845
4094
3827
3846
4095
3828
3847
4096
3829
3848
4097
3830
3849
4098
3831
3850
4099
3832
3851
4100
3833
3852
4101
3834
3853
4102
3835
3854
4103
3836
3855
4104
3837
3856
4105
3838
3857
4106
3858
4107
5011
3840
3859
4108
3841
3860
4109
3842
3861
4110
3843
3862
4111
3844
3863
4112
3845
3864
4113
3846
3865
4114
3847
3866
4115
3848
3867
4116
3849
3868
4117
3850
3869
4118
3851
3870
4119
3852
3871
4120
3853
3872
4121
3854
3873
4122
3855
3874
4123
3856
3875
4124
3857
3876
4125
3858
3877
4126
3878
4127
5018
3860
3879
4128
3861
3880
4129
3862
3881
4130
3863
3882
4131
3864
3883
4132
3865
3884
4133
3866
3885
4134
3867
3886
4135
3868
3887
4136
3869
3888
4137
3870
3889
4138
3871
3890
4139
3872
3891
4140
3873
3892
4141
3874
3893
4142
3875
3894
4143
3876
3895
4144
3877
3896
4145
3878
3897
4146
3898
4147
5025
3880
3899
4148
3881
3900
4149
3882
3901
4150
3883
3902
4151
3884
3903
4152
3885
3904
4153
3886
3905
4154
3887
3906
4155
3888
3907
4156
3889
3908
4157
3890
3909
4158
3891
3910
4159
3892
3911
4160
3893
3912
4161
3894
3913
4162
3895
3914
4163
3896
3915
4164
3897
3916
4165
3898
3917
4166
3918
4167
5032
3900
3919
4168
3901
3920
4169
3902
3921
4170
3903
3922
4171
3904
3923
4172
3905
3924
4173
3906
3925
4174
3907
3926
4175
3908
3927
4176
3909
3928
4177
3910
3929
4178
3911
3930
4179
3912
3931
4180
3913
3932
4181
3914
3933
4182
3915
3934
4183
3916
3935
4184
3917
3936
4185
3918
3937
4186
3938
4187
5039
3920
3939
4188
3921
3940
4189
3922
3941
4190
3923
3942
4191
3924
3943
4192
3925
3944
4193
3926
3945
4194
3927
3946
4195
3928
3947
4196
3929
3948
4197
3930
3949
4198
3931
3950
4199
3932
3951
4200
3933
3952
4201
3934
3953
4202
3935
3954
4203
3936
3955
4204
3937
3956
4205
3938
3957
4206
3958
4207
5046
3940
4208
3941
4209
3942
4210
3943
4211
3944
4212
3945
4213
3946
4214
3947
4215
3948
4216
3949
4217
3950
4218
3951
4219
3952
4220
3953
4221
3954
4222
3955
4223
3956
4224
3957
4225
3958
4226
4227
5053
3960
3979
4228
3961
3980
4229
3962
3981
4230
3963
3982
4231
3964
3983
4232
3965
3984
4233
3966
3985
4234
3967
3986
4235
3987
4236
5060
3969
3988
4237
3970
3989
4238
3971
3990
4239
3972
3991
4240
3973
3992
4241
3974
3993
4242
3975
3994
4243
3976
3995
4244
3977
3996
4245
3978
3997
4246
3979
3998
4247
3980
3999
4248
3981
4000
4249
3982
4001
4250
3983
4002
4251
3984
4003
4252
3985
4004
4253
3986
4005
4254
3987
4006
4255
4007
4256
5067
3989
4008
4257
3990
4009
4258
3991
4010
4259
3992
4011
4260
3993
4012
4261
3994
4013
4262
3995
4014
4263
3996
4015
4264
3997
4016
4265
3998
4017
4266
3999
4018
4267
4000
4019
4268
4001
4020
4269
4002
4021
4270
4003
4022
4271
4004
4023
4272
4005
4024
4273
4006
4025
4274
4007
4026
4275
4027
4276
5074
4009
4028
4277
4010
4029
4278
4011
4030
4279
4012
4031
4280
4013
4032
4281
4014
4033
4282
4015
4034
4283
4016
4035
4284
4017
4036
4285
4018
4037
4286
4019
4038
4287
4020
4039
4288
4021
4040
4289
4022
4041
4290
4023
4042
4291
4024
4043
4292
4025
4044
4293
4026
4045
4294
4027
4046
4295
4047
4296
5081
4029
4048
4297
4030
4049
4298
4031
4050
4299
4032
4051
4300
4033
4052
4301
4034
4053
4302
4035
4054
4303
4036
4055
4304
4037
4056
4305
4038
4057
4306
4039
4058
4307
4040
4059
4308
4041
4060
4309
4042
4061
4310
4043
4062
4311
4044
4063
4312
4045
4064
4313
4046
4065
4314
4047
4066
4315
4067
4316
5088
4049
4068
4317
4050
4069
4318
4051
4070
4319
4052
4071
4320
4053
4072
4321
4054
4073
4322
4055
4074
4323
4056
4075
4324
4057
4076
4325
4058
4077
4326
4059
4078
4327
4060
4079
4328
4061
4080
4329
4062
4081
4330
4063
4082
4331
4064
4083
4332
4065
4084
4333
4066
4085
4334
4067
4086
4335
4087
4336
5095
4069
4088
4337
4070
4089
4338
4071
4090
4339
4072
4091
4340
4073
4092
4341
4074
4093
4342
4075
4094
4343
4076
4095
4344
4077
4096
4345
4078
4097
4346
4079
4098
4347
4080
4099
4348
4081
4100
4349
4082
4101
4350
4083
4102
4351
4084
4103
4352
4085
4104
4353
4086
4105
4354
4087
4106
4355
4107
4356
5102
4089
4108
4357
4090
4109
4358
4091
4110
4359
4092
4111
4360
4093
4112
4361
4094
4113
4362
4095
4114
4363
4096
4115
4364
4097
4116
4365
4098
4117
4366
4099
4118
4367
4100
4119
4368
4101
4120
4369
4102
4121
4370
4103
4122
4371
4104
4123
4372
4105
4124
4373
4106
4125
4374
4107
4126
4375
4127
4376
5109
4109
4128
4377
4110
4129
4378
4111
4130
4379
4112
4131
4380
4113
4132
4381
4114
4133
4382
4115
4134
4383
4116
4135
4384
4117
4136
4385
4118
4137
4386
4119
4138
4387
4120
4139
4388
4121
4140
4389
4122
4141
4390
4123
4142
4391
4124
4143
4392
4125
4144
4393
4126
4145
4394
4127
4146
4395
4147
4396
5116
4129
4148
4397
4130
4149
4398
4131
4150
4399
4132
4151
4400
4133
4152
4401
4134
4153
4402
4135
4154
4403
4136
4155
4404
4137
4156
4405
4138
4157
4406
4139
4158
4407
4140
4159
4408
4141
4160
4409
4142
4161
4410
4143
4162
4411
4144
4163
4412
4145
4164
4413
4146
4165
4414
4147
4166
4415
4167
4416
5123
4149
4168
4417
4150
4169
4418
4151
4170
4419
4152
4171
4420
4153
4172
4421
4154
4173
4422
4155
4174
4423
4156
4175
4424
4157
4176
4425
4158
4177
4426
4159
4178
4427
4160
4179
4428
4161
4180
4429
4162
4181
4430
4163
4182
4431
4164
4183
4432
4165
4184
4433
4166
4185
4434
4167
4186
4435
4187
4436
5130
4169
4188
4437
4170
4189
4438
4171
4190
4439
4172
4191
4440
4173
4192
4441
4174
4193
4442
4175
4194
4443
4176
4195
4444
4177
4196
4445
4178
4197
4446
4179
4198
4447
4180
4199
4448
4181
4200
4449
4182
4201
4450
4183
4202
4451
4184
4203
4452
4185
4204
4453
4186
4205
4454
4187
4206
4455
4207
4456
5137
4189
4208
4457
4190
4209
4458
4191
4210
4459
4192
4211
4460
4193
4212
4461
4194
4213
4462
4195
4214
4463
4196
4215
4464
4197
4216
4465
4198
4217
4466
4199
4218
4467
4200
4219
4468
4201
4220
4469
4202
4221
4470
4203
4222
4471
4204
4223
4472
4205
4224
4473
4206
4225
4474
4207
4226
4475
4227
4476
5144
4209
4477
4210
4478
4211
4479
4212
4480
4213
4481
4214
4482
4215
4483
4216
4484
4217
4485
4218
4486
4219
4487
4220
4488
4221
4489
4222
4490
4223
4491
4224
4492
4225
4493
4226
4494
4227
4495
4496
5151
4229
4248
4497
4230
4249
4498
4231
4250
4499
4232
4251
4500
4233
4252
4501
4234
4253
4502
4235
4254
4503
4236
4255
4504
4256
4505
5158
4238
4257
4506
4239
4258
4507
4240
4259
4508
4241
4260
4509
4242
4261
4510
4243
4262
4511
4244
4263
4512
4245
4264
4513
4246
4265
4514
4247
4266
4515
4248
4267
4516
4249
4268
4517
4250
4269
4518
4251
4270
4519
4252
4271
4520
4253
4272
4521
4254
4273
4522
4255
4274
4523
4256
4275
4524
4276
4525
5165
4258
4277
4526
4259
4278
4527
4260
4279
4528
4261
4280
4529
4262
4281
4530
4263
4282
4531
4264
4283
4532
4265
4284
4533
4266
4285
4534
4267
4286
4535
4268
4287
4536
4269
4288
4537
4270
4289
4538
4271
4290
4539
4272
4291
4540
4273
4292
4541
4274
4293
4542
4275
4294
4543
4276
4295
4544
4296
4545
5172
4278
4297
4546
4279
4298
4547
4280
4299
4548
4281
4300
4549
4282
4301
4550
4283
4302
4551
4284
4303
4552
4285
4304
4553
4286
4305
4554
4287
4306
4555
4288
4307
4556
4289
4308
4557
4290
4309
4558
4291
4310
4559
4292
4311
4560
4293
4312
4561
4294
4313
4562
4295
4314
4563
4296
4315
4564
4316
4565
5179
4298
4317
4566
4299
4318
4567
4300
4319
4568
4301
4320
4569
4302
4321
4570
4303
4322
4571
4304
4323
4572
4305
4324
4573
4306
4325
4574
4307
4326
4575
4308
4327
4576
4309
4328
4577
4310
4329
4578
4311
4330
4579
4312
4331
4580
4313
4332
4581
4314
4333
4582
4315
4334
4583
4316
4335
4584
4336
4585
5186
4318
4337
4586
4319
4338
4587
4320
4339
4588
4321
4340
4589
4322
4341
4590
4323
4342
4591
4324
4343
4592
4325
4344
4593
4326
4345
4594
4327
4346
4595
4328
4347
4596
4329
4348
4597
4330
4349
4598
4331
4350
4599
4332
4351
4600
4333
4352
4601
4334
4353
4602
4335
4354
4603
4336
4355
4604
4356
4605
5193
4338
4357
4606
4339
4358
4607
4340
4359
4608
4341
4360
4609
4342
4361
4610
4343
4362
4611
4344
4363
4612
4345
4364
4613
4346
4365
4614
4347
4366
4615
4348
4367
4616
4349
4368
4617
4350
4369
4618
4351
4370
4619
4352
4371
4620
4353
4372
4621
4354
4373
4622
4355
4374
4623
4356
4375
4624
4376
4625
5200
4358
4377
4626
4359
4378
4627
4360
4379
4628
4361
4380
4629
4362
4381
4630
4363
4382
4631
4364
4383
4632
4365
4384
4633
4366
4385
4634
4367
4386
4635
4368
4387
4636
4369
4388
4637
4370
4389
4638
4371
4390
4639
4372
4391
4640
4373
4392
4641
4374
4393
4642
4375
4394
4643
4376
4395
4644
4396
4645
5207
4378
4397
4646
4379
4398
4647
4380
4399
4648
4381
4400
4649
4382
4401
4650
4383
4402
4651
4384
4403
4652
4385
4404
4653
4386
4405
4654
4387
4406
4655
4388
4407
4656
4389
4408
4657
4390
4409
4658
4391
4410
4659
4392
4411
4660
4393
4412
4661
4394
4413
4662
4395
4414
4663
4396
4415
4664
4416
4665
5214
4398
4417
4666
4399
4418
4667
4400
4419
4668
4401
4420
4669
4402
4421
4670
4403
4422
4671
4404
4423
4672
4405
4424
4673
4406
4425
4674
4407
4426
4675
4408
4427
4676
4409
4428
4677
4410
4429
4678
4411
4430
4679
4412
4431
4680
4413
4432
4681
4414
4433
4682
4415
4434
4683
4416
4435
4684
4436
4685
5221
4418
4437
4686
4419
4438
4687
4420
4439
4688
4421
4440
4689
4422
4441
4690
4423
4442
4691
4424
4443
4692
4425
4444
4693
4426
4445
4694
4427
4446
4695
4428
4447
4696
4429
4448
4697
4430
4449
4698
4431
4450
4699
4432
4451
4700
4433
4452
4701
4434
4453
4702
4435
4454
4703
4436
4455
4704
4456
4705
5228
4438
4457
4706
4439
4458
4707
4440
4459
4708
4441
4460
4709
4442
4461
4710
4443
4462
4711
4444
4463
4712
4445
4464
4713
4446
4465
4714
4447
4466
4715
4448
4467
4716
4449
4468
4717
4450
4469
4718
4451
4470
4719
4452
4471
4720
4453
4472
4721
4454
4473
4722
4455
4474
4723
4456
4475
4724
4476
4725
5235
4458
4477
4726
4459
4478
4727
4460
4479
4728
4461
4480
4729
4462
4481
4730
4463
4482
4731
4464
4483
4732
4465
4484
4733
4466
4485
4734
4467
4486
4735
4468
4487
4736
4469
4488
4737
4470
4489
4738
4471
4490
4739
4472
4491
4740
4473
4492
4741
4474
4493
4742
4475
4494
4743
4476
4495
4744
4496
4745
5242
4478
4746
4479
4747
4480
4748
4481
4749
4482
4750
4483
4751
4484
4752
4485
4753
4486
4754
4487
4755
4488
4756
4489
4757
4490
4758
4491
4759
4492
4760
4493
4761
4494
4762
4495
4763
4496
4764
4765
5249
4498
4517
4499
4518
4500
4519
4501
4520
4502
4521
4503
4522
4504
4523
4505
4524
4525
5256
4507
4526
4508
4527
4509
4528
4510
4529
4511
4530
4512
4531
4513
4532
4514
4533
4515
4534
4516
4535
4517
4536
4518
4537
4519
4538
4520
4539
4521
4540
4522
4541
4523
4542
4524
4543
4525
4544
4545
5263
4527
4546
4528
4547
4529
4548
4530
4549
4531
4550
4532
4551
4533
4552
4534
4553
4535
4554
4536
4555
4537
4556
4538
4557
4539
4558
4540
4559
4541
4560
4542
4561
4543
4562
4544
4563
4545
4564
4565
5270
4547
4566
4548
4567
4549
4568
4550
4569
4551
4570
4552
4571
4553
4572
4554
4573
4555
4574
4556
4575
4557
4576
4558
4577
4559
4578
4560
4579
4561
4580
4562
4581
4563
4582
4564
4583
4565
4584
4585
5277
4567
4586
4568
4587
4569
4588
4570
4589
4571
4590
4572
4591
4573
4592
4574
4593
4575
4594
4576
4595
4577
4596
4578
4597
4579
4598
4580
4599
4581
4600
4582
4601
4583
4602
4584
4603
4585
4604
4605
5284
4587
4606
4588
4607
4589
4608
4590
4609
4591
4610
4592
4611
4593
4612
4594
4613
4595
4614
4596
4615
4597
4616
4598
4617
4599
4618
4600
4619
4601
4620
4602
4621
4603
4622
4604
4623
4605
4624
4625
5291
4607
4626
4608
4627
4609
4628
4610
4629
4611
4630
4612
4631
4613
4632
4614
4633
4615
4634
4616
4635
4617
4636
4618
4637
4619
4638
4620
4639
4621
4640
4622
4641
4623
4642
4624
4643
4625
4644
4645
5298
4627
4646
4628
4647
4629
4648
4630
4649
4631
4650
4632
4651
4633
4652
4634
4653
4635
4654
4636
4655
4637
4656
4638
4657
4639
4658
4640
4659
4641
4660
4642
4661
4643
4662
4644
4663
4645
4664
4665
5305
4647
4666
4648
4667
4649
4668
4650
4669
4651
4670
4652
4671
4653
4672
4654
4673
4655
4674
4656
4675
4657
4676
4658
4677
4659
4678
4660
4679
4661
4680
4662
4681
4663
4682
4664
4683
4665
4684
4685
5312
4667
4686
4668
4687
4669
4688
4670
4689
4671
4690
4672
4691
4673
4692
4674
4693
4675
4694
4676
4695
4677
4696
4678
4697
4679
4698
4680
4699
4681
4700
4682
4701
4683
4702
4684
4703
4685
4704
4705
5319
4687
4706
4688
4707
4689
4708
4690
4709
4691
4710
4692
4711
4693
4712
4694
4713
4695
4714
4696
4715
4697
4716
4698
4717
4699
4718
4700
4719
4701
4720
4702
4721
4703
4722
4704
4723
4705
4724
4725
5326
4707
4726
4708
4727
4709
4728
4710
4729
4711
4730
4712
4731
4713
4732
4714
4733
4715
4734
4716
4735
4717
4736
4718
4737
4719
4738
4720
4739
4721
4740
4722
4741
4723
4742
4724
4743
4725
4744
4745
5333
4727
4746
4728
4747
4729
4748
4730
4749
4731
4750
4732
4751
4733
4752
4734
4753
4735
4754
4736
4755
4737
4756
4738
4757
4739
4758
4740
4759
4741
4760
4742
4761
4743
4762
4744
4763
4745
4764
4765
5340
4747
4748
4749
4750
4751
4752
4753
4754
4755
4756
4757
4758
4759
4760
4761
4762
4763
4764
4765
5347
4767
4773
4864
4768
4774
4865
4769
4775
4866
4770
4776
4867
4771
4777
4868
4772
4778
4869
4779
4870
4774
4780
4871
4775
4781
4872
4776
4782
4873
4777
4783
4874
4778
4784
4875
4779
4785
4876
4786
4877
4781
4787
4878
4782
4788
4879
4783
4789
4880
4784
4790
4881
4785
4791
4882
4786
4792
4883
4793
4884
4788
4794
4885
4789
4795
4886
4790
4796
4887
4791
4797
4888
4792
4798
4889
4793
4799
4890
4800
4891
4795
4801
4892
4796
4802
4893
4797
4803
4894
4798
4804
4895
4799
4805
4896
4800
4806
4897
4807
4898
4802
4808
4899
4803
4809
4900
4804
4810
4901
4805
4811
4902
4806
4812
4903
4807
4813
4904
4814
4905
4809
4815
4906
4810
4816
4907
4811
4817
4908
4812
4818
4909
4813
4819
4910
4814
4820
4911
4821
4912
4816
4822
4913
4817
4823
4914
4818
4824
4915
4819
4825
4916
4820
4826
4917
4821
4827
4918
4828
4919
4823
4829
4920
4824
4830
4921
4825
4831
4922
4826
4832
4923
4827
4833
4924
4828
4834
4925
4835
4926
4830
4836
4927
4831
4837
4928
4832
4838
4929
4833
4839
4930
4834
4840
4931
4835
4841
4932
4842
4933
4837
4843
4934
4838
4844
4935
4839
4845
4936
4840
4846
4937
4841
4847
4938
4842
4848
4939
4849
4940
4844
4850
4941
4845
4851
4942
4846
4852
4943
4847
4853
4944
4848
4854
4945
4849
4855
4946
4856
4947
4851
4857
4948
4852
4858
4949
4853
4859
4950
4854
4860
4951
4855
4861
4952
4856
4862
4953
4863
4954
4858
4955
4859
4956
4860
4957
4861
4958
4862
4959
4863
4960
4961
4865
4871
4962
4866
4872
4963
4867
4873
4964
4868
4874
4965
4869
4875
4966
4870
4876
4967
4877
4968
4872
4878
4969
4873
4879
4970
4874
4880
4971
4875
4881
4972
4876
4882
4973
4877
4883
4974
4884
4975
4879
4885
4976
4880
4886
4977
4881
4887
4978
4882
4888
4979
4883
4889
4980
4884
4890
4981
4891
4982
4886
4892
4983
4887
4893
4984
4888
4894
4985
4889
4895
4986
4890
4896
4987
4891
4897
4988
4898
4989
4893
4899
4990
4894
4900
4991
4895
4901
4992
4896
4902
4993
4897
4903
4994
4898
4904
4995
4905
4996
4900
4906
4997
4901
4907
4998
4902
4908
4999
4903
4909
5000
4904
4910
5001
4905
4911
5002
4912
5003
4907
4913
5004
4908
4914
5005
4909
4915
5006
4910
4916
5007
4911
4917
5008
4912
4918
5009
4919
5010
4914
4920
5011
4915
4921
5012
4916
4922
5013
4917
4923
5014
4918
4924
5015
4919
4925
5016
4926
5017
4921
4927
5018
4922
4928
5019
4923
4929
5020
4924
4930
5021
4925
4931
5022
4926
4932
5023
4933
5024
4928
4934
5025
4929
4935
5026
4930
4936
5027
4931
4937
5028
4932
4938
5029
4933
4939
5030
4940
5031
4935
4941
5032
4936
4942
5033
4937
4943
5034
4938
4944
5035
4939
4945
5036
4940
4946
5037
4947
5038
4942
4948
5039
4943
4949
5040
4944
4950
5041
4945
4951
5042
4946
4952
5043
4947
4953
5044
4954
5045
4949
4955
5046
4950
4956
5047
4951
4957
5048
4952
4958
5049
4953
4959
5050
4954
4960
5051
4961
5052
4956
5053
4957
5054
4958
5055
4959
5056
4960
5057
4961
5058
5059
4963
4969
5060
4964
4970
5061
4965
4971
5062
4966
4972
5063
4967
4973
5064
4968
4974
5065
4975
5066
4970
4976
5067
4971
4977
5068
4972
4978
5069
4973
4979
5070
4974
4980
5071
4975
4981
5072
4982
5073
4977
4983
5074
4978
4984
5075
4979
4985
5076
4980
4986
5077
4981
4987
5078
4982
4988
5079
4989
5080
4984
4990
5081
4985
4991
5082
4986
4992
5083
4987
4993
5084
4988
4994
5085
4989
4995
5086
4996
5087
4991
4997
5088
4992
4998
5089
4993
4999
5090
4994
5000
5091
4995
5001
5092
4996
5002
5093
5003
5094
4998
5004
5095
4999
5005
5096
5000
5006
5097
5001
5007
5098
5002
5008
5099
5003
5009
5100
5010
5101
5005
5011
5102
5006
5012
5103
5007
5013
5104
5008
5014
5105
5009
5015
5106
5010
5016
5107
5017
5108
5012
5018
5109
5013
5019
5110
5014
5020
5111
5015
5021
5112
5016
5022
5113
5017
5023
5114
5024
5115
5019
5025
5116
5020
5026
5117
5021
5027
5118
5022
5028
5119
5023
5029
5120
5024
5030
5121
5031
5122
5026
5032
5123
5027
5033
5124
5028
5034
5125
5029
5035
5126
5030
5036
5127
5031
5037
5128
5038
5129
5033
5039
5130
5034
5040
5131
5035
5041
5132
5036
5042
5133
5037
5043
5134
5038
5044
5135
5045
5136
5040
5046
5137
5041
5047
5138
5042
5048
5139
5043
5049
5140
5044
5050
5141
5045
5051
5142
5052
5143
5047
5053
5144
5048
5054
5145
5049
5055
5146
5050
5056
5147
5051
5057
5148
5052
5058
5149
5059
5150
5054
5151
5055
5152
5056
5153
5057
5154
5058
5155
5059
5156
5157
5061
5067
5158
5062
5068
5159
5063
5069
5160
5064
5070
5161
5065
5071
5162
5066
5072
5163
5073
5164
5068
5074
5165
5069
5075
5166
5070
5076
5167
5071
5077
5168
5072
5078
5169
5073
5079
5170
5080
5171
5075
5081
5172
5076
5082
5173
5077
5083
5174
5078
5084
5175
5079
5085
5176
5080
5086
5177
5087
5178
5082
5088
5179
5083
5089
5180
5084
5090
5181
5085
5091
5182
5086
5092
5183
5087
5093
5184
5094
5185
5089
5095
5186
5090
5096
5187
5091
5097
5188
5092
5098
5189
5093
5099
5190
5094
5100
5191
5101
5192
5096
5102
5193
5097
5103
5194
5098
5104
5195
5099
5105
5196
5100
5106
5197
5101
5107
5198
5108
5199
5103
5109
5200
5104
5110
5201
5105
5111
5202
5106
5112
5203
5107
5113
5204
5108
5114
5205
5115
5206
5110
5116
5207
5111
5117
5208
5112
5118
5209
5113
5119
5210
5114
5120
5211
5115
5121
5212
5122
5213
5117
5123
5214
5118
5124
5215
5119
5125
5216
5120
5126
5217
5121
5127
5218
5122
5128
5219
5129
5220
5124
5130
5221
5125
5131
5222
5126
5132
5223
5127
5133
5224
5128
5134
5225
5129
5135
5226
5136
5227
5131
5137
5228
5132
5138
5229
5133
5139
5230
5134
5140
5231
5135
5141
5232
5136
5142
5233
5143
5234
5138
5144
5235
5139
5145
5236
5140
5146
5237
5141
5147
5238
5142
5148
5239
5143
5149
5240
5150
5241
5145
5151
5242
5146
5152
5243
5147
5153
5244
5148
5154
5245
5149
5155
5246
5150
5156
5247
5157
5248
5152
5249
5153
5250
5154
5251
5155
5252
5156
5253
5157
5254
5255
5159
5165
5256
5160
5166
5257
5161
5167
5258
5162
5168
5259
5163
5169
5260
5164
5170
5261
5171
5262
5166
5172
5263
5167
5173
5264
5168
5174
5265
5169
5175
5266
5170
5176
5267
5171
5177
5268
5178
5269
5173
5179
5270
5174
5180
5271
5175
5181
5272
5176
5182
5273
5177
5183
5274
5178
5184
5275
5185
5276
5180
5186
5277
5181
5187
5278
5182
5188
5279
5183
5189
5280
5184
5190
5281
5185
5191
5282
5192
5283
5187
5193
5284
5188
5194
5285
5189
5195
5286
5190
5196
5287
5191
5197
5288
5192
5198
5289
5199
5290
5194
5200
5291
5195
5201
5292
5196
5202
5293
5197
5203
5294
5198
5204
5295
5199
5205
5296
5206
5297
5201
5207
5298
5202
5208
5299
5203
5209
5300
5204
5210
5301
5205
5211
5302
5206
5212
5303
5213
5304
5208
5214
5305
5209
5215
5306
5210
5216
5307
5211
5217
5308
5212
5218
5309
5213
5219
5310
5220
5311
5215
5221
5312
5216
5222
5313
5217
5223
5314
5218
5224
5315
5219
5225
5316
5220
5226
5317
5227
5318
5222
5228
5319
5223
5229
5320
5224
5230
5321
5225
5231
5322
5226
5232
5323
5227
5233
5324
5234
5325
5229
5235
5326
5230
5236
5327
5231
5237
5328
5232
5238
5329
5233
5239
5330
5234
5240
5331
5241
5332
5236
5242
5333
5237
5243
5334
5238
5244
5335
5239
5245
5336
5240
5246
5337
5241
5247
5338
5248
5339
5243
5249
5340
5244
5250
5341
5245
5251
5342
5246
5252
5343
5247
5253
5344
5248
5254
5345
5255
5346
5250
5347
5251
5348
5252
5349
5253
5350
5254
5351
5255
5352
5353
5257
5263
5258
5264
5259
5265
5260
5266
5261
5267
5262
5268
5269
5264
5270
5265
5271
5266
5272
5267
5273
5268
5274
5269
5275
5276
5271
5277
5272
5278
5273
5279
5274
5280
5275
5281
5276
5282
5283
5278
5284
5279
5285
5280
5286
5281
5287
5282
5288
5283
5289
5290
5285
5291
5286
5292
5287
5293
5288
5294
5289
5295
5290
5296
5297
5292
5298
5293
5299
5294
5300
5295
5301
5296
5302
5297
5303
5304
5299
5305
5300
5306
5301
5307
5302
5308
5303
5309
5304
5310
5311
5306
5312
5307
5313
5308
5314
5309
5315
5310
5316
5311
5317
5318
5313
5319
5314
5320
5315
5321
5316
5322
5317
5323
5318
5324
5325
5320
5326
5321
5327
5322
5328
5323
5329
5324
5330
5325
5331
5332
5327
5333
5328
5334
5329
5335
5330
5336
5331
5337
5332
5338
5339
5334
5340
5335
5341
5336
5342
5337
5343
5338
5344
5339
5345
5346
5341
5347
5342
5348
5343
5349
5344
5350
5345
5351
5346
5352
5353
5348
5349
5350
5351
5352
5353
)


// ************************************************************************* //
