/*--------------------------------*- C++ -*----------------------------------*\
| =========                 |                                                 |
| \\      /  F ield         | OpenFOAM: The Open Source CFD Toolbox           |
|  \\    /   O peration     | Version:  2406                                  |
|   \\  /    A nd           | Website:  www.openfoam.com                      |
|    \\/     M anipulation  |                                                 |
\*---------------------------------------------------------------------------*/
FoamFile
{
    version     2.0;
    format      ascii;
    arch        "LSB;label=32;scalar=64";
    class       labelList;
    location    "constant/polyMesh";
    object      pointProcAddressing;
}
// * * * * * * * * * * * * * * * * * * * * * * * * * * * * * * * * * * * * * //


6441
(
7285
7286
7306
7307
7327
7328
7348
7349
7369
7370
7390
7391
7411
7412
7432
7433
7453
7454
7474
7475
7495
7496
7516
7517
7537
7538
7558
7559
7579
7580
7600
7601
7621
7622
7974
7975
7976
7977
7978
7979
7995
7996
7997
7998
7999
8000
8016
8017
8018
8019
8020
8021
8037
8038
8039
8040
8041
8042
8058
8059
8060
8061
8062
8063
8079
8080
8081
8082
8083
8084
8100
8101
8102
8103
8104
8105
8121
8122
8123
8124
8125
8126
8142
8143
8144
8145
8146
8147
8163
8164
8165
8166
8167
8168
8184
8185
8186
8187
8188
8189
8205
8206
8207
8208
8209
8210
8226
8227
8228
8229
8230
8231
8247
8248
8249
8250
8251
8252
8268
8269
8270
8271
8272
8273
8289
8290
8291
8292
8293
8294
8310
8311
8312
8313
8314
8315
8667
8668
8669
8670
8671
8672
8688
8689
8690
8691
8692
8693
8709
8710
8711
8712
8713
8714
8730
8731
8732
8733
8734
8735
8751
8752
8753
8754
8755
8756
8772
8773
8774
8775
8776
8777
8793
8794
8795
8796
8797
8798
8814
8815
8816
8817
8818
8819
8835
8836
8837
8838
8839
8840
8856
8857
8858
8859
8860
8861
8877
8878
8879
8880
8881
8882
8898
8899
8900
8901
8902
8903
8919
8920
8921
8922
8923
8924
8940
8941
8942
8943
8944
8945
8961
8962
8963
8964
8965
8966
8982
8983
8984
8985
8986
8987
9003
9004
9005
9006
9007
9008
9360
9361
9362
9363
9364
9365
9381
9382
9383
9384
9385
9386
9400
9401
9402
9403
9404
9405
9406
9407
9421
9422
9423
9424
9425
9426
9427
9428
9442
9443
9444
9445
9446
9447
9448
9449
9463
9464
9465
9466
9467
9468
9469
9470
9484
9485
9486
9487
9488
9489
9490
9491
9505
9506
9507
9508
9509
9510
9511
9512
9526
9527
9528
9529
9530
9531
9532
9533
9547
9548
9549
9550
9551
9552
9553
9554
9568
9569
9570
9571
9572
9573
9574
9575
9589
9590
9591
9592
9593
9594
9595
9596
9610
9611
9612
9613
9614
9615
9616
9617
9631
9632
9633
9634
9635
9636
9637
9638
9652
9653
9654
9655
9656
9657
9658
9659
9673
9674
9675
9676
9677
9678
9679
9680
9694
9695
9696
9697
9698
9699
9700
9701
10053
10054
10055
10056
10057
10058
10074
10075
10076
10077
10078
10079
10091
10092
10093
10094
10095
10096
10097
10098
10099
10100
10101
10102
10103
10104
10105
10106
10107
10108
10109
10110
10111
10112
10113
10114
10115
10116
10117
10118
10119
10120
10121
10122
10123
10124
10125
10126
10127
10128
10129
10130
10131
10132
10133
10134
10135
10136
10137
10138
10139
10140
10141
10142
10143
10144
10145
10146
10147
10148
10149
10150
10151
10152
10153
10154
10155
10156
10157
10158
10159
10160
10161
10162
10163
10164
10165
10166
10167
10168
10169
10170
10171
10172
10173
10174
10175
10176
10177
10178
10179
10180
10181
10182
10183
10184
10185
10186
10187
10188
10189
10190
10191
10192
10193
10194
10195
10196
10197
10198
10199
10200
10201
10202
10203
10204
10205
10206
10207
10208
10209
10210
10211
10212
10213
10214
10215
10216
10217
10218
10219
10220
10221
10222
10223
10224
10225
10226
10227
10228
10229
10230
10231
10232
10233
10234
10235
10236
10237
10238
10239
10240
10241
10242
10243
10244
10245
10246
10247
10248
10249
10250
10251
10252
10253
10254
10255
10256
10257
10258
10259
10260
10261
10262
10263
10264
10265
10266
10267
10268
10269
10270
10271
10272
10273
10274
10275
10276
10277
10278
10279
10280
10281
10282
10283
10284
10285
10286
10287
10288
10289
10290
10291
10292
10293
10294
10295
10296
10297
10298
10299
10300
10301
10302
10303
10304
10305
10306
10307
10308
10309
10310
10311
10312
10313
10314
10315
10316
10317
10318
10319
10320
10321
10322
10323
10324
10325
10326
10327
10328
10329
10330
10331
10332
10333
10334
10335
10336
10337
10338
10339
10340
10341
10342
10343
10344
10345
10346
10347
10348
10349
10350
10351
10352
10353
10354
10355
10356
10357
10358
10359
10360
10361
10362
10363
10364
10365
10366
10367
10368
10369
10370
10371
10372
10373
10374
10375
10376
10377
10378
10379
10380
10381
10382
10383
10384
10385
10386
10387
10388
10389
10390
10391
10392
10393
10394
10746
10747
10748
10749
10750
10751
10767
10768
10769
10770
10771
10772
10784
10785
10786
10787
10788
10789
10790
10791
10792
10793
10794
10795
10796
10797
10798
10799
10800
10801
10802
10803
10804
10805
10806
10807
10808
10809
10810
10811
10812
10813
10814
10815
10816
10817
10818
10819
10820
10821
10822
10823
10824
10825
10826
10827
10828
10829
10830
10831
10832
10833
10834
10835
10836
10837
10838
10839
10840
10841
10842
10843
10844
10845
10846
10847
10848
10849
10850
10851
10852
10853
10854
10855
10856
10857
10858
10859
10860
10861
10862
10863
10864
10865
10866
10867
10868
10869
10870
10871
10872
10873
10874
10875
10876
10877
10878
10879
10880
10881
10882
10883
10884
10885
10886
10887
10888
10889
10890
10891
10892
10893
10894
10895
10896
10897
10898
10899
10900
10901
10902
10903
10904
10905
10906
10907
10908
10909
10910
10911
10912
10913
10914
10915
10916
10917
10918
10919
10920
10921
10922
10923
10924
10925
10926
10927
10928
10929
10930
10931
10932
10933
10934
10935
10936
10937
10938
10939
10940
10941
10942
10943
10944
10945
10946
10947
10948
10949
10950
10951
10952
10953
10954
10955
10956
10957
10958
10959
10960
10961
10962
10963
10964
10965
10966
10967
10968
10969
10970
10971
10972
10973
10974
10975
10976
10977
10978
10979
10980
10981
10982
10983
10984
10985
10986
10987
10988
10989
10990
10991
10992
10993
10994
10995
10996
10997
10998
10999
11000
11001
11002
11003
11004
11005
11006
11007
11008
11009
11010
11011
11012
11013
11014
11015
11016
11017
11018
11019
11020
11021
11022
11023
11024
11025
11026
11027
11028
11029
11030
11031
11032
11033
11034
11035
11036
11037
11038
11039
11040
11041
11042
11043
11044
11045
11046
11047
11048
11049
11050
11051
11052
11053
11054
11055
11056
11057
11058
11059
11060
11061
11062
11063
11064
11065
11066
11067
11068
11069
11070
11071
11072
11073
11074
11075
11076
11077
11078
11079
11080
11081
11082
11083
11084
11085
11086
11087
11439
11440
11441
11442
11443
11444
11460
11461
11462
11463
11464
11465
11477
11478
11479
11480
11481
11482
11483
11484
11485
11486
11487
11488
11489
11490
11491
11492
11493
11494
11495
11496
11497
11498
11499
11500
11501
11502
11503
11504
11505
11506
11507
11508
11509
11510
11511
11512
11513
11514
11515
11516
11517
11518
11519
11520
11521
11522
11523
11524
11525
11526
11527
11528
11529
11530
11531
11532
11533
11534
11535
11536
11537
11538
11539
11540
11541
11542
11543
11544
11545
11546
11547
11548
11549
11550
11551
11552
11553
11554
11555
11556
11557
11558
11559
11560
11561
11562
11563
11564
11565
11566
11567
11568
11569
11570
11571
11572
11573
11574
11575
11576
11577
11578
11579
11580
11581
11582
11583
11584
11585
11586
11587
11588
11589
11590
11591
11592
11593
11594
11595
11596
11597
11598
11599
11600
11601
11602
11603
11604
11605
11606
11607
11608
11609
11610
11611
11612
11613
11614
11615
11616
11617
11618
11619
11620
11621
11622
11623
11624
11625
11626
11627
11628
11629
11630
11631
11632
11633
11634
11635
11636
11637
11638
11639
11640
11641
11642
11643
11644
11645
11646
11647
11648
11649
11650
11651
11652
11653
11654
11655
11656
11657
11658
11659
11660
11661
11662
11663
11664
11665
11666
11667
11668
11669
11670
11671
11672
11673
11674
11675
11676
11677
11678
11679
11680
11681
11682
11683
11684
11685
11686
11687
11688
11689
11690
11691
11692
11693
11694
11695
11696
11697
11698
11699
11700
11701
11702
11703
11704
11705
11706
11707
11708
11709
11710
11711
11712
11713
11714
11715
11716
11717
11718
11719
11720
11721
11722
11723
11724
11725
11726
11727
11728
11729
11730
11731
11732
11733
11734
11735
11736
11737
11738
11739
11740
11741
11742
11743
11744
11745
11746
11747
11748
11749
11750
11751
11752
11753
11754
11755
11756
11757
11758
11759
11760
11761
11762
11763
11764
11765
11766
11767
11768
11769
11770
11771
11772
11773
11774
11775
11776
11777
11778
11779
11780
12132
12133
12134
12135
12136
12137
12153
12154
12155
12156
12157
12158
12170
12171
12172
12173
12174
12175
12176
12177
12178
12179
12180
12181
12182
12183
12184
12185
12186
12187
12188
12189
12190
12191
12192
12193
12194
12195
12196
12197
12198
12199
12200
12201
12202
12203
12204
12205
12206
12207
12208
12209
12210
12211
12212
12213
12214
12215
12216
12217
12218
12219
12220
12221
12222
12223
12224
12225
12226
12227
12228
12229
12230
12231
12232
12233
12234
12235
12236
12237
12238
12239
12240
12241
12242
12243
12244
12245
12246
12247
12248
12249
12250
12251
12252
12253
12254
12255
12256
12257
12258
12259
12260
12261
12262
12263
12264
12265
12266
12267
12268
12269
12270
12271
12272
12273
12274
12275
12276
12277
12278
12279
12280
12281
12282
12283
12284
12285
12286
12287
12288
12289
12290
12291
12292
12293
12294
12295
12296
12297
12298
12299
12300
12301
12302
12303
12304
12305
12306
12307
12308
12309
12310
12311
12312
12313
12314
12315
12316
12317
12318
12319
12320
12321
12322
12323
12324
12325
12326
12327
12328
12329
12330
12331
12332
12333
12334
12335
12336
12337
12338
12339
12340
12341
12342
12343
12344
12345
12346
12347
12348
12349
12350
12351
12352
12353
12354
12355
12356
12357
12358
12359
12360
12361
12362
12363
12364
12365
12366
12367
12368
12369
12370
12371
12372
12373
12374
12375
12376
12377
12378
12379
12380
12381
12382
12383
12384
12385
12386
12387
12388
12389
12390
12391
12392
12393
12394
12395
12396
12397
12398
12399
12400
12401
12402
12403
12404
12405
12406
12407
12408
12409
12410
12411
12412
12413
12414
12415
12416
12417
12418
12419
12420
12421
12422
12423
12424
12425
12426
12427
12428
12429
12430
12431
12432
12433
12434
12435
12436
12437
12438
12439
12440
12441
12442
12443
12444
12445
12446
12447
12448
12449
12450
12451
12452
12453
12454
12455
12456
12457
12458
12459
12460
12461
12462
12463
12464
12465
12466
12467
12468
12469
12470
12471
12472
12473
12828
12829
12830
12846
12847
12848
12849
12850
12851
12863
12864
12865
12866
12867
12868
12869
12870
12871
12872
12873
12874
12875
12876
12877
12878
12879
12880
12881
12882
12883
12884
12885
12886
12887
12888
12889
12890
12891
12892
12893
12894
12895
12896
12897
12898
12899
12900
12901
12902
12903
12904
12905
12906
12907
12908
12909
12910
12911
12912
12913
12914
12915
12916
12917
12918
12919
12920
12921
12922
12923
12924
12925
12926
12927
12928
12929
12930
12931
12932
12933
12934
12935
12936
12937
12938
12939
12940
12941
12942
12943
12944
12945
12946
12947
12948
12949
12950
12951
12952
12953
12954
12955
12956
12957
12958
12959
12960
12961
12962
12963
12964
12965
12966
12967
12968
12969
12970
12971
12972
12973
12974
12975
12976
12977
12978
12979
12980
12981
12982
12983
12984
12985
12986
12987
12988
12989
12990
12991
12992
12993
12994
12995
12996
12997
12998
12999
13000
13001
13002
13003
13004
13005
13006
13007
13008
13009
13010
13011
13012
13013
13014
13015
13016
13017
13018
13019
13020
13021
13022
13023
13024
13025
13026
13027
13028
13029
13030
13031
13032
13033
13034
13035
13036
13037
13038
13039
13040
13041
13042
13043
13044
13045
13046
13047
13048
13049
13050
13051
13052
13053
13054
13055
13056
13057
13058
13059
13060
13061
13062
13063
13064
13065
13066
13067
13068
13069
13070
13071
13072
13073
13074
13075
13076
13077
13078
13079
13080
13081
13082
13083
13084
13085
13086
13087
13088
13089
13090
13091
13092
13093
13094
13095
13096
13097
13098
13099
13100
13101
13102
13103
13104
13105
13106
13107
13108
13109
13110
13111
13112
13113
13114
13115
13116
13117
13118
13119
13120
13121
13122
13123
13124
13125
13126
13127
13128
13129
13130
13131
13132
13133
13134
13135
13136
13137
13138
13139
13140
13141
13142
13143
13144
13145
13146
13147
13148
13149
13150
13151
13152
13153
13154
13155
13156
13157
13158
13159
13160
13161
13162
13163
13164
13165
13166
13539
13540
13541
13542
13543
13544
13556
13557
13558
13559
13560
13561
13562
13563
13564
13565
13566
13567
13568
13569
13570
13571
13572
13573
13574
13575
13576
13577
13578
13579
13580
13581
13582
13583
13584
13585
13586
13587
13588
13589
13590
13591
13592
13593
13594
13595
13596
13597
13598
13599
13600
13601
13602
13603
13604
13605
13606
13607
13608
13609
13610
13611
13612
13613
13614
13615
13616
13617
13618
13619
13620
13621
13622
13623
13624
13625
13626
13627
13628
13629
13630
13631
13632
13633
13634
13635
13636
13637
13638
13639
13640
13641
13642
13643
13644
13645
13646
13647
13648
13649
13650
13651
13652
13653
13654
13655
13656
13657
13658
13659
13660
13661
13662
13663
13664
13665
13666
13667
13668
13669
13670
13671
13672
13673
13674
13675
13676
13677
13678
13679
13680
13681
13682
13683
13684
13685
13686
13687
13688
13689
13690
13691
13692
13693
13694
13695
13696
13697
13698
13699
13700
13701
13702
13703
13704
13705
13706
13707
13708
13709
13710
13711
13712
13713
13714
13715
13716
13717
13718
13719
13720
13721
13722
13723
13724
13725
13726
13727
13728
13729
13730
13731
13732
13733
13734
13735
13736
13737
13738
13739
13740
13741
13742
13743
13744
13745
13746
13747
13748
13749
13750
13751
13752
13753
13754
13755
13756
13757
13758
13759
13760
13761
13762
13763
13764
13765
13766
13767
13768
13769
13770
13771
13772
13773
13774
13775
13776
13777
13778
13779
13780
13781
13782
13783
13784
13785
13786
13787
13788
13789
13790
13791
13792
13793
13794
13795
13796
13797
13798
13799
13800
13801
13802
13803
13804
13805
13806
13807
13808
13809
13810
13811
13812
13813
13814
13815
13816
13817
13818
13819
13820
13821
13822
13823
13824
13825
13826
13827
13828
13829
13830
13831
13832
13833
13834
13835
13836
13837
13838
13839
13840
13841
13842
13843
13844
13845
13846
13847
13848
13849
13850
13851
13852
13853
13854
13855
13856
13857
13858
13859
14249
14250
14251
14252
14253
14254
14255
14256
14257
14258
14259
14260
14261
14262
14263
14264
14265
14266
14267
14268
14269
14270
14271
14272
14273
14274
14275
14276
14277
14278
14279
14280
14281
14282
14283
14284
14285
14286
14287
14288
14289
14290
14291
14292
14293
14294
14295
14296
14297
14298
14299
14300
14301
14302
14303
14304
14305
14306
14307
14308
14309
14310
14311
14312
14313
14314
14315
14316
14317
14318
14319
14320
14321
14322
14323
14324
14325
14326
14327
14328
14329
14330
14331
14332
14333
14334
14335
14336
14337
14338
14339
14340
14341
14342
14343
14344
14345
14346
14347
14348
14349
14350
14351
14352
14353
14354
14355
14356
14357
14358
14359
14360
14361
14362
14363
14364
14365
14366
14367
14368
14369
14370
14371
14372
14373
14374
14375
14376
14377
14378
14379
14380
14381
14382
14383
14384
14385
14386
14387
14388
14389
14390
14391
14392
14393
14394
14395
14396
14397
14398
14399
14400
14401
14402
14403
14404
14405
14406
14407
14408
14409
14410
14411
14412
14413
14414
14415
14416
14417
14418
14419
14420
14421
14422
14423
14424
14425
14426
14427
14428
14429
14430
14431
14432
14433
14434
14435
14436
14437
14438
14439
14440
14441
14442
14443
14444
14445
14446
14447
14448
14449
14450
14451
14452
14453
14454
14455
14456
14457
14458
14459
14460
14461
14462
14463
14464
14465
14466
14467
14468
14469
14470
14471
14472
14473
14474
14475
14476
14477
14478
14479
14480
14481
14482
14483
14484
14485
14486
14487
14488
14489
14490
14491
14492
14493
14494
14495
14496
14497
14498
14499
14500
14501
14502
14503
14504
14505
14506
14507
14508
14509
14510
14511
14512
14513
14514
14515
14516
14517
14518
14519
14520
14521
14522
14523
14524
14525
14526
14527
14528
14529
14530
14531
14532
14533
14534
14535
14536
14537
14538
14539
14540
14541
14542
14543
14544
14545
14546
14547
14548
14549
14550
14551
14552
22857
22858
22859
22860
22861
22862
22881
22882
22883
22884
22885
22886
22905
22906
22907
22908
22909
22910
22929
22930
22931
22932
22933
22934
22953
22954
22955
22956
22957
22958
22977
22978
22979
22980
22981
22982
23001
23002
23003
23004
23005
23006
23025
23026
23027
23028
23029
23030
23049
23050
23051
23052
23053
23054
23073
23074
23075
23076
23077
23078
23097
23098
23099
23100
23101
23102
23121
23122
23123
23124
23125
23126
23145
23146
23147
23148
23149
23150
23169
23170
23171
23172
23173
23174
23193
23194
23195
23196
23197
23198
23217
23218
23219
23220
23221
23222
23241
23242
23243
23244
23245
23246
23649
23650
23651
23652
23653
23654
23655
23656
23673
23674
23675
23676
23677
23678
23679
23680
23697
23698
23699
23700
23701
23702
23703
23704
23721
23722
23723
23724
23725
23726
23727
23728
23745
23746
23747
23748
23749
23750
23751
23752
23769
23770
23771
23772
23773
23774
23775
23776
23793
23794
23795
23796
23797
23798
23799
23800
23817
23818
23819
23820
23821
23822
23823
23824
23841
23842
23843
23844
23845
23846
23847
23848
23865
23866
23867
23868
23869
23870
23871
23872
23889
23890
23891
23892
23893
23894
23895
23896
23913
23914
23915
23916
23917
23918
23919
23920
23937
23938
23939
23940
23941
23942
23943
23944
23961
23962
23963
23964
23965
23966
23967
23968
23985
23986
23987
23988
23989
23990
23991
23992
24009
24010
24011
24012
24013
24014
24015
24016
24033
24034
24035
24036
24037
24038
24039
24040
24441
24442
24443
24444
24445
24446
24447
24448
24465
24466
24467
24468
24469
24470
24471
24472
24489
24490
24491
24492
24493
24494
24495
24496
24513
24514
24515
24516
24517
24518
24519
24520
24537
24538
24539
24540
24541
24542
24543
24544
24561
24562
24563
24564
24565
24566
24567
24568
24585
24586
24587
24588
24589
24590
24591
24592
24609
24610
24611
24612
24613
24614
24615
24616
24633
24634
24635
24636
24637
24638
24639
24640
24657
24658
24659
24660
24661
24662
24663
24664
24681
24682
24683
24684
24685
24686
24687
24688
24705
24706
24707
24708
24709
24710
24711
24712
24729
24730
24731
24732
24733
24734
24735
24736
24753
24754
24755
24756
24757
24758
24759
24760
24777
24778
24779
24780
24781
24782
24783
24784
24801
24802
24803
24804
24805
24806
24807
24808
24825
24826
24827
24828
24829
24830
24831
24832
25233
25234
25235
25236
25237
25238
25239
25240
25257
25258
25259
25260
25261
25262
25263
25264
25281
25282
25283
25284
25285
25286
25287
25288
25305
25306
25307
25308
25309
25310
25311
25312
25329
25330
25331
25332
25333
25334
25335
25336
25353
25354
25355
25356
25357
25358
25359
25360
25377
25378
25379
25380
25381
25382
25383
25384
25401
25402
25403
25404
25405
25406
25407
25408
25425
25426
25427
25428
25429
25430
25431
25432
25449
25450
25451
25452
25453
25454
25455
25456
25473
25474
25475
25476
25477
25478
25479
25480
25497
25498
25499
25500
25501
25502
25503
25504
25521
25522
25523
25524
25525
25526
25527
25528
25545
25546
25547
25548
25549
25550
25551
25552
25569
25570
25571
25572
25573
25574
25575
25576
25593
25594
25595
25596
25597
25598
25599
25600
25617
25618
25619
25620
25621
25622
25623
25624
26025
26026
26027
26028
26029
26030
26031
26032
26049
26050
26051
26052
26053
26054
26055
26056
26073
26074
26075
26076
26077
26078
26079
26080
26097
26098
26099
26100
26101
26102
26103
26104
26121
26122
26123
26124
26125
26126
26127
26128
26145
26146
26147
26148
26149
26150
26151
26152
26169
26170
26171
26172
26173
26174
26175
26176
26193
26194
26195
26196
26197
26198
26199
26200
26217
26218
26219
26220
26221
26222
26223
26224
26241
26242
26243
26244
26245
26246
26247
26248
26265
26266
26267
26268
26269
26270
26271
26272
26289
26290
26291
26292
26293
26294
26295
26296
26313
26314
26315
26316
26317
26318
26319
26320
26337
26338
26339
26340
26341
26342
26343
26344
26361
26362
26363
26364
26365
26366
26367
26368
26385
26386
26387
26388
26389
26390
26391
26392
26409
26410
26411
26412
26413
26414
26415
26416
26817
26818
26819
26820
26821
26822
26823
26824
26841
26842
26843
26844
26845
26846
26847
26848
26865
26866
26867
26868
26869
26870
26871
26872
26889
26890
26891
26892
26893
26894
26895
26896
26913
26914
26915
26916
26917
26918
26919
26920
26937
26938
26939
26940
26941
26942
26943
26944
26961
26962
26963
26964
26965
26966
26967
26968
26985
26986
26987
26988
26989
26990
26991
26992
27009
27010
27011
27012
27013
27014
27015
27016
27033
27034
27035
27036
27037
27038
27039
27040
27057
27058
27059
27060
27061
27062
27063
27064
27081
27082
27083
27084
27085
27086
27087
27088
27105
27106
27107
27108
27109
27110
27111
27112
27129
27130
27131
27132
27133
27134
27135
27136
27153
27154
27155
27156
27157
27158
27159
27160
27177
27178
27179
27180
27181
27182
27183
27184
27201
27202
27203
27204
27205
27206
27207
27208
27609
27610
27611
27612
27613
27614
27615
27616
27633
27634
27635
27636
27637
27638
27639
27640
27657
27658
27659
27660
27661
27662
27663
27664
27681
27682
27683
27684
27685
27686
27687
27688
27705
27706
27707
27708
27709
27710
27711
27712
27729
27730
27731
27732
27733
27734
27735
27736
27753
27754
27755
27756
27757
27758
27759
27760
27777
27778
27779
27780
27781
27782
27783
27784
27801
27802
27803
27804
27805
27806
27807
27808
27825
27826
27827
27828
27829
27830
27831
27832
27849
27850
27851
27852
27853
27854
27855
27856
27873
27874
27875
27876
27877
27878
27879
27880
27897
27898
27899
27900
27901
27902
27903
27904
27921
27922
27923
27924
27925
27926
27927
27928
27945
27946
27947
27948
27949
27950
27951
27952
27969
27970
27971
27972
27973
27974
27975
27976
27993
27994
27995
27996
27997
27998
27999
28000
28401
28402
28403
28404
28405
28406
28407
28408
28425
28426
28427
28428
28429
28430
28431
28432
28449
28450
28451
28452
28453
28454
28455
28456
28473
28474
28475
28476
28477
28478
28479
28480
28497
28498
28499
28500
28501
28502
28503
28504
28521
28522
28523
28524
28525
28526
28527
28528
28545
28546
28547
28548
28549
28550
28551
28552
28569
28570
28571
28572
28573
28574
28575
28576
28593
28594
28595
28596
28597
28598
28599
28600
28617
28618
28619
28620
28621
28622
28623
28624
28641
28642
28643
28644
28645
28646
28647
28648
28665
28666
28667
28668
28669
28670
28671
28672
28689
28690
28691
28692
28693
28694
28695
28696
28713
28714
28715
28716
28717
28718
28719
28720
28737
28738
28739
28740
28741
28742
28743
28744
28761
28762
28763
28764
28765
28766
28767
28768
28785
28786
28787
28788
28789
28790
28791
28792
29193
29194
29195
29196
29197
29198
29199
29200
29217
29218
29219
29220
29221
29222
29223
29224
29241
29242
29243
29244
29245
29246
29247
29248
29265
29266
29267
29268
29269
29270
29271
29272
29289
29290
29291
29292
29293
29294
29295
29296
29313
29314
29315
29316
29317
29318
29319
29320
29337
29338
29339
29340
29341
29342
29343
29344
29361
29362
29363
29364
29365
29366
29367
29368
29385
29386
29387
29388
29389
29390
29391
29392
29409
29410
29411
29412
29413
29414
29415
29416
29433
29434
29435
29436
29437
29438
29439
29440
29457
29458
29459
29460
29461
29462
29463
29464
29481
29482
29483
29484
29485
29486
29487
29488
29505
29506
29507
29508
29509
29510
29511
29512
29529
29530
29531
29532
29533
29534
29535
29536
29553
29554
29555
29556
29557
29558
29559
29560
29577
29578
29579
29580
29581
29582
29583
29584
29990
29991
29992
30009
30010
30011
30012
30013
30014
30015
30016
30033
30034
30035
30036
30037
30038
30039
30040
30057
30058
30059
30060
30061
30062
30063
30064
30081
30082
30083
30084
30085
30086
30087
30088
30105
30106
30107
30108
30109
30110
30111
30112
30129
30130
30131
30132
30133
30134
30135
30136
30153
30154
30155
30156
30157
30158
30159
30160
30177
30178
30179
30180
30181
30182
30183
30184
30201
30202
30203
30204
30205
30206
30207
30208
30225
30226
30227
30228
30229
30230
30231
30232
30249
30250
30251
30252
30253
30254
30255
30256
30273
30274
30275
30276
30277
30278
30279
30280
30297
30298
30299
30300
30301
30302
30303
30304
30321
30322
30323
30324
30325
30326
30327
30328
30345
30346
30347
30348
30349
30350
30351
30352
30369
30370
30371
30372
30373
30374
30375
30376
30825
30826
30827
30828
30829
30830
30831
30849
30850
30851
30852
30853
30854
30855
30873
30874
30875
30876
30877
30878
30879
30897
30898
30899
30900
30901
30902
30903
30921
30922
30923
30924
30925
30926
30927
30945
30946
30947
30948
30949
30950
30951
30969
30970
30971
30972
30973
30974
30975
30993
30994
30995
30996
30997
30998
30999
31017
31018
31019
31020
31021
31022
31023
31041
31042
31043
31044
31045
31046
31047
31065
31066
31067
31068
31069
31070
31071
31089
31090
31091
31092
31093
31094
31095
31113
31114
31115
31116
31117
31118
31119
31137
31138
31139
31140
31141
31142
31143
31161
31162
31163
31164
31165
31166
31167
73154
73155
73156
73157
73158
73159
73160
73161
73162
73163
73164
73165
73166
73167
73168
73169
73170
73171
73172
73173
73174
73175
73176
73177
73178
73179
73180
73181
73182
73183
73184
73185
73186
73187
73188
73189
73190
73191
73192
73193
73194
73195
73196
73197
73198
73199
73200
73201
73202
73203
73204
73205
73206
73207
73208
73209
73210
73211
73212
73213
73214
73215
73216
73217
73218
73219
73220
73221
73222
73223
73224
73225
73226
73227
73228
73229
73230
73231
73232
73233
73234
73235
73236
73237
73238
73239
73240
73241
73242
73243
73244
73245
73246
73247
73248
73249
73250
73251
73252
73253
73254
73255
73256
73257
73258
73259
73260
73261
73262
73263
73264
73265
73266
73267
73268
73269
73270
73271
73272
73273
73274
73275
73276
73277
73278
73279
73280
73281
73282
73283
73284
73285
73286
73287
73288
73289
73290
73291
73292
73293
73294
73295
73296
73297
73298
73299
73300
73301
73302
73303
73304
73305
73306
73307
73308
73309
73310
73311
73312
73313
73314
73315
73316
73317
73318
73319
73320
73321
73322
73323
73324
73325
73326
73327
73328
73329
73330
73331
73332
73333
73334
73335
73336
73337
73338
73339
73340
73341
73342
73343
73344
73345
73346
73347
73348
73349
73350
73351
73352
73353
73354
73355
73356
73357
73358
73359
73360
73361
73362
73363
73364
73365
73366
73367
73368
73369
73370
73371
73372
73373
73374
73375
73376
73377
73378
73379
73380
73381
73382
73383
73384
73385
73386
73387
73388
73389
73390
73391
73392
73393
73394
73395
73396
73397
73398
73399
73400
73401
73402
73403
73404
73405
73406
73407
73408
73409
73410
73411
73412
73413
73414
73415
73416
73417
73418
73419
73420
73421
73422
73423
73424
73425
73426
73427
73428
73429
73430
73431
73432
73433
73434
73435
73436
73437
73438
73439
73440
73441
73442
73443
73444
73445
73446
73447
73448
73449
73450
73451
73452
73453
73454
73455
73456
73457
73847
73848
73849
73850
73851
73852
73853
73854
73855
73856
73857
73858
73859
73860
73861
73862
73863
73864
73865
73866
73867
73868
73869
73870
73871
73872
73873
73874
73875
73876
73877
73878
73879
73880
73881
73882
73883
73884
73885
73886
73887
73888
73889
73890
73891
73892
73893
73894
73895
73896
73897
73898
73899
73900
73901
73902
73903
73904
73905
73906
73907
73908
73909
73910
73911
73912
73913
73914
73915
73916
73917
73918
73919
73920
73921
73922
73923
73924
73925
73926
73927
73928
73929
73930
73931
73932
73933
73934
73935
73936
73937
73938
73939
73940
73941
73942
73943
73944
73945
73946
73947
73948
73949
73950
73951
73952
73953
73954
73955
73956
73957
73958
73959
73960
73961
73962
73963
73964
73965
73966
73967
73968
73969
73970
73971
73972
73973
73974
73975
73976
73977
73978
73979
73980
73981
73982
73983
73984
73985
73986
73987
73988
73989
73990
73991
73992
73993
73994
73995
73996
73997
73998
73999
74000
74001
74002
74003
74004
74005
74006
74007
74008
74009
74010
74011
74012
74013
74014
74015
74016
74017
74018
74019
74020
74021
74022
74023
74024
74025
74026
74027
74028
74029
74030
74031
74032
74033
74034
74035
74036
74037
74038
74039
74040
74041
74042
74043
74044
74045
74046
74047
74048
74049
74050
74051
74052
74053
74054
74055
74056
74057
74058
74059
74060
74061
74062
74063
74064
74065
74066
74067
74068
74069
74070
74071
74072
74073
74074
74075
74076
74077
74078
74079
74080
74081
74082
74083
74084
74085
74086
74087
74088
74089
74090
74091
74092
74093
74094
74095
74096
74097
74098
74099
74100
74101
74102
74103
74104
74105
74106
74107
74108
74109
74110
74111
74112
74113
74114
74115
74116
74117
74118
74119
74120
74121
74122
74123
74124
74125
74126
74127
74128
74129
74130
74131
74132
74133
74134
74135
74136
74137
74138
74139
74140
74141
74142
74143
74144
74145
74146
74147
74148
74149
74150
74540
74541
74542
74543
74544
74545
74546
74547
74548
74549
74550
74551
74552
74553
74554
74555
74556
74557
74558
74559
74560
74561
74562
74563
74564
74565
74566
74567
74568
74569
74570
74571
74572
74573
74574
74575
74576
74577
74578
74579
74580
74581
74582
74583
74584
74585
74586
74587
74588
74589
74590
74591
74592
74593
74594
74595
74596
74597
74598
74599
74600
74601
74602
74603
74604
74605
74606
74607
74608
74609
74610
74611
74612
74613
74614
74615
74616
74617
74618
74619
74620
74621
74622
74623
74624
74625
74626
74627
74628
74629
74630
74631
74632
74633
74634
74635
74636
74637
74638
74639
74640
74641
74642
74643
74644
74645
74646
74647
74648
74649
74650
74651
74652
74653
74654
74655
74656
74657
74658
74659
74660
74661
74662
74663
74664
74665
74666
74667
74668
74669
74670
74671
74672
74673
74674
74675
74676
74677
74678
74679
74680
74681
74682
74683
74684
74685
74686
74687
74688
74689
74690
74691
74692
74693
74694
74695
74696
74697
74698
74699
74700
74701
74702
74703
74704
74705
74706
74707
74708
74709
74710
74711
74712
74713
74714
74715
74716
74717
74718
74719
74720
74721
74722
74723
74724
74725
74726
74727
74728
74729
74730
74731
74732
74733
74734
74735
74736
74737
74738
74739
74740
74741
74742
74743
74744
74745
74746
74747
74748
74749
74750
74751
74752
74753
74754
74755
74756
74757
74758
74759
74760
74761
74762
74763
74764
74765
74766
74767
74768
74769
74770
74771
74772
74773
74774
74775
74776
74777
74778
74779
74780
74781
74782
74783
74784
74785
74786
74787
74788
74789
74790
74791
74792
74793
74794
74795
74796
74797
74798
74799
74800
74801
74802
74803
74804
74805
74806
74807
74808
74809
74810
74811
74812
74813
74814
74815
74816
74817
74818
74819
74820
74821
74822
74823
74824
74825
74826
74827
74828
74829
74830
74831
74832
74833
74834
74835
74836
74837
74838
74839
74840
74841
74842
74843
75233
75234
75235
75236
75237
75238
75239
75240
75241
75242
75243
75244
75245
75246
75247
75248
75249
75250
75251
75252
75253
75254
75255
75256
75257
75258
75259
75260
75261
75262
75263
75264
75265
75266
75267
75268
75269
75270
75271
75272
75273
75274
75275
75276
75277
75278
75279
75280
75281
75282
75283
75284
75285
75286
75287
75288
75289
75290
75291
75292
75293
75294
75295
75296
75297
75298
75299
75300
75301
75302
75303
75304
75305
75306
75307
75308
75309
75310
75311
75312
75313
75314
75315
75316
75317
75318
75319
75320
75321
75322
75323
75324
75325
75326
75327
75328
75329
75330
75331
75332
75333
75334
75335
75336
75337
75338
75339
75340
75341
75342
75343
75344
75345
75346
75347
75348
75349
75350
75351
75352
75353
75354
75355
75356
75357
75358
75359
75360
75361
75362
75363
75364
75365
75366
75367
75368
75369
75370
75371
75372
75373
75374
75375
75376
75377
75378
75379
75380
75381
75382
75383
75384
75385
75386
75387
75388
75389
75390
75391
75392
75393
75394
75395
75396
75397
75398
75399
75400
75401
75402
75403
75404
75405
75406
75407
75408
75409
75410
75411
75412
75413
75414
75415
75416
75417
75418
75419
75420
75421
75422
75423
75424
75425
75426
75427
75428
75429
75430
75431
75432
75433
75434
75435
75436
75437
75438
75439
75440
75441
75442
75443
75444
75445
75446
75447
75448
75449
75450
75451
75452
75453
75454
75455
75456
75457
75458
75459
75460
75461
75462
75463
75464
75465
75466
75467
75468
75469
75470
75471
75472
75473
75474
75475
75476
75477
75478
75479
75480
75481
75482
75483
75484
75485
75486
75487
75488
75489
75490
75491
75492
75493
75494
75495
75496
75497
75498
75499
75500
75501
75502
75503
75504
75505
75506
75507
75508
75509
75510
75511
75512
75513
75514
75515
75516
75517
75518
75519
75520
75521
75522
75523
75524
75525
75526
75527
75528
75529
75530
75531
75532
75533
75534
75535
75536
75926
75927
75928
75929
75930
75931
75932
75933
75934
75935
75936
75937
75938
75939
75940
75941
75942
75943
75944
75945
75946
75947
75948
75949
75950
75951
75952
75953
75954
75955
75956
75957
75958
75959
75960
75961
75962
75963
75964
75965
75966
75967
75968
75969
75970
75971
75972
75973
75974
75975
75976
75977
75978
75979
75980
75981
75982
75983
75984
75985
75986
75987
75988
75989
75990
75991
75992
75993
75994
75995
75996
75997
75998
75999
76000
76001
76002
76003
76004
76005
76006
76007
76008
76009
76010
76011
76012
76013
76014
76015
76016
76017
76018
76019
76020
76021
76022
76023
76024
76025
76026
76027
76028
76029
76030
76031
76032
76033
76034
76035
76036
76037
76038
76039
76040
76041
76042
76043
76044
76045
76046
76047
76048
76049
76050
76051
76052
76053
76054
76055
76056
76057
76058
76059
76060
76061
76062
76063
76064
76065
76066
76067
76068
76069
76070
76071
76072
76073
76074
76075
76076
76077
76078
76079
76080
76081
76082
76083
76084
76085
76086
76087
76088
76089
76090
76091
76092
76093
76094
76095
76096
76097
76098
76099
76100
76101
76102
76103
76104
76105
76106
76107
76108
76109
76110
76111
76112
76113
76114
76115
76116
76117
76118
76119
76120
76121
76122
76123
76124
76125
76126
76127
76128
76129
76130
76131
76132
76133
76134
76135
76136
76137
76138
76139
76140
76141
76142
76143
76144
76145
76146
76147
76148
76149
76150
76151
76152
76153
76154
76155
76156
76157
76158
76159
76160
76161
76162
76163
76164
76165
76166
76167
76168
76169
76170
76171
76172
76173
76174
76175
76176
76177
76178
76179
76180
76181
76182
76183
76184
76185
76186
76187
76188
76189
76190
76191
76192
76193
76194
76195
76196
76197
76198
76199
76200
76201
76202
76203
76204
76205
76206
76207
76208
76209
76210
76211
76212
76213
76214
76215
76216
76217
76218
76219
76220
76221
76222
76223
76224
76225
76226
76227
76228
76229
76619
76620
76621
76622
76623
76624
76625
76626
76627
76628
76629
76630
76631
76632
76633
76634
76635
76636
76637
76638
76639
76640
76641
76642
76643
76644
76645
76646
76647
76648
76649
76650
76651
76652
76653
76654
76655
76656
76657
76658
76659
76660
76661
76662
76663
76664
76665
76666
76667
76668
76669
76670
76671
76672
76673
76674
76675
76676
76677
76678
76679
76680
76681
76682
76683
76684
76685
76686
76687
76688
76689
76690
76691
76692
76693
76694
76695
76696
76697
76698
76699
76700
76701
76702
76703
76704
76705
76706
76707
76708
76709
76710
76711
76712
76713
76714
76715
76716
76717
76718
76719
76720
76721
76722
76723
76724
76725
76726
76727
76728
76729
76730
76731
76732
76733
76734
76735
76736
76737
76738
76739
76740
76741
76742
76743
76744
76745
76746
76747
76748
76749
76750
76751
76752
76753
76754
76755
76756
76757
76758
76759
76760
76761
76762
76763
76764
76765
76766
76767
76768
76769
76770
76771
76772
76773
76774
76775
76776
76777
76778
76779
76780
76781
76782
76783
76784
76785
76786
76787
76788
76789
76790
76791
76792
76793
76794
76795
76796
76797
76798
76799
76800
76801
76802
76803
76804
76805
76806
76807
76808
76809
76810
76811
76812
76813
76814
76815
76816
76817
76818
76819
76820
76821
76822
76823
76824
76825
76826
76827
76828
76829
76830
76831
76832
76833
76834
76835
76836
76837
76838
76839
76840
76841
76842
76843
76844
76845
76846
76847
76848
76849
76850
76851
76852
76853
76854
76855
76856
76857
76858
76859
76860
76861
76862
76863
76864
76865
76866
76867
76868
76869
76870
76871
76872
76873
76874
76875
76876
76877
76878
76879
76880
76881
76882
76883
76884
76885
76886
76887
76888
76889
76890
76891
76892
76893
76894
76895
76896
76897
76898
76899
76900
76901
76902
76903
76904
76905
76906
76907
76908
76909
76910
76911
76912
76913
76914
76915
76916
76917
76918
76919
76920
76921
76922
77355
77356
77357
77358
77359
77360
77361
77379
77380
77381
77382
77383
77384
77385
77403
77404
77405
77406
77407
77408
77409
77427
77428
77429
77430
77431
77432
77433
77451
77452
77453
77454
77455
77456
77457
77475
77476
77477
77478
77479
77480
77481
77499
77500
77501
77502
77503
77504
77505
77523
77524
77525
77526
77527
77528
77529
77547
77548
77549
77550
77551
77552
77553
77571
77572
77573
77574
77575
77576
77577
77595
77596
77597
77598
77599
77600
77601
77619
77620
77621
77622
77623
77624
77625
77643
77644
77645
77646
77647
77648
77649
77667
77668
77669
77670
77671
77672
77673
77691
77692
77693
77694
77695
77696
77697
78147
78148
78149
78150
78151
78152
78153
78171
78172
78173
78174
78175
78176
78177
78195
78196
78197
78198
78199
78200
78201
78219
78220
78221
78222
78223
78224
78225
78243
78244
78245
78246
78247
78248
78249
78267
78268
78269
78270
78271
78272
78273
78291
78292
78293
78294
78295
78296
78297
78315
78316
78317
78318
78319
78320
78321
78339
78340
78341
78342
78343
78344
78345
78363
78364
78365
78366
78367
78368
78369
78387
78388
78389
78390
78391
78392
78393
78411
78412
78413
78414
78415
78416
78417
78435
78436
78437
78438
78439
78440
78441
78459
78460
78461
78462
78463
78464
78465
78483
78484
78485
78486
78487
78488
78489
78939
78940
78941
78942
78943
78944
78945
78963
78964
78965
78966
78967
78968
78969
78987
78988
78989
78990
78991
78992
78993
79011
79012
79013
79014
79015
79016
79017
79035
79036
79037
79038
79039
79040
79041
79059
79060
79061
79062
79063
79064
79065
79083
79084
79085
79086
79087
79088
79089
79107
79108
79109
79110
79111
79112
79113
79131
79132
79133
79134
79135
79136
79137
79155
79156
79157
79158
79159
79160
79161
79179
79180
79181
79182
79183
79184
79185
79203
79204
79205
79206
79207
79208
79209
79227
79228
79229
79230
79231
79232
79233
79251
79252
79253
79254
79255
79256
79257
79275
79276
79277
79278
79279
79280
79281
79731
79732
79733
79734
79735
79736
79737
79755
79756
79757
79758
79759
79760
79761
79779
79780
79781
79782
79783
79784
79785
79803
79804
79805
79806
79807
79808
79809
79827
79828
79829
79830
79831
79832
79833
79851
79852
79853
79854
79855
79856
79857
79875
79876
79877
79878
79879
79880
79881
79899
79900
79901
79902
79903
79904
79905
79923
79924
79925
79926
79927
79928
79929
79947
79948
79949
79950
79951
79952
79953
79971
79972
79973
79974
79975
79976
79977
79995
79996
79997
79998
79999
80000
80001
80019
80020
80021
80022
80023
80024
80025
80043
80044
80045
80046
80047
80048
80049
80067
80068
80069
80070
80071
80072
80073
80523
80524
80525
80526
80527
80528
80529
80547
80548
80549
80550
80551
80552
80553
80571
80572
80573
80574
80575
80576
80577
80595
80596
80597
80598
80599
80600
80601
80619
80620
80621
80622
80623
80624
80625
80643
80644
80645
80646
80647
80648
80649
80667
80668
80669
80670
80671
80672
80673
80691
80692
80693
80694
80695
80696
80697
80715
80716
80717
80718
80719
80720
80721
80739
80740
80741
80742
80743
80744
80745
80763
80764
80765
80766
80767
80768
80769
80787
80788
80789
80790
80791
80792
80793
80811
80812
80813
80814
80815
80816
80817
80835
80836
80837
80838
80839
80840
80841
80859
80860
80861
80862
80863
80864
80865
81315
81316
81317
81318
81319
81320
81321
81339
81340
81341
81342
81343
81344
81345
81363
81364
81365
81366
81367
81368
81369
81387
81388
81389
81390
81391
81392
81393
81411
81412
81413
81414
81415
81416
81417
81435
81436
81437
81438
81439
81440
81441
81459
81460
81461
81462
81463
81464
81465
81483
81484
81485
81486
81487
81488
81489
81507
81508
81509
81510
81511
81512
81513
81531
81532
81533
81534
81535
81536
81537
81555
81556
81557
81558
81559
81560
81561
81579
81580
81581
81582
81583
81584
81585
81603
81604
81605
81606
81607
81608
81609
81627
81628
81629
81630
81631
81632
81633
81651
81652
81653
81654
81655
81656
81657
)


// ************************************************************************* //
