/*--------------------------------*- C++ -*----------------------------------*\
| =========                 |                                                 |
| \\      /  F ield         | OpenFOAM: The Open Source CFD Toolbox           |
|  \\    /   O peration     | Version:  2406                                  |
|   \\  /    A nd           | Website:  www.openfoam.com                      |
|    \\/     M anipulation  |                                                 |
\*---------------------------------------------------------------------------*/
FoamFile
{
    version     2.0;
    format      ascii;
    arch        "LSB;label=32;scalar=64";
    note        "nPoints:6475  nCells:5405  nFaces:17225  nInternalFaces:15205";
    class       labelList;
    location    "constant/polyMesh";
    object      neighbour;
}
// * * * * * * * * * * * * * * * * * * * * * * * * * * * * * * * * * * * * * //


15205
(
1
7
136
2
8
137
3
9
138
4
10
139
5
11
140
6
12
141
13
142
1512
8
14
143
9
15
144
10
16
145
11
17
146
12
18
147
13
19
148
20
149
1531
15
21
150
16
22
151
17
23
152
18
24
153
19
25
154
20
26
155
27
156
1550
22
28
157
23
29
158
24
30
159
25
31
160
26
32
161
27
33
162
34
163
1569
29
35
164
30
36
165
31
37
166
32
38
167
33
39
168
34
40
169
41
170
1588
36
42
171
37
43
172
38
44
173
39
45
174
40
46
175
41
47
176
48
177
1607
43
49
178
44
50
179
45
51
180
46
52
181
47
53
182
48
54
183
55
184
1626
50
57
185
51
58
186
52
59
187
53
60
188
54
61
189
55
62
190
63
191
1645
57
64
192
58
65
193
59
66
194
60
67
195
61
68
196
62
69
197
63
70
198
71
199
1664
65
72
200
66
73
201
67
74
202
68
75
203
69
76
204
70
77
205
71
78
206
79
207
1683
73
80
208
74
81
209
75
82
210
76
83
211
77
84
212
78
85
213
79
86
214
87
215
1702
81
88
216
82
89
217
83
90
218
84
91
219
85
92
220
86
93
221
87
94
222
95
223
1721
89
96
224
90
97
225
91
98
226
92
99
227
93
100
228
94
101
229
95
102
230
103
231
1740
97
104
232
98
105
233
99
106
234
100
107
235
101
108
236
102
109
237
103
110
238
111
239
1759
105
112
240
106
113
241
107
114
242
108
115
243
109
116
244
110
117
245
111
118
246
119
247
1778
113
120
248
114
121
249
115
122
250
116
123
251
117
124
252
118
125
253
119
126
254
127
255
1797
121
128
256
122
129
257
123
130
258
124
131
259
125
132
260
126
133
261
127
134
262
135
263
1816
129
264
130
265
131
266
132
267
133
268
134
269
135
270
271
1835
137
143
272
138
144
273
139
145
274
140
146
275
141
147
276
142
148
277
149
278
1854
144
150
279
145
151
280
146
152
281
147
153
282
148
154
283
149
155
284
156
285
1873
151
157
286
152
158
287
153
159
288
154
160
289
155
161
290
156
162
291
163
292
1892
158
164
293
159
165
294
160
166
295
161
167
296
162
168
297
163
169
298
170
299
1911
165
171
300
166
172
301
167
173
302
168
174
303
169
175
304
170
176
305
177
306
1930
172
178
307
173
179
308
174
180
309
175
181
310
176
182
311
177
183
312
184
313
1949
179
185
314
180
186
315
181
187
316
182
188
317
183
189
318
184
190
319
191
320
1968
186
193
321
187
194
322
188
195
323
189
196
324
190
197
325
191
198
326
199
327
1987
193
200
328
194
201
329
195
202
330
196
203
331
197
204
332
198
205
333
199
206
334
207
335
2006
201
208
336
202
209
337
203
210
338
204
211
339
205
212
340
206
213
341
207
214
342
215
343
2025
209
216
344
210
217
345
211
218
346
212
219
347
213
220
348
214
221
349
215
222
350
223
351
2044
217
224
352
218
225
353
219
226
354
220
227
355
221
228
356
222
229
357
223
230
358
231
359
2063
225
232
360
226
233
361
227
234
362
228
235
363
229
236
364
230
237
365
231
238
366
239
367
2082
233
240
368
234
241
369
235
242
370
236
243
371
237
244
372
238
245
373
239
246
374
247
375
2101
241
248
376
242
249
377
243
250
378
244
251
379
245
252
380
246
253
381
247
254
382
255
383
2120
249
256
384
250
257
385
251
258
386
252
259
387
253
260
388
254
261
389
255
262
390
263
391
2139
257
264
392
258
265
393
259
266
394
260
267
395
261
268
396
262
269
397
263
270
398
271
399
2158
265
400
266
401
267
402
268
403
269
404
270
405
271
406
407
2177
273
279
408
274
280
409
275
281
410
276
282
411
277
283
412
278
284
413
285
414
2196
280
286
415
281
287
416
282
288
417
283
289
418
284
290
419
285
291
420
292
421
2215
287
293
422
288
294
423
289
295
424
290
296
425
291
297
426
292
298
427
299
428
2234
294
300
429
295
301
430
296
302
431
297
303
432
298
304
433
299
305
434
306
435
2253
301
307
436
302
308
437
303
309
438
304
310
439
305
311
440
306
312
441
313
442
2272
308
314
443
309
315
444
310
316
445
311
317
446
312
318
447
313
319
448
320
449
2291
315
321
450
316
322
451
317
323
452
318
324
453
319
325
454
320
326
455
327
456
2310
322
329
457
323
330
458
324
331
459
325
332
460
326
333
461
327
334
462
335
463
2329
329
336
464
330
337
465
331
338
466
332
339
467
333
340
468
334
341
469
335
342
470
343
471
2348
337
344
472
338
345
473
339
346
474
340
347
475
341
348
476
342
349
477
343
350
478
351
479
2367
345
352
480
346
353
481
347
354
482
348
355
483
349
356
484
350
357
485
351
358
486
359
487
2386
353
360
488
354
361
489
355
362
490
356
363
491
357
364
492
358
365
493
359
366
494
367
495
2405
361
368
496
362
369
497
363
370
498
364
371
499
365
372
500
366
373
501
367
374
502
375
503
2424
369
376
504
370
377
505
371
378
506
372
379
507
373
380
508
374
381
509
375
382
510
383
511
2443
377
384
512
378
385
513
379
386
514
380
387
515
381
388
516
382
389
517
383
390
518
391
519
2462
385
392
520
386
393
521
387
394
522
388
395
523
389
396
524
390
397
525
391
398
526
399
527
2481
393
400
528
394
401
529
395
402
530
396
403
531
397
404
532
398
405
533
399
406
534
407
535
2500
401
536
402
537
403
538
404
539
405
540
406
541
407
542
543
2519
409
415
544
410
416
545
411
417
546
412
418
547
413
419
548
414
420
549
421
550
2538
416
422
551
417
423
552
418
424
553
419
425
554
420
426
555
421
427
556
428
557
2557
423
429
558
424
430
559
425
431
560
426
432
561
427
433
562
428
434
563
435
564
2576
430
436
565
431
437
566
432
438
567
433
439
568
434
440
569
435
441
570
442
571
2595
437
443
572
438
444
573
439
445
574
440
446
575
441
447
576
442
448
577
449
578
2614
444
450
579
445
451
580
446
452
581
447
453
582
448
454
583
449
455
584
456
585
2633
451
457
586
452
458
587
453
459
588
454
460
589
455
461
590
456
462
591
463
592
2652
458
465
593
459
466
594
460
467
595
461
468
596
462
469
597
463
470
598
471
599
2671
465
472
600
466
473
601
467
474
602
468
475
603
469
476
604
470
477
605
471
478
606
479
607
2690
473
480
608
474
481
609
475
482
610
476
483
611
477
484
612
478
485
613
479
486
614
487
615
2709
481
488
616
482
489
617
483
490
618
484
491
619
485
492
620
486
493
621
487
494
622
495
623
2728
489
496
624
490
497
625
491
498
626
492
499
627
493
500
628
494
501
629
495
502
630
503
631
2747
497
504
632
498
505
633
499
506
634
500
507
635
501
508
636
502
509
637
503
510
638
511
639
2766
505
512
640
506
513
641
507
514
642
508
515
643
509
516
644
510
517
645
511
518
646
519
647
2785
513
520
648
514
521
649
515
522
650
516
523
651
517
524
652
518
525
653
519
526
654
527
655
2804
521
528
656
522
529
657
523
530
658
524
531
659
525
532
660
526
533
661
527
534
662
535
663
2823
529
536
664
530
537
665
531
538
666
532
539
667
533
540
668
534
541
669
535
542
670
543
671
2842
537
672
538
673
539
674
540
675
541
676
542
677
543
678
679
2861
545
551
680
546
552
681
547
553
682
548
554
683
549
555
684
550
556
685
557
686
2880
552
558
687
553
559
688
554
560
689
555
561
690
556
562
691
557
563
692
564
693
2899
559
565
694
560
566
695
561
567
696
562
568
697
563
569
698
564
570
699
571
700
2918
566
572
701
567
573
702
568
574
703
569
575
704
570
576
705
571
577
706
578
707
2937
573
579
708
574
580
709
575
581
710
576
582
711
577
583
712
578
584
713
585
714
2956
580
586
715
581
587
716
582
588
717
583
589
718
584
590
719
585
591
720
592
721
2975
587
593
722
588
594
723
589
595
724
590
596
725
591
597
726
592
598
727
599
728
2994
594
601
729
595
602
730
596
603
731
597
604
732
598
605
733
599
606
734
607
735
3013
601
608
736
602
609
737
603
610
738
604
611
739
605
612
740
606
613
741
607
614
742
615
743
3032
609
616
744
610
617
745
611
618
746
612
619
747
613
620
748
614
621
749
615
622
750
623
751
3051
617
624
752
618
625
753
619
626
754
620
627
755
621
628
756
622
629
757
623
630
758
631
759
3070
625
632
760
626
633
761
627
634
762
628
635
763
629
636
764
630
637
765
631
638
766
639
767
3089
633
640
768
634
641
769
635
642
770
636
643
771
637
644
772
638
645
773
639
646
774
647
775
3108
641
648
776
642
649
777
643
650
778
644
651
779
645
652
780
646
653
781
647
654
782
655
783
3127
649
656
784
650
657
785
651
658
786
652
659
787
653
660
788
654
661
789
655
662
790
663
791
3146
657
664
792
658
665
793
659
666
794
660
667
795
661
668
796
662
669
797
663
670
798
671
799
3165
665
672
800
666
673
801
667
674
802
668
675
803
669
676
804
670
677
805
671
678
806
679
807
3184
673
808
674
809
675
810
676
811
677
812
678
813
679
814
815
3203
681
687
816
682
688
817
683
689
818
684
690
819
685
691
820
686
692
821
693
822
3222
688
694
823
689
695
824
690
696
825
691
697
826
692
698
827
693
699
828
700
829
3241
695
701
830
696
702
831
697
703
832
698
704
833
699
705
834
700
706
835
707
836
3260
702
708
837
703
709
838
704
710
839
705
711
840
706
712
841
707
713
842
714
843
3279
709
715
844
710
716
845
711
717
846
712
718
847
713
719
848
714
720
849
721
850
3298
716
722
851
717
723
852
718
724
853
719
725
854
720
726
855
721
727
856
728
857
3317
723
729
858
724
730
859
725
731
860
726
732
861
727
733
862
728
734
863
735
864
3336
730
737
865
731
738
866
732
739
867
733
740
868
734
741
869
735
742
870
743
871
3355
737
744
872
738
745
873
739
746
874
740
747
875
741
748
876
742
749
877
743
750
878
751
879
3374
745
752
880
746
753
881
747
754
882
748
755
883
749
756
884
750
757
885
751
758
886
759
887
3393
753
760
888
754
761
889
755
762
890
756
763
891
757
764
892
758
765
893
759
766
894
767
895
3412
761
768
896
762
769
897
763
770
898
764
771
899
765
772
900
766
773
901
767
774
902
775
903
3431
769
776
904
770
777
905
771
778
906
772
779
907
773
780
908
774
781
909
775
782
910
783
911
3450
777
784
912
778
785
913
779
786
914
780
787
915
781
788
916
782
789
917
783
790
918
791
919
3469
785
792
920
786
793
921
787
794
922
788
795
923
789
796
924
790
797
925
791
798
926
799
927
3488
793
800
928
794
801
929
795
802
930
796
803
931
797
804
932
798
805
933
799
806
934
807
935
3507
801
808
936
802
809
937
803
810
938
804
811
939
805
812
940
806
813
941
807
814
942
815
943
3526
809
944
810
945
811
946
812
947
813
948
814
949
815
950
951
3545
817
823
952
818
824
953
819
825
954
820
826
955
821
827
956
822
828
957
829
958
3564
824
830
959
825
831
960
826
832
961
827
833
962
828
834
963
829
835
964
836
965
3583
831
837
966
832
838
967
833
839
968
834
840
969
835
841
970
836
842
971
843
972
3602
838
844
973
839
845
974
840
846
975
841
847
976
842
848
977
843
849
978
850
979
3621
845
851
980
846
852
981
847
853
982
848
854
983
849
855
984
850
856
985
857
986
3640
852
858
987
853
859
988
854
860
989
855
861
990
856
862
991
857
863
992
864
993
3659
859
865
994
860
866
995
861
867
996
862
868
997
863
869
998
864
870
999
871
1000
3678
866
873
1001
867
874
1002
868
875
1003
869
876
1004
870
877
1005
871
878
1006
879
1007
3697
873
880
1008
874
881
1009
875
882
1010
876
883
1011
877
884
1012
878
885
1013
879
886
1014
887
1015
3716
881
888
1016
882
889
1017
883
890
1018
884
891
1019
885
892
1020
886
893
1021
887
894
1022
895
1023
3735
889
896
1024
890
897
1025
891
898
1026
892
899
1027
893
900
1028
894
901
1029
895
902
1030
903
1031
3754
897
904
1032
898
905
1033
899
906
1034
900
907
1035
901
908
1036
902
909
1037
903
910
1038
911
1039
3773
905
912
1040
906
913
1041
907
914
1042
908
915
1043
909
916
1044
910
917
1045
911
918
1046
919
1047
3792
913
920
1048
914
921
1049
915
922
1050
916
923
1051
917
924
1052
918
925
1053
919
926
1054
927
1055
3811
921
928
1056
922
929
1057
923
930
1058
924
931
1059
925
932
1060
926
933
1061
927
934
1062
935
1063
3830
929
936
1064
930
937
1065
931
938
1066
932
939
1067
933
940
1068
934
941
1069
935
942
1070
943
1071
3849
937
944
1072
938
945
1073
939
946
1074
940
947
1075
941
948
1076
942
949
1077
943
950
1078
951
1079
3868
945
1080
946
1081
947
1082
948
1083
949
1084
950
1085
951
1086
1087
3887
953
959
1088
954
960
1089
955
961
1090
956
962
1091
957
963
1092
958
964
1093
965
1094
3906
960
966
1095
961
967
1096
962
968
1097
963
969
1098
964
970
1099
965
971
1100
972
1101
3925
967
973
1102
968
974
1103
969
975
1104
970
976
1105
971
977
1106
972
978
1107
979
1108
3944
974
980
1109
975
981
1110
976
982
1111
977
983
1112
978
984
1113
979
985
1114
986
1115
3963
981
987
1116
982
988
1117
983
989
1118
984
990
1119
985
991
1120
986
992
1121
993
1122
3982
988
994
1123
989
995
1124
990
996
1125
991
997
1126
992
998
1127
993
999
1128
1000
1129
4001
995
1001
1130
996
1002
1131
997
1003
1132
998
1004
1133
999
1005
1134
1000
1006
1135
1007
1136
4020
1002
1009
1137
1003
1010
1138
1004
1011
1139
1005
1012
1140
1006
1013
1141
1007
1014
1142
1015
1143
4039
1009
1016
1144
1010
1017
1145
1011
1018
1146
1012
1019
1147
1013
1020
1148
1014
1021
1149
1015
1022
1150
1023
1151
4058
1017
1024
1152
1018
1025
1153
1019
1026
1154
1020
1027
1155
1021
1028
1156
1022
1029
1157
1023
1030
1158
1031
1159
4077
1025
1032
1160
1026
1033
1161
1027
1034
1162
1028
1035
1163
1029
1036
1164
1030
1037
1165
1031
1038
1166
1039
1167
4096
1033
1040
1168
1034
1041
1169
1035
1042
1170
1036
1043
1171
1037
1044
1172
1038
1045
1173
1039
1046
1174
1047
1175
4115
1041
1048
1176
1042
1049
1177
1043
1050
1178
1044
1051
1179
1045
1052
1180
1046
1053
1181
1047
1054
1182
1055
1183
4134
1049
1056
1184
1050
1057
1185
1051
1058
1186
1052
1059
1187
1053
1060
1188
1054
1061
1189
1055
1062
1190
1063
1191
4153
1057
1064
1192
1058
1065
1193
1059
1066
1194
1060
1067
1195
1061
1068
1196
1062
1069
1197
1063
1070
1198
1071
1199
4172
1065
1072
1200
1066
1073
1201
1067
1074
1202
1068
1075
1203
1069
1076
1204
1070
1077
1205
1071
1078
1206
1079
1207
4191
1073
1080
1208
1074
1081
1209
1075
1082
1210
1076
1083
1211
1077
1084
1212
1078
1085
1213
1079
1086
1214
1087
1215
4210
1081
1216
1082
1217
1083
1218
1084
1219
1085
1220
1086
1221
1087
1222
1223
4229
1089
1095
1224
1090
1096
1225
1091
1097
1226
1092
1098
1227
1093
1099
1228
1094
1100
1229
1101
1230
4248
1096
1102
1231
1097
1103
1232
1098
1104
1233
1099
1105
1234
1100
1106
1235
1101
1107
1236
1108
1237
4267
1103
1109
1238
1104
1110
1239
1105
1111
1240
1106
1112
1241
1107
1113
1242
1108
1114
1243
1115
1244
4286
1110
1116
1245
1111
1117
1246
1112
1118
1247
1113
1119
1248
1114
1120
1249
1115
1121
1250
1122
1251
4305
1117
1123
1252
1118
1124
1253
1119
1125
1254
1120
1126
1255
1121
1127
1256
1122
1128
1257
1129
1258
4324
1124
1130
1259
1125
1131
1260
1126
1132
1261
1127
1133
1262
1128
1134
1263
1129
1135
1264
1136
1265
4343
1131
1137
1266
1132
1138
1267
1133
1139
1268
1134
1140
1269
1135
1141
1270
1136
1142
1271
1143
1272
4362
1138
1145
1273
1139
1146
1274
1140
1147
1275
1141
1148
1276
1142
1149
1277
1143
1150
1278
1151
1279
4381
1145
1152
1280
1146
1153
1281
1147
1154
1282
1148
1155
1283
1149
1156
1284
1150
1157
1285
1151
1158
1286
1159
1287
4400
1153
1160
1288
1154
1161
1289
1155
1162
1290
1156
1163
1291
1157
1164
1292
1158
1165
1293
1159
1166
1294
1167
1295
4419
1161
1168
1296
1162
1169
1297
1163
1170
1298
1164
1171
1299
1165
1172
1300
1166
1173
1301
1167
1174
1302
1175
1303
4438
1169
1176
1304
1170
1177
1305
1171
1178
1306
1172
1179
1307
1173
1180
1308
1174
1181
1309
1175
1182
1310
1183
1311
4457
1177
1184
1312
1178
1185
1313
1179
1186
1314
1180
1187
1315
1181
1188
1316
1182
1189
1317
1183
1190
1318
1191
1319
4476
1185
1192
1320
1186
1193
1321
1187
1194
1322
1188
1195
1323
1189
1196
1324
1190
1197
1325
1191
1198
1326
1199
1327
4495
1193
1200
1329
1194
1201
1330
1195
1202
1331
1196
1203
1332
1197
1204
1333
1198
1205
1334
1199
1206
1335
1207
1336
4514
1201
1208
1338
1202
1209
1339
1203
1210
1340
1204
1211
1341
1205
1212
1342
1206
1213
1343
1207
1214
1344
1215
1345
4533
1209
1216
1347
1210
1217
1348
1211
1218
1349
1212
1219
1350
1213
1220
1351
1214
1221
1352
1215
1222
1353
1223
1354
4552
1217
1356
1218
1357
1219
1358
1220
1359
1221
1360
1222
1361
1223
1362
1363
4571
1225
1231
1364
1226
1232
1365
1227
1233
1366
1228
1234
1367
1229
1235
1368
1230
1236
1369
1237
1370
4590
1232
1238
1371
1233
1239
1372
1234
1240
1373
1235
1241
1374
1236
1242
1375
1237
1243
1376
1244
1377
4609
1239
1245
1378
1240
1246
1379
1241
1247
1380
1242
1248
1381
1243
1249
1382
1244
1250
1383
1251
1384
4628
1246
1252
1385
1247
1253
1386
1248
1254
1387
1249
1255
1388
1250
1256
1389
1251
1257
1390
1258
1391
4647
1253
1259
1392
1254
1260
1393
1255
1261
1394
1256
1262
1395
1257
1263
1396
1258
1264
1397
1265
1398
4666
1260
1266
1399
1261
1267
1400
1262
1268
1401
1263
1269
1402
1264
1270
1403
1265
1271
1404
1272
1405
4685
1267
1273
1406
1268
1274
1407
1269
1275
1408
1270
1276
1409
1271
1277
1410
1272
1278
1411
1279
1412
4704
1274
1281
1413
1275
1282
1414
1276
1283
1415
1277
1284
1416
1278
1285
1417
1279
1286
1418
1287
1419
4723
1281
1288
1420
1282
1289
1421
1283
1290
1422
1284
1291
1423
1285
1292
1424
1286
1293
1425
1287
1294
1426
1295
1427
4742
1289
1296
1428
1290
1297
1429
1291
1298
1430
1292
1299
1431
1293
1300
1432
1294
1301
1433
1295
1302
1434
1303
1435
4761
1297
1304
1436
1298
1305
1437
1299
1306
1438
1300
1307
1439
1301
1308
1440
1302
1309
1441
1303
1310
1442
1311
1443
4780
1305
1312
1444
1306
1313
1445
1307
1314
1446
1308
1315
1447
1309
1316
1448
1310
1317
1449
1311
1318
1450
1319
1451
4799
1313
1320
1452
1314
1321
1453
1315
1322
1454
1316
1323
1455
1317
1324
1456
1318
1325
1457
1319
1326
1458
1327
1459
4818
1321
1329
1460
1322
1330
1461
1323
1331
1462
1324
1332
1463
1325
1333
1464
1326
1334
1465
1327
1335
1466
1336
1467
4837
1329
1337
1468
1330
1338
1469
1331
1339
1470
1332
1340
1471
1333
1341
1472
1334
1342
1473
1335
1343
1474
1336
1344
1475
1345
1476
4856
1338
1346
1477
1339
1347
1478
1340
1348
1479
1341
1349
1480
1342
1350
1481
1343
1351
1482
1344
1352
1483
1345
1353
1484
1354
1485
4875
1347
1355
1486
1348
1356
1487
1349
1357
1488
1350
1358
1489
1351
1359
1490
1352
1360
1491
1353
1361
1492
1354
1362
1493
1363
1494
4894
1356
1495
1357
1496
1358
1497
1359
1498
1360
1499
1361
1500
1362
1501
1363
1502
1503
4913
1365
1371
1366
1372
1367
1373
1368
1374
1369
1375
1370
1376
1377
4932
1372
1378
1373
1379
1374
1380
1375
1381
1376
1382
1377
1383
1384
4951
1379
1385
1380
1386
1381
1387
1382
1388
1383
1389
1384
1390
1391
4970
1386
1392
1387
1393
1388
1394
1389
1395
1390
1396
1391
1397
1398
4989
1393
1399
1394
1400
1395
1401
1396
1402
1397
1403
1398
1404
1405
5008
1400
1406
1401
1407
1402
1408
1403
1409
1404
1410
1405
1411
1412
5027
1407
1413
1408
1414
1409
1415
1410
1416
1411
1417
1412
1418
1419
5046
1414
1421
1415
1422
1416
1423
1417
1424
1418
1425
1419
1426
1427
5065
1421
1428
1422
1429
1423
1430
1424
1431
1425
1432
1426
1433
1427
1434
1435
5084
1429
1436
1430
1437
1431
1438
1432
1439
1433
1440
1434
1441
1435
1442
1443
5103
1437
1444
1438
1445
1439
1446
1440
1447
1441
1448
1442
1449
1443
1450
1451
5122
1445
1452
1446
1453
1447
1454
1448
1455
1449
1456
1450
1457
1451
1458
1459
5141
1453
1460
1454
1461
1455
1462
1456
1463
1457
1464
1458
1465
1459
1466
1467
5160
1461
1469
1462
1470
1463
1471
1464
1472
1465
1473
1466
1474
1467
1475
1476
5179
1469
1477
1470
1478
1471
1479
1472
1480
1473
1481
1474
1482
1475
1483
1476
1484
1485
5198
1478
1486
1479
1487
1480
1488
1481
1489
1482
1490
1483
1491
1484
1492
1485
1493
1494
5217
1487
1495
1504
1488
1496
1505
1489
1497
1506
1490
1498
1507
1491
1499
1492
1500
1493
1501
1494
1502
1503
5236
1496
1508
1497
1509
1498
1510
1499
1511
1500
1501
1502
1503
5255
1505
1508
1506
1509
1507
1510
1511
1509
1510
1511
1513
1531
1854
1514
1532
1855
1515
1533
1856
1516
1534
1857
1517
1535
1858
1518
1536
1859
1519
1537
1860
1520
1538
1861
1521
1539
1862
1522
1540
1863
1523
1541
1864
1524
1542
1865
1525
1543
1866
1526
1544
1867
1527
1545
1868
1528
1546
1869
1529
1547
1870
1530
1548
1871
1549
1872
1532
1550
1873
1533
1551
1874
1534
1552
1875
1535
1553
1876
1536
1554
1877
1537
1555
1878
1538
1556
1879
1539
1557
1880
1540
1558
1881
1541
1559
1882
1542
1560
1883
1543
1561
1884
1544
1562
1885
1545
1563
1886
1546
1564
1887
1547
1565
1888
1548
1566
1889
1549
1567
1890
1568
1891
1551
1569
1892
1552
1570
1893
1553
1571
1894
1554
1572
1895
1555
1573
1896
1556
1574
1897
1557
1575
1898
1558
1576
1899
1559
1577
1900
1560
1578
1901
1561
1579
1902
1562
1580
1903
1563
1581
1904
1564
1582
1905
1565
1583
1906
1566
1584
1907
1567
1585
1908
1568
1586
1909
1587
1910
1570
1588
1911
1571
1589
1912
1572
1590
1913
1573
1591
1914
1574
1592
1915
1575
1593
1916
1576
1594
1917
1577
1595
1918
1578
1596
1919
1579
1597
1920
1580
1598
1921
1581
1599
1922
1582
1600
1923
1583
1601
1924
1584
1602
1925
1585
1603
1926
1586
1604
1927
1587
1605
1928
1606
1929
1589
1607
1930
1590
1608
1931
1591
1609
1932
1592
1610
1933
1593
1611
1934
1594
1612
1935
1595
1613
1936
1596
1614
1937
1597
1615
1938
1598
1616
1939
1599
1617
1940
1600
1618
1941
1601
1619
1942
1602
1620
1943
1603
1621
1944
1604
1622
1945
1605
1623
1946
1606
1624
1947
1625
1948
1608
1626
1949
1609
1627
1950
1610
1628
1951
1611
1629
1952
1612
1630
1953
1613
1631
1954
1614
1632
1955
1615
1633
1956
1616
1634
1957
1617
1635
1958
1618
1636
1959
1619
1637
1960
1620
1638
1961
1621
1639
1962
1622
1640
1963
1623
1641
1964
1624
1642
1965
1625
1643
1966
1644
1967
1627
1645
1968
1628
1646
1969
1629
1647
1970
1630
1648
1971
1631
1649
1972
1632
1650
1973
1633
1651
1974
1634
1652
1975
1635
1653
1976
1636
1654
1977
1637
1655
1978
1638
1656
1979
1639
1657
1980
1640
1658
1981
1641
1659
1982
1642
1660
1983
1643
1661
1984
1644
1662
1985
1663
1986
1646
1664
1987
1647
1665
1988
1648
1666
1989
1649
1667
1990
1650
1668
1991
1651
1669
1992
1652
1670
1993
1653
1671
1994
1654
1672
1995
1655
1673
1996
1656
1674
1997
1657
1675
1998
1658
1676
1999
1659
1677
2000
1660
1678
2001
1661
1679
2002
1662
1680
2003
1663
1681
2004
1682
2005
1665
1683
2006
1666
1684
2007
1667
1685
2008
1668
1686
2009
1669
1687
2010
1670
1688
2011
1671
1689
2012
1672
1690
2013
1673
1691
2014
1674
1692
2015
1675
1693
2016
1676
1694
2017
1677
1695
2018
1678
1696
2019
1679
1697
2020
1680
1698
2021
1681
1699
2022
1682
1700
2023
1701
2024
1684
1702
2025
1685
1703
2026
1686
1704
2027
1687
1705
2028
1688
1706
2029
1689
1707
2030
1690
1708
2031
1691
1709
2032
1692
1710
2033
1693
1711
2034
1694
1712
2035
1695
1713
2036
1696
1714
2037
1697
1715
2038
1698
1716
2039
1699
1717
2040
1700
1718
2041
1701
1719
2042
1720
2043
1703
1721
2044
1704
1722
2045
1705
1723
2046
1706
1724
2047
1707
1725
2048
1708
1726
2049
1709
1727
2050
1710
1728
2051
1711
1729
2052
1712
1730
2053
1713
1731
2054
1714
1732
2055
1715
1733
2056
1716
1734
2057
1717
1735
2058
1718
1736
2059
1719
1737
2060
1720
1738
2061
1739
2062
1722
1740
2063
1723
1741
2064
1724
1742
2065
1725
1743
2066
1726
1744
2067
1727
1745
2068
1728
1746
2069
1729
1747
2070
1730
1748
2071
1731
1749
2072
1732
1750
2073
1733
1751
2074
1734
1752
2075
1735
1753
2076
1736
1754
2077
1737
1755
2078
1738
1756
2079
1739
1757
2080
1758
2081
1741
1759
2082
1742
1760
2083
1743
1761
2084
1744
1762
2085
1745
1763
2086
1746
1764
2087
1747
1765
2088
1748
1766
2089
1749
1767
2090
1750
1768
2091
1751
1769
2092
1752
1770
2093
1753
1771
2094
1754
1772
2095
1755
1773
2096
1756
1774
2097
1757
1775
2098
1758
1776
2099
1777
2100
1760
1778
2101
1761
1779
2102
1762
1780
2103
1763
1781
2104
1764
1782
2105
1765
1783
2106
1766
1784
2107
1767
1785
2108
1768
1786
2109
1769
1787
2110
1770
1788
2111
1771
1789
2112
1772
1790
2113
1773
1791
2114
1774
1792
2115
1775
1793
2116
1776
1794
2117
1777
1795
2118
1796
2119
1779
1797
2120
1780
1798
2121
1781
1799
2122
1782
1800
2123
1783
1801
2124
1784
1802
2125
1785
1803
2126
1786
1804
2127
1787
1805
2128
1788
1806
2129
1789
1807
2130
1790
1808
2131
1791
1809
2132
1792
1810
2133
1793
1811
2134
1794
1812
2135
1795
1813
2136
1796
1814
2137
1815
2138
1798
1816
2139
1799
1817
2140
1800
1818
2141
1801
1819
2142
1802
1820
2143
1803
1821
2144
1804
1822
2145
1805
1823
2146
1806
1824
2147
1807
1825
2148
1808
1826
2149
1809
1827
2150
1810
1828
2151
1811
1829
2152
1812
1830
2153
1813
1831
2154
1814
1832
2155
1815
1833
2156
1834
2157
1817
1835
2158
1818
1836
2159
1819
1837
2160
1820
1838
2161
1821
1839
2162
1822
1840
2163
1823
1841
2164
1824
1842
2165
1825
1843
2166
1826
1844
2167
1827
1845
2168
1828
1846
2169
1829
1847
2170
1830
1848
2171
1831
1849
2172
1832
1850
2173
1833
1851
2174
1834
1852
2175
1853
2176
1836
2177
1837
2178
1838
2179
1839
2180
1840
2181
1841
2182
1842
2183
1843
2184
1844
2185
1845
2186
1846
2187
1847
2188
1848
2189
1849
2190
1850
2191
1851
2192
1852
2193
1853
2194
2195
1855
1873
2196
1856
1874
2197
1857
1875
2198
1858
1876
2199
1859
1877
2200
1860
1878
2201
1861
1879
2202
1862
1880
2203
1863
1881
2204
1864
1882
2205
1865
1883
2206
1866
1884
2207
1867
1885
2208
1868
1886
2209
1869
1887
2210
1870
1888
2211
1871
1889
2212
1872
1890
2213
1891
2214
1874
1892
2215
1875
1893
2216
1876
1894
2217
1877
1895
2218
1878
1896
2219
1879
1897
2220
1880
1898
2221
1881
1899
2222
1882
1900
2223
1883
1901
2224
1884
1902
2225
1885
1903
2226
1886
1904
2227
1887
1905
2228
1888
1906
2229
1889
1907
2230
1890
1908
2231
1891
1909
2232
1910
2233
1893
1911
2234
1894
1912
2235
1895
1913
2236
1896
1914
2237
1897
1915
2238
1898
1916
2239
1899
1917
2240
1900
1918
2241
1901
1919
2242
1902
1920
2243
1903
1921
2244
1904
1922
2245
1905
1923
2246
1906
1924
2247
1907
1925
2248
1908
1926
2249
1909
1927
2250
1910
1928
2251
1929
2252
1912
1930
2253
1913
1931
2254
1914
1932
2255
1915
1933
2256
1916
1934
2257
1917
1935
2258
1918
1936
2259
1919
1937
2260
1920
1938
2261
1921
1939
2262
1922
1940
2263
1923
1941
2264
1924
1942
2265
1925
1943
2266
1926
1944
2267
1927
1945
2268
1928
1946
2269
1929
1947
2270
1948
2271
1931
1949
2272
1932
1950
2273
1933
1951
2274
1934
1952
2275
1935
1953
2276
1936
1954
2277
1937
1955
2278
1938
1956
2279
1939
1957
2280
1940
1958
2281
1941
1959
2282
1942
1960
2283
1943
1961
2284
1944
1962
2285
1945
1963
2286
1946
1964
2287
1947
1965
2288
1948
1966
2289
1967
2290
1950
1968
2291
1951
1969
2292
1952
1970
2293
1953
1971
2294
1954
1972
2295
1955
1973
2296
1956
1974
2297
1957
1975
2298
1958
1976
2299
1959
1977
2300
1960
1978
2301
1961
1979
2302
1962
1980
2303
1963
1981
2304
1964
1982
2305
1965
1983
2306
1966
1984
2307
1967
1985
2308
1986
2309
1969
1987
2310
1970
1988
2311
1971
1989
2312
1972
1990
2313
1973
1991
2314
1974
1992
2315
1975
1993
2316
1976
1994
2317
1977
1995
2318
1978
1996
2319
1979
1997
2320
1980
1998
2321
1981
1999
2322
1982
2000
2323
1983
2001
2324
1984
2002
2325
1985
2003
2326
1986
2004
2327
2005
2328
1988
2006
2329
1989
2007
2330
1990
2008
2331
1991
2009
2332
1992
2010
2333
1993
2011
2334
1994
2012
2335
1995
2013
2336
1996
2014
2337
1997
2015
2338
1998
2016
2339
1999
2017
2340
2000
2018
2341
2001
2019
2342
2002
2020
2343
2003
2021
2344
2004
2022
2345
2005
2023
2346
2024
2347
2007
2025
2348
2008
2026
2349
2009
2027
2350
2010
2028
2351
2011
2029
2352
2012
2030
2353
2013
2031
2354
2014
2032
2355
2015
2033
2356
2016
2034
2357
2017
2035
2358
2018
2036
2359
2019
2037
2360
2020
2038
2361
2021
2039
2362
2022
2040
2363
2023
2041
2364
2024
2042
2365
2043
2366
2026
2044
2367
2027
2045
2368
2028
2046
2369
2029
2047
2370
2030
2048
2371
2031
2049
2372
2032
2050
2373
2033
2051
2374
2034
2052
2375
2035
2053
2376
2036
2054
2377
2037
2055
2378
2038
2056
2379
2039
2057
2380
2040
2058
2381
2041
2059
2382
2042
2060
2383
2043
2061
2384
2062
2385
2045
2063
2386
2046
2064
2387
2047
2065
2388
2048
2066
2389
2049
2067
2390
2050
2068
2391
2051
2069
2392
2052
2070
2393
2053
2071
2394
2054
2072
2395
2055
2073
2396
2056
2074
2397
2057
2075
2398
2058
2076
2399
2059
2077
2400
2060
2078
2401
2061
2079
2402
2062
2080
2403
2081
2404
2064
2082
2405
2065
2083
2406
2066
2084
2407
2067
2085
2408
2068
2086
2409
2069
2087
2410
2070
2088
2411
2071
2089
2412
2072
2090
2413
2073
2091
2414
2074
2092
2415
2075
2093
2416
2076
2094
2417
2077
2095
2418
2078
2096
2419
2079
2097
2420
2080
2098
2421
2081
2099
2422
2100
2423
2083
2101
2424
2084
2102
2425
2085
2103
2426
2086
2104
2427
2087
2105
2428
2088
2106
2429
2089
2107
2430
2090
2108
2431
2091
2109
2432
2092
2110
2433
2093
2111
2434
2094
2112
2435
2095
2113
2436
2096
2114
2437
2097
2115
2438
2098
2116
2439
2099
2117
2440
2100
2118
2441
2119
2442
2102
2120
2443
2103
2121
2444
2104
2122
2445
2105
2123
2446
2106
2124
2447
2107
2125
2448
2108
2126
2449
2109
2127
2450
2110
2128
2451
2111
2129
2452
2112
2130
2453
2113
2131
2454
2114
2132
2455
2115
2133
2456
2116
2134
2457
2117
2135
2458
2118
2136
2459
2119
2137
2460
2138
2461
2121
2139
2462
2122
2140
2463
2123
2141
2464
2124
2142
2465
2125
2143
2466
2126
2144
2467
2127
2145
2468
2128
2146
2469
2129
2147
2470
2130
2148
2471
2131
2149
2472
2132
2150
2473
2133
2151
2474
2134
2152
2475
2135
2153
2476
2136
2154
2477
2137
2155
2478
2138
2156
2479
2157
2480
2140
2158
2481
2141
2159
2482
2142
2160
2483
2143
2161
2484
2144
2162
2485
2145
2163
2486
2146
2164
2487
2147
2165
2488
2148
2166
2489
2149
2167
2490
2150
2168
2491
2151
2169
2492
2152
2170
2493
2153
2171
2494
2154
2172
2495
2155
2173
2496
2156
2174
2497
2157
2175
2498
2176
2499
2159
2177
2500
2160
2178
2501
2161
2179
2502
2162
2180
2503
2163
2181
2504
2164
2182
2505
2165
2183
2506
2166
2184
2507
2167
2185
2508
2168
2186
2509
2169
2187
2510
2170
2188
2511
2171
2189
2512
2172
2190
2513
2173
2191
2514
2174
2192
2515
2175
2193
2516
2176
2194
2517
2195
2518
2178
2519
2179
2520
2180
2521
2181
2522
2182
2523
2183
2524
2184
2525
2185
2526
2186
2527
2187
2528
2188
2529
2189
2530
2190
2531
2191
2532
2192
2533
2193
2534
2194
2535
2195
2536
2537
2197
2215
2538
2198
2216
2539
2199
2217
2540
2200
2218
2541
2201
2219
2542
2202
2220
2543
2203
2221
2544
2204
2222
2545
2205
2223
2546
2206
2224
2547
2207
2225
2548
2208
2226
2549
2209
2227
2550
2210
2228
2551
2211
2229
2552
2212
2230
2553
2213
2231
2554
2214
2232
2555
2233
2556
2216
2234
2557
2217
2235
2558
2218
2236
2559
2219
2237
2560
2220
2238
2561
2221
2239
2562
2222
2240
2563
2223
2241
2564
2224
2242
2565
2225
2243
2566
2226
2244
2567
2227
2245
2568
2228
2246
2569
2229
2247
2570
2230
2248
2571
2231
2249
2572
2232
2250
2573
2233
2251
2574
2252
2575
2235
2253
2576
2236
2254
2577
2237
2255
2578
2238
2256
2579
2239
2257
2580
2240
2258
2581
2241
2259
2582
2242
2260
2583
2243
2261
2584
2244
2262
2585
2245
2263
2586
2246
2264
2587
2247
2265
2588
2248
2266
2589
2249
2267
2590
2250
2268
2591
2251
2269
2592
2252
2270
2593
2271
2594
2254
2272
2595
2255
2273
2596
2256
2274
2597
2257
2275
2598
2258
2276
2599
2259
2277
2600
2260
2278
2601
2261
2279
2602
2262
2280
2603
2263
2281
2604
2264
2282
2605
2265
2283
2606
2266
2284
2607
2267
2285
2608
2268
2286
2609
2269
2287
2610
2270
2288
2611
2271
2289
2612
2290
2613
2273
2291
2614
2274
2292
2615
2275
2293
2616
2276
2294
2617
2277
2295
2618
2278
2296
2619
2279
2297
2620
2280
2298
2621
2281
2299
2622
2282
2300
2623
2283
2301
2624
2284
2302
2625
2285
2303
2626
2286
2304
2627
2287
2305
2628
2288
2306
2629
2289
2307
2630
2290
2308
2631
2309
2632
2292
2310
2633
2293
2311
2634
2294
2312
2635
2295
2313
2636
2296
2314
2637
2297
2315
2638
2298
2316
2639
2299
2317
2640
2300
2318
2641
2301
2319
2642
2302
2320
2643
2303
2321
2644
2304
2322
2645
2305
2323
2646
2306
2324
2647
2307
2325
2648
2308
2326
2649
2309
2327
2650
2328
2651
2311
2329
2652
2312
2330
2653
2313
2331
2654
2314
2332
2655
2315
2333
2656
2316
2334
2657
2317
2335
2658
2318
2336
2659
2319
2337
2660
2320
2338
2661
2321
2339
2662
2322
2340
2663
2323
2341
2664
2324
2342
2665
2325
2343
2666
2326
2344
2667
2327
2345
2668
2328
2346
2669
2347
2670
2330
2348
2671
2331
2349
2672
2332
2350
2673
2333
2351
2674
2334
2352
2675
2335
2353
2676
2336
2354
2677
2337
2355
2678
2338
2356
2679
2339
2357
2680
2340
2358
2681
2341
2359
2682
2342
2360
2683
2343
2361
2684
2344
2362
2685
2345
2363
2686
2346
2364
2687
2347
2365
2688
2366
2689
2349
2367
2690
2350
2368
2691
2351
2369
2692
2352
2370
2693
2353
2371
2694
2354
2372
2695
2355
2373
2696
2356
2374
2697
2357
2375
2698
2358
2376
2699
2359
2377
2700
2360
2378
2701
2361
2379
2702
2362
2380
2703
2363
2381
2704
2364
2382
2705
2365
2383
2706
2366
2384
2707
2385
2708
2368
2386
2709
2369
2387
2710
2370
2388
2711
2371
2389
2712
2372
2390
2713
2373
2391
2714
2374
2392
2715
2375
2393
2716
2376
2394
2717
2377
2395
2718
2378
2396
2719
2379
2397
2720
2380
2398
2721
2381
2399
2722
2382
2400
2723
2383
2401
2724
2384
2402
2725
2385
2403
2726
2404
2727
2387
2405
2728
2388
2406
2729
2389
2407
2730
2390
2408
2731
2391
2409
2732
2392
2410
2733
2393
2411
2734
2394
2412
2735
2395
2413
2736
2396
2414
2737
2397
2415
2738
2398
2416
2739
2399
2417
2740
2400
2418
2741
2401
2419
2742
2402
2420
2743
2403
2421
2744
2404
2422
2745
2423
2746
2406
2424
2747
2407
2425
2748
2408
2426
2749
2409
2427
2750
2410
2428
2751
2411
2429
2752
2412
2430
2753
2413
2431
2754
2414
2432
2755
2415
2433
2756
2416
2434
2757
2417
2435
2758
2418
2436
2759
2419
2437
2760
2420
2438
2761
2421
2439
2762
2422
2440
2763
2423
2441
2764
2442
2765
2425
2443
2766
2426
2444
2767
2427
2445
2768
2428
2446
2769
2429
2447
2770
2430
2448
2771
2431
2449
2772
2432
2450
2773
2433
2451
2774
2434
2452
2775
2435
2453
2776
2436
2454
2777
2437
2455
2778
2438
2456
2779
2439
2457
2780
2440
2458
2781
2441
2459
2782
2442
2460
2783
2461
2784
2444
2462
2785
2445
2463
2786
2446
2464
2787
2447
2465
2788
2448
2466
2789
2449
2467
2790
2450
2468
2791
2451
2469
2792
2452
2470
2793
2453
2471
2794
2454
2472
2795
2455
2473
2796
2456
2474
2797
2457
2475
2798
2458
2476
2799
2459
2477
2800
2460
2478
2801
2461
2479
2802
2480
2803
2463
2481
2804
2464
2482
2805
2465
2483
2806
2466
2484
2807
2467
2485
2808
2468
2486
2809
2469
2487
2810
2470
2488
2811
2471
2489
2812
2472
2490
2813
2473
2491
2814
2474
2492
2815
2475
2493
2816
2476
2494
2817
2477
2495
2818
2478
2496
2819
2479
2497
2820
2480
2498
2821
2499
2822
2482
2500
2823
2483
2501
2824
2484
2502
2825
2485
2503
2826
2486
2504
2827
2487
2505
2828
2488
2506
2829
2489
2507
2830
2490
2508
2831
2491
2509
2832
2492
2510
2833
2493
2511
2834
2494
2512
2835
2495
2513
2836
2496
2514
2837
2497
2515
2838
2498
2516
2839
2499
2517
2840
2518
2841
2501
2519
2842
2502
2520
2843
2503
2521
2844
2504
2522
2845
2505
2523
2846
2506
2524
2847
2507
2525
2848
2508
2526
2849
2509
2527
2850
2510
2528
2851
2511
2529
2852
2512
2530
2853
2513
2531
2854
2514
2532
2855
2515
2533
2856
2516
2534
2857
2517
2535
2858
2518
2536
2859
2537
2860
2520
2861
2521
2862
2522
2863
2523
2864
2524
2865
2525
2866
2526
2867
2527
2868
2528
2869
2529
2870
2530
2871
2531
2872
2532
2873
2533
2874
2534
2875
2535
2876
2536
2877
2537
2878
2879
2539
2557
2880
2540
2558
2881
2541
2559
2882
2542
2560
2883
2543
2561
2884
2544
2562
2885
2545
2563
2886
2546
2564
2887
2547
2565
2888
2548
2566
2889
2549
2567
2890
2550
2568
2891
2551
2569
2892
2552
2570
2893
2553
2571
2894
2554
2572
2895
2555
2573
2896
2556
2574
2897
2575
2898
2558
2576
2899
2559
2577
2900
2560
2578
2901
2561
2579
2902
2562
2580
2903
2563
2581
2904
2564
2582
2905
2565
2583
2906
2566
2584
2907
2567
2585
2908
2568
2586
2909
2569
2587
2910
2570
2588
2911
2571
2589
2912
2572
2590
2913
2573
2591
2914
2574
2592
2915
2575
2593
2916
2594
2917
2577
2595
2918
2578
2596
2919
2579
2597
2920
2580
2598
2921
2581
2599
2922
2582
2600
2923
2583
2601
2924
2584
2602
2925
2585
2603
2926
2586
2604
2927
2587
2605
2928
2588
2606
2929
2589
2607
2930
2590
2608
2931
2591
2609
2932
2592
2610
2933
2593
2611
2934
2594
2612
2935
2613
2936
2596
2614
2937
2597
2615
2938
2598
2616
2939
2599
2617
2940
2600
2618
2941
2601
2619
2942
2602
2620
2943
2603
2621
2944
2604
2622
2945
2605
2623
2946
2606
2624
2947
2607
2625
2948
2608
2626
2949
2609
2627
2950
2610
2628
2951
2611
2629
2952
2612
2630
2953
2613
2631
2954
2632
2955
2615
2633
2956
2616
2634
2957
2617
2635
2958
2618
2636
2959
2619
2637
2960
2620
2638
2961
2621
2639
2962
2622
2640
2963
2623
2641
2964
2624
2642
2965
2625
2643
2966
2626
2644
2967
2627
2645
2968
2628
2646
2969
2629
2647
2970
2630
2648
2971
2631
2649
2972
2632
2650
2973
2651
2974
2634
2652
2975
2635
2653
2976
2636
2654
2977
2637
2655
2978
2638
2656
2979
2639
2657
2980
2640
2658
2981
2641
2659
2982
2642
2660
2983
2643
2661
2984
2644
2662
2985
2645
2663
2986
2646
2664
2987
2647
2665
2988
2648
2666
2989
2649
2667
2990
2650
2668
2991
2651
2669
2992
2670
2993
2653
2671
2994
2654
2672
2995
2655
2673
2996
2656
2674
2997
2657
2675
2998
2658
2676
2999
2659
2677
3000
2660
2678
3001
2661
2679
3002
2662
2680
3003
2663
2681
3004
2664
2682
3005
2665
2683
3006
2666
2684
3007
2667
2685
3008
2668
2686
3009
2669
2687
3010
2670
2688
3011
2689
3012
2672
2690
3013
2673
2691
3014
2674
2692
3015
2675
2693
3016
2676
2694
3017
2677
2695
3018
2678
2696
3019
2679
2697
3020
2680
2698
3021
2681
2699
3022
2682
2700
3023
2683
2701
3024
2684
2702
3025
2685
2703
3026
2686
2704
3027
2687
2705
3028
2688
2706
3029
2689
2707
3030
2708
3031
2691
2709
3032
2692
2710
3033
2693
2711
3034
2694
2712
3035
2695
2713
3036
2696
2714
3037
2697
2715
3038
2698
2716
3039
2699
2717
3040
2700
2718
3041
2701
2719
3042
2702
2720
3043
2703
2721
3044
2704
2722
3045
2705
2723
3046
2706
2724
3047
2707
2725
3048
2708
2726
3049
2727
3050
2710
2728
3051
2711
2729
3052
2712
2730
3053
2713
2731
3054
2714
2732
3055
2715
2733
3056
2716
2734
3057
2717
2735
3058
2718
2736
3059
2719
2737
3060
2720
2738
3061
2721
2739
3062
2722
2740
3063
2723
2741
3064
2724
2742
3065
2725
2743
3066
2726
2744
3067
2727
2745
3068
2746
3069
2729
2747
3070
2730
2748
3071
2731
2749
3072
2732
2750
3073
2733
2751
3074
2734
2752
3075
2735
2753
3076
2736
2754
3077
2737
2755
3078
2738
2756
3079
2739
2757
3080
2740
2758
3081
2741
2759
3082
2742
2760
3083
2743
2761
3084
2744
2762
3085
2745
2763
3086
2746
2764
3087
2765
3088
2748
2766
3089
2749
2767
3090
2750
2768
3091
2751
2769
3092
2752
2770
3093
2753
2771
3094
2754
2772
3095
2755
2773
3096
2756
2774
3097
2757
2775
3098
2758
2776
3099
2759
2777
3100
2760
2778
3101
2761
2779
3102
2762
2780
3103
2763
2781
3104
2764
2782
3105
2765
2783
3106
2784
3107
2767
2785
3108
2768
2786
3109
2769
2787
3110
2770
2788
3111
2771
2789
3112
2772
2790
3113
2773
2791
3114
2774
2792
3115
2775
2793
3116
2776
2794
3117
2777
2795
3118
2778
2796
3119
2779
2797
3120
2780
2798
3121
2781
2799
3122
2782
2800
3123
2783
2801
3124
2784
2802
3125
2803
3126
2786
2804
3127
2787
2805
3128
2788
2806
3129
2789
2807
3130
2790
2808
3131
2791
2809
3132
2792
2810
3133
2793
2811
3134
2794
2812
3135
2795
2813
3136
2796
2814
3137
2797
2815
3138
2798
2816
3139
2799
2817
3140
2800
2818
3141
2801
2819
3142
2802
2820
3143
2803
2821
3144
2822
3145
2805
2823
3146
2806
2824
3147
2807
2825
3148
2808
2826
3149
2809
2827
3150
2810
2828
3151
2811
2829
3152
2812
2830
3153
2813
2831
3154
2814
2832
3155
2815
2833
3156
2816
2834
3157
2817
2835
3158
2818
2836
3159
2819
2837
3160
2820
2838
3161
2821
2839
3162
2822
2840
3163
2841
3164
2824
2842
3165
2825
2843
3166
2826
2844
3167
2827
2845
3168
2828
2846
3169
2829
2847
3170
2830
2848
3171
2831
2849
3172
2832
2850
3173
2833
2851
3174
2834
2852
3175
2835
2853
3176
2836
2854
3177
2837
2855
3178
2838
2856
3179
2839
2857
3180
2840
2858
3181
2841
2859
3182
2860
3183
2843
2861
3184
2844
2862
3185
2845
2863
3186
2846
2864
3187
2847
2865
3188
2848
2866
3189
2849
2867
3190
2850
2868
3191
2851
2869
3192
2852
2870
3193
2853
2871
3194
2854
2872
3195
2855
2873
3196
2856
2874
3197
2857
2875
3198
2858
2876
3199
2859
2877
3200
2860
2878
3201
2879
3202
2862
3203
2863
3204
2864
3205
2865
3206
2866
3207
2867
3208
2868
3209
2869
3210
2870
3211
2871
3212
2872
3213
2873
3214
2874
3215
2875
3216
2876
3217
2877
3218
2878
3219
2879
3220
3221
2881
2899
3222
2882
2900
3223
2883
2901
3224
2884
2902
3225
2885
2903
3226
2886
2904
3227
2887
2905
3228
2888
2906
3229
2889
2907
3230
2890
2908
3231
2891
2909
3232
2892
2910
3233
2893
2911
3234
2894
2912
3235
2895
2913
3236
2896
2914
3237
2897
2915
3238
2898
2916
3239
2917
3240
2900
2918
3241
2901
2919
3242
2902
2920
3243
2903
2921
3244
2904
2922
3245
2905
2923
3246
2906
2924
3247
2907
2925
3248
2908
2926
3249
2909
2927
3250
2910
2928
3251
2911
2929
3252
2912
2930
3253
2913
2931
3254
2914
2932
3255
2915
2933
3256
2916
2934
3257
2917
2935
3258
2936
3259
2919
2937
3260
2920
2938
3261
2921
2939
3262
2922
2940
3263
2923
2941
3264
2924
2942
3265
2925
2943
3266
2926
2944
3267
2927
2945
3268
2928
2946
3269
2929
2947
3270
2930
2948
3271
2931
2949
3272
2932
2950
3273
2933
2951
3274
2934
2952
3275
2935
2953
3276
2936
2954
3277
2955
3278
2938
2956
3279
2939
2957
3280
2940
2958
3281
2941
2959
3282
2942
2960
3283
2943
2961
3284
2944
2962
3285
2945
2963
3286
2946
2964
3287
2947
2965
3288
2948
2966
3289
2949
2967
3290
2950
2968
3291
2951
2969
3292
2952
2970
3293
2953
2971
3294
2954
2972
3295
2955
2973
3296
2974
3297
2957
2975
3298
2958
2976
3299
2959
2977
3300
2960
2978
3301
2961
2979
3302
2962
2980
3303
2963
2981
3304
2964
2982
3305
2965
2983
3306
2966
2984
3307
2967
2985
3308
2968
2986
3309
2969
2987
3310
2970
2988
3311
2971
2989
3312
2972
2990
3313
2973
2991
3314
2974
2992
3315
2993
3316
2976
2994
3317
2977
2995
3318
2978
2996
3319
2979
2997
3320
2980
2998
3321
2981
2999
3322
2982
3000
3323
2983
3001
3324
2984
3002
3325
2985
3003
3326
2986
3004
3327
2987
3005
3328
2988
3006
3329
2989
3007
3330
2990
3008
3331
2991
3009
3332
2992
3010
3333
2993
3011
3334
3012
3335
2995
3013
3336
2996
3014
3337
2997
3015
3338
2998
3016
3339
2999
3017
3340
3000
3018
3341
3001
3019
3342
3002
3020
3343
3003
3021
3344
3004
3022
3345
3005
3023
3346
3006
3024
3347
3007
3025
3348
3008
3026
3349
3009
3027
3350
3010
3028
3351
3011
3029
3352
3012
3030
3353
3031
3354
3014
3032
3355
3015
3033
3356
3016
3034
3357
3017
3035
3358
3018
3036
3359
3019
3037
3360
3020
3038
3361
3021
3039
3362
3022
3040
3363
3023
3041
3364
3024
3042
3365
3025
3043
3366
3026
3044
3367
3027
3045
3368
3028
3046
3369
3029
3047
3370
3030
3048
3371
3031
3049
3372
3050
3373
3033
3051
3374
3034
3052
3375
3035
3053
3376
3036
3054
3377
3037
3055
3378
3038
3056
3379
3039
3057
3380
3040
3058
3381
3041
3059
3382
3042
3060
3383
3043
3061
3384
3044
3062
3385
3045
3063
3386
3046
3064
3387
3047
3065
3388
3048
3066
3389
3049
3067
3390
3050
3068
3391
3069
3392
3052
3070
3393
3053
3071
3394
3054
3072
3395
3055
3073
3396
3056
3074
3397
3057
3075
3398
3058
3076
3399
3059
3077
3400
3060
3078
3401
3061
3079
3402
3062
3080
3403
3063
3081
3404
3064
3082
3405
3065
3083
3406
3066
3084
3407
3067
3085
3408
3068
3086
3409
3069
3087
3410
3088
3411
3071
3089
3412
3072
3090
3413
3073
3091
3414
3074
3092
3415
3075
3093
3416
3076
3094
3417
3077
3095
3418
3078
3096
3419
3079
3097
3420
3080
3098
3421
3081
3099
3422
3082
3100
3423
3083
3101
3424
3084
3102
3425
3085
3103
3426
3086
3104
3427
3087
3105
3428
3088
3106
3429
3107
3430
3090
3108
3431
3091
3109
3432
3092
3110
3433
3093
3111
3434
3094
3112
3435
3095
3113
3436
3096
3114
3437
3097
3115
3438
3098
3116
3439
3099
3117
3440
3100
3118
3441
3101
3119
3442
3102
3120
3443
3103
3121
3444
3104
3122
3445
3105
3123
3446
3106
3124
3447
3107
3125
3448
3126
3449
3109
3127
3450
3110
3128
3451
3111
3129
3452
3112
3130
3453
3113
3131
3454
3114
3132
3455
3115
3133
3456
3116
3134
3457
3117
3135
3458
3118
3136
3459
3119
3137
3460
3120
3138
3461
3121
3139
3462
3122
3140
3463
3123
3141
3464
3124
3142
3465
3125
3143
3466
3126
3144
3467
3145
3468
3128
3146
3469
3129
3147
3470
3130
3148
3471
3131
3149
3472
3132
3150
3473
3133
3151
3474
3134
3152
3475
3135
3153
3476
3136
3154
3477
3137
3155
3478
3138
3156
3479
3139
3157
3480
3140
3158
3481
3141
3159
3482
3142
3160
3483
3143
3161
3484
3144
3162
3485
3145
3163
3486
3164
3487
3147
3165
3488
3148
3166
3489
3149
3167
3490
3150
3168
3491
3151
3169
3492
3152
3170
3493
3153
3171
3494
3154
3172
3495
3155
3173
3496
3156
3174
3497
3157
3175
3498
3158
3176
3499
3159
3177
3500
3160
3178
3501
3161
3179
3502
3162
3180
3503
3163
3181
3504
3164
3182
3505
3183
3506
3166
3184
3507
3167
3185
3508
3168
3186
3509
3169
3187
3510
3170
3188
3511
3171
3189
3512
3172
3190
3513
3173
3191
3514
3174
3192
3515
3175
3193
3516
3176
3194
3517
3177
3195
3518
3178
3196
3519
3179
3197
3520
3180
3198
3521
3181
3199
3522
3182
3200
3523
3183
3201
3524
3202
3525
3185
3203
3526
3186
3204
3527
3187
3205
3528
3188
3206
3529
3189
3207
3530
3190
3208
3531
3191
3209
3532
3192
3210
3533
3193
3211
3534
3194
3212
3535
3195
3213
3536
3196
3214
3537
3197
3215
3538
3198
3216
3539
3199
3217
3540
3200
3218
3541
3201
3219
3542
3202
3220
3543
3221
3544
3204
3545
3205
3546
3206
3547
3207
3548
3208
3549
3209
3550
3210
3551
3211
3552
3212
3553
3213
3554
3214
3555
3215
3556
3216
3557
3217
3558
3218
3559
3219
3560
3220
3561
3221
3562
3563
3223
3241
3564
3224
3242
3565
3225
3243
3566
3226
3244
3567
3227
3245
3568
3228
3246
3569
3229
3247
3570
3230
3248
3571
3231
3249
3572
3232
3250
3573
3233
3251
3574
3234
3252
3575
3235
3253
3576
3236
3254
3577
3237
3255
3578
3238
3256
3579
3239
3257
3580
3240
3258
3581
3259
3582
3242
3260
3583
3243
3261
3584
3244
3262
3585
3245
3263
3586
3246
3264
3587
3247
3265
3588
3248
3266
3589
3249
3267
3590
3250
3268
3591
3251
3269
3592
3252
3270
3593
3253
3271
3594
3254
3272
3595
3255
3273
3596
3256
3274
3597
3257
3275
3598
3258
3276
3599
3259
3277
3600
3278
3601
3261
3279
3602
3262
3280
3603
3263
3281
3604
3264
3282
3605
3265
3283
3606
3266
3284
3607
3267
3285
3608
3268
3286
3609
3269
3287
3610
3270
3288
3611
3271
3289
3612
3272
3290
3613
3273
3291
3614
3274
3292
3615
3275
3293
3616
3276
3294
3617
3277
3295
3618
3278
3296
3619
3297
3620
3280
3298
3621
3281
3299
3622
3282
3300
3623
3283
3301
3624
3284
3302
3625
3285
3303
3626
3286
3304
3627
3287
3305
3628
3288
3306
3629
3289
3307
3630
3290
3308
3631
3291
3309
3632
3292
3310
3633
3293
3311
3634
3294
3312
3635
3295
3313
3636
3296
3314
3637
3297
3315
3638
3316
3639
3299
3317
3640
3300
3318
3641
3301
3319
3642
3302
3320
3643
3303
3321
3644
3304
3322
3645
3305
3323
3646
3306
3324
3647
3307
3325
3648
3308
3326
3649
3309
3327
3650
3310
3328
3651
3311
3329
3652
3312
3330
3653
3313
3331
3654
3314
3332
3655
3315
3333
3656
3316
3334
3657
3335
3658
3318
3336
3659
3319
3337
3660
3320
3338
3661
3321
3339
3662
3322
3340
3663
3323
3341
3664
3324
3342
3665
3325
3343
3666
3326
3344
3667
3327
3345
3668
3328
3346
3669
3329
3347
3670
3330
3348
3671
3331
3349
3672
3332
3350
3673
3333
3351
3674
3334
3352
3675
3335
3353
3676
3354
3677
3337
3355
3678
3338
3356
3679
3339
3357
3680
3340
3358
3681
3341
3359
3682
3342
3360
3683
3343
3361
3684
3344
3362
3685
3345
3363
3686
3346
3364
3687
3347
3365
3688
3348
3366
3689
3349
3367
3690
3350
3368
3691
3351
3369
3692
3352
3370
3693
3353
3371
3694
3354
3372
3695
3373
3696
3356
3374
3697
3357
3375
3698
3358
3376
3699
3359
3377
3700
3360
3378
3701
3361
3379
3702
3362
3380
3703
3363
3381
3704
3364
3382
3705
3365
3383
3706
3366
3384
3707
3367
3385
3708
3368
3386
3709
3369
3387
3710
3370
3388
3711
3371
3389
3712
3372
3390
3713
3373
3391
3714
3392
3715
3375
3393
3716
3376
3394
3717
3377
3395
3718
3378
3396
3719
3379
3397
3720
3380
3398
3721
3381
3399
3722
3382
3400
3723
3383
3401
3724
3384
3402
3725
3385
3403
3726
3386
3404
3727
3387
3405
3728
3388
3406
3729
3389
3407
3730
3390
3408
3731
3391
3409
3732
3392
3410
3733
3411
3734
3394
3412
3735
3395
3413
3736
3396
3414
3737
3397
3415
3738
3398
3416
3739
3399
3417
3740
3400
3418
3741
3401
3419
3742
3402
3420
3743
3403
3421
3744
3404
3422
3745
3405
3423
3746
3406
3424
3747
3407
3425
3748
3408
3426
3749
3409
3427
3750
3410
3428
3751
3411
3429
3752
3430
3753
3413
3431
3754
3414
3432
3755
3415
3433
3756
3416
3434
3757
3417
3435
3758
3418
3436
3759
3419
3437
3760
3420
3438
3761
3421
3439
3762
3422
3440
3763
3423
3441
3764
3424
3442
3765
3425
3443
3766
3426
3444
3767
3427
3445
3768
3428
3446
3769
3429
3447
3770
3430
3448
3771
3449
3772
3432
3450
3773
3433
3451
3774
3434
3452
3775
3435
3453
3776
3436
3454
3777
3437
3455
3778
3438
3456
3779
3439
3457
3780
3440
3458
3781
3441
3459
3782
3442
3460
3783
3443
3461
3784
3444
3462
3785
3445
3463
3786
3446
3464
3787
3447
3465
3788
3448
3466
3789
3449
3467
3790
3468
3791
3451
3469
3792
3452
3470
3793
3453
3471
3794
3454
3472
3795
3455
3473
3796
3456
3474
3797
3457
3475
3798
3458
3476
3799
3459
3477
3800
3460
3478
3801
3461
3479
3802
3462
3480
3803
3463
3481
3804
3464
3482
3805
3465
3483
3806
3466
3484
3807
3467
3485
3808
3468
3486
3809
3487
3810
3470
3488
3811
3471
3489
3812
3472
3490
3813
3473
3491
3814
3474
3492
3815
3475
3493
3816
3476
3494
3817
3477
3495
3818
3478
3496
3819
3479
3497
3820
3480
3498
3821
3481
3499
3822
3482
3500
3823
3483
3501
3824
3484
3502
3825
3485
3503
3826
3486
3504
3827
3487
3505
3828
3506
3829
3489
3507
3830
3490
3508
3831
3491
3509
3832
3492
3510
3833
3493
3511
3834
3494
3512
3835
3495
3513
3836
3496
3514
3837
3497
3515
3838
3498
3516
3839
3499
3517
3840
3500
3518
3841
3501
3519
3842
3502
3520
3843
3503
3521
3844
3504
3522
3845
3505
3523
3846
3506
3524
3847
3525
3848
3508
3526
3849
3509
3527
3850
3510
3528
3851
3511
3529
3852
3512
3530
3853
3513
3531
3854
3514
3532
3855
3515
3533
3856
3516
3534
3857
3517
3535
3858
3518
3536
3859
3519
3537
3860
3520
3538
3861
3521
3539
3862
3522
3540
3863
3523
3541
3864
3524
3542
3865
3525
3543
3866
3544
3867
3527
3545
3868
3528
3546
3869
3529
3547
3870
3530
3548
3871
3531
3549
3872
3532
3550
3873
3533
3551
3874
3534
3552
3875
3535
3553
3876
3536
3554
3877
3537
3555
3878
3538
3556
3879
3539
3557
3880
3540
3558
3881
3541
3559
3882
3542
3560
3883
3543
3561
3884
3544
3562
3885
3563
3886
3546
3887
3547
3888
3548
3889
3549
3890
3550
3891
3551
3892
3552
3893
3553
3894
3554
3895
3555
3896
3556
3897
3557
3898
3558
3899
3559
3900
3560
3901
3561
3902
3562
3903
3563
3904
3905
3565
3583
3906
3566
3584
3907
3567
3585
3908
3568
3586
3909
3569
3587
3910
3570
3588
3911
3571
3589
3912
3572
3590
3913
3573
3591
3914
3574
3592
3915
3575
3593
3916
3576
3594
3917
3577
3595
3918
3578
3596
3919
3579
3597
3920
3580
3598
3921
3581
3599
3922
3582
3600
3923
3601
3924
3584
3602
3925
3585
3603
3926
3586
3604
3927
3587
3605
3928
3588
3606
3929
3589
3607
3930
3590
3608
3931
3591
3609
3932
3592
3610
3933
3593
3611
3934
3594
3612
3935
3595
3613
3936
3596
3614
3937
3597
3615
3938
3598
3616
3939
3599
3617
3940
3600
3618
3941
3601
3619
3942
3620
3943
3603
3621
3944
3604
3622
3945
3605
3623
3946
3606
3624
3947
3607
3625
3948
3608
3626
3949
3609
3627
3950
3610
3628
3951
3611
3629
3952
3612
3630
3953
3613
3631
3954
3614
3632
3955
3615
3633
3956
3616
3634
3957
3617
3635
3958
3618
3636
3959
3619
3637
3960
3620
3638
3961
3639
3962
3622
3640
3963
3623
3641
3964
3624
3642
3965
3625
3643
3966
3626
3644
3967
3627
3645
3968
3628
3646
3969
3629
3647
3970
3630
3648
3971
3631
3649
3972
3632
3650
3973
3633
3651
3974
3634
3652
3975
3635
3653
3976
3636
3654
3977
3637
3655
3978
3638
3656
3979
3639
3657
3980
3658
3981
3641
3659
3982
3642
3660
3983
3643
3661
3984
3644
3662
3985
3645
3663
3986
3646
3664
3987
3647
3665
3988
3648
3666
3989
3649
3667
3990
3650
3668
3991
3651
3669
3992
3652
3670
3993
3653
3671
3994
3654
3672
3995
3655
3673
3996
3656
3674
3997
3657
3675
3998
3658
3676
3999
3677
4000
3660
3678
4001
3661
3679
4002
3662
3680
4003
3663
3681
4004
3664
3682
4005
3665
3683
4006
3666
3684
4007
3667
3685
4008
3668
3686
4009
3669
3687
4010
3670
3688
4011
3671
3689
4012
3672
3690
4013
3673
3691
4014
3674
3692
4015
3675
3693
4016
3676
3694
4017
3677
3695
4018
3696
4019
3679
3697
4020
3680
3698
4021
3681
3699
4022
3682
3700
4023
3683
3701
4024
3684
3702
4025
3685
3703
4026
3686
3704
4027
3687
3705
4028
3688
3706
4029
3689
3707
4030
3690
3708
4031
3691
3709
4032
3692
3710
4033
3693
3711
4034
3694
3712
4035
3695
3713
4036
3696
3714
4037
3715
4038
3698
3716
4039
3699
3717
4040
3700
3718
4041
3701
3719
4042
3702
3720
4043
3703
3721
4044
3704
3722
4045
3705
3723
4046
3706
3724
4047
3707
3725
4048
3708
3726
4049
3709
3727
4050
3710
3728
4051
3711
3729
4052
3712
3730
4053
3713
3731
4054
3714
3732
4055
3715
3733
4056
3734
4057
3717
3735
4058
3718
3736
4059
3719
3737
4060
3720
3738
4061
3721
3739
4062
3722
3740
4063
3723
3741
4064
3724
3742
4065
3725
3743
4066
3726
3744
4067
3727
3745
4068
3728
3746
4069
3729
3747
4070
3730
3748
4071
3731
3749
4072
3732
3750
4073
3733
3751
4074
3734
3752
4075
3753
4076
3736
3754
4077
3737
3755
4078
3738
3756
4079
3739
3757
4080
3740
3758
4081
3741
3759
4082
3742
3760
4083
3743
3761
4084
3744
3762
4085
3745
3763
4086
3746
3764
4087
3747
3765
4088
3748
3766
4089
3749
3767
4090
3750
3768
4091
3751
3769
4092
3752
3770
4093
3753
3771
4094
3772
4095
3755
3773
4096
3756
3774
4097
3757
3775
4098
3758
3776
4099
3759
3777
4100
3760
3778
4101
3761
3779
4102
3762
3780
4103
3763
3781
4104
3764
3782
4105
3765
3783
4106
3766
3784
4107
3767
3785
4108
3768
3786
4109
3769
3787
4110
3770
3788
4111
3771
3789
4112
3772
3790
4113
3791
4114
3774
3792
4115
3775
3793
4116
3776
3794
4117
3777
3795
4118
3778
3796
4119
3779
3797
4120
3780
3798
4121
3781
3799
4122
3782
3800
4123
3783
3801
4124
3784
3802
4125
3785
3803
4126
3786
3804
4127
3787
3805
4128
3788
3806
4129
3789
3807
4130
3790
3808
4131
3791
3809
4132
3810
4133
3793
3811
4134
3794
3812
4135
3795
3813
4136
3796
3814
4137
3797
3815
4138
3798
3816
4139
3799
3817
4140
3800
3818
4141
3801
3819
4142
3802
3820
4143
3803
3821
4144
3804
3822
4145
3805
3823
4146
3806
3824
4147
3807
3825
4148
3808
3826
4149
3809
3827
4150
3810
3828
4151
3829
4152
3812
3830
4153
3813
3831
4154
3814
3832
4155
3815
3833
4156
3816
3834
4157
3817
3835
4158
3818
3836
4159
3819
3837
4160
3820
3838
4161
3821
3839
4162
3822
3840
4163
3823
3841
4164
3824
3842
4165
3825
3843
4166
3826
3844
4167
3827
3845
4168
3828
3846
4169
3829
3847
4170
3848
4171
3831
3849
4172
3832
3850
4173
3833
3851
4174
3834
3852
4175
3835
3853
4176
3836
3854
4177
3837
3855
4178
3838
3856
4179
3839
3857
4180
3840
3858
4181
3841
3859
4182
3842
3860
4183
3843
3861
4184
3844
3862
4185
3845
3863
4186
3846
3864
4187
3847
3865
4188
3848
3866
4189
3867
4190
3850
3868
4191
3851
3869
4192
3852
3870
4193
3853
3871
4194
3854
3872
4195
3855
3873
4196
3856
3874
4197
3857
3875
4198
3858
3876
4199
3859
3877
4200
3860
3878
4201
3861
3879
4202
3862
3880
4203
3863
3881
4204
3864
3882
4205
3865
3883
4206
3866
3884
4207
3867
3885
4208
3886
4209
3869
3887
4210
3870
3888
4211
3871
3889
4212
3872
3890
4213
3873
3891
4214
3874
3892
4215
3875
3893
4216
3876
3894
4217
3877
3895
4218
3878
3896
4219
3879
3897
4220
3880
3898
4221
3881
3899
4222
3882
3900
4223
3883
3901
4224
3884
3902
4225
3885
3903
4226
3886
3904
4227
3905
4228
3888
4229
3889
4230
3890
4231
3891
4232
3892
4233
3893
4234
3894
4235
3895
4236
3896
4237
3897
4238
3898
4239
3899
4240
3900
4241
3901
4242
3902
4243
3903
4244
3904
4245
3905
4246
4247
3907
3925
4248
3908
3926
4249
3909
3927
4250
3910
3928
4251
3911
3929
4252
3912
3930
4253
3913
3931
4254
3914
3932
4255
3915
3933
4256
3916
3934
4257
3917
3935
4258
3918
3936
4259
3919
3937
4260
3920
3938
4261
3921
3939
4262
3922
3940
4263
3923
3941
4264
3924
3942
4265
3943
4266
3926
3944
4267
3927
3945
4268
3928
3946
4269
3929
3947
4270
3930
3948
4271
3931
3949
4272
3932
3950
4273
3933
3951
4274
3934
3952
4275
3935
3953
4276
3936
3954
4277
3937
3955
4278
3938
3956
4279
3939
3957
4280
3940
3958
4281
3941
3959
4282
3942
3960
4283
3943
3961
4284
3962
4285
3945
3963
4286
3946
3964
4287
3947
3965
4288
3948
3966
4289
3949
3967
4290
3950
3968
4291
3951
3969
4292
3952
3970
4293
3953
3971
4294
3954
3972
4295
3955
3973
4296
3956
3974
4297
3957
3975
4298
3958
3976
4299
3959
3977
4300
3960
3978
4301
3961
3979
4302
3962
3980
4303
3981
4304
3964
3982
4305
3965
3983
4306
3966
3984
4307
3967
3985
4308
3968
3986
4309
3969
3987
4310
3970
3988
4311
3971
3989
4312
3972
3990
4313
3973
3991
4314
3974
3992
4315
3975
3993
4316
3976
3994
4317
3977
3995
4318
3978
3996
4319
3979
3997
4320
3980
3998
4321
3981
3999
4322
4000
4323
3983
4001
4324
3984
4002
4325
3985
4003
4326
3986
4004
4327
3987
4005
4328
3988
4006
4329
3989
4007
4330
3990
4008
4331
3991
4009
4332
3992
4010
4333
3993
4011
4334
3994
4012
4335
3995
4013
4336
3996
4014
4337
3997
4015
4338
3998
4016
4339
3999
4017
4340
4000
4018
4341
4019
4342
4002
4020
4343
4003
4021
4344
4004
4022
4345
4005
4023
4346
4006
4024
4347
4007
4025
4348
4008
4026
4349
4009
4027
4350
4010
4028
4351
4011
4029
4352
4012
4030
4353
4013
4031
4354
4014
4032
4355
4015
4033
4356
4016
4034
4357
4017
4035
4358
4018
4036
4359
4019
4037
4360
4038
4361
4021
4039
4362
4022
4040
4363
4023
4041
4364
4024
4042
4365
4025
4043
4366
4026
4044
4367
4027
4045
4368
4028
4046
4369
4029
4047
4370
4030
4048
4371
4031
4049
4372
4032
4050
4373
4033
4051
4374
4034
4052
4375
4035
4053
4376
4036
4054
4377
4037
4055
4378
4038
4056
4379
4057
4380
4040
4058
4381
4041
4059
4382
4042
4060
4383
4043
4061
4384
4044
4062
4385
4045
4063
4386
4046
4064
4387
4047
4065
4388
4048
4066
4389
4049
4067
4390
4050
4068
4391
4051
4069
4392
4052
4070
4393
4053
4071
4394
4054
4072
4395
4055
4073
4396
4056
4074
4397
4057
4075
4398
4076
4399
4059
4077
4400
4060
4078
4401
4061
4079
4402
4062
4080
4403
4063
4081
4404
4064
4082
4405
4065
4083
4406
4066
4084
4407
4067
4085
4408
4068
4086
4409
4069
4087
4410
4070
4088
4411
4071
4089
4412
4072
4090
4413
4073
4091
4414
4074
4092
4415
4075
4093
4416
4076
4094
4417
4095
4418
4078
4096
4419
4079
4097
4420
4080
4098
4421
4081
4099
4422
4082
4100
4423
4083
4101
4424
4084
4102
4425
4085
4103
4426
4086
4104
4427
4087
4105
4428
4088
4106
4429
4089
4107
4430
4090
4108
4431
4091
4109
4432
4092
4110
4433
4093
4111
4434
4094
4112
4435
4095
4113
4436
4114
4437
4097
4115
4438
4098
4116
4439
4099
4117
4440
4100
4118
4441
4101
4119
4442
4102
4120
4443
4103
4121
4444
4104
4122
4445
4105
4123
4446
4106
4124
4447
4107
4125
4448
4108
4126
4449
4109
4127
4450
4110
4128
4451
4111
4129
4452
4112
4130
4453
4113
4131
4454
4114
4132
4455
4133
4456
4116
4134
4457
4117
4135
4458
4118
4136
4459
4119
4137
4460
4120
4138
4461
4121
4139
4462
4122
4140
4463
4123
4141
4464
4124
4142
4465
4125
4143
4466
4126
4144
4467
4127
4145
4468
4128
4146
4469
4129
4147
4470
4130
4148
4471
4131
4149
4472
4132
4150
4473
4133
4151
4474
4152
4475
4135
4153
4476
4136
4154
4477
4137
4155
4478
4138
4156
4479
4139
4157
4480
4140
4158
4481
4141
4159
4482
4142
4160
4483
4143
4161
4484
4144
4162
4485
4145
4163
4486
4146
4164
4487
4147
4165
4488
4148
4166
4489
4149
4167
4490
4150
4168
4491
4151
4169
4492
4152
4170
4493
4171
4494
4154
4172
4495
4155
4173
4496
4156
4174
4497
4157
4175
4498
4158
4176
4499
4159
4177
4500
4160
4178
4501
4161
4179
4502
4162
4180
4503
4163
4181
4504
4164
4182
4505
4165
4183
4506
4166
4184
4507
4167
4185
4508
4168
4186
4509
4169
4187
4510
4170
4188
4511
4171
4189
4512
4190
4513
4173
4191
4514
4174
4192
4515
4175
4193
4516
4176
4194
4517
4177
4195
4518
4178
4196
4519
4179
4197
4520
4180
4198
4521
4181
4199
4522
4182
4200
4523
4183
4201
4524
4184
4202
4525
4185
4203
4526
4186
4204
4527
4187
4205
4528
4188
4206
4529
4189
4207
4530
4190
4208
4531
4209
4532
4192
4210
4533
4193
4211
4534
4194
4212
4535
4195
4213
4536
4196
4214
4537
4197
4215
4538
4198
4216
4539
4199
4217
4540
4200
4218
4541
4201
4219
4542
4202
4220
4543
4203
4221
4544
4204
4222
4545
4205
4223
4546
4206
4224
4547
4207
4225
4548
4208
4226
4549
4209
4227
4550
4228
4551
4211
4229
4552
4212
4230
4553
4213
4231
4554
4214
4232
4555
4215
4233
4556
4216
4234
4557
4217
4235
4558
4218
4236
4559
4219
4237
4560
4220
4238
4561
4221
4239
4562
4222
4240
4563
4223
4241
4564
4224
4242
4565
4225
4243
4566
4226
4244
4567
4227
4245
4568
4228
4246
4569
4247
4570
4230
4571
4231
4572
4232
4573
4233
4574
4234
4575
4235
4576
4236
4577
4237
4578
4238
4579
4239
4580
4240
4581
4241
4582
4242
4583
4243
4584
4244
4585
4245
4586
4246
4587
4247
4588
4589
4249
4267
4590
4250
4268
4591
4251
4269
4592
4252
4270
4593
4253
4271
4594
4254
4272
4595
4255
4273
4596
4256
4274
4597
4257
4275
4598
4258
4276
4599
4259
4277
4600
4260
4278
4601
4261
4279
4602
4262
4280
4603
4263
4281
4604
4264
4282
4605
4265
4283
4606
4266
4284
4607
4285
4608
4268
4286
4609
4269
4287
4610
4270
4288
4611
4271
4289
4612
4272
4290
4613
4273
4291
4614
4274
4292
4615
4275
4293
4616
4276
4294
4617
4277
4295
4618
4278
4296
4619
4279
4297
4620
4280
4298
4621
4281
4299
4622
4282
4300
4623
4283
4301
4624
4284
4302
4625
4285
4303
4626
4304
4627
4287
4305
4628
4288
4306
4629
4289
4307
4630
4290
4308
4631
4291
4309
4632
4292
4310
4633
4293
4311
4634
4294
4312
4635
4295
4313
4636
4296
4314
4637
4297
4315
4638
4298
4316
4639
4299
4317
4640
4300
4318
4641
4301
4319
4642
4302
4320
4643
4303
4321
4644
4304
4322
4645
4323
4646
4306
4324
4647
4307
4325
4648
4308
4326
4649
4309
4327
4650
4310
4328
4651
4311
4329
4652
4312
4330
4653
4313
4331
4654
4314
4332
4655
4315
4333
4656
4316
4334
4657
4317
4335
4658
4318
4336
4659
4319
4337
4660
4320
4338
4661
4321
4339
4662
4322
4340
4663
4323
4341
4664
4342
4665
4325
4343
4666
4326
4344
4667
4327
4345
4668
4328
4346
4669
4329
4347
4670
4330
4348
4671
4331
4349
4672
4332
4350
4673
4333
4351
4674
4334
4352
4675
4335
4353
4676
4336
4354
4677
4337
4355
4678
4338
4356
4679
4339
4357
4680
4340
4358
4681
4341
4359
4682
4342
4360
4683
4361
4684
4344
4362
4685
4345
4363
4686
4346
4364
4687
4347
4365
4688
4348
4366
4689
4349
4367
4690
4350
4368
4691
4351
4369
4692
4352
4370
4693
4353
4371
4694
4354
4372
4695
4355
4373
4696
4356
4374
4697
4357
4375
4698
4358
4376
4699
4359
4377
4700
4360
4378
4701
4361
4379
4702
4380
4703
4363
4381
4704
4364
4382
4705
4365
4383
4706
4366
4384
4707
4367
4385
4708
4368
4386
4709
4369
4387
4710
4370
4388
4711
4371
4389
4712
4372
4390
4713
4373
4391
4714
4374
4392
4715
4375
4393
4716
4376
4394
4717
4377
4395
4718
4378
4396
4719
4379
4397
4720
4380
4398
4721
4399
4722
4382
4400
4723
4383
4401
4724
4384
4402
4725
4385
4403
4726
4386
4404
4727
4387
4405
4728
4388
4406
4729
4389
4407
4730
4390
4408
4731
4391
4409
4732
4392
4410
4733
4393
4411
4734
4394
4412
4735
4395
4413
4736
4396
4414
4737
4397
4415
4738
4398
4416
4739
4399
4417
4740
4418
4741
4401
4419
4742
4402
4420
4743
4403
4421
4744
4404
4422
4745
4405
4423
4746
4406
4424
4747
4407
4425
4748
4408
4426
4749
4409
4427
4750
4410
4428
4751
4411
4429
4752
4412
4430
4753
4413
4431
4754
4414
4432
4755
4415
4433
4756
4416
4434
4757
4417
4435
4758
4418
4436
4759
4437
4760
4420
4438
4761
4421
4439
4762
4422
4440
4763
4423
4441
4764
4424
4442
4765
4425
4443
4766
4426
4444
4767
4427
4445
4768
4428
4446
4769
4429
4447
4770
4430
4448
4771
4431
4449
4772
4432
4450
4773
4433
4451
4774
4434
4452
4775
4435
4453
4776
4436
4454
4777
4437
4455
4778
4456
4779
4439
4457
4780
4440
4458
4781
4441
4459
4782
4442
4460
4783
4443
4461
4784
4444
4462
4785
4445
4463
4786
4446
4464
4787
4447
4465
4788
4448
4466
4789
4449
4467
4790
4450
4468
4791
4451
4469
4792
4452
4470
4793
4453
4471
4794
4454
4472
4795
4455
4473
4796
4456
4474
4797
4475
4798
4458
4476
4799
4459
4477
4800
4460
4478
4801
4461
4479
4802
4462
4480
4803
4463
4481
4804
4464
4482
4805
4465
4483
4806
4466
4484
4807
4467
4485
4808
4468
4486
4809
4469
4487
4810
4470
4488
4811
4471
4489
4812
4472
4490
4813
4473
4491
4814
4474
4492
4815
4475
4493
4816
4494
4817
4477
4495
4818
4478
4496
4819
4479
4497
4820
4480
4498
4821
4481
4499
4822
4482
4500
4823
4483
4501
4824
4484
4502
4825
4485
4503
4826
4486
4504
4827
4487
4505
4828
4488
4506
4829
4489
4507
4830
4490
4508
4831
4491
4509
4832
4492
4510
4833
4493
4511
4834
4494
4512
4835
4513
4836
4496
4514
4837
4497
4515
4838
4498
4516
4839
4499
4517
4840
4500
4518
4841
4501
4519
4842
4502
4520
4843
4503
4521
4844
4504
4522
4845
4505
4523
4846
4506
4524
4847
4507
4525
4848
4508
4526
4849
4509
4527
4850
4510
4528
4851
4511
4529
4852
4512
4530
4853
4513
4531
4854
4532
4855
4515
4533
4856
4516
4534
4857
4517
4535
4858
4518
4536
4859
4519
4537
4860
4520
4538
4861
4521
4539
4862
4522
4540
4863
4523
4541
4864
4524
4542
4865
4525
4543
4866
4526
4544
4867
4527
4545
4868
4528
4546
4869
4529
4547
4870
4530
4548
4871
4531
4549
4872
4532
4550
4873
4551
4874
4534
4552
4875
4535
4553
4876
4536
4554
4877
4537
4555
4878
4538
4556
4879
4539
4557
4880
4540
4558
4881
4541
4559
4882
4542
4560
4883
4543
4561
4884
4544
4562
4885
4545
4563
4886
4546
4564
4887
4547
4565
4888
4548
4566
4889
4549
4567
4890
4550
4568
4891
4551
4569
4892
4570
4893
4553
4571
4894
4554
4572
4895
4555
4573
4896
4556
4574
4897
4557
4575
4898
4558
4576
4899
4559
4577
4900
4560
4578
4901
4561
4579
4902
4562
4580
4903
4563
4581
4904
4564
4582
4905
4565
4583
4906
4566
4584
4907
4567
4585
4908
4568
4586
4909
4569
4587
4910
4570
4588
4911
4589
4912
4572
4913
4573
4914
4574
4915
4575
4916
4576
4917
4577
4918
4578
4919
4579
4920
4580
4921
4581
4922
4582
4923
4583
4924
4584
4925
4585
4926
4586
4927
4587
4928
4588
4929
4589
4930
4931
4591
4609
4932
4592
4610
4933
4593
4611
4934
4594
4612
4935
4595
4613
4936
4596
4614
4937
4597
4615
4938
4598
4616
4939
4599
4617
4940
4600
4618
4941
4601
4619
4942
4602
4620
4943
4603
4621
4944
4604
4622
4945
4605
4623
4946
4606
4624
4947
4607
4625
4948
4608
4626
4949
4627
4950
4610
4628
4951
4611
4629
4952
4612
4630
4953
4613
4631
4954
4614
4632
4955
4615
4633
4956
4616
4634
4957
4617
4635
4958
4618
4636
4959
4619
4637
4960
4620
4638
4961
4621
4639
4962
4622
4640
4963
4623
4641
4964
4624
4642
4965
4625
4643
4966
4626
4644
4967
4627
4645
4968
4646
4969
4629
4647
4970
4630
4648
4971
4631
4649
4972
4632
4650
4973
4633
4651
4974
4634
4652
4975
4635
4653
4976
4636
4654
4977
4637
4655
4978
4638
4656
4979
4639
4657
4980
4640
4658
4981
4641
4659
4982
4642
4660
4983
4643
4661
4984
4644
4662
4985
4645
4663
4986
4646
4664
4987
4665
4988
4648
4666
4989
4649
4667
4990
4650
4668
4991
4651
4669
4992
4652
4670
4993
4653
4671
4994
4654
4672
4995
4655
4673
4996
4656
4674
4997
4657
4675
4998
4658
4676
4999
4659
4677
5000
4660
4678
5001
4661
4679
5002
4662
4680
5003
4663
4681
5004
4664
4682
5005
4665
4683
5006
4684
5007
4667
4685
5008
4668
4686
5009
4669
4687
5010
4670
4688
5011
4671
4689
5012
4672
4690
5013
4673
4691
5014
4674
4692
5015
4675
4693
5016
4676
4694
5017
4677
4695
5018
4678
4696
5019
4679
4697
5020
4680
4698
5021
4681
4699
5022
4682
4700
5023
4683
4701
5024
4684
4702
5025
4703
5026
4686
4704
5027
4687
4705
5028
4688
4706
5029
4689
4707
5030
4690
4708
5031
4691
4709
5032
4692
4710
5033
4693
4711
5034
4694
4712
5035
4695
4713
5036
4696
4714
5037
4697
4715
5038
4698
4716
5039
4699
4717
5040
4700
4718
5041
4701
4719
5042
4702
4720
5043
4703
4721
5044
4722
5045
4705
4723
5046
4706
4724
5047
4707
4725
5048
4708
4726
5049
4709
4727
5050
4710
4728
5051
4711
4729
5052
4712
4730
5053
4713
4731
5054
4714
4732
5055
4715
4733
5056
4716
4734
5057
4717
4735
5058
4718
4736
5059
4719
4737
5060
4720
4738
5061
4721
4739
5062
4722
4740
5063
4741
5064
4724
4742
5065
4725
4743
5066
4726
4744
5067
4727
4745
5068
4728
4746
5069
4729
4747
5070
4730
4748
5071
4731
4749
5072
4732
4750
5073
4733
4751
5074
4734
4752
5075
4735
4753
5076
4736
4754
5077
4737
4755
5078
4738
4756
5079
4739
4757
5080
4740
4758
5081
4741
4759
5082
4760
5083
4743
4761
5084
4744
4762
5085
4745
4763
5086
4746
4764
5087
4747
4765
5088
4748
4766
5089
4749
4767
5090
4750
4768
5091
4751
4769
5092
4752
4770
5093
4753
4771
5094
4754
4772
5095
4755
4773
5096
4756
4774
5097
4757
4775
5098
4758
4776
5099
4759
4777
5100
4760
4778
5101
4779
5102
4762
4780
5103
4763
4781
5104
4764
4782
5105
4765
4783
5106
4766
4784
5107
4767
4785
5108
4768
4786
5109
4769
4787
5110
4770
4788
5111
4771
4789
5112
4772
4790
5113
4773
4791
5114
4774
4792
5115
4775
4793
5116
4776
4794
5117
4777
4795
5118
4778
4796
5119
4779
4797
5120
4798
5121
4781
4799
5122
4782
4800
5123
4783
4801
5124
4784
4802
5125
4785
4803
5126
4786
4804
5127
4787
4805
5128
4788
4806
5129
4789
4807
5130
4790
4808
5131
4791
4809
5132
4792
4810
5133
4793
4811
5134
4794
4812
5135
4795
4813
5136
4796
4814
5137
4797
4815
5138
4798
4816
5139
4817
5140
4800
4818
5141
4801
4819
5142
4802
4820
5143
4803
4821
5144
4804
4822
5145
4805
4823
5146
4806
4824
5147
4807
4825
5148
4808
4826
5149
4809
4827
5150
4810
4828
5151
4811
4829
5152
4812
4830
5153
4813
4831
5154
4814
4832
5155
4815
4833
5156
4816
4834
5157
4817
4835
5158
4836
5159
4819
4837
5160
4820
4838
5161
4821
4839
5162
4822
4840
5163
4823
4841
5164
4824
4842
5165
4825
4843
5166
4826
4844
5167
4827
4845
5168
4828
4846
5169
4829
4847
5170
4830
4848
5171
4831
4849
5172
4832
4850
5173
4833
4851
5174
4834
4852
5175
4835
4853
5176
4836
4854
5177
4855
5178
4838
4856
5179
4839
4857
5180
4840
4858
5181
4841
4859
5182
4842
4860
5183
4843
4861
5184
4844
4862
5185
4845
4863
5186
4846
4864
5187
4847
4865
5188
4848
4866
5189
4849
4867
5190
4850
4868
5191
4851
4869
5192
4852
4870
5193
4853
4871
5194
4854
4872
5195
4855
4873
5196
4874
5197
4857
4875
5198
4858
4876
5199
4859
4877
5200
4860
4878
5201
4861
4879
5202
4862
4880
5203
4863
4881
5204
4864
4882
5205
4865
4883
5206
4866
4884
5207
4867
4885
5208
4868
4886
5209
4869
4887
5210
4870
4888
5211
4871
4889
5212
4872
4890
5213
4873
4891
5214
4874
4892
5215
4893
5216
4876
4894
5217
4877
4895
5218
4878
4896
5219
4879
4897
5220
4880
4898
5221
4881
4899
5222
4882
4900
5223
4883
4901
5224
4884
4902
5225
4885
4903
5226
4886
4904
5227
4887
4905
5228
4888
4906
5229
4889
4907
5230
4890
4908
5231
4891
4909
5232
4892
4910
5233
4893
4911
5234
4912
5235
4895
4913
5236
4896
4914
5237
4897
4915
5238
4898
4916
5239
4899
4917
5240
4900
4918
5241
4901
4919
5242
4902
4920
5243
4903
4921
5244
4904
4922
5245
4905
4923
5246
4906
4924
5247
4907
4925
5248
4908
4926
5249
4909
4927
5250
4910
4928
5251
4911
4929
5252
4912
4930
5253
4931
5254
4914
5255
4915
5256
4916
5257
4917
5258
4918
5259
4919
5260
4920
5261
4921
5262
4922
5263
4923
5264
4924
5265
4925
5266
4926
5267
4927
5268
4928
5269
4929
5270
4930
5271
4931
5272
5273
4933
4951
4934
4952
4935
4953
4936
4954
4937
4955
4938
4956
4939
4957
4940
4958
4941
4959
4942
4960
4943
4961
4944
4962
5274
4945
4963
5275
4946
4964
5276
4947
4965
5277
4948
4966
5278
4949
4967
5279
4950
4968
5280
4969
5281
4952
4970
4953
4971
4954
4972
4955
4973
4956
4974
4957
4975
4958
4976
4959
4977
4960
4978
4961
4979
4962
4980
4963
4981
5282
4964
4982
5283
4965
4983
5284
4966
4984
5285
4967
4985
5286
4968
4986
5287
4969
4987
5288
4988
5289
4971
4989
4972
4990
4973
4991
4974
4992
4975
4993
4976
4994
4977
4995
4978
4996
4979
4997
4980
4998
4981
4999
4982
5000
5290
4983
5001
5291
4984
5002
5292
4985
5003
5293
4986
5004
5294
4987
5005
5295
4988
5006
5296
5007
5297
4990
5008
4991
5009
4992
5010
4993
5011
4994
5012
4995
5013
4996
5014
4997
5015
4998
5016
4999
5017
5000
5018
5001
5019
5298
5002
5020
5299
5003
5021
5300
5004
5022
5301
5005
5023
5302
5006
5024
5303
5007
5025
5304
5026
5305
5009
5027
5010
5028
5011
5029
5012
5030
5013
5031
5014
5032
5015
5033
5016
5034
5017
5035
5018
5036
5019
5037
5020
5038
5306
5021
5039
5307
5022
5040
5308
5023
5041
5309
5024
5042
5310
5025
5043
5311
5026
5044
5312
5045
5313
5028
5046
5029
5047
5030
5048
5031
5049
5032
5050
5033
5051
5034
5052
5035
5053
5036
5054
5037
5055
5038
5056
5039
5057
5314
5040
5058
5315
5041
5059
5316
5042
5060
5317
5043
5061
5318
5044
5062
5319
5045
5063
5320
5064
5321
5047
5065
5048
5066
5049
5067
5050
5068
5051
5069
5052
5070
5053
5071
5054
5072
5055
5073
5056
5074
5057
5075
5058
5076
5322
5059
5077
5323
5060
5078
5324
5061
5079
5325
5062
5080
5326
5063
5081
5327
5064
5082
5328
5083
5329
5066
5084
5067
5085
5068
5086
5069
5087
5070
5088
5071
5089
5072
5090
5073
5091
5074
5092
5075
5093
5076
5094
5077
5095
5330
5078
5096
5331
5079
5097
5332
5080
5098
5333
5081
5099
5334
5082
5100
5335
5083
5101
5336
5102
5337
5085
5103
5086
5104
5087
5105
5088
5106
5089
5107
5090
5108
5091
5109
5092
5110
5093
5111
5094
5112
5095
5113
5096
5114
5338
5097
5115
5339
5098
5116
5340
5099
5117
5341
5100
5118
5342
5101
5119
5343
5102
5120
5344
5121
5345
5104
5122
5105
5123
5106
5124
5107
5125
5108
5126
5109
5127
5110
5128
5111
5129
5112
5130
5113
5131
5114
5132
5115
5133
5346
5116
5134
5347
5117
5135
5348
5118
5136
5349
5119
5137
5350
5120
5138
5351
5121
5139
5352
5140
5353
5123
5141
5124
5142
5125
5143
5126
5144
5127
5145
5128
5146
5129
5147
5130
5148
5131
5149
5132
5150
5133
5151
5134
5152
5354
5135
5153
5355
5136
5154
5356
5137
5155
5357
5138
5156
5358
5139
5157
5359
5140
5158
5360
5159
5361
5142
5160
5143
5161
5144
5162
5145
5163
5146
5164
5147
5165
5148
5166
5149
5167
5150
5168
5151
5169
5152
5170
5153
5171
5362
5154
5172
5363
5155
5173
5364
5156
5174
5365
5157
5175
5366
5158
5176
5367
5159
5177
5368
5178
5369
5161
5179
5162
5180
5163
5181
5164
5182
5165
5183
5166
5184
5167
5185
5168
5186
5169
5187
5170
5188
5171
5189
5172
5190
5370
5173
5191
5371
5174
5192
5372
5175
5193
5373
5176
5194
5374
5177
5195
5375
5178
5196
5376
5197
5377
5180
5198
5181
5199
5182
5200
5183
5201
5184
5202
5185
5203
5186
5204
5187
5205
5188
5206
5189
5207
5190
5208
5191
5209
5378
5192
5210
5379
5193
5211
5380
5194
5212
5381
5195
5213
5382
5196
5214
5383
5197
5215
5384
5216
5385
5199
5217
5200
5218
5201
5219
5202
5220
5203
5221
5204
5222
5205
5223
5206
5224
5207
5225
5208
5226
5209
5227
5210
5228
5386
5211
5229
5387
5212
5230
5388
5213
5231
5389
5214
5232
5390
5215
5233
5391
5216
5234
5392
5235
5393
5218
5236
5219
5237
5220
5238
5221
5239
5222
5240
5223
5241
5224
5242
5225
5243
5226
5244
5227
5245
5228
5246
5229
5247
5394
5230
5248
5395
5231
5249
5396
5232
5250
5397
5233
5251
5398
5234
5252
5399
5235
5253
5400
5254
5401
5237
5255
5238
5256
5239
5257
5240
5258
5241
5259
5242
5260
5243
5261
5244
5262
5245
5263
5246
5264
5247
5265
5248
5266
5249
5267
5250
5268
5251
5269
5252
5270
5253
5271
5402
5254
5272
5403
5273
5404
5256
5257
5258
5259
5260
5261
5262
5263
5264
5265
5266
5267
5268
5269
5270
5271
5272
5273
5275
5282
5276
5283
5277
5284
5278
5285
5279
5286
5280
5287
5281
5288
5289
5283
5290
5284
5291
5285
5292
5286
5293
5287
5294
5288
5295
5289
5296
5297
5291
5298
5292
5299
5293
5300
5294
5301
5295
5302
5296
5303
5297
5304
5305
5299
5306
5300
5307
5301
5308
5302
5309
5303
5310
5304
5311
5305
5312
5313
5307
5314
5308
5315
5309
5316
5310
5317
5311
5318
5312
5319
5313
5320
5321
5315
5322
5316
5323
5317
5324
5318
5325
5319
5326
5320
5327
5321
5328
5329
5323
5330
5324
5331
5325
5332
5326
5333
5327
5334
5328
5335
5329
5336
5337
5331
5338
5332
5339
5333
5340
5334
5341
5335
5342
5336
5343
5337
5344
5345
5339
5346
5340
5347
5341
5348
5342
5349
5343
5350
5344
5351
5345
5352
5353
5347
5354
5348
5355
5349
5356
5350
5357
5351
5358
5352
5359
5353
5360
5361
5355
5362
5356
5363
5357
5364
5358
5365
5359
5366
5360
5367
5361
5368
5369
5363
5370
5364
5371
5365
5372
5366
5373
5367
5374
5368
5375
5369
5376
5377
5371
5378
5372
5379
5373
5380
5374
5381
5375
5382
5376
5383
5377
5384
5385
5379
5386
5380
5387
5381
5388
5382
5389
5383
5390
5384
5391
5385
5392
5393
5387
5394
5388
5395
5389
5396
5390
5397
5391
5398
5392
5399
5393
5400
5401
5395
5396
5397
5398
5399
5400
5402
5401
5403
5404
5403
5404
)


// ************************************************************************* //
