/*--------------------------------*- C++ -*----------------------------------*\
| =========                 |                                                 |
| \\      /  F ield         | OpenFOAM: The Open Source CFD Toolbox           |
|  \\    /   O peration     | Version:  2406                                  |
|   \\  /    A nd           | Website:  www.openfoam.com                      |
|    \\/     M anipulation  |                                                 |
\*---------------------------------------------------------------------------*/
FoamFile
{
    version     2.0;
    format      ascii;
    arch        "LSB;label=32;scalar=64";
    class       labelList;
    location    "constant/polyMesh";
    object      pointProcAddressing;
}
// * * * * * * * * * * * * * * * * * * * * * * * * * * * * * * * * * * * * * //


6475
(
31193
31194
31195
31196
31197
31198
31199
31200
31209
31210
31211
31212
31213
31214
31215
31216
31225
31226
31227
31228
31229
31230
31231
31232
31241
31242
31243
31244
31245
31246
31247
31248
31257
31258
31259
31260
31261
31262
31263
31264
31273
31274
31275
31276
31277
31278
31279
31280
31289
31290
31291
31292
31293
31294
31295
31296
31305
31306
31307
31308
31309
31310
31311
31312
31320
31321
31322
31323
31324
31325
31326
31327
31328
31336
31337
31338
31339
31340
31341
31342
31343
31344
31352
31353
31354
31355
31356
31357
31358
31359
31360
31368
31369
31370
31371
31372
31373
31374
31375
31376
31384
31385
31386
31387
31388
31389
31390
31391
31392
31400
31401
31402
31403
31404
31405
31406
31407
31408
31416
31417
31418
31419
31420
31421
31422
31423
31424
31432
31433
31434
31435
31436
31437
31438
31439
31440
31448
31449
31450
31451
31452
31453
31454
31455
31456
31464
31465
31466
31467
31468
31469
31470
31471
31472
31480
31481
31482
31483
31484
31485
31486
31487
31488
31721
31722
31723
31724
31725
31726
31727
31728
31737
31738
31739
31740
31741
31742
31743
31744
31753
31754
31755
31756
31757
31758
31759
31760
31769
31770
31771
31772
31773
31774
31775
31776
31785
31786
31787
31788
31789
31790
31791
31792
31801
31802
31803
31804
31805
31806
31807
31808
31817
31818
31819
31820
31821
31822
31823
31824
31833
31834
31835
31836
31837
31838
31839
31840
31848
31849
31850
31851
31852
31853
31854
31855
31856
31864
31865
31866
31867
31868
31869
31870
31871
31872
31880
31881
31882
31883
31884
31885
31886
31887
31888
31896
31897
31898
31899
31900
31901
31902
31903
31904
31912
31913
31914
31915
31916
31917
31918
31919
31920
31928
31929
31930
31931
31932
31933
31934
31935
31936
31944
31945
31946
31947
31948
31949
31950
31951
31952
31960
31961
31962
31963
31964
31965
31966
31967
31968
31976
31977
31978
31979
31980
31981
31982
31983
31984
31992
31993
31994
31995
31996
31997
31998
31999
32000
32008
32009
32010
32011
32012
32013
32014
32015
32016
32249
32250
32251
32252
32253
32254
32255
32256
32265
32266
32267
32268
32269
32270
32271
32272
32281
32282
32283
32284
32285
32286
32287
32288
32297
32298
32299
32300
32301
32302
32303
32304
32313
32314
32315
32316
32317
32318
32319
32320
32329
32330
32331
32332
32333
32334
32335
32336
32345
32346
32347
32348
32349
32350
32351
32352
32361
32362
32363
32364
32365
32366
32367
32368
32376
32377
32378
32379
32380
32381
32382
32383
32384
32392
32393
32394
32395
32396
32397
32398
32399
32400
32408
32409
32410
32411
32412
32413
32414
32415
32416
32424
32425
32426
32427
32428
32429
32430
32431
32432
32440
32441
32442
32443
32444
32445
32446
32447
32448
32456
32457
32458
32459
32460
32461
32462
32463
32464
32472
32473
32474
32475
32476
32477
32478
32479
32480
32488
32489
32490
32491
32492
32493
32494
32495
32496
32504
32505
32506
32507
32508
32509
32510
32511
32512
32520
32521
32522
32523
32524
32525
32526
32527
32528
32536
32537
32538
32539
32540
32541
32542
32543
32544
32777
32778
32779
32780
32781
32782
32783
32784
32793
32794
32795
32796
32797
32798
32799
32800
32809
32810
32811
32812
32813
32814
32815
32816
32825
32826
32827
32828
32829
32830
32831
32832
32841
32842
32843
32844
32845
32846
32847
32848
32857
32858
32859
32860
32861
32862
32863
32864
32873
32874
32875
32876
32877
32878
32879
32880
32889
32890
32891
32892
32893
32894
32895
32896
32904
32905
32906
32907
32908
32909
32910
32911
32912
32920
32921
32922
32923
32924
32925
32926
32927
32928
32936
32937
32938
32939
32940
32941
32942
32943
32944
32952
32953
32954
32955
32956
32957
32958
32959
32960
32968
32969
32970
32971
32972
32973
32974
32975
32976
32984
32985
32986
32987
32988
32989
32990
32991
32992
33000
33001
33002
33003
33004
33005
33006
33007
33008
33016
33017
33018
33019
33020
33021
33022
33023
33024
33032
33033
33034
33035
33036
33037
33038
33039
33040
33048
33049
33050
33051
33052
33053
33054
33055
33056
33064
33065
33066
33067
33068
33069
33070
33071
33072
33305
33306
33307
33308
33309
33310
33311
33312
33321
33322
33323
33324
33325
33326
33327
33328
33337
33338
33339
33340
33341
33342
33343
33344
33353
33354
33355
33356
33357
33358
33359
33360
33369
33370
33371
33372
33373
33374
33375
33376
33385
33386
33387
33388
33389
33390
33391
33392
33401
33402
33403
33404
33405
33406
33407
33408
33417
33418
33419
33420
33421
33422
33423
33424
33432
33433
33434
33435
33436
33437
33438
33439
33440
33448
33449
33450
33451
33452
33453
33454
33455
33456
33464
33465
33466
33467
33468
33469
33470
33471
33472
33480
33481
33482
33483
33484
33485
33486
33487
33488
33496
33497
33498
33499
33500
33501
33502
33503
33504
33512
33513
33514
33515
33516
33517
33518
33519
33520
33528
33529
33530
33531
33532
33533
33534
33535
33536
33544
33545
33546
33547
33548
33549
33550
33551
33552
33560
33561
33562
33563
33564
33565
33566
33567
33568
33576
33577
33578
33579
33580
33581
33582
33583
33584
33592
33593
33594
33595
33596
33597
33598
33599
33600
33833
33834
33835
33836
33837
33838
33839
33840
33849
33850
33851
33852
33853
33854
33855
33856
33865
33866
33867
33868
33869
33870
33871
33872
33881
33882
33883
33884
33885
33886
33887
33888
33897
33898
33899
33900
33901
33902
33903
33904
33913
33914
33915
33916
33917
33918
33919
33920
33929
33930
33931
33932
33933
33934
33935
33936
33945
33946
33947
33948
33949
33950
33951
33952
33960
33961
33962
33963
33964
33965
33966
33967
33968
33976
33977
33978
33979
33980
33981
33982
33983
33984
33992
33993
33994
33995
33996
33997
33998
33999
34000
34008
34009
34010
34011
34012
34013
34014
34015
34016
34024
34025
34026
34027
34028
34029
34030
34031
34032
34040
34041
34042
34043
34044
34045
34046
34047
34048
34056
34057
34058
34059
34060
34061
34062
34063
34064
34072
34073
34074
34075
34076
34077
34078
34079
34080
34088
34089
34090
34091
34092
34093
34094
34095
34096
34104
34105
34106
34107
34108
34109
34110
34111
34112
34120
34121
34122
34123
34124
34125
34126
34127
34128
34361
34362
34363
34364
34365
34366
34367
34368
34377
34378
34379
34380
34381
34382
34383
34384
34393
34394
34395
34396
34397
34398
34399
34400
34409
34410
34411
34412
34413
34414
34415
34416
34425
34426
34427
34428
34429
34430
34431
34432
34441
34442
34443
34444
34445
34446
34447
34448
34457
34458
34459
34460
34461
34462
34463
34464
34473
34474
34475
34476
34477
34478
34479
34480
34488
34489
34490
34491
34492
34493
34494
34495
34496
34504
34505
34506
34507
34508
34509
34510
34511
34512
34520
34521
34522
34523
34524
34525
34526
34527
34528
34536
34537
34538
34539
34540
34541
34542
34543
34544
34552
34553
34554
34555
34556
34557
34558
34559
34560
34568
34569
34570
34571
34572
34573
34574
34575
34576
34584
34585
34586
34587
34588
34589
34590
34591
34592
34600
34601
34602
34603
34604
34605
34606
34607
34608
34616
34617
34618
34619
34620
34621
34622
34623
34624
34632
34633
34634
34635
34636
34637
34638
34639
34640
34648
34649
34650
34651
34652
34653
34654
34655
34656
34889
34890
34891
34892
34893
34894
34895
34896
34905
34906
34907
34908
34909
34910
34911
34912
34921
34922
34923
34924
34925
34926
34927
34928
34937
34938
34939
34940
34941
34942
34943
34944
34953
34954
34955
34956
34957
34958
34959
34960
34969
34970
34971
34972
34973
34974
34975
34976
34985
34986
34987
34988
34989
34990
34991
34992
35001
35002
35003
35004
35005
35006
35007
35008
35016
35017
35018
35019
35020
35021
35022
35023
35024
35032
35033
35034
35035
35036
35037
35038
35039
35040
35048
35049
35050
35051
35052
35053
35054
35055
35056
35064
35065
35066
35067
35068
35069
35070
35071
35072
35080
35081
35082
35083
35084
35085
35086
35087
35088
35096
35097
35098
35099
35100
35101
35102
35103
35104
35112
35113
35114
35115
35116
35117
35118
35119
35120
35128
35129
35130
35131
35132
35133
35134
35135
35136
35144
35145
35146
35147
35148
35149
35150
35151
35152
35160
35161
35162
35163
35164
35165
35166
35167
35168
35176
35177
35178
35179
35180
35181
35182
35183
35184
35417
35418
35419
35420
35421
35422
35423
35424
35433
35434
35435
35436
35437
35438
35439
35440
35449
35450
35451
35452
35453
35454
35455
35456
35465
35466
35467
35468
35469
35470
35471
35472
35481
35482
35483
35484
35485
35486
35487
35488
35497
35498
35499
35500
35501
35502
35503
35504
35513
35514
35515
35516
35517
35518
35519
35520
35529
35530
35531
35532
35533
35534
35535
35536
35544
35545
35546
35547
35548
35549
35550
35551
35552
35560
35561
35562
35563
35564
35565
35566
35567
35568
35576
35577
35578
35579
35580
35581
35582
35583
35584
35592
35593
35594
35595
35596
35597
35598
35599
35600
35608
35609
35610
35611
35612
35613
35614
35615
35616
35624
35625
35626
35627
35628
35629
35630
35631
35632
35640
35641
35642
35643
35644
35645
35646
35647
35648
35656
35657
35658
35659
35660
35661
35662
35663
35664
35672
35673
35674
35675
35676
35677
35678
35679
35680
35688
35689
35690
35691
35692
35693
35694
35695
35696
35704
35705
35706
35707
35708
35709
35710
35711
35712
35945
35946
35947
35948
35949
35950
35951
35952
35961
35962
35963
35964
35965
35966
35967
35968
35977
35978
35979
35980
35981
35982
35983
35984
35993
35994
35995
35996
35997
35998
35999
36000
36009
36010
36011
36012
36013
36014
36015
36016
36025
36026
36027
36028
36029
36030
36031
36032
36041
36042
36043
36044
36045
36046
36047
36048
36057
36058
36059
36060
36061
36062
36063
36064
36072
36073
36074
36075
36076
36077
36078
36079
36080
36088
36089
36090
36091
36092
36093
36094
36095
36096
36104
36105
36106
36107
36108
36109
36110
36111
36112
36120
36121
36122
36123
36124
36125
36126
36127
36128
36136
36137
36138
36139
36140
36141
36142
36143
36144
36152
36153
36154
36155
36156
36157
36158
36159
36160
36167
36168
36169
36170
36171
36172
36173
36174
36175
36176
36183
36184
36185
36186
36187
36188
36189
36190
36191
36192
36199
36200
36201
36202
36203
36204
36205
36206
36207
36208
36215
36216
36217
36218
36219
36220
36221
36222
36223
36224
36231
36232
36233
36234
36235
36236
36237
36238
36239
36240
36473
36474
36475
36476
36477
36478
36479
36480
36489
36490
36491
36492
36493
36494
36495
36496
36505
36506
36507
36508
36509
36510
36511
36512
36521
36522
36523
36524
36525
36526
36527
36528
36537
36538
36539
36540
36541
36542
36543
36544
36553
36554
36555
36556
36557
36558
36559
36560
36569
36570
36571
36572
36573
36574
36575
36576
36585
36586
36587
36588
36589
36590
36591
36592
36600
36601
36602
36603
36604
36605
36606
36607
36608
36616
36617
36618
36619
36620
36621
36622
36623
36624
36632
36633
36634
36635
36636
36637
36638
36639
36640
36648
36649
36650
36651
36652
36653
36654
36655
36656
36664
36665
36666
36667
36668
36669
36670
36671
36672
36680
36681
36682
36683
36684
36685
36686
36687
36688
36695
36696
36697
36698
36699
36700
36701
36702
36703
36704
36711
36712
36713
36714
36715
36716
36717
36718
36719
36720
36727
36728
36729
36730
36731
36732
36733
36734
36735
36736
36743
36744
36745
36746
36747
36748
36749
36750
36751
36752
36759
36760
36761
36762
36763
36764
36765
36766
36767
36768
37001
37002
37003
37004
37005
37006
37007
37008
37017
37018
37019
37020
37021
37022
37023
37024
37033
37034
37035
37036
37037
37038
37039
37040
37049
37050
37051
37052
37053
37054
37055
37056
37065
37066
37067
37068
37069
37070
37071
37072
37081
37082
37083
37084
37085
37086
37087
37088
37097
37098
37099
37100
37101
37102
37103
37104
37113
37114
37115
37116
37117
37118
37119
37120
37128
37129
37130
37131
37132
37133
37134
37135
37136
37144
37145
37146
37147
37148
37149
37150
37151
37152
37160
37161
37162
37163
37164
37165
37166
37167
37168
37176
37177
37178
37179
37180
37181
37182
37183
37184
37192
37193
37194
37195
37196
37197
37198
37199
37200
37208
37209
37210
37211
37212
37213
37214
37215
37216
37223
37224
37225
37226
37227
37228
37229
37230
37231
37232
37239
37240
37241
37242
37243
37244
37245
37246
37247
37248
37255
37256
37257
37258
37259
37260
37261
37262
37263
37264
37271
37272
37273
37274
37275
37276
37277
37278
37279
37280
37287
37288
37289
37290
37291
37292
37293
37294
37295
37296
37783
37784
37785
37786
37787
37799
37800
37801
37802
37803
37815
37816
37817
37818
37819
42273
42274
42275
42276
42277
42278
42279
42280
42281
42282
42283
42284
42285
42286
42287
42288
42289
42290
42291
42297
42298
42299
42300
42301
42302
42303
42304
42305
42306
42307
42308
42309
42310
42311
42312
42313
42314
42315
42321
42322
42323
42324
42325
42326
42327
42328
42329
42330
42331
42332
42333
42334
42335
42336
42337
42338
42339
42345
42346
42347
42348
42349
42350
42351
42352
42353
42354
42355
42356
42357
42358
42359
42360
42361
42362
42363
42369
42370
42371
42372
42373
42374
42375
42376
42377
42378
42379
42380
42381
42382
42383
42384
42385
42386
42387
42393
42394
42395
42396
42397
42398
42399
42400
42401
42402
42403
42404
42405
42406
42407
42408
42409
42410
42411
42417
42418
42419
42420
42421
42422
42423
42424
42425
42426
42427
42428
42429
42430
42431
42432
42433
42434
42435
42441
42442
42443
42444
42445
42446
42447
42448
42449
42450
42451
42452
42453
42454
42455
42456
42457
42458
42459
42465
42466
42467
42468
42469
42470
42471
42472
42473
42474
42475
42476
42477
42478
42479
42480
42481
42482
42483
42489
42490
42491
42492
42493
42494
42495
42496
42497
42498
42499
42500
42501
42502
42503
42504
42505
42506
42507
42513
42514
42515
42516
42517
42518
42519
42520
42521
42522
42523
42524
42525
42526
42527
42528
42529
42530
42531
42537
42538
42539
42540
42541
42542
42543
42544
42545
42546
42547
42548
42549
42550
42551
42552
42553
42554
42555
42561
42562
42563
42564
42565
42566
42567
42568
42569
42570
42571
42572
42573
42574
42575
42576
42577
42578
42579
42585
42586
42587
42588
42589
42590
42591
42592
42593
42594
42595
42596
42597
42598
42599
42600
42601
42602
42603
42609
42610
42611
42612
42613
42614
42615
42616
42617
42618
42619
42620
42621
42622
42623
42624
42625
42626
42627
42633
42634
42635
42636
42637
42638
42639
42640
42641
42642
42643
42644
42645
42646
42647
42648
42649
42650
42651
42657
42658
42659
42660
42661
42662
42663
42664
42665
42666
42667
42668
42669
42670
42671
42672
42673
42674
42675
42681
42682
42683
42684
42685
42686
42687
42688
42689
42690
42691
42692
42693
42694
42695
42696
42697
42698
42699
42705
42706
42707
42708
42709
42710
42711
42712
42713
42714
42715
42716
42717
42718
42719
42720
42721
42722
42723
43065
43066
43067
43068
43069
43070
43071
43072
43073
43074
43075
43076
43077
43078
43079
43080
43081
43082
43083
43089
43090
43091
43092
43093
43094
43095
43096
43097
43098
43099
43100
43101
43102
43103
43104
43105
43106
43107
43113
43114
43115
43116
43117
43118
43119
43120
43121
43122
43123
43124
43125
43126
43127
43128
43129
43130
43131
43137
43138
43139
43140
43141
43142
43143
43144
43145
43146
43147
43148
43149
43150
43151
43152
43153
43154
43155
43161
43162
43163
43164
43165
43166
43167
43168
43169
43170
43171
43172
43173
43174
43175
43176
43177
43178
43179
43185
43186
43187
43188
43189
43190
43191
43192
43193
43194
43195
43196
43197
43198
43199
43200
43201
43202
43203
43209
43210
43211
43212
43213
43214
43215
43216
43217
43218
43219
43220
43221
43222
43223
43224
43225
43226
43227
43233
43234
43235
43236
43237
43238
43239
43240
43241
43242
43243
43244
43245
43246
43247
43248
43249
43250
43251
43257
43258
43259
43260
43261
43262
43263
43264
43265
43266
43267
43268
43269
43270
43271
43272
43273
43274
43275
43281
43282
43283
43284
43285
43286
43287
43288
43289
43290
43291
43292
43293
43294
43295
43296
43297
43298
43299
43305
43306
43307
43308
43309
43310
43311
43312
43313
43314
43315
43316
43317
43318
43319
43320
43321
43322
43323
43329
43330
43331
43332
43333
43334
43335
43336
43337
43338
43339
43340
43341
43342
43343
43344
43345
43346
43347
43353
43354
43355
43356
43357
43358
43359
43360
43361
43362
43363
43364
43365
43366
43367
43368
43369
43370
43371
43377
43378
43379
43380
43381
43382
43383
43384
43385
43386
43387
43388
43389
43390
43391
43392
43393
43394
43395
43401
43402
43403
43404
43405
43406
43407
43408
43409
43410
43411
43412
43413
43414
43415
43416
43417
43418
43419
43425
43426
43427
43428
43429
43430
43431
43432
43433
43434
43435
43436
43437
43438
43439
43440
43441
43442
43443
43449
43450
43451
43452
43453
43454
43455
43456
43457
43458
43459
43460
43461
43462
43463
43464
43465
43466
43467
43473
43474
43475
43476
43477
43478
43479
43480
43481
43482
43483
43484
43485
43486
43487
43488
43489
43490
43491
43497
43498
43499
43500
43501
43502
43503
43504
43505
43506
43507
43508
43509
43510
43511
43512
43513
43514
43515
43857
43858
43859
43860
43861
43862
43863
43864
43865
43866
43867
43868
43869
43870
43871
43872
43873
43874
43875
43881
43882
43883
43884
43885
43886
43887
43888
43889
43890
43891
43892
43893
43894
43895
43896
43897
43898
43899
43905
43906
43907
43908
43909
43910
43911
43912
43913
43914
43915
43916
43917
43918
43919
43920
43921
43922
43923
43929
43930
43931
43932
43933
43934
43935
43936
43937
43938
43939
43940
43941
43942
43943
43944
43945
43946
43947
43953
43954
43955
43956
43957
43958
43959
43960
43961
43962
43963
43964
43965
43966
43967
43968
43969
43970
43971
43977
43978
43979
43980
43981
43982
43983
43984
43985
43986
43987
43988
43989
43990
43991
43992
43993
43994
43995
44001
44002
44003
44004
44005
44006
44007
44008
44009
44010
44011
44012
44013
44014
44015
44016
44017
44018
44019
44025
44026
44027
44028
44029
44030
44031
44032
44033
44034
44035
44036
44037
44038
44039
44040
44041
44042
44043
44049
44050
44051
44052
44053
44054
44055
44056
44057
44058
44059
44060
44061
44062
44063
44064
44065
44066
44067
44073
44074
44075
44076
44077
44078
44079
44080
44081
44082
44083
44084
44085
44086
44087
44088
44089
44090
44091
44097
44098
44099
44100
44101
44102
44103
44104
44105
44106
44107
44108
44109
44110
44111
44112
44113
44114
44115
44121
44122
44123
44124
44125
44126
44127
44128
44129
44130
44131
44132
44133
44134
44135
44136
44137
44138
44139
44145
44146
44147
44148
44149
44150
44151
44152
44153
44154
44155
44156
44157
44158
44159
44160
44161
44162
44163
44169
44170
44171
44172
44173
44174
44175
44176
44177
44178
44179
44180
44181
44182
44183
44184
44185
44186
44187
44193
44194
44195
44196
44197
44198
44199
44200
44201
44202
44203
44204
44205
44206
44207
44208
44209
44210
44211
44217
44218
44219
44220
44221
44222
44223
44224
44225
44226
44227
44228
44229
44230
44231
44232
44233
44234
44235
44241
44242
44243
44244
44245
44246
44247
44248
44249
44250
44251
44252
44253
44254
44255
44256
44257
44258
44259
44265
44266
44267
44268
44269
44270
44271
44272
44273
44274
44275
44276
44277
44278
44279
44280
44281
44282
44283
44289
44290
44291
44292
44293
44294
44295
44296
44297
44298
44299
44300
44301
44302
44303
44304
44305
44306
44307
44649
44650
44651
44652
44653
44654
44655
44656
44657
44658
44659
44660
44661
44662
44663
44664
44665
44666
44667
44673
44674
44675
44676
44677
44678
44679
44680
44681
44682
44683
44684
44685
44686
44687
44688
44689
44690
44691
44697
44698
44699
44700
44701
44702
44703
44704
44705
44706
44707
44708
44709
44710
44711
44712
44713
44714
44715
44721
44722
44723
44724
44725
44726
44727
44728
44729
44730
44731
44732
44733
44734
44735
44736
44737
44738
44739
44745
44746
44747
44748
44749
44750
44751
44752
44753
44754
44755
44756
44757
44758
44759
44760
44761
44762
44763
44769
44770
44771
44772
44773
44774
44775
44776
44777
44778
44779
44780
44781
44782
44783
44784
44785
44786
44787
44793
44794
44795
44796
44797
44798
44799
44800
44801
44802
44803
44804
44805
44806
44807
44808
44809
44810
44811
44817
44818
44819
44820
44821
44822
44823
44824
44825
44826
44827
44828
44829
44830
44831
44832
44833
44834
44835
44841
44842
44843
44844
44845
44846
44847
44848
44849
44850
44851
44852
44853
44854
44855
44856
44857
44858
44859
44865
44866
44867
44868
44869
44870
44871
44872
44873
44874
44875
44876
44877
44878
44879
44880
44881
44882
44883
44889
44890
44891
44892
44893
44894
44895
44896
44897
44898
44899
44900
44901
44902
44903
44904
44905
44906
44907
44913
44914
44915
44916
44917
44918
44919
44920
44921
44922
44923
44924
44925
44926
44927
44928
44929
44930
44931
44937
44938
44939
44940
44941
44942
44943
44944
44945
44946
44947
44948
44949
44950
44951
44952
44953
44954
44955
44961
44962
44963
44964
44965
44966
44967
44968
44969
44970
44971
44972
44973
44974
44975
44976
44977
44978
44979
44985
44986
44987
44988
44989
44990
44991
44992
44993
44994
44995
44996
44997
44998
44999
45000
45001
45002
45003
45009
45010
45011
45012
45013
45014
45015
45016
45017
45018
45019
45020
45021
45022
45023
45024
45025
45026
45027
45033
45034
45035
45036
45037
45038
45039
45040
45041
45042
45043
45044
45045
45046
45047
45048
45049
45050
45051
45057
45058
45059
45060
45061
45062
45063
45064
45065
45066
45067
45068
45069
45070
45071
45072
45073
45074
45075
45081
45082
45083
45084
45085
45086
45087
45088
45089
45090
45091
45092
45093
45094
45095
45096
45097
45098
45099
45441
45442
45443
45444
45445
45446
45447
45448
45449
45450
45451
45452
45453
45454
45455
45456
45457
45458
45459
45465
45466
45467
45468
45469
45470
45471
45472
45473
45474
45475
45476
45477
45478
45479
45480
45481
45482
45483
45489
45490
45491
45492
45493
45494
45495
45496
45497
45498
45499
45500
45501
45502
45503
45504
45505
45506
45507
45513
45514
45515
45516
45517
45518
45519
45520
45521
45522
45523
45524
45525
45526
45527
45528
45529
45530
45531
45537
45538
45539
45540
45541
45542
45543
45544
45545
45546
45547
45548
45549
45550
45551
45552
45553
45554
45555
45561
45562
45563
45564
45565
45566
45567
45568
45569
45570
45571
45572
45573
45574
45575
45576
45577
45578
45579
45585
45586
45587
45588
45589
45590
45591
45592
45593
45594
45595
45596
45597
45598
45599
45600
45601
45602
45603
45609
45610
45611
45612
45613
45614
45615
45616
45617
45618
45619
45620
45621
45622
45623
45624
45625
45626
45627
45633
45634
45635
45636
45637
45638
45639
45640
45641
45642
45643
45644
45645
45646
45647
45648
45649
45650
45651
45657
45658
45659
45660
45661
45662
45663
45664
45665
45666
45667
45668
45669
45670
45671
45672
45673
45674
45675
45681
45682
45683
45684
45685
45686
45687
45688
45689
45690
45691
45692
45693
45694
45695
45696
45697
45698
45699
45705
45706
45707
45708
45709
45710
45711
45712
45713
45714
45715
45716
45717
45718
45719
45720
45721
45722
45723
45729
45730
45731
45732
45733
45734
45735
45736
45737
45738
45739
45740
45741
45742
45743
45744
45745
45746
45747
45753
45754
45755
45756
45757
45758
45759
45760
45761
45762
45763
45764
45765
45766
45767
45768
45769
45770
45771
45777
45778
45779
45780
45781
45782
45783
45784
45785
45786
45787
45788
45789
45790
45791
45792
45793
45794
45795
45801
45802
45803
45804
45805
45806
45807
45808
45809
45810
45811
45812
45813
45814
45815
45816
45817
45818
45819
45825
45826
45827
45828
45829
45830
45831
45832
45833
45834
45835
45836
45837
45838
45839
45840
45841
45842
45843
45849
45850
45851
45852
45853
45854
45855
45856
45857
45858
45859
45860
45861
45862
45863
45864
45865
45866
45867
45873
45874
45875
45876
45877
45878
45879
45880
45881
45882
45883
45884
45885
45886
45887
45888
45889
45890
45891
46233
46234
46235
46236
46237
46238
46239
46240
46241
46242
46243
46244
46245
46246
46247
46248
46249
46250
46251
46257
46258
46259
46260
46261
46262
46263
46264
46265
46266
46267
46268
46269
46270
46271
46272
46273
46274
46275
46281
46282
46283
46284
46285
46286
46287
46288
46289
46290
46291
46292
46293
46294
46295
46296
46297
46298
46299
46305
46306
46307
46308
46309
46310
46311
46312
46313
46314
46315
46316
46317
46318
46319
46320
46321
46322
46323
46329
46330
46331
46332
46333
46334
46335
46336
46337
46338
46339
46340
46341
46342
46343
46344
46345
46346
46347
46353
46354
46355
46356
46357
46358
46359
46360
46361
46362
46363
46364
46365
46366
46367
46368
46369
46370
46371
46377
46378
46379
46380
46381
46382
46383
46384
46385
46386
46387
46388
46389
46390
46391
46392
46393
46394
46395
46401
46402
46403
46404
46405
46406
46407
46408
46409
46410
46411
46412
46413
46414
46415
46416
46417
46418
46419
46425
46426
46427
46428
46429
46430
46431
46432
46433
46434
46435
46436
46437
46438
46439
46440
46441
46442
46443
46449
46450
46451
46452
46453
46454
46455
46456
46457
46458
46459
46460
46461
46462
46463
46464
46465
46466
46467
46473
46474
46475
46476
46477
46478
46479
46480
46481
46482
46483
46484
46485
46486
46487
46488
46489
46490
46491
46497
46498
46499
46500
46501
46502
46503
46504
46505
46506
46507
46508
46509
46510
46511
46512
46513
46514
46515
46521
46522
46523
46524
46525
46526
46527
46528
46529
46530
46531
46532
46533
46534
46535
46536
46537
46538
46539
46545
46546
46547
46548
46549
46550
46551
46552
46553
46554
46555
46556
46557
46558
46559
46560
46561
46562
46563
46569
46570
46571
46572
46573
46574
46575
46576
46577
46578
46579
46580
46581
46582
46583
46584
46585
46586
46587
46593
46594
46595
46596
46597
46598
46599
46600
46601
46602
46603
46604
46605
46606
46607
46608
46609
46610
46611
46617
46618
46619
46620
46621
46622
46623
46624
46625
46626
46627
46628
46629
46630
46631
46632
46633
46634
46635
46641
46642
46643
46644
46645
46646
46647
46648
46649
46650
46651
46652
46653
46654
46655
46656
46657
46658
46659
46665
46666
46667
46668
46669
46670
46671
46672
46673
46674
46675
46676
46677
46678
46679
46680
46681
46682
46683
47025
47026
47027
47028
47029
47030
47031
47032
47033
47034
47035
47036
47037
47038
47039
47040
47041
47042
47043
47049
47050
47051
47052
47053
47054
47055
47056
47057
47058
47059
47060
47061
47062
47063
47064
47065
47066
47067
47073
47074
47075
47076
47077
47078
47079
47080
47081
47082
47083
47084
47085
47086
47087
47088
47089
47090
47091
47097
47098
47099
47100
47101
47102
47103
47104
47105
47106
47107
47108
47109
47110
47111
47112
47113
47114
47115
47121
47122
47123
47124
47125
47126
47127
47128
47129
47130
47131
47132
47133
47134
47135
47136
47137
47138
47139
47145
47146
47147
47148
47149
47150
47151
47152
47153
47154
47155
47156
47157
47158
47159
47160
47161
47162
47163
47169
47170
47171
47172
47173
47174
47175
47176
47177
47178
47179
47180
47181
47182
47183
47184
47185
47186
47187
47193
47194
47195
47196
47197
47198
47199
47200
47201
47202
47203
47204
47205
47206
47207
47208
47209
47210
47211
47217
47218
47219
47220
47221
47222
47223
47224
47225
47226
47227
47228
47229
47230
47231
47232
47233
47234
47235
47241
47242
47243
47244
47245
47246
47247
47248
47249
47250
47251
47252
47253
47254
47255
47256
47257
47258
47259
47265
47266
47267
47268
47269
47270
47271
47272
47273
47274
47275
47276
47277
47278
47279
47280
47281
47282
47283
47289
47290
47291
47292
47293
47294
47295
47296
47297
47298
47299
47300
47301
47302
47303
47304
47305
47306
47307
47313
47314
47315
47316
47317
47318
47319
47320
47321
47322
47323
47324
47325
47326
47327
47328
47329
47330
47331
47337
47338
47339
47340
47341
47342
47343
47344
47345
47346
47347
47348
47349
47350
47351
47352
47353
47354
47355
47361
47362
47363
47364
47365
47366
47367
47368
47369
47370
47371
47372
47373
47374
47375
47376
47377
47378
47379
47385
47386
47387
47388
47389
47390
47391
47392
47393
47394
47395
47396
47397
47398
47399
47400
47401
47402
47403
47409
47410
47411
47412
47413
47414
47415
47416
47417
47418
47419
47420
47421
47422
47423
47424
47425
47426
47427
47433
47434
47435
47436
47437
47438
47439
47440
47441
47442
47443
47444
47445
47446
47447
47448
47449
47450
47451
47457
47458
47459
47460
47461
47462
47463
47464
47465
47466
47467
47468
47469
47470
47471
47472
47473
47474
47475
47817
47818
47819
47820
47821
47822
47823
47824
47825
47826
47827
47828
47829
47830
47831
47832
47833
47834
47835
47841
47842
47843
47844
47845
47846
47847
47848
47849
47850
47851
47852
47853
47854
47855
47856
47857
47858
47859
47865
47866
47867
47868
47869
47870
47871
47872
47873
47874
47875
47876
47877
47878
47879
47880
47881
47882
47883
47889
47890
47891
47892
47893
47894
47895
47896
47897
47898
47899
47900
47901
47902
47903
47904
47905
47906
47907
47913
47914
47915
47916
47917
47918
47919
47920
47921
47922
47923
47924
47925
47926
47927
47928
47929
47930
47931
47937
47938
47939
47940
47941
47942
47943
47944
47945
47946
47947
47948
47949
47950
47951
47952
47953
47954
47955
47961
47962
47963
47964
47965
47966
47967
47968
47969
47970
47971
47972
47973
47974
47975
47976
47977
47978
47979
47985
47986
47987
47988
47989
47990
47991
47992
47993
47994
47995
47996
47997
47998
47999
48000
48001
48002
48003
48009
48010
48011
48012
48013
48014
48015
48016
48017
48018
48019
48020
48021
48022
48023
48024
48025
48026
48027
48033
48034
48035
48036
48037
48038
48039
48040
48041
48042
48043
48044
48045
48046
48047
48048
48049
48050
48051
48057
48058
48059
48060
48061
48062
48063
48064
48065
48066
48067
48068
48069
48070
48071
48072
48073
48074
48075
48081
48082
48083
48084
48085
48086
48087
48088
48089
48090
48091
48092
48093
48094
48095
48096
48097
48098
48099
48105
48106
48107
48108
48109
48110
48111
48112
48113
48114
48115
48116
48117
48118
48119
48120
48121
48122
48123
48129
48130
48131
48132
48133
48134
48135
48136
48137
48138
48139
48140
48141
48142
48143
48144
48145
48146
48147
48153
48154
48155
48156
48157
48158
48159
48160
48161
48162
48163
48164
48165
48166
48167
48168
48169
48170
48171
48177
48178
48179
48180
48181
48182
48183
48184
48185
48186
48187
48188
48189
48190
48191
48192
48193
48194
48195
48201
48202
48203
48204
48205
48206
48207
48208
48209
48210
48211
48212
48213
48214
48215
48216
48217
48218
48219
48225
48226
48227
48228
48229
48230
48231
48232
48233
48234
48235
48236
48237
48238
48239
48240
48241
48242
48243
48249
48250
48251
48252
48253
48254
48255
48256
48257
48258
48259
48260
48261
48262
48263
48264
48265
48266
48267
48609
48610
48611
48612
48613
48614
48615
48616
48617
48618
48619
48620
48621
48622
48623
48624
48625
48626
48627
48633
48634
48635
48636
48637
48638
48639
48640
48641
48642
48643
48644
48645
48646
48647
48648
48649
48650
48651
48657
48658
48659
48660
48661
48662
48663
48664
48665
48666
48667
48668
48669
48670
48671
48672
48673
48674
48675
48681
48682
48683
48684
48685
48686
48687
48688
48689
48690
48691
48692
48693
48694
48695
48696
48697
48698
48699
48705
48706
48707
48708
48709
48710
48711
48712
48713
48714
48715
48716
48717
48718
48719
48720
48721
48722
48723
48729
48730
48731
48732
48733
48734
48735
48736
48737
48738
48739
48740
48741
48742
48743
48744
48745
48746
48747
48753
48754
48755
48756
48757
48758
48759
48760
48761
48762
48763
48764
48765
48766
48767
48768
48769
48770
48771
48777
48778
48779
48780
48781
48782
48783
48784
48785
48786
48787
48788
48789
48790
48791
48792
48793
48794
48795
48801
48802
48803
48804
48805
48806
48807
48808
48809
48810
48811
48812
48813
48814
48815
48816
48817
48818
48819
48825
48826
48827
48828
48829
48830
48831
48832
48833
48834
48835
48836
48837
48838
48839
48840
48841
48842
48843
48849
48850
48851
48852
48853
48854
48855
48856
48857
48858
48859
48860
48861
48862
48863
48864
48865
48866
48867
48873
48874
48875
48876
48877
48878
48879
48880
48881
48882
48883
48884
48885
48886
48887
48888
48889
48890
48891
48897
48898
48899
48900
48901
48902
48903
48904
48905
48906
48907
48908
48909
48910
48911
48912
48913
48914
48915
48921
48922
48923
48924
48925
48926
48927
48928
48929
48930
48931
48932
48933
48934
48935
48936
48937
48938
48939
48945
48946
48947
48948
48949
48950
48951
48952
48953
48954
48955
48956
48957
48958
48959
48960
48961
48962
48963
48969
48970
48971
48972
48973
48974
48975
48976
48977
48978
48979
48980
48981
48982
48983
48984
48985
48986
48987
48993
48994
48995
48996
48997
48998
48999
49000
49001
49002
49003
49004
49005
49006
49007
49008
49009
49010
49011
49017
49018
49019
49020
49021
49022
49023
49024
49025
49026
49027
49028
49029
49030
49031
49032
49033
49034
49035
49041
49042
49043
49044
49045
49046
49047
49048
49049
49050
49051
49052
49053
49054
49055
49056
49057
49058
49059
49401
49402
49403
49404
49405
49406
49407
49408
49409
49410
49411
49412
49413
49414
49415
49416
49417
49418
49419
49425
49426
49427
49428
49429
49430
49431
49432
49433
49434
49435
49436
49437
49438
49439
49440
49441
49442
49443
49449
49450
49451
49452
49453
49454
49455
49456
49457
49458
49459
49460
49461
49462
49463
49464
49465
49466
49467
49473
49474
49475
49476
49477
49478
49479
49480
49481
49482
49483
49484
49485
49486
49487
49488
49489
49490
49491
49497
49498
49499
49500
49501
49502
49503
49504
49505
49506
49507
49508
49509
49510
49511
49512
49513
49514
49515
49521
49522
49523
49524
49525
49526
49527
49528
49529
49530
49531
49532
49533
49534
49535
49536
49537
49538
49539
49545
49546
49547
49548
49549
49550
49551
49552
49553
49554
49555
49556
49557
49558
49559
49560
49561
49562
49563
49569
49570
49571
49572
49573
49574
49575
49576
49577
49578
49579
49580
49581
49582
49583
49584
49585
49586
49587
49593
49594
49595
49596
49597
49598
49599
49600
49601
49602
49603
49604
49605
49606
49607
49608
49609
49610
49611
49617
49618
49619
49620
49621
49622
49623
49624
49625
49626
49627
49628
49629
49630
49631
49632
49633
49634
49635
49641
49642
49643
49644
49645
49646
49647
49648
49649
49650
49651
49652
49653
49654
49655
49656
49657
49658
49659
49665
49666
49667
49668
49669
49670
49671
49672
49673
49674
49675
49676
49677
49678
49679
49680
49681
49682
49683
49689
49690
49691
49692
49693
49694
49695
49696
49697
49698
49699
49700
49701
49702
49703
49704
49705
49706
49707
49713
49714
49715
49716
49717
49718
49719
49720
49721
49722
49723
49724
49725
49726
49727
49728
49729
49730
49731
49737
49738
49739
49740
49741
49742
49743
49744
49745
49746
49747
49748
49749
49750
49751
49752
49753
49754
49755
49761
49762
49763
49764
49765
49766
49767
49768
49769
49770
49771
49772
49773
49774
49775
49776
49777
49778
49779
49785
49786
49787
49788
49789
49790
49791
49792
49793
49794
49795
49796
49797
49798
49799
49800
49801
49802
49803
49809
49810
49811
49812
49813
49814
49815
49816
49817
49818
49819
49820
49821
49822
49823
49824
49825
49826
49827
49833
49834
49835
49836
49837
49838
49839
49840
49841
49842
49843
49844
49845
49846
49847
49848
49849
49850
49851
50193
50194
50195
50196
50197
50198
50199
50200
50201
50202
50203
50204
50205
50206
50207
50208
50209
50210
50211
50217
50218
50219
50220
50221
50222
50223
50224
50225
50226
50227
50228
50229
50230
50231
50232
50233
50234
50235
50241
50242
50243
50244
50245
50246
50247
50248
50249
50250
50251
50252
50253
50254
50255
50256
50257
50258
50259
50265
50266
50267
50268
50269
50270
50271
50272
50273
50274
50275
50276
50277
50278
50279
50280
50281
50282
50283
50289
50290
50291
50292
50293
50294
50295
50296
50297
50298
50299
50300
50301
50302
50303
50304
50305
50306
50307
50313
50314
50315
50316
50317
50318
50319
50320
50321
50322
50323
50324
50325
50326
50327
50328
50329
50330
50331
50337
50338
50339
50340
50341
50342
50343
50344
50345
50346
50347
50348
50349
50350
50351
50352
50353
50354
50355
50361
50362
50363
50364
50365
50366
50367
50368
50369
50370
50371
50372
50373
50374
50375
50376
50377
50378
50379
50385
50386
50387
50388
50389
50390
50391
50392
50393
50394
50395
50396
50397
50398
50399
50400
50401
50402
50403
50409
50410
50411
50412
50413
50414
50415
50416
50417
50418
50419
50420
50421
50422
50423
50424
50425
50426
50427
50433
50434
50435
50436
50437
50438
50439
50440
50441
50442
50443
50444
50445
50446
50447
50448
50449
50450
50451
50457
50458
50459
50460
50461
50462
50463
50464
50465
50466
50467
50468
50469
50470
50471
50472
50473
50474
50475
50481
50482
50483
50484
50485
50486
50487
50488
50489
50490
50491
50492
50493
50494
50495
50496
50497
50498
50499
50505
50506
50507
50508
50509
50510
50511
50512
50513
50514
50515
50516
50517
50518
50519
50520
50521
50522
50523
50529
50530
50531
50532
50533
50534
50535
50536
50537
50538
50539
50540
50541
50542
50543
50544
50545
50546
50547
50553
50554
50555
50556
50557
50558
50559
50560
50561
50562
50563
50564
50565
50566
50567
50568
50569
50570
50571
50577
50578
50579
50580
50581
50582
50583
50584
50585
50586
50587
50588
50589
50590
50591
50592
50593
50594
50595
50601
50602
50603
50604
50605
50606
50607
50608
50609
50610
50611
50612
50613
50614
50615
50616
50617
50618
50619
50625
50626
50627
50628
50629
50630
50631
50632
50633
50634
50635
50636
50637
50638
50639
50640
50641
50642
50643
50985
50986
50987
50988
50989
50990
50991
50992
50993
50994
50995
50996
50997
50998
50999
51000
51001
51002
51003
51009
51010
51011
51012
51013
51014
51015
51016
51017
51018
51019
51020
51021
51022
51023
51024
51025
51026
51027
51033
51034
51035
51036
51037
51038
51039
51040
51041
51042
51043
51044
51045
51046
51047
51048
51049
51050
51051
51057
51058
51059
51060
51061
51062
51063
51064
51065
51066
51067
51068
51069
51070
51071
51072
51073
51074
51075
51081
51082
51083
51084
51085
51086
51087
51088
51089
51090
51091
51092
51093
51094
51095
51096
51097
51098
51099
51105
51106
51107
51108
51109
51110
51111
51112
51113
51114
51115
51116
51117
51118
51119
51120
51121
51122
51123
51129
51130
51131
51132
51133
51134
51135
51136
51137
51138
51139
51140
51141
51142
51143
51144
51145
51146
51147
51153
51154
51155
51156
51157
51158
51159
51160
51161
51162
51163
51164
51165
51166
51167
51168
51169
51170
51171
51177
51178
51179
51180
51181
51182
51183
51184
51185
51186
51187
51188
51189
51190
51191
51192
51193
51194
51195
51201
51202
51203
51204
51205
51206
51207
51208
51209
51210
51211
51212
51213
51214
51215
51216
51217
51218
51219
51225
51226
51227
51228
51229
51230
51231
51232
51233
51234
51235
51236
51237
51238
51239
51240
51241
51242
51243
51249
51250
51251
51252
51253
51254
51255
51256
51257
51258
51259
51260
51261
51262
51263
51264
51265
51266
51267
51273
51274
51275
51276
51277
51278
51279
51280
51281
51282
51283
51284
51285
51286
51287
51288
51289
51290
51291
51297
51298
51299
51300
51301
51302
51303
51304
51305
51306
51307
51308
51309
51310
51311
51312
51313
51314
51315
51321
51322
51323
51324
51325
51326
51327
51328
51329
51330
51331
51332
51333
51334
51335
51336
51337
51338
51339
51345
51346
51347
51348
51349
51350
51351
51352
51353
51354
51355
51356
51357
51358
51359
51360
51361
51362
51363
51369
51370
51371
51372
51373
51374
51375
51376
51377
51378
51379
51380
51381
51382
51383
51384
51385
51386
51387
51393
51394
51395
51396
51397
51398
51399
51400
51401
51402
51403
51404
51405
51406
51407
51408
51409
51410
51411
51417
51418
51419
51420
51421
51422
51423
51424
51425
51426
51427
51428
51429
51430
51431
51432
51433
51434
51435
51787
51788
51789
51790
51791
51792
51793
51794
51795
51811
51812
51813
51814
51815
51816
51817
51818
51819
51835
51836
51837
51838
51839
51840
51841
51842
51843
51859
51860
51861
51862
51863
51864
51865
51866
51867
51883
51884
51885
51886
51887
51888
51889
51890
51891
51907
51908
51909
51910
51911
51912
51913
51914
51915
51931
51932
51933
51934
51935
51936
51937
51938
51939
51955
51956
51957
51958
51959
51960
51961
51962
51963
51979
51980
51981
51982
51983
51984
51985
51986
51987
52003
52004
52005
52006
52007
52008
52009
52010
52011
52027
52028
52029
52030
52031
52032
52033
52034
52035
52051
52052
52053
52054
52055
52056
52057
52058
52059
52075
52076
52077
52078
52079
52080
52081
52082
52083
52099
52100
52101
52102
52103
52104
52105
52106
52107
52123
52124
52125
52126
52127
52128
52129
52130
52131
52147
52148
52149
52150
52151
52152
52153
52154
52155
52171
52172
52173
52174
52175
52176
52177
52178
52179
52200
52201
52202
52203
)


// ************************************************************************* //
