/*--------------------------------*- C++ -*----------------------------------*\
| =========                 |                                                 |
| \\      /  F ield         | OpenFOAM: The Open Source CFD Toolbox           |
|  \\    /   O peration     | Version:  2406                                  |
|   \\  /    A nd           | Website:  www.openfoam.com                      |
|    \\/     M anipulation  |                                                 |
\*---------------------------------------------------------------------------*/
FoamFile
{
    version     2.0;
    format      ascii;
    arch        "LSB;label=32;scalar=64";
    class       volScalarField;
    location    "320";
    object      p;
}
// * * * * * * * * * * * * * * * * * * * * * * * * * * * * * * * * * * * * * //

dimensions      [0 2 -2 0 0 0 0];

internalField   nonuniform List<scalar> 
5426
(
1.112788e-05
8.217996e-06
8.214404e-06
8.017231e-06
7.875465e-06
7.749601e-06
7.625227e-06
7.503743e-06
7.383455e-06
7.264266e-06
7.146157e-06
7.029141e-06
6.913235e-06
6.798431e-06
6.684704e-06
6.572008e-06
6.460297e-06
6.349505e-06
6.239596e-06
6.130473e-06
1.112788e-05
8.217996e-06
8.214404e-06
8.017231e-06
7.875465e-06
7.749601e-06
7.625227e-06
7.503743e-06
7.383455e-06
7.264266e-06
7.146157e-06
7.029141e-06
6.913235e-06
6.798431e-06
6.684704e-06
6.572008e-06
6.460297e-06
6.349505e-06
6.239596e-06
6.130473e-06
1.113129e-05
8.221283e-06
8.217458e-06
8.019935e-06
7.877767e-06
7.751478e-06
7.626681e-06
7.5048e-06
7.384154e-06
7.264656e-06
7.146289e-06
7.029064e-06
6.912996e-06
6.79807e-06
6.684254e-06
6.571499e-06
6.459753e-06
6.348942e-06
6.239029e-06
6.129914e-06
1.113821e-05
8.227959e-06
8.223623e-06
8.025382e-06
7.882375e-06
7.755213e-06
7.629553e-06
7.506867e-06
7.385501e-06
7.265384e-06
7.146503e-06
7.028865e-06
6.912476e-06
6.79731e-06
6.683325e-06
6.570456e-06
6.458642e-06
6.347799e-06
6.237883e-06
6.128784e-06
1.114885e-05
8.23823e-06
8.233046e-06
8.03366e-06
7.889316e-06
7.760783e-06
7.633781e-06
7.509855e-06
7.387394e-06
7.266345e-06
7.146696e-06
7.028449e-06
6.911592e-06
6.796081e-06
6.681853e-06
6.568826e-06
6.456922e-06
6.346041e-06
6.236127e-06
6.12706e-06
1.116358e-05
8.252392e-06
8.245919e-06
8.044861e-06
7.898581e-06
7.768101e-06
7.639225e-06
7.513596e-06
7.389653e-06
7.267359e-06
7.146702e-06
7.027664e-06
6.910209e-06
6.794266e-06
6.679743e-06
6.566531e-06
6.454528e-06
6.343617e-06
6.233722e-06
6.124712e-06
1.118296e-05
8.270963e-06
8.262606e-06
8.059182e-06
7.910208e-06
7.777085e-06
7.645716e-06
7.517869e-06
7.392034e-06
7.268184e-06
7.146291e-06
7.026305e-06
6.90815e-06
6.791715e-06
6.676868e-06
6.563467e-06
6.45138e-06
6.340463e-06
6.230621e-06
6.121706e-06
1.120774e-05
8.294496e-06
8.283387e-06
8.076666e-06
7.924037e-06
7.787438e-06
7.652883e-06
7.522274e-06
7.394144e-06
7.268454e-06
7.145138e-06
7.024091e-06
6.905181e-06
6.788238e-06
6.67308e-06
6.559522e-06
6.447393e-06
6.336522e-06
6.226784e-06
6.11802e-06
1.123932e-05
8.324206e-06
8.30908e-06
8.097735e-06
7.940126e-06
7.798967e-06
7.660371e-06
7.52638e-06
7.395536e-06
7.267748e-06
7.142871e-06
7.020713e-06
6.901053e-06
6.783646e-06
6.668243e-06
6.554604e-06
6.442514e-06
6.331769e-06
6.222213e-06
6.113676e-06
1.127918e-05
8.360758e-06
8.33966e-06
8.121893e-06
7.957676e-06
7.810751e-06
7.667259e-06
7.529343e-06
7.395489e-06
7.265482e-06
7.139043e-06
7.015846e-06
6.895551e-06
6.777812e-06
6.6623e-06
6.548712e-06
6.436782e-06
6.326274e-06
6.216997e-06
6.108777e-06
1.133142e-05
8.407591e-06
8.377465e-06
8.150368e-06
7.977021e-06
7.822576e-06
7.67306e-06
7.530607e-06
7.393498e-06
7.261268e-06
7.133401e-06
7.009365e-06
6.888658e-06
6.770805e-06
6.655381e-06
6.542017e-06
6.430395e-06
6.320251e-06
6.211355e-06
6.103543e-06
1.139855e-05
8.463315e-06
8.419721e-06
8.18e-06
7.995179e-06
7.831974e-06
7.675932e-06
7.528941e-06
7.388858e-06
7.254811e-06
7.125951e-06
7.001485e-06
6.880716e-06
6.763037e-06
6.647933e-06
6.534972e-06
6.423795e-06
6.314118e-06
6.20568e-06
6.098339e-06
1.149702e-05
8.541113e-06
8.475635e-06
8.21602e-06
8.014835e-06
7.840285e-06
7.676663e-06
7.525003e-06
7.382266e-06
7.246888e-06
7.117522e-06
6.993042e-06
6.872539e-06
6.755277e-06
6.640661e-06
6.528217e-06
6.417557e-06
6.30839e-06
6.200433e-06
6.093568e-06
1.162465e-05
8.620466e-06
8.527098e-06
8.245038e-06
8.027554e-06
7.842977e-06
7.673475e-06
7.518727e-06
7.374591e-06
7.23879e-06
7.109517e-06
6.985389e-06
6.865352e-06
6.748597e-06
6.634492e-06
6.522547e-06
6.412364e-06
6.303654e-06
6.196121e-06
6.089666e-06
1.187398e-05
8.770767e-06
8.619262e-06
8.293015e-06
8.048903e-06
7.849458e-06
7.672388e-06
7.51418e-06
7.368667e-06
7.232521e-06
7.103364e-06
6.979547e-06
6.859894e-06
6.743544e-06
6.629842e-06
6.518289e-06
6.408481e-06
6.300127e-06
6.192927e-06
6.086781e-06
1.212778e-05
8.843357e-06
8.672793e-06
8.317146e-06
8.058474e-06
7.851354e-06
7.670946e-06
7.511369e-06
7.365325e-06
7.229048e-06
7.099927e-06
6.976235e-06
6.85676e-06
6.740617e-06
6.627138e-06
6.515814e-06
6.406231e-06
6.298092e-06
6.191097e-06
6.08513e-06
1.327157e-05
9.287757e-06
8.885727e-06
8.399947e-06
8.091609e-06
7.861947e-06
7.673018e-06
7.510258e-06
7.363119e-06
7.226614e-06
7.097587e-06
6.974113e-06
6.854888e-06
6.738991e-06
6.625737e-06
6.514611e-06
6.405201e-06
6.297207e-06
6.190338e-06
6.084464e-06
1.051968e-05
8.281702e-06
8.24469e-06
8.035275e-06
7.884938e-06
7.755403e-06
7.628889e-06
7.506166e-06
7.38512e-06
7.265445e-06
7.147012e-06
7.029772e-06
6.913705e-06
6.798784e-06
6.684968e-06
6.572205e-06
6.460443e-06
6.349611e-06
6.239672e-06
6.130528e-06
1.051968e-05
8.281702e-06
8.24469e-06
8.035275e-06
7.884938e-06
7.755403e-06
7.628889e-06
7.506166e-06
7.38512e-06
7.265445e-06
7.147012e-06
7.029772e-06
6.913705e-06
6.798784e-06
6.684968e-06
6.572205e-06
6.460443e-06
6.349611e-06
6.239672e-06
6.130528e-06
1.052309e-05
8.284985e-06
8.24774e-06
8.037974e-06
7.887234e-06
7.757274e-06
7.630338e-06
7.507218e-06
7.385815e-06
7.265832e-06
7.147141e-06
7.029693e-06
6.913464e-06
6.79842e-06
6.684517e-06
6.571694e-06
6.459897e-06
6.349047e-06
6.239105e-06
6.129968e-06
1.052999e-05
8.291655e-06
8.253895e-06
8.043408e-06
7.891831e-06
7.761e-06
7.633201e-06
7.509276e-06
7.387154e-06
7.266552e-06
7.147348e-06
7.029488e-06
6.912939e-06
6.797657e-06
6.683584e-06
6.570648e-06
6.458784e-06
6.347903e-06
6.237957e-06
6.128836e-06
1.054061e-05
8.301918e-06
8.263301e-06
8.051667e-06
7.898755e-06
7.766553e-06
7.637414e-06
7.512251e-06
7.389035e-06
7.267502e-06
7.147533e-06
7.029064e-06
6.912048e-06
6.796422e-06
6.682107e-06
6.569015e-06
6.457061e-06
6.346143e-06
6.2362e-06
6.127113e-06
1.055531e-05
8.31607e-06
8.27615e-06
8.06284e-06
7.907995e-06
7.77385e-06
7.642839e-06
7.515974e-06
7.391279e-06
7.268504e-06
7.147528e-06
7.028271e-06
6.91066e-06
6.794603e-06
6.679994e-06
6.566719e-06
6.454668e-06
6.34372e-06
6.233797e-06
6.124767e-06
1.057465e-05
8.334629e-06
8.292804e-06
8.077127e-06
7.919592e-06
7.782807e-06
7.649307e-06
7.520229e-06
7.393645e-06
7.269318e-06
7.147109e-06
7.026907e-06
6.908599e-06
6.792052e-06
6.677123e-06
6.56366e-06
6.451526e-06
6.340574e-06
6.230704e-06
6.12177e-06
1.059938e-05
8.358148e-06
8.313543e-06
8.094569e-06
7.933386e-06
7.793134e-06
7.656454e-06
7.52462e-06
7.395748e-06
7.269585e-06
7.145959e-06
7.024701e-06
6.905641e-06
6.78859e-06
6.673352e-06
6.559734e-06
6.447559e-06
6.336653e-06
6.226889e-06
6.118106e-06
1.063088e-05
8.387852e-06
8.339189e-06
8.115596e-06
7.949447e-06
7.804649e-06
7.66394e-06
7.528734e-06
7.397157e-06
7.268905e-06
7.143724e-06
7.021359e-06
6.901553e-06
6.784039e-06
6.668557e-06
6.554858e-06
6.442722e-06
6.331941e-06
6.222358e-06
6.1138e-06
1.06706e-05
8.424405e-06
8.369718e-06
8.139723e-06
7.966996e-06
7.816458e-06
7.670873e-06
7.531758e-06
7.397182e-06
7.266718e-06
7.13998e-06
7.016577e-06
6.896135e-06
6.778288e-06
6.662693e-06
6.549041e-06
6.43706e-06
6.326513e-06
6.217203e-06
6.108959e-06
1.072264e-05
8.4713e-06
8.407513e-06
8.168232e-06
7.986425e-06
7.828406e-06
7.676822e-06
7.533182e-06
7.395357e-06
7.262667e-06
7.134494e-06
7.010244e-06
6.889379e-06
6.771406e-06
6.65589e-06
6.542452e-06
6.43077e-06
6.320577e-06
6.211641e-06
6.103797e-06
1.078932e-05
8.527143e-06
8.449824e-06
8.198028e-06
8.004828e-06
7.838094e-06
7.679998e-06
7.531812e-06
7.390993e-06
7.256462e-06
7.127269e-06
7.002562e-06
6.881611e-06
6.763793e-06
6.648577e-06
6.535526e-06
6.424276e-06
6.314539e-06
6.206051e-06
6.098668e-06
1.088716e-05
8.605435e-06
8.506102e-06
8.234526e-06
8.025004e-06
7.846912e-06
7.681185e-06
7.528267e-06
7.384732e-06
7.248814e-06
7.119067e-06
6.994307e-06
6.873592e-06
6.756165e-06
6.641418e-06
6.52887e-06
6.418125e-06
6.308888e-06
6.200872e-06
6.093957e-06
1.101287e-05
8.685451e-06
8.558157e-06
8.264254e-06
8.038348e-06
7.850109e-06
7.678382e-06
7.522275e-06
7.377262e-06
7.240863e-06
7.11117e-06
6.986736e-06
6.86647e-06
6.74954e-06
6.635297e-06
6.523243e-06
6.412971e-06
6.304187e-06
6.196592e-06
6.090083e-06
1.125982e-05
8.837785e-06
8.65107e-06
8.312571e-06
8.059747e-06
7.856503e-06
7.67715e-06
7.517567e-06
7.37118e-06
7.234454e-06
7.104899e-06
6.980798e-06
6.860938e-06
6.74443e-06
6.630604e-06
6.518953e-06
6.409063e-06
6.300641e-06
6.193381e-06
6.087184e-06
1.150322e-05
8.905011e-06
8.701079e-06
8.333684e-06
8.067049e-06
7.85677e-06
7.674534e-06
7.513897e-06
7.367204e-06
7.230505e-06
7.101101e-06
6.977211e-06
6.857588e-06
6.741332e-06
6.627762e-06
6.516363e-06
6.406716e-06
6.298522e-06
6.191478e-06
6.085468e-06
1.264444e-05
9.289921e-06
8.883746e-06
8.400511e-06
8.091618e-06
7.862516e-06
7.673694e-06
7.510931e-06
7.363744e-06
7.227184e-06
7.098106e-06
6.974586e-06
6.855318e-06
6.739382e-06
6.626091e-06
6.514932e-06
6.40549e-06
6.297468e-06
6.190572e-06
6.084674e-06
1.003303e-05
8.354665e-06
8.274095e-06
8.052757e-06
7.894901e-06
7.76162e-06
7.632838e-06
7.508782e-06
7.386913e-06
7.266708e-06
7.147923e-06
7.030441e-06
6.914203e-06
6.799157e-06
6.685248e-06
6.572414e-06
6.4606e-06
6.349726e-06
6.239757e-06
6.130587e-06
1.003303e-05
8.354665e-06
8.274095e-06
8.052757e-06
7.894901e-06
7.76162e-06
7.632838e-06
7.508782e-06
7.386913e-06
7.266708e-06
7.147923e-06
7.030441e-06
6.914203e-06
6.799157e-06
6.685248e-06
6.572414e-06
6.4606e-06
6.349726e-06
6.239757e-06
6.130587e-06
1.003643e-05
8.357954e-06
8.277144e-06
8.055451e-06
7.897193e-06
7.763488e-06
7.634283e-06
7.509831e-06
7.387606e-06
7.267092e-06
7.14805e-06
7.03036e-06
6.913959e-06
6.798791e-06
6.684795e-06
6.571903e-06
6.460052e-06
6.349162e-06
6.239189e-06
6.130027e-06
1.004333e-05
8.364636e-06
8.283294e-06
8.060876e-06
7.90178e-06
7.767204e-06
7.637137e-06
7.511881e-06
7.388938e-06
7.267806e-06
7.148252e-06
7.03015e-06
6.913431e-06
6.798024e-06
6.683859e-06
6.570854e-06
6.458937e-06
6.348016e-06
6.238039e-06
6.128895e-06
1.005396e-05
8.374919e-06
8.292694e-06
8.069121e-06
7.90869e-06
7.772744e-06
7.641338e-06
7.514845e-06
7.390809e-06
7.268747e-06
7.148429e-06
7.02972e-06
6.912535e-06
6.796785e-06
6.68238e-06
6.569219e-06
6.457213e-06
6.346255e-06
6.236283e-06
6.127172e-06
1.006865e-05
8.389098e-06
8.305533e-06
8.080274e-06
7.91791e-06
7.780022e-06
7.646746e-06
7.518554e-06
7.39304e-06
7.269739e-06
7.148416e-06
7.028921e-06
6.911142e-06
6.794964e-06
6.680265e-06
6.566922e-06
6.45482e-06
6.343834e-06
6.233882e-06
6.12483e-06
1.0088e-05
8.407701e-06
8.322178e-06
8.094537e-06
7.929484e-06
7.78896e-06
7.653198e-06
7.522795e-06
7.395397e-06
7.270546e-06
7.147993e-06
7.027555e-06
6.909082e-06
6.792416e-06
6.677399e-06
6.56387e-06
6.451686e-06
6.340696e-06
6.230798e-06
6.121842e-06
1.011272e-05
8.431281e-06
8.3429e-06
8.111947e-06
7.943251e-06
7.799267e-06
7.660332e-06
7.527179e-06
7.397497e-06
7.270817e-06
7.146851e-06
7.025361e-06
6.906139e-06
6.78897e-06
6.673646e-06
6.559963e-06
6.447739e-06
6.336795e-06
6.227003e-06
6.118198e-06
1.014422e-05
8.46109e-06
8.368546e-06
8.132954e-06
7.959302e-06
7.810783e-06
7.667828e-06
7.531312e-06
7.398933e-06
7.270168e-06
7.144651e-06
7.022057e-06
6.90209e-06
6.78446e-06
6.668892e-06
6.555127e-06
6.442941e-06
6.332121e-06
6.222508e-06
6.113927e-06
1.01839e-05
8.497778e-06
8.39906e-06
8.157057e-06
7.976856e-06
7.822623e-06
7.674813e-06
7.534401e-06
7.399032e-06
7.268061e-06
7.140988e-06
7.017356e-06
6.896751e-06
6.778783e-06
6.663098e-06
6.549376e-06
6.437342e-06
6.326751e-06
6.217408e-06
6.109137e-06
1.023594e-05
8.544986e-06
8.436948e-06
8.185645e-06
7.9964e-06
7.834713e-06
7.680919e-06
7.535987e-06
7.397366e-06
7.264161e-06
7.135644e-06
7.011154e-06
6.890114e-06
6.772011e-06
6.656394e-06
6.542877e-06
6.431133e-06
6.32089e-06
6.211914e-06
6.104038e-06
1.030237e-05
8.601136e-06
8.479294e-06
8.215536e-06
8.014994e-06
7.844645e-06
7.684354e-06
7.534869e-06
7.393235e-06
7.258165e-06
7.128604e-06
7.003633e-06
6.882488e-06
6.764521e-06
6.64919e-06
6.536049e-06
6.424726e-06
6.31493e-06
6.206393e-06
6.098972e-06
1.04002e-05
8.680551e-06
8.536152e-06
8.252545e-06
8.035672e-06
7.853914e-06
7.685921e-06
7.531635e-06
7.387225e-06
7.250719e-06
7.120564e-06
6.995511e-06
6.874579e-06
6.756988e-06
6.642114e-06
6.529465e-06
6.418639e-06
6.309338e-06
6.201266e-06
6.094309e-06
1.052422e-05
8.760829e-06
8.588164e-06
8.282437e-06
8.04925e-06
7.857326e-06
7.683283e-06
7.525759e-06
7.379835e-06
7.242823e-06
7.112707e-06
6.987971e-06
6.867485e-06
6.750388e-06
6.636018e-06
6.523863e-06
6.41351e-06
6.30466e-06
6.197008e-06
6.090455e-06
1.077174e-05
8.916401e-06
8.682004e-06
8.33089e-06
8.070454e-06
7.863385e-06
7.681698e-06
7.520734e-06
7.373485e-06
7.236195e-06
7.106261e-06
6.981897e-06
6.861846e-06
6.745197e-06
6.631263e-06
6.519525e-06
6.409564e-06
6.301083e-06
6.193773e-06
6.087535e-06
1.099968e-05
8.972025e-06
8.726433e-06
8.347718e-06
8.074761e-06
7.861632e-06
7.677697e-06
7.516099e-06
7.368816e-06
7.23174e-06
7.102085e-06
6.97802e-06
6.858272e-06
6.74192e-06
6.628274e-06
6.516813e-06
6.407114e-06
6.298876e-06
6.191793e-06
6.08575e-06
1.21648e-05
9.30414e-06
8.884887e-06
8.400976e-06
8.091356e-06
7.862554e-06
7.673802e-06
7.511099e-06
7.363931e-06
7.227376e-06
7.098298e-06
6.974775e-06
6.855503e-06
6.739561e-06
6.626262e-06
6.515094e-06
6.405641e-06
6.297609e-06
6.190702e-06
6.084795e-06
9.698427e-06
8.418694e-06
8.292329e-06
8.066953e-06
7.903896e-06
7.767376e-06
7.636566e-06
7.511253e-06
7.388601e-06
7.267885e-06
7.148765e-06
7.031055e-06
6.914657e-06
6.799497e-06
6.685504e-06
6.572608e-06
6.460746e-06
6.349836e-06
6.239839e-06
6.130646e-06
9.698427e-06
8.418694e-06
8.292329e-06
8.066953e-06
7.903896e-06
7.767376e-06
7.636566e-06
7.511253e-06
7.388601e-06
7.267885e-06
7.148765e-06
7.031055e-06
6.914657e-06
6.799497e-06
6.685504e-06
6.572608e-06
6.460746e-06
6.349836e-06
6.239839e-06
6.130646e-06
9.701836e-06
8.421997e-06
8.295381e-06
8.069647e-06
7.906187e-06
7.769242e-06
7.638009e-06
7.5123e-06
7.389291e-06
7.268267e-06
7.14889e-06
7.030972e-06
6.914413e-06
6.79913e-06
6.685051e-06
6.572096e-06
6.460198e-06
6.349271e-06
6.239271e-06
6.130086e-06
9.70875e-06
8.428706e-06
8.301539e-06
8.075072e-06
7.910772e-06
7.772954e-06
7.64086e-06
7.514346e-06
7.390619e-06
7.268978e-06
7.149089e-06
7.03076e-06
6.913882e-06
6.798362e-06
6.684113e-06
6.571046e-06
6.459082e-06
6.348124e-06
6.238121e-06
6.128954e-06
9.719397e-06
8.439031e-06
8.310953e-06
8.083318e-06
7.917678e-06
7.77849e-06
7.645055e-06
7.517304e-06
7.392486e-06
7.269915e-06
7.149262e-06
7.030327e-06
6.912984e-06
6.797121e-06
6.682633e-06
6.56941e-06
6.457358e-06
6.346364e-06
6.236365e-06
6.127231e-06
9.734122e-06
8.453273e-06
8.323814e-06
8.094473e-06
7.926894e-06
7.785761e-06
7.650457e-06
7.521008e-06
7.394712e-06
7.270903e-06
7.149246e-06
7.029526e-06
6.91159e-06
6.795299e-06
6.680519e-06
6.567115e-06
6.454967e-06
6.343945e-06
6.233968e-06
6.124892e-06
9.753506e-06
8.471967e-06
8.340492e-06
8.108741e-06
7.938468e-06
7.794695e-06
7.656905e-06
7.525246e-06
7.397067e-06
7.27171e-06
7.148826e-06
7.028164e-06
6.909534e-06
6.792757e-06
6.677659e-06
6.564069e-06
6.45184e-06
6.340814e-06
6.230891e-06
6.121912e-06
9.778278e-06
8.49567e-06
8.361257e-06
8.126158e-06
7.952235e-06
7.805001e-06
7.664041e-06
7.529635e-06
7.399176e-06
7.271992e-06
7.147695e-06
7.025982e-06
6.906605e-06
6.789326e-06
6.673921e-06
6.560177e-06
6.447908e-06
6.336929e-06
6.227111e-06
6.118283e-06
9.809851e-06
8.52567e-06
8.38698e-06
8.147191e-06
7.968307e-06
7.816537e-06
7.671562e-06
7.533796e-06
7.400643e-06
7.271375e-06
7.145529e-06
7.022711e-06
6.902589e-06
6.784847e-06
6.669196e-06
6.55537e-06
6.443136e-06
6.33228e-06
6.222639e-06
6.114034e-06
9.849598e-06
8.562603e-06
8.417578e-06
8.171319e-06
7.985894e-06
7.828421e-06
7.678602e-06
7.536946e-06
7.400805e-06
7.26933e-06
7.141926e-06
7.018066e-06
6.897302e-06
6.779219e-06
6.663448e-06
6.54966e-06
6.437575e-06
6.326946e-06
6.217572e-06
6.109275e-06
9.901746e-06
8.610256e-06
8.455667e-06
8.200019e-06
8.005557e-06
7.840634e-06
7.684833e-06
7.538652e-06
7.39925e-06
7.265531e-06
7.136671e-06
7.011943e-06
6.890735e-06
6.772508e-06
6.656798e-06
6.54321e-06
6.431411e-06
6.321125e-06
6.212114e-06
6.104211e-06
9.968139e-06
8.666869e-06
8.498135e-06
8.229978e-06
8.024276e-06
7.850715e-06
7.688423e-06
7.537678e-06
7.395246e-06
7.259643e-06
7.129721e-06
7.004499e-06
6.883173e-06
6.765074e-06
6.649643e-06
6.536426e-06
6.425044e-06
6.315202e-06
6.206627e-06
6.099178e-06
1.006614e-05
8.747442e-06
8.555522e-06
8.267294e-06
8.045226e-06
7.860202e-06
7.690155e-06
7.53456e-06
7.389317e-06
7.252254e-06
7.121723e-06
6.996409e-06
6.875291e-06
6.757564e-06
6.642589e-06
6.529864e-06
6.418978e-06
6.30963e-06
6.20152e-06
6.094536e-06
1.018897e-05
8.827777e-06
8.607086e-06
8.296835e-06
8.058588e-06
7.86345e-06
7.687373e-06
7.528559e-06
7.38182e-06
7.244272e-06
7.113798e-06
6.988817e-06
6.868159e-06
6.750938e-06
6.636476e-06
6.524251e-06
6.413844e-06
6.304951e-06
6.197263e-06
6.090686e-06
1.043699e-05
8.985167e-06
8.700834e-06
8.344563e-06
8.078981e-06
7.86875e-06
7.685147e-06
7.523031e-06
7.375084e-06
7.23735e-06
7.107129e-06
6.982573e-06
6.86239e-06
6.745647e-06
6.631643e-06
6.519852e-06
6.409849e-06
6.301335e-06
6.193995e-06
6.087738e-06
1.065358e-05
9.028598e-06
8.73931e-06
8.356781e-06
8.080079e-06
7.864896e-06
7.679731e-06
7.517436e-06
7.369743e-06
7.232412e-06
7.102595e-06
6.978423e-06
6.858602e-06
6.742199e-06
6.628515e-06
6.517025e-06
6.407302e-06
6.299045e-06
6.191943e-06
6.085889e-06
1.184225e-05
9.318532e-06
8.878687e-06
8.399191e-06
8.089658e-06
7.861414e-06
7.672953e-06
7.510476e-06
7.363454e-06
7.227e-06
7.097998e-06
6.974536e-06
6.855312e-06
6.739409e-06
6.626143e-06
6.515e-06
6.405569e-06
6.297554e-06
6.190659e-06
6.084764e-06
9.444296e-06
8.466794e-06
8.304851e-06
8.079776e-06
7.91277e-06
7.773157e-06
7.640385e-06
7.513783e-06
7.390318e-06
7.269073e-06
7.149606e-06
7.031663e-06
6.915106e-06
6.799832e-06
6.685759e-06
6.572802e-06
6.460895e-06
6.349949e-06
6.239926e-06
6.13071e-06
9.444296e-06
8.466794e-06
8.304851e-06
8.079776e-06
7.91277e-06
7.773157e-06
7.640385e-06
7.513783e-06
7.390318e-06
7.269073e-06
7.149606e-06
7.031663e-06
6.915106e-06
6.799832e-06
6.685759e-06
6.572802e-06
6.460895e-06
6.349949e-06
6.239926e-06
6.13071e-06
9.447713e-06
8.470115e-06
8.307912e-06
8.082476e-06
7.915063e-06
7.775023e-06
7.641828e-06
7.514829e-06
7.391008e-06
7.269454e-06
7.14973e-06
7.031579e-06
6.914861e-06
6.799466e-06
6.685305e-06
6.572289e-06
6.460347e-06
6.349384e-06
6.239358e-06
6.130149e-06
9.454646e-06
8.476858e-06
8.314091e-06
8.087914e-06
7.919655e-06
7.778738e-06
7.644679e-06
7.516875e-06
7.392336e-06
7.270164e-06
7.149928e-06
7.031366e-06
6.914329e-06
6.798697e-06
6.684367e-06
6.57124e-06
6.45923e-06
6.348238e-06
6.238209e-06
6.129017e-06
9.465322e-06
8.487238e-06
8.32354e-06
8.09618e-06
7.926572e-06
7.784278e-06
7.648876e-06
7.519833e-06
7.394202e-06
7.271101e-06
7.150101e-06
7.030933e-06
6.913431e-06
6.797456e-06
6.682887e-06
6.569604e-06
6.457507e-06
6.346478e-06
6.236454e-06
6.127296e-06
9.480089e-06
8.501559e-06
8.336452e-06
8.107362e-06
7.935803e-06
7.791557e-06
7.654281e-06
7.523539e-06
7.396429e-06
7.272089e-06
7.150086e-06
7.030133e-06
6.912039e-06
6.795636e-06
6.680775e-06
6.567311e-06
6.455119e-06
6.344062e-06
6.234059e-06
6.124959e-06
9.499533e-06
8.520364e-06
8.353204e-06
8.121671e-06
7.947401e-06
7.800503e-06
7.660739e-06
7.527784e-06
7.398791e-06
7.272903e-06
7.149671e-06
7.028778e-06
6.90999e-06
6.7931e-06
6.677921e-06
6.564272e-06
6.451998e-06
6.340937e-06
6.230988e-06
6.121985e-06
9.524382e-06
8.54422e-06
8.374068e-06
8.139139e-06
7.961201e-06
7.810829e-06
7.667892e-06
7.532189e-06
7.400915e-06
7.273199e-06
7.148556e-06
7.026611e-06
6.907074e-06
6.789683e-06
6.674196e-06
6.560392e-06
6.448077e-06
6.337062e-06
6.227218e-06
6.118365e-06
9.55606e-06
8.574441e-06
8.399937e-06
8.160252e-06
7.977329e-06
7.822406e-06
7.675449e-06
7.536384e-06
7.402414e-06
7.272614e-06
7.146418e-06
7.023366e-06
6.903082e-06
6.785226e-06
6.669491e-06
6.555602e-06
6.443321e-06
6.332428e-06
6.22276e-06
6.114129e-06
9.595917e-06
8.61166e-06
8.430706e-06
8.184468e-06
7.994985e-06
7.834346e-06
7.682546e-06
7.539591e-06
7.40263e-06
7.270618e-06
7.142859e-06
7.01876e-06
6.897828e-06
6.779625e-06
6.663767e-06
6.549914e-06
6.437779e-06
6.327111e-06
6.217708e-06
6.109385e-06
9.648217e-06
8.659764e-06
8.469073e-06
8.21332e-06
8.014774e-06
7.846664e-06
7.688874e-06
7.541382e-06
7.401148e-06
7.266879e-06
7.137652e-06
7.012675e-06
6.891291e-06
6.772939e-06
6.657137e-06
6.543481e-06
6.43163e-06
6.321304e-06
6.212262e-06
6.104335e-06
9.714637e-06
8.716836e-06
8.51174e-06
8.243353e-06
8.033574e-06
7.856821e-06
7.692539e-06
7.540469e-06
7.39719e-06
7.261023e-06
7.130724e-06
7.005243e-06
6.883738e-06
6.76551e-06
6.649987e-06
6.536701e-06
6.425267e-06
6.315385e-06
6.206781e-06
6.099311e-06
9.812748e-06
8.798301e-06
8.569549e-06
8.280803e-06
8.054599e-06
7.866333e-06
7.694263e-06
7.537318e-06
7.391214e-06
7.253581e-06
7.122674e-06
6.997107e-06
6.875816e-06
6.757968e-06
6.642907e-06
6.530118e-06
6.419186e-06
6.309803e-06
6.201666e-06
6.094668e-06
9.934554e-06
8.878357e-06
8.62044e-06
8.309653e-06
8.067408e-06
7.869131e-06
7.691106e-06
7.531007e-06
7.383466e-06
7.2454e-06
7.114594e-06
6.989395e-06
6.868591e-06
6.751271e-06
6.636739e-06
6.524465e-06
6.414021e-06
6.305102e-06
6.197392e-06
6.090807e-06
1.018235e-05
9.035937e-06
8.713201e-06
8.355891e-06
8.086417e-06
7.873285e-06
7.687974e-06
7.524803e-06
7.376232e-06
7.238111e-06
7.107651e-06
6.982945e-06
6.862665e-06
6.745857e-06
6.63181e-06
6.519989e-06
6.409965e-06
6.301436e-06
6.194083e-06
6.087823e-06
1.039119e-05
9.067902e-06
8.745392e-06
8.363052e-06
8.084002e-06
7.867202e-06
7.681075e-06
7.518214e-06
7.370204e-06
7.232682e-06
7.102753e-06
6.978517e-06
6.858658e-06
6.742234e-06
6.628539e-06
6.517043e-06
6.407318e-06
6.299061e-06
6.191958e-06
6.08591e-06
1.159408e-05
9.324251e-06
8.868026e-06
8.395856e-06
8.08706e-06
7.859554e-06
7.67151e-06
7.509331e-06
7.362517e-06
7.226213e-06
7.097329e-06
6.973963e-06
6.854822e-06
6.73899e-06
6.625785e-06
6.514694e-06
6.405307e-06
6.29733e-06
6.190466e-06
6.084601e-06
9.241647e-06
8.498722e-06
8.31473e-06
8.092296e-06
7.922104e-06
7.77934e-06
7.644535e-06
7.516535e-06
7.392178e-06
7.270348e-06
7.150501e-06
7.032306e-06
6.915579e-06
6.800186e-06
6.686028e-06
6.573009e-06
6.461055e-06
6.350074e-06
6.240024e-06
6.130781e-06
9.241647e-06
8.498722e-06
8.31473e-06
8.092296e-06
7.922104e-06
7.77934e-06
7.644535e-06
7.516535e-06
7.392178e-06
7.270348e-06
7.150501e-06
7.032306e-06
6.915579e-06
6.800186e-06
6.686028e-06
6.573009e-06
6.461055e-06
6.350074e-06
6.240024e-06
6.130781e-06
9.245074e-06
8.502061e-06
8.317805e-06
8.095007e-06
7.924405e-06
7.781211e-06
7.645981e-06
7.517583e-06
7.392869e-06
7.27073e-06
7.150625e-06
7.032223e-06
6.915333e-06
6.79982e-06
6.685574e-06
6.572497e-06
6.460507e-06
6.349509e-06
6.239456e-06
6.13022e-06
9.252028e-06
8.508842e-06
8.324014e-06
8.100467e-06
7.929011e-06
7.784935e-06
7.648837e-06
7.519632e-06
7.394198e-06
7.271441e-06
7.150824e-06
7.03201e-06
6.914802e-06
6.799051e-06
6.684636e-06
6.571447e-06
6.459392e-06
6.348363e-06
6.238307e-06
6.129089e-06
9.262739e-06
8.51928e-06
8.333512e-06
8.108769e-06
7.935952e-06
7.790489e-06
7.653043e-06
7.522596e-06
7.396067e-06
7.27238e-06
7.150999e-06
7.031578e-06
6.913905e-06
6.797811e-06
6.683158e-06
6.569813e-06
6.457669e-06
6.346605e-06
6.236553e-06
6.127369e-06
9.277557e-06
8.533684e-06
8.346495e-06
8.120001e-06
7.945218e-06
7.797787e-06
7.658462e-06
7.52631e-06
7.398301e-06
7.273374e-06
7.150988e-06
7.030783e-06
6.912517e-06
6.795995e-06
6.681049e-06
6.567523e-06
6.455284e-06
6.344191e-06
6.234161e-06
6.125035e-06
9.297071e-06
8.552608e-06
8.363349e-06
8.134382e-06
7.956865e-06
7.806764e-06
7.66494e-06
7.53057e-06
7.400675e-06
7.274197e-06
7.150582e-06
7.029435e-06
6.910475e-06
6.793466e-06
6.678201e-06
6.564489e-06
6.452168e-06
6.341071e-06
6.231095e-06
6.122064e-06
9.32201e-06
8.576622e-06
8.384347e-06
8.151941e-06
7.970729e-06
7.81713e-06
7.672122e-06
7.534999e-06
7.402819e-06
7.274512e-06
7.149483e-06
7.027283e-06
6.907572e-06
6.79006e-06
6.674487e-06
6.560618e-06
6.448255e-06
6.337202e-06
6.22733e-06
6.118448e-06
9.353805e-06
8.607065e-06
8.410402e-06
8.173177e-06
7.986946e-06
7.828765e-06
7.679727e-06
7.539234e-06
7.404353e-06
7.273956e-06
7.147371e-06
7.02406e-06
6.903598e-06
6.785618e-06
6.669794e-06
6.555838e-06
6.443508e-06
6.332575e-06
6.222878e-06
6.114217e-06
9.393789e-06
8.644562e-06
8.441392e-06
8.19753e-06
8.004703e-06
7.840775e-06
7.686883e-06
7.542491e-06
7.404613e-06
7.271997e-06
7.143841e-06
7.019476e-06
6.898362e-06
6.78003e-06
6.664078e-06
6.550156e-06
6.43797e-06
6.32726e-06
6.217828e-06
6.109476e-06
9.446238e-06
8.693066e-06
8.480063e-06
8.226561e-06
8.024622e-06
7.853181e-06
7.693283e-06
7.54434e-06
7.403174e-06
7.268288e-06
7.138654e-06
7.013401e-06
6.891828e-06
6.773342e-06
6.657444e-06
6.543717e-06
6.431813e-06
6.321446e-06
6.212375e-06
6.104423e-06
9.512691e-06
8.750513e-06
8.522946e-06
8.256665e-06
8.043466e-06
7.863355e-06
7.696958e-06
7.543427e-06
7.399204e-06
7.26241e-06
7.131695e-06
7.005936e-06
6.88424e-06
6.76588e-06
6.650262e-06
6.536908e-06
6.425425e-06
6.315508e-06
6.206876e-06
6.099389e-06
9.610803e-06
8.832545e-06
8.581029e-06
8.2941e-06
8.064407e-06
7.872742e-06
7.698543e-06
7.540131e-06
7.393086e-06
7.254835e-06
7.123526e-06
6.997695e-06
6.876227e-06
6.758261e-06
6.643118e-06
6.530273e-06
6.419301e-06
6.309891e-06
6.201733e-06
6.094727e-06
9.731633e-06
8.911983e-06
8.631061e-06
8.322009e-06
8.076401e-06
7.874867e-06
7.694833e-06
7.53337e-06
7.384978e-06
7.246369e-06
7.115222e-06
6.989807e-06
6.868865e-06
6.751455e-06
6.636865e-06
6.524553e-06
6.414083e-06
6.305148e-06
6.197426e-06
6.090842e-06
9.978683e-06
9.068579e-06
8.722195e-06
8.36618e-06
8.09355e-06
7.877547e-06
7.690573e-06
7.52634e-06
7.377144e-06
7.238643e-06
7.107956e-06
6.983112e-06
6.862751e-06
6.745895e-06
6.63182e-06
6.519984e-06
6.409952e-06
6.30142e-06
6.194066e-06
6.087816e-06
1.018183e-05
9.090114e-06
8.747844e-06
8.367856e-06
8.087274e-06
7.869063e-06
7.682092e-06
7.518698e-06
7.370392e-06
7.232697e-06
7.102674e-06
6.97839e-06
6.858511e-06
6.742084e-06
6.628395e-06
6.51691e-06
6.407198e-06
6.298954e-06
6.191863e-06
6.085832e-06
1.13915e-05
9.320784e-06
8.855761e-06
8.391914e-06
8.084231e-06
7.85747e-06
7.669833e-06
7.507929e-06
7.361315e-06
7.225162e-06
7.096404e-06
6.973148e-06
6.854106e-06
6.738362e-06
6.625235e-06
6.514214e-06
6.404888e-06
6.296965e-06
6.190147e-06
6.084325e-06
9.08e-06
8.517005e-06
8.322491e-06
8.10461e-06
7.932047e-06
7.786092e-06
7.649138e-06
7.519601e-06
7.394244e-06
7.271758e-06
7.151485e-06
7.03301e-06
6.916094e-06
6.800572e-06
6.686322e-06
6.573237e-06
6.461234e-06
6.350214e-06
6.240135e-06
6.130864e-06
9.08e-06
8.517005e-06
8.322491e-06
8.10461e-06
7.932047e-06
7.786092e-06
7.649138e-06
7.519601e-06
7.394244e-06
7.271758e-06
7.151485e-06
7.03301e-06
6.916094e-06
6.800572e-06
6.686322e-06
6.573237e-06
6.461234e-06
6.350214e-06
6.240135e-06
6.130864e-06
9.083437e-06
8.520363e-06
8.325582e-06
8.107336e-06
7.934358e-06
7.78797e-06
7.650589e-06
7.520651e-06
7.394936e-06
7.272141e-06
7.15161e-06
7.032927e-06
6.915849e-06
6.800206e-06
6.685869e-06
6.572725e-06
6.460686e-06
6.349649e-06
6.239567e-06
6.130303e-06
9.090414e-06
8.52718e-06
8.331826e-06
8.112826e-06
7.938987e-06
7.791708e-06
7.653454e-06
7.522706e-06
7.396269e-06
7.272855e-06
7.15181e-06
7.032716e-06
6.915319e-06
6.799438e-06
6.684932e-06
6.571676e-06
6.459571e-06
6.348503e-06
6.238419e-06
6.129172e-06
9.101163e-06
8.537675e-06
8.34138e-06
8.121175e-06
7.945963e-06
7.797285e-06
7.657675e-06
7.525681e-06
7.398146e-06
7.273799e-06
7.151989e-06
7.032287e-06
6.914424e-06
6.798201e-06
6.683455e-06
6.570044e-06
6.457851e-06
6.346747e-06
6.236667e-06
6.127453e-06
9.116035e-06
8.552162e-06
8.354444e-06
8.132474e-06
7.955279e-06
7.804616e-06
7.663116e-06
7.52941e-06
7.400391e-06
7.274801e-06
7.151985e-06
7.031496e-06
6.913041e-06
6.796389e-06
6.681351e-06
6.567757e-06
6.455468e-06
6.344336e-06
6.234277e-06
6.12512e-06
9.135622e-06
8.5712e-06
8.371411e-06
8.146945e-06
7.966995e-06
7.813637e-06
7.669625e-06
7.533693e-06
7.402781e-06
7.275638e-06
7.15159e-06
7.030158e-06
6.911007e-06
6.793867e-06
6.678509e-06
6.564728e-06
6.452356e-06
6.341219e-06
6.231214e-06
6.122151e-06
9.160655e-06
8.595366e-06
8.39256e-06
8.164621e-06
7.980948e-06
7.824061e-06
7.676849e-06
7.538152e-06
7.40495e-06
7.275972e-06
7.150507e-06
7.02802e-06
6.908116e-06
6.79047e-06
6.674801e-06
6.560863e-06
6.448448e-06
6.337354e-06
6.227452e-06
6.118537e-06
9.192566e-06
8.626013e-06
8.418814e-06
8.186008e-06
7.997279e-06
7.835771e-06
7.684508e-06
7.542429e-06
7.406518e-06
7.275444e-06
7.148418e-06
7.024814e-06
6.904155e-06
6.786037e-06
6.670115e-06
6.556087e-06
6.443702e-06
6.332726e-06
6.222998e-06
6.114304e-06
9.232675e-06
8.663762e-06
8.450039e-06
8.210526e-06
8.015158e-06
7.847858e-06
7.691723e-06
7.545733e-06
7.406814e-06
7.273512e-06
7.144907e-06
7.020242e-06
6.898924e-06
6.78045e-06
6.664396e-06
6.550399e-06
6.438156e-06
6.327403e-06
6.217939e-06
6.109555e-06
9.285249e-06
8.71259e-06
8.488998e-06
8.239737e-06
8.035204e-06
7.860336e-06
7.698172e-06
7.547615e-06
7.405393e-06
7.26981e-06
7.139714e-06
7.014154e-06
6.892371e-06
6.773738e-06
6.657736e-06
6.543934e-06
6.431974e-06
6.321566e-06
6.212464e-06
6.104484e-06
9.351712e-06
8.77031e-06
8.532068e-06
8.269891e-06
8.054056e-06
7.870479e-06
7.701807e-06
7.546653e-06
7.401367e-06
7.263869e-06
7.13269e-06
7.006622e-06
6.884717e-06
6.766214e-06
6.650497e-06
6.537073e-06
6.425539e-06
6.315586e-06
6.206929e-06
6.099424e-06
9.449693e-06
8.852603e-06
8.590247e-06
8.307171e-06
8.074775e-06
7.879615e-06
7.703149e-06
7.543129e-06
7.395038e-06
7.256103e-06
7.124351e-06
6.998231e-06
6.876575e-06
6.758484e-06
6.643258e-06
6.530357e-06
6.419348e-06
6.309913e-06
6.201739e-06
6.094728e-06
9.569576e-06
8.931192e-06
8.639277e-06
8.333955e-06
8.085755e-06
7.880895e-06
7.698749e-06
7.53581e-06
7.386485e-06
7.247284e-06
7.115767e-06
6.990122e-06
6.869036e-06
6.751537e-06
6.636891e-06
6.524545e-06
6.414056e-06
6.305111e-06
6.197384e-06
6.090807e-06
9.815454e-06
9.086032e-06
8.728327e-06
8.375654e-06
8.100676e-06
7.881835e-06
7.693175e-06
7.527826e-06
7.377963e-06
7.239057e-06
7.10813e-06
6.983146e-06
6.862705e-06
6.745806e-06
6.631711e-06
6.519867e-06
6.409837e-06
6.301311e-06
6.193964e-06
6.087732e-06
1.001431e-05
9.09851e-06
8.747492e-06
8.371654e-06
8.090273e-06
7.870785e-06
7.683012e-06
7.519067e-06
7.370443e-06
7.23256e-06
7.102439e-06
6.978107e-06
6.858215e-06
6.741792e-06
6.628119e-06
6.516655e-06
6.406966e-06
6.298746e-06
6.191677e-06
6.085673e-06
1.122597e-05
9.310388e-06
8.842973e-06
8.387907e-06
8.081624e-06
7.855517e-06
7.668193e-06
7.506473e-06
7.360003e-06
7.223967e-06
7.095318e-06
6.972167e-06
6.853224e-06
6.737575e-06
6.624536e-06
6.513596e-06
6.404342e-06
6.296483e-06
6.189722e-06
6.083953e-06
8.951148e-06
8.524725e-06
8.328207e-06
8.116471e-06
7.942472e-06
7.793421e-06
7.654227e-06
7.523019e-06
7.396549e-06
7.273329e-06
7.152577e-06
7.033788e-06
6.916663e-06
6.800999e-06
6.686649e-06
6.573491e-06
6.461434e-06
6.350372e-06
6.240262e-06
6.130958e-06
8.951148e-06
8.524725e-06
8.328207e-06
8.116471e-06
7.942472e-06
7.793421e-06
7.654227e-06
7.523019e-06
7.396549e-06
7.273329e-06
7.152577e-06
7.033788e-06
6.916663e-06
6.800999e-06
6.686649e-06
6.573491e-06
6.461434e-06
6.350372e-06
6.240262e-06
6.130958e-06
8.954596e-06
8.5281e-06
8.331314e-06
8.119214e-06
7.944796e-06
7.795308e-06
7.655684e-06
7.524074e-06
7.397244e-06
7.273714e-06
7.152703e-06
7.033706e-06
6.916419e-06
6.800633e-06
6.686196e-06
6.572979e-06
6.460886e-06
6.349807e-06
6.239694e-06
6.130398e-06
8.961597e-06
8.534951e-06
8.337593e-06
8.124737e-06
7.949452e-06
7.799065e-06
7.658562e-06
7.526137e-06
7.398583e-06
7.274432e-06
7.152907e-06
7.033497e-06
6.91589e-06
6.799867e-06
6.68526e-06
6.571932e-06
6.459773e-06
6.348663e-06
6.238547e-06
6.129267e-06
8.972383e-06
8.5455e-06
8.347205e-06
8.133139e-06
7.956472e-06
7.804672e-06
7.662804e-06
7.529126e-06
7.400469e-06
7.275383e-06
7.15309e-06
7.033072e-06
6.914999e-06
6.798632e-06
6.683786e-06
6.570301e-06
6.458054e-06
6.346907e-06
6.236796e-06
6.127549e-06
8.987307e-06
8.560063e-06
8.360352e-06
8.144513e-06
7.965849e-06
7.812045e-06
7.668273e-06
7.532875e-06
7.402728e-06
7.276395e-06
7.153094e-06
7.032288e-06
6.913621e-06
6.796824e-06
6.681685e-06
6.568018e-06
6.455674e-06
6.344498e-06
6.234408e-06
6.125217e-06
9.006965e-06
8.579206e-06
8.377434e-06
8.159085e-06
7.977646e-06
7.821122e-06
7.674822e-06
7.537186e-06
7.405139e-06
7.277247e-06
7.152712e-06
7.03096e-06
6.911595e-06
6.794309e-06
6.678848e-06
6.564993e-06
6.452565e-06
6.341384e-06
6.231346e-06
6.122248e-06
9.032088e-06
8.603511e-06
8.398734e-06
8.17689e-06
7.991703e-06
7.831616e-06
7.682095e-06
7.541681e-06
7.407335e-06
7.277603e-06
7.151646e-06
7.028835e-06
6.908714e-06
6.79092e-06
6.675147e-06
6.561132e-06
6.448659e-06
6.33752e-06
6.227584e-06
6.118632e-06
9.064106e-06
8.634337e-06
8.425182e-06
8.198436e-06
8.008161e-06
7.84341e-06
7.689814e-06
7.546003e-06
7.408936e-06
7.2771e-06
7.149575e-06
7.025643e-06
6.904762e-06
6.786492e-06
6.670461e-06
6.556354e-06
6.443909e-06
6.332887e-06
6.223124e-06
6.114391e-06
9.104327e-06
8.672301e-06
8.456632e-06
8.223127e-06
8.026173e-06
7.855581e-06
7.697086e-06
7.549347e-06
7.409261e-06
7.275188e-06
7.146075e-06
7.021074e-06
6.899528e-06
6.780897e-06
6.66473e-06
6.550651e-06
6.438347e-06
6.327546e-06
6.218047e-06
6.109626e-06
9.156987e-06
8.721372e-06
8.495836e-06
8.2525e-06
8.046331e-06
7.868113e-06
7.703565e-06
7.551242e-06
7.407841e-06
7.271475e-06
7.140862e-06
7.014958e-06
6.892941e-06
6.774147e-06
6.658031e-06
6.544146e-06
6.432127e-06
6.321672e-06
6.212538e-06
6.104528e-06
9.223421e-06
8.779269e-06
8.539044e-06
8.282672e-06
8.065156e-06
7.878184e-06
7.707119e-06
7.550197e-06
7.403729e-06
7.265445e-06
7.133747e-06
7.007335e-06
6.885199e-06
6.766539e-06
6.650714e-06
6.537214e-06
6.425627e-06
6.315635e-06
6.206952e-06
6.099428e-06
9.321139e-06
8.861564e-06
8.597145e-06
8.319671e-06
8.085542e-06
7.886974e-06
7.708142e-06
7.546384e-06
7.397141e-06
7.257448e-06
7.125203e-06
6.998764e-06
6.8769e-06
6.758672e-06
6.643356e-06
6.530397e-06
6.419349e-06
6.309889e-06
6.2017e-06
6.094685e-06
9.440097e-06
8.939196e-06
8.645092e-06
8.345224e-06
8.095376e-06
7.887288e-06
7.702955e-06
7.538432e-06
7.388082e-06
7.248225e-06
7.116298e-06
6.990397e-06
6.869152e-06
6.751556e-06
6.636852e-06
6.524472e-06
6.413965e-06
6.305013e-06
6.197284e-06
6.090718e-06
9.684445e-06
9.091808e-06
8.731766e-06
8.384214e-06
8.107827e-06
7.886297e-06
7.695925e-06
7.529392e-06
7.3788e-06
7.239444e-06
7.108248e-06
6.983107e-06
6.862578e-06
6.745633e-06
6.631517e-06
6.51967e-06
6.409644e-06
6.30113e-06
6.193796e-06
6.087586e-06
9.880095e-06
9.096786e-06
8.744816e-06
8.374633e-06
8.093184e-06
7.872561e-06
7.683998e-06
7.519455e-06
7.370466e-06
7.232362e-06
7.102119e-06
6.977729e-06
6.857818e-06
6.7414e-06
6.627746e-06
6.516308e-06
6.406648e-06
6.298459e-06
6.191419e-06
6.085447e-06
1.109084e-05
9.295356e-06
8.830128e-06
8.384112e-06
8.079498e-06
7.853934e-06
7.666789e-06
7.505127e-06
7.358712e-06
7.222734e-06
7.094157e-06
6.971089e-06
6.852237e-06
6.736679e-06
6.62373e-06
6.512874e-06
6.403698e-06
6.295911e-06
6.189213e-06
6.083505e-06
8.848211e-06
8.524886e-06
8.332054e-06
8.127552e-06
7.953079e-06
7.801196e-06
7.659744e-06
7.526771e-06
7.39909e-06
7.275063e-06
7.153781e-06
7.034645e-06
6.917289e-06
6.801468e-06
6.687009e-06
6.573772e-06
6.461656e-06
6.350548e-06
6.240404e-06
6.131066e-06
8.848211e-06
8.524886e-06
8.332054e-06
8.127552e-06
7.953079e-06
7.801196e-06
7.659744e-06
7.526771e-06
7.39909e-06
7.275063e-06
7.153781e-06
7.034645e-06
6.917289e-06
6.801468e-06
6.687009e-06
6.573772e-06
6.461656e-06
6.350548e-06
6.240404e-06
6.131066e-06
8.85167e-06
8.528276e-06
8.335178e-06
8.130311e-06
7.955417e-06
7.803094e-06
7.661208e-06
7.527831e-06
7.399789e-06
7.275451e-06
7.15391e-06
7.034565e-06
6.917046e-06
6.801103e-06
6.686556e-06
6.573261e-06
6.461109e-06
6.349984e-06
6.239837e-06
6.130505e-06
8.858693e-06
8.535159e-06
8.341491e-06
8.135869e-06
7.960103e-06
7.806873e-06
7.664103e-06
7.529905e-06
7.401135e-06
7.276174e-06
7.154117e-06
7.034359e-06
6.91652e-06
6.800339e-06
6.685622e-06
6.572214e-06
6.459996e-06
6.348841e-06
6.238691e-06
6.129375e-06
8.869513e-06
8.545756e-06
8.351158e-06
8.144325e-06
7.967169e-06
7.812513e-06
7.668368e-06
7.532911e-06
7.403033e-06
7.277133e-06
7.154306e-06
7.033938e-06
6.915632e-06
6.799107e-06
6.68415e-06
6.570586e-06
6.458279e-06
6.347087e-06
6.236941e-06
6.127657e-06
8.884487e-06
8.560389e-06
8.364385e-06
8.155775e-06
7.976611e-06
7.819934e-06
7.673871e-06
7.536684e-06
7.405309e-06
7.278157e-06
7.15432e-06
7.033161e-06
6.91426e-06
6.797304e-06
6.682054e-06
6.568306e-06
6.455902e-06
6.34468e-06
6.234554e-06
6.125326e-06
8.904211e-06
8.579625e-06
8.381576e-06
8.170449e-06
7.988496e-06
7.829074e-06
7.680465e-06
7.541026e-06
7.407743e-06
7.279027e-06
7.15395e-06
7.031843e-06
6.912242e-06
6.794795e-06
6.679222e-06
6.565285e-06
6.452796e-06
6.341567e-06
6.231493e-06
6.122356e-06
8.929416e-06
8.604052e-06
8.403018e-06
8.188383e-06
8.002662e-06
7.839645e-06
7.687793e-06
7.545561e-06
7.409968e-06
7.279404e-06
7.152901e-06
7.02973e-06
6.909371e-06
6.791412e-06
6.675524e-06
6.561425e-06
6.44889e-06
6.337701e-06
6.227728e-06
6.118734e-06
8.961527e-06
8.635028e-06
8.42964e-06
8.210083e-06
8.019248e-06
7.851527e-06
7.695574e-06
7.549926e-06
7.4116e-06
7.278924e-06
7.150846e-06
7.026549e-06
6.905424e-06
6.786986e-06
6.670836e-06
6.556642e-06
6.444133e-06
6.333059e-06
6.223258e-06
6.114483e-06
9.00184e-06
8.673171e-06
8.461293e-06
8.234939e-06
8.037393e-06
7.86378e-06
7.7029e-06
7.553307e-06
7.411949e-06
7.277026e-06
7.147351e-06
7.021979e-06
6.900181e-06
6.781377e-06
6.665088e-06
6.550919e-06
6.438548e-06
6.327695e-06
6.218157e-06
6.109695e-06
9.054543e-06
8.722408e-06
8.500685e-06
8.264442e-06
8.057641e-06
7.87635e-06
7.70939e-06
7.5552e-06
7.410516e-06
7.273291e-06
7.142109e-06
7.015825e-06
6.893552e-06
6.774582e-06
6.658341e-06
6.544366e-06
6.43228e-06
6.321776e-06
6.212607e-06
6.104561e-06
9.12091e-06
8.780402e-06
8.54398e-06
8.2946e-06
8.076409e-06
7.886319e-06
7.712837e-06
7.554049e-06
7.406299e-06
7.267157e-06
7.134889e-06
7.008099e-06
6.88571e-06
6.766877e-06
6.650932e-06
6.537349e-06
6.425704e-06
6.31567e-06
6.206959e-06
6.099412e-06
9.218241e-06
8.862494e-06
8.601849e-06
8.331219e-06
8.096378e-06
7.894696e-06
7.713491e-06
7.549911e-06
7.399426e-06
7.258907e-06
7.126121e-06
6.99933e-06
6.877235e-06
6.758856e-06
6.64344e-06
6.530415e-06
6.419325e-06
6.309838e-06
6.201633e-06
6.094612e-06
9.336312e-06
8.939169e-06
8.648705e-06
8.355511e-06
8.105005e-06
7.89398e-06
7.707462e-06
7.541283e-06
7.389825e-06
7.249251e-06
7.116867e-06
6.990679e-06
6.869256e-06
6.75155e-06
6.63678e-06
6.524362e-06
6.413834e-06
6.304874e-06
6.197145e-06
6.090591e-06
9.578844e-06
9.089306e-06
8.732853e-06
8.391712e-06
8.114877e-06
7.890949e-06
7.698889e-06
7.531118e-06
7.37973e-06
7.239873e-06
7.108371e-06
6.983048e-06
6.862414e-06
6.745415e-06
6.631274e-06
6.519422e-06
6.409401e-06
6.3009e-06
6.193581e-06
6.087397e-06
9.772177e-06
9.088343e-06
8.740381e-06
8.376896e-06
8.096061e-06
7.874485e-06
7.685146e-06
7.519957e-06
7.370545e-06
7.232175e-06
7.101778e-06
6.977309e-06
6.857367e-06
6.740948e-06
6.627311e-06
6.5159e-06
6.406272e-06
6.298116e-06
6.191108e-06
6.085173e-06
1.098035e-05
9.277708e-06
8.817553e-06
8.380655e-06
8.077959e-06
7.852852e-06
7.665752e-06
7.50401e-06
7.357545e-06
7.221552e-06
7.092999e-06
6.969983e-06
6.851202e-06
6.735725e-06
6.62286e-06
6.512087e-06
6.40299e-06
6.295277e-06
6.188647e-06
6.083002e-06
8.765952e-06
8.520112e-06
8.334303e-06
8.13756e-06
7.963486e-06
7.809179e-06
7.665549e-06
7.53078e-06
7.401826e-06
7.276937e-06
7.155085e-06
7.035573e-06
6.917967e-06
6.801977e-06
6.687399e-06
6.574077e-06
6.461898e-06
6.350742e-06
6.240561e-06
6.131184e-06
8.765952e-06
8.520112e-06
8.334303e-06
8.13756e-06
7.963486e-06
7.809179e-06
7.665549e-06
7.53078e-06
7.401826e-06
7.276937e-06
7.155085e-06
7.035573e-06
6.917967e-06
6.801977e-06
6.687399e-06
6.574077e-06
6.461898e-06
6.350742e-06
6.240561e-06
6.131184e-06
8.769421e-06
8.523517e-06
8.337442e-06
8.140335e-06
7.965839e-06
7.811087e-06
7.667021e-06
7.531846e-06
7.402528e-06
7.277327e-06
7.155215e-06
7.035494e-06
6.917725e-06
6.801613e-06
6.686947e-06
6.573566e-06
6.461352e-06
6.350178e-06
6.239994e-06
6.130624e-06
8.776464e-06
8.530427e-06
8.343786e-06
8.145926e-06
7.970554e-06
7.814889e-06
7.669932e-06
7.533932e-06
7.403883e-06
7.278056e-06
7.155426e-06
7.035291e-06
6.917201e-06
6.80085e-06
6.686015e-06
6.572522e-06
6.46024e-06
6.349035e-06
6.238849e-06
6.129495e-06
8.787317e-06
8.541067e-06
8.353503e-06
8.154433e-06
7.977666e-06
7.820565e-06
7.674224e-06
7.536956e-06
7.405794e-06
7.279025e-06
7.155623e-06
7.034875e-06
6.916318e-06
6.799622e-06
6.684546e-06
6.570896e-06
6.458525e-06
6.347283e-06
6.2371e-06
6.127776e-06
8.802336e-06
8.55576e-06
8.366803e-06
8.165956e-06
7.987174e-06
7.828035e-06
7.679763e-06
7.540754e-06
7.408088e-06
7.280062e-06
7.155646e-06
7.034106e-06
6.914951e-06
6.797823e-06
6.682453e-06
6.568618e-06
6.45615e-06
6.344877e-06
6.234714e-06
6.125445e-06
8.822118e-06
8.575077e-06
8.384092e-06
8.180725e-06
7.999144e-06
7.837239e-06
7.686403e-06
7.54513e-06
7.410546e-06
7.280949e-06
7.155289e-06
7.032798e-06
6.912941e-06
6.79532e-06
6.679625e-06
6.5656e-06
6.453046e-06
6.341765e-06
6.231653e-06
6.122472e-06
8.847396e-06
8.59961e-06
8.405662e-06
8.198781e-06
8.013418e-06
7.847889e-06
7.693788e-06
7.549705e-06
7.412799e-06
7.281348e-06
7.154255e-06
7.030697e-06
6.910078e-06
6.791943e-06
6.67593e-06
6.561741e-06
6.449138e-06
6.337896e-06
6.227884e-06
6.118845e-06
8.879582e-06
8.630708e-06
8.432435e-06
8.220621e-06
8.030126e-06
7.859857e-06
7.701628e-06
7.554112e-06
7.414462e-06
7.280889e-06
7.152215e-06
7.027524e-06
6.906135e-06
6.787516e-06
6.671239e-06
6.556952e-06
6.444372e-06
6.333243e-06
6.223401e-06
6.11458e-06
8.919967e-06
8.668993e-06
8.464262e-06
8.245626e-06
8.048394e-06
7.872188e-06
7.709004e-06
7.557525e-06
7.414829e-06
7.279e-06
7.148723e-06
7.022949e-06
6.900881e-06
6.781891e-06
6.66547e-06
6.551204e-06
6.438761e-06
6.327852e-06
6.218274e-06
6.109766e-06
8.972672e-06
8.718329e-06
8.503784e-06
8.275222e-06
8.068707e-06
7.884777e-06
7.715493e-06
7.559405e-06
7.413377e-06
7.275238e-06
7.143447e-06
7.016755e-06
6.894207e-06
6.775046e-06
6.658671e-06
6.544599e-06
6.432442e-06
6.321884e-06
6.212675e-06
6.10459e-06
9.03894e-06
8.776365e-06
8.547121e-06
8.30534e-06
8.087395e-06
7.894627e-06
7.718817e-06
7.558137e-06
7.409047e-06
7.268995e-06
7.136119e-06
7.008923e-06
6.886259e-06
6.76724e-06
6.651166e-06
6.537491e-06
6.425782e-06
6.315702e-06
6.20696e-06
6.099386e-06
9.135782e-06
8.858096e-06
8.604634e-06
8.341507e-06
8.106895e-06
7.902553e-06
7.719074e-06
7.55366e-06
7.40188e-06
7.260487e-06
7.127122e-06
6.999948e-06
6.877602e-06
6.759056e-06
6.643529e-06
6.530431e-06
6.419292e-06
6.309775e-06
6.201552e-06
6.094523e-06
9.253032e-06
8.933898e-06
8.65045e-06
8.364578e-06
8.114321e-06
7.900793e-06
7.712188e-06
7.544341e-06
7.391727e-06
7.250385e-06
7.117505e-06
6.991001e-06
6.869377e-06
6.751546e-06
6.6367e-06
6.524237e-06
6.413685e-06
6.304715e-06
6.196983e-06
6.09044e-06
9.493535e-06
9.081472e-06
8.732034e-06
8.39804e-06
8.121627e-06
7.895705e-06
7.702047e-06
7.533024e-06
7.380792e-06
7.240388e-06
7.108542e-06
6.983009e-06
6.862252e-06
6.745184e-06
6.631012e-06
6.519148e-06
6.409132e-06
6.300643e-06
6.193339e-06
6.087181e-06
9.685308e-06
9.076023e-06
8.734756e-06
8.37852e-06
8.098872e-06
7.876562e-06
7.686487e-06
7.520619e-06
7.370732e-06
7.232049e-06
7.101464e-06
6.976892e-06
6.856902e-06
6.740473e-06
6.626847e-06
6.51546e-06
6.405862e-06
6.29774e-06
6.190766e-06
6.084869e-06
1.089e-05
9.259146e-06
8.8055e-06
8.377577e-06
8.077001e-06
7.852303e-06
7.665139e-06
7.503192e-06
7.356574e-06
7.220489e-06
7.091906e-06
6.968905e-06
6.85017e-06
6.734759e-06
6.621968e-06
6.511272e-06
6.402252e-06
6.294612e-06
6.188049e-06
6.082469e-06
8.700383e-06
8.512501e-06
8.335272e-06
8.146302e-06
7.973322e-06
7.81707e-06
7.671438e-06
7.534917e-06
7.404676e-06
7.278901e-06
7.156454e-06
7.036549e-06
6.918681e-06
6.802512e-06
6.68781e-06
8.700383e-06
8.512501e-06
8.335272e-06
8.146302e-06
7.973322e-06
7.81707e-06
7.671438e-06
7.534917e-06
7.404676e-06
7.278901e-06
7.156454e-06
7.036549e-06
6.918681e-06
6.802512e-06
6.68781e-06
6.5744e-06
6.462155e-06
6.350947e-06
6.240728e-06
8.703861e-06
8.515918e-06
8.338424e-06
8.149092e-06
7.975689e-06
7.81899e-06
7.672918e-06
7.535989e-06
7.405383e-06
7.279294e-06
7.156587e-06
7.036472e-06
6.91844e-06
6.802149e-06
6.68736e-06
6.57389e-06
6.461609e-06
6.350384e-06
6.240162e-06
8.710922e-06
8.522851e-06
8.344796e-06
8.154713e-06
7.980432e-06
7.822814e-06
7.675846e-06
7.538088e-06
7.406747e-06
7.280029e-06
7.156802e-06
7.036272e-06
6.917919e-06
6.801388e-06
6.686429e-06
6.572846e-06
6.460499e-06
6.349242e-06
6.239017e-06
8.721803e-06
8.533529e-06
8.354558e-06
8.163266e-06
7.987587e-06
7.828524e-06
7.680164e-06
7.54113e-06
7.408671e-06
7.281006e-06
7.157005e-06
7.035861e-06
6.917039e-06
6.800163e-06
6.684962e-06
6.571222e-06
6.458785e-06
6.347491e-06
6.237269e-06
8.736862e-06
8.548274e-06
8.367922e-06
8.174855e-06
7.997156e-06
7.836042e-06
7.685739e-06
7.544955e-06
7.410983e-06
7.282057e-06
7.157038e-06
7.035099e-06
6.915678e-06
6.798369e-06
6.682873e-06
6.568947e-06
6.456412e-06
6.345086e-06
6.234884e-06
8.756695e-06
8.567659e-06
8.385296e-06
8.18971e-06
8.009206e-06
7.845308e-06
7.692425e-06
7.549364e-06
7.413464e-06
7.282961e-06
7.156694e-06
7.033801e-06
6.913675e-06
6.795871e-06
6.680049e-06
6.565932e-06
6.453309e-06
6.341974e-06
6.231822e-06
8.782034e-06
8.59228e-06
8.406977e-06
8.207876e-06
8.023579e-06
7.856034e-06
7.699864e-06
7.553978e-06
7.415746e-06
7.28338e-06
7.155676e-06
7.03171e-06
6.910819e-06
6.792499e-06
6.676356e-06
6.562073e-06
6.4494e-06
6.338102e-06
6.228048e-06
8.81428e-06
8.623474e-06
8.433875e-06
8.229836e-06
8.040396e-06
7.86808e-06
7.70776e-06
7.558424e-06
7.417435e-06
7.282941e-06
7.153648e-06
7.028546e-06
6.90688e-06
6.788071e-06
6.67166e-06
6.557276e-06
6.444624e-06
6.333437e-06
6.223552e-06
8.854717e-06
8.661872e-06
8.465846e-06
8.254968e-06
8.058773e-06
7.880482e-06
7.71518e-06
7.561864e-06
7.417819e-06
7.28106e-06
7.150157e-06
7.023965e-06
6.901615e-06
6.782429e-06
6.66587e-06
6.551504e-06
6.438986e-06
6.328018e-06
6.218396e-06
8.907388e-06
8.711249e-06
8.505446e-06
8.284621e-06
8.079127e-06
7.893076e-06
7.721657e-06
7.563725e-06
7.416343e-06
7.27727e-06
7.144847e-06
7.017732e-06
6.894896e-06
6.775536e-06
6.65902e-06
6.544846e-06
6.432614e-06
6.321998e-06
6.212749e-06
8.973535e-06
8.769291e-06
8.548793e-06
8.314683e-06
8.097723e-06
7.9028e-06
7.724853e-06
7.562338e-06
7.411903e-06
7.270921e-06
7.137416e-06
7.009796e-06
6.886846e-06
6.767629e-06
6.651417e-06
6.537646e-06
6.425868e-06
6.315738e-06
6.206962e-06
9.06981e-06
8.85055e-06
8.605855e-06
8.350355e-06
8.11673e-06
7.910262e-06
7.72471e-06
7.557523e-06
7.404448e-06
7.262162e-06
7.128195e-06
7.000621e-06
6.878007e-06
6.759282e-06
6.643635e-06
6.530456e-06
6.419264e-06
6.309712e-06
6.201468e-06
9.186339e-06
8.92563e-06
8.65073e-06
8.372303e-06
8.123016e-06
7.907491e-06
7.716989e-06
7.54753e-06
7.393752e-06
7.25162e-06
7.118217e-06
6.991374e-06
6.869532e-06
6.751563e-06
6.63663e-06
6.524115e-06
6.413534e-06
6.30455e-06
6.196815e-06
9.424652e-06
9.070646e-06
8.729788e-06
8.403172e-06
8.127871e-06
7.900412e-06
7.705315e-06
7.535074e-06
7.38198e-06
7.240999e-06
7.10878e-06
6.983013e-06
6.862115e-06
6.744967e-06
6.630753e-06
6.518873e-06
6.408855e-06
6.300376e-06
6.193087e-06
9.615559e-06
9.062032e-06
8.728461e-06
8.379595e-06
8.101547e-06
7.878735e-06
7.687994e-06
7.52144e-06
7.371044e-06
7.232013e-06
7.101208e-06
6.976509e-06
6.856456e-06
6.740004e-06
6.626381e-06
6.515013e-06
6.405443e-06
6.297353e-06
6.190411e-06
1.081628e-05
9.241003e-06
8.794153e-06
8.374877e-06
8.076542e-06
7.852239e-06
7.664941e-06
7.502691e-06
7.355833e-06
7.219588e-06
7.090923e-06
6.967902e-06
6.849187e-06
6.733822e-06
6.621092e-06
6.510465e-06
6.401515e-06
6.293944e-06
6.187445e-06
8.648398e-06
8.503638e-06
8.335299e-06
8.153695e-06
7.982278e-06
7.824567e-06
7.677176e-06
7.539021e-06
7.407534e-06
7.280882e-06
7.157841e-06
7.03754e-06
6.919406e-06
6.803057e-06
6.68823e-06
8.648398e-06
8.503638e-06
8.335299e-06
8.153695e-06
7.982278e-06
7.824567e-06
7.677176e-06
7.539021e-06
7.407534e-06
7.280882e-06
7.157841e-06
7.03754e-06
6.919406e-06
6.803057e-06
6.68823e-06
8.651884e-06
8.507064e-06
8.338462e-06
8.156498e-06
7.984657e-06
7.826497e-06
7.678664e-06
7.540099e-06
7.408245e-06
7.281278e-06
7.157976e-06
7.037464e-06
6.919166e-06
6.802695e-06
6.68778e-06
8.658961e-06
8.514018e-06
8.344859e-06
8.162145e-06
7.989425e-06
7.830341e-06
7.681608e-06
7.542209e-06
7.409616e-06
7.282019e-06
7.158195e-06
7.037267e-06
6.918647e-06
6.801936e-06
6.686851e-06
8.669866e-06
8.524726e-06
8.354658e-06
8.17074e-06
7.99662e-06
7.836083e-06
7.685949e-06
7.545269e-06
7.411553e-06
7.283005e-06
7.158405e-06
7.036861e-06
6.917771e-06
6.800714e-06
6.685386e-06
8.68496e-06
8.539516e-06
8.368078e-06
8.182386e-06
8.006243e-06
7.843646e-06
7.691558e-06
7.549118e-06
7.413883e-06
7.284069e-06
7.158447e-06
7.036106e-06
6.916415e-06
6.798924e-06
6.6833e-06
8.704835e-06
8.558957e-06
8.385523e-06
8.197316e-06
8.018363e-06
7.852968e-06
7.698286e-06
7.553558e-06
7.416386e-06
7.284989e-06
7.158115e-06
7.034816e-06
6.914419e-06
6.796431e-06
6.680479e-06
8.730225e-06
8.58365e-06
8.407298e-06
8.215576e-06
8.032826e-06
7.863763e-06
7.705777e-06
7.558209e-06
7.418694e-06
7.285427e-06
7.15711e-06
7.032736e-06
6.911571e-06
6.793062e-06
6.676789e-06
8.762515e-06
8.614917e-06
8.434297e-06
8.237634e-06
8.049735e-06
7.875878e-06
7.713722e-06
7.56269e-06
7.420408e-06
7.285004e-06
7.155094e-06
7.029578e-06
6.907634e-06
6.788634e-06
6.672088e-06
8.802987e-06
8.653401e-06
8.466386e-06
8.262875e-06
8.068207e-06
7.888342e-06
7.721181e-06
7.566154e-06
7.420806e-06
7.283131e-06
7.151604e-06
7.024993e-06
6.902359e-06
6.782977e-06
6.666279e-06
8.855595e-06
8.702774e-06
8.506017e-06
8.29255e-06
8.088578e-06
7.900928e-06
7.727639e-06
7.567993e-06
7.419305e-06
7.279314e-06
7.146264e-06
7.018725e-06
6.895599e-06
6.776039e-06
6.65938e-06
8.921614e-06
8.760806e-06
8.549357e-06
8.322552e-06
8.107084e-06
7.91053e-06
7.730712e-06
7.566494e-06
7.414763e-06
7.272869e-06
7.138738e-06
7.010694e-06
6.887454e-06
6.768037e-06
6.651685e-06
9.017267e-06
8.841518e-06
8.605899e-06
8.357709e-06
8.125597e-06
7.917537e-06
7.730183e-06
7.561358e-06
7.407039e-06
7.263878e-06
7.129311e-06
7.001331e-06
6.878444e-06
6.759533e-06
6.643762e-06
9.133211e-06
8.916077e-06
8.649967e-06
8.378673e-06
8.130852e-06
7.913831e-06
7.721682e-06
7.550733e-06
7.395832e-06
7.252917e-06
7.118986e-06
6.991794e-06
6.869724e-06
6.751607e-06
6.636581e-06
9.369201e-06
9.058592e-06
8.726585e-06
8.407165e-06
8.133449e-06
7.904895e-06
7.708566e-06
7.537192e-06
7.383255e-06
7.241691e-06
7.109085e-06
6.98307e-06
6.862018e-06
6.744778e-06
6.630515e-06
9.559926e-06
9.047993e-06
8.721945e-06
8.38023e-06
8.104017e-06
7.880913e-06
7.689599e-06
7.522385e-06
7.371469e-06
7.232069e-06
7.101023e-06
6.97618e-06
6.85605e-06
6.739565e-06
6.625938e-06
1.075636e-05
9.224281e-06
8.78364e-06
8.372547e-06
8.07647e-06
7.852562e-06
7.665101e-06
7.502486e-06
7.355326e-06
7.218867e-06
7.09008e-06
6.967005e-06
6.848286e-06
6.732949e-06
6.620267e-06
8.607577e-06
8.494684e-06
8.334709e-06
8.15975e-06
7.990132e-06
7.831394e-06
7.682525e-06
7.542912e-06
7.410272e-06
7.282793e-06
7.159185e-06
7.038502e-06
6.920111e-06
6.803588e-06
6.688639e-06
8.607577e-06
8.494684e-06
8.334709e-06
8.15975e-06
7.990132e-06
7.831394e-06
7.682525e-06
7.542912e-06
7.410272e-06
7.282793e-06
7.159185e-06
7.038502e-06
6.920111e-06
6.803588e-06
6.688639e-06
8.611068e-06
8.498118e-06
8.337882e-06
8.162564e-06
7.992521e-06
7.833333e-06
7.68402e-06
7.543995e-06
7.410987e-06
7.283192e-06
7.159321e-06
7.038427e-06
6.919873e-06
6.803227e-06
6.68819e-06
8.618159e-06
8.505089e-06
8.344299e-06
8.168234e-06
7.997311e-06
7.837195e-06
7.686978e-06
7.546116e-06
7.412366e-06
7.283938e-06
7.159545e-06
7.038233e-06
6.919356e-06
6.802469e-06
6.687262e-06
8.629085e-06
8.515823e-06
8.354131e-06
8.176862e-06
8.004539e-06
7.842965e-06
7.691341e-06
7.549192e-06
7.414315e-06
7.284933e-06
7.15976e-06
7.037832e-06
6.918483e-06
6.80125e-06
6.6858e-06
8.644208e-06
8.530649e-06
8.367597e-06
8.188558e-06
8.01421e-06
7.850567e-06
7.696981e-06
7.553064e-06
7.416661e-06
7.286008e-06
7.159811e-06
7.037083e-06
6.917132e-06
6.799464e-06
6.683716e-06
8.664117e-06
8.550134e-06
8.385101e-06
8.203548e-06
8.02639e-06
7.859937e-06
7.703746e-06
7.557531e-06
7.419184e-06
7.286943e-06
7.15949e-06
7.035801e-06
6.915142e-06
6.796975e-06
6.680899e-06
8.689549e-06
8.574886e-06
8.406955e-06
8.221888e-06
8.040928e-06
7.870792e-06
7.711281e-06
7.562215e-06
7.421515e-06
7.287398e-06
7.158497e-06
7.03373e-06
6.9123e-06
6.793611e-06
6.67721e-06
8.721869e-06
8.606204e-06
8.434031e-06
8.244024e-06
8.057913e-06
7.882966e-06
7.719268e-06
7.566725e-06
7.42325e-06
7.28699e-06
7.156492e-06
7.030579e-06
6.908366e-06
6.789182e-06
6.672506e-06
8.762363e-06
8.644754e-06
8.466217e-06
8.269353e-06
8.076464e-06
7.895483e-06
7.726761e-06
7.570212e-06
7.423662e-06
7.285124e-06
7.153003e-06
7.02599e-06
6.903083e-06
6.783512e-06
6.66668e-06
8.814885e-06
8.694087e-06
8.505841e-06
8.299024e-06
8.096836e-06
7.908054e-06
7.733197e-06
7.572027e-06
7.422139e-06
7.281285e-06
7.147639e-06
7.019694e-06
6.89629e-06
6.776535e-06
6.659738e-06
8.880783e-06
8.752114e-06
8.549171e-06
8.328971e-06
8.115261e-06
7.917546e-06
7.736159e-06
7.570428e-06
7.417508e-06
7.274757e-06
7.140032e-06
7.011581e-06
6.888061e-06
6.768449e-06
6.651959e-06
8.975779e-06
8.832232e-06
8.605146e-06
8.363613e-06
8.133302e-06
7.924125e-06
7.735272e-06
7.565002e-06
7.409543e-06
7.26556e-06
7.130421e-06
7.00205e-06
6.878895e-06
6.759802e-06
6.643904e-06
9.09131e-06
8.906515e-06
8.648572e-06
8.383764e-06
8.13767e-06
7.919593e-06
7.726074e-06
7.553807e-06
7.397872e-06
7.254217e-06
7.119777e-06
6.992242e-06
6.869945e-06
6.751679e-06
6.636556e-06
9.324842e-06
9.046601e-06
8.722855e-06
8.410132e-06
8.138256e-06
7.90899e-06
7.711659e-06
7.539278e-06
7.384553e-06
7.242428e-06
7.10944e-06
6.983174e-06
6.861963e-06
6.744628e-06
6.63031e-06
9.516111e-06
9.035078e-06
8.715576e-06
8.38055e-06
8.106226e-06
7.882992e-06
7.691213e-06
7.523391e-06
7.371971e-06
7.232202e-06
7.10091e-06
6.975914e-06
6.855698e-06
6.739173e-06
6.625535e-06
1.070794e-05
9.209732e-06
8.774041e-06
8.370584e-06
8.076665e-06
7.853149e-06
7.665528e-06
7.502523e-06
7.355028e-06
7.218324e-06
7.089386e-06
6.966234e-06
6.847492e-06
6.732167e-06
6.619519e-06
8.57605e-06
8.486473e-06
8.333798e-06
8.164534e-06
7.996741e-06
7.837325e-06
7.687267e-06
7.546415e-06
7.412762e-06
7.284541e-06
7.160418e-06
7.039387e-06
6.920762e-06
6.804079e-06
6.68902e-06
8.57605e-06
8.486473e-06
8.333798e-06
8.164534e-06
7.996741e-06
7.837325e-06
7.687267e-06
7.546415e-06
7.412762e-06
7.284541e-06
7.160418e-06
7.039387e-06
6.920762e-06
6.804079e-06
6.68902e-06
8.579547e-06
8.489914e-06
8.336978e-06
8.167357e-06
7.999139e-06
7.839271e-06
7.688769e-06
7.547502e-06
7.41348e-06
7.284943e-06
7.160556e-06
7.039314e-06
6.920524e-06
6.803718e-06
6.688571e-06
8.586649e-06
8.496898e-06
8.343412e-06
8.173044e-06
8.003947e-06
7.843149e-06
7.691738e-06
7.549632e-06
7.414865e-06
7.285693e-06
7.160783e-06
7.039122e-06
6.920009e-06
8.597592e-06
8.507653e-06
8.35327e-06
8.181701e-06
8.011202e-06
7.848943e-06
7.69612e-06
7.552722e-06
7.416824e-06
7.286695e-06
7.161004e-06
7.038725e-06
6.91914e-06
8.612738e-06
8.522507e-06
8.366774e-06
8.193437e-06
8.020913e-06
7.856577e-06
7.701785e-06
7.556613e-06
7.419184e-06
7.287781e-06
7.161062e-06
7.037982e-06
6.917793e-06
8.632675e-06
8.542027e-06
8.384326e-06
8.208476e-06
8.033142e-06
7.865989e-06
7.708581e-06
7.561104e-06
7.421724e-06
7.288728e-06
7.16075e-06
7.036707e-06
6.915808e-06
8.658139e-06
8.566824e-06
8.406244e-06
8.22688e-06
8.047743e-06
7.876895e-06
7.716155e-06
7.565816e-06
7.424076e-06
7.289198e-06
7.159769e-06
7.034644e-06
6.912971e-06
8.690477e-06
8.598175e-06
8.433377e-06
8.249075e-06
8.064787e-06
7.889114e-06
7.724176e-06
7.570352e-06
7.425829e-06
7.288804e-06
7.157773e-06
7.031499e-06
6.909041e-06
8.730984e-06
8.636776e-06
8.465642e-06
8.274475e-06
8.083405e-06
7.901678e-06
7.731699e-06
7.573857e-06
7.426253e-06
7.286945e-06
7.154288e-06
7.026909e-06
6.903752e-06
8.783405e-06
8.686042e-06
8.505231e-06
8.304119e-06
8.103763e-06
7.914227e-06
7.738111e-06
7.575652e-06
7.424712e-06
7.283088e-06
7.148904e-06
7.02059e-06
6.896932e-06
8.8492e-06
8.744083e-06
8.54856e-06
8.334026e-06
8.122125e-06
7.92363e-06
7.740981e-06
7.573971e-06
7.420008e-06
7.276493e-06
7.141232e-06
7.01241e-06
6.888633e-06
8.943521e-06
8.823585e-06
8.603941e-06
8.368169e-06
8.13973e-06
7.929824e-06
7.73978e-06
7.568293e-06
7.411838e-06
7.267122e-06
7.131465e-06
7.002735e-06
6.879333e-06
9.058848e-06
8.897873e-06
8.646909e-06
8.387698e-06
8.143382e-06
7.924599e-06
7.729988e-06
7.556608e-06
7.399766e-06
7.255446e-06
7.12054e-06
6.992687e-06
6.870177e-06
9.289755e-06
9.035594e-06
8.718966e-06
8.412218e-06
8.142239e-06
7.912558e-06
7.714453e-06
7.54122e-06
7.385797e-06
7.243159e-06
7.109814e-06
6.983311e-06
6.861947e-06
9.48239e-06
9.024114e-06
8.709635e-06
8.380678e-06
8.108143e-06
7.884875e-06
7.692739e-06
7.524383e-06
7.3725e-06
7.232385e-06
7.100856e-06
6.97571e-06
6.855406e-06
1.066916e-05
9.197935e-06
8.765388e-06
8.368993e-06
8.077024e-06
7.85387e-06
7.666114e-06
7.502729e-06
7.354896e-06
7.217941e-06
7.088841e-06
6.965599e-06
6.846821e-06
6.040199e-06
5.968302e-06
5.89669e-06
5.825358e-06
5.754292e-06
5.683478e-06
6.040199e-06
5.968302e-06
5.89669e-06
5.825358e-06
5.754292e-06
5.683478e-06
6.039652e-06
5.967767e-06
5.89617e-06
5.824854e-06
5.753805e-06
5.683008e-06
6.038548e-06
5.966689e-06
5.895122e-06
5.823839e-06
5.752826e-06
5.682066e-06
6.036868e-06
5.965053e-06
5.893534e-06
5.822303e-06
5.751345e-06
5.680642e-06
6.034588e-06
5.962836e-06
5.891388e-06
5.820232e-06
5.749352e-06
5.67873e-06
6.031682e-06
5.96002e-06
5.888669e-06
5.817616e-06
5.746841e-06
5.676326e-06
6.02814e-06
5.956601e-06
5.885381e-06
5.814464e-06
5.743826e-06
5.673449e-06
6.023993e-06
5.952615e-06
5.881567e-06
5.810821e-06
5.740356e-06
5.67015e-06
6.01935e-06
5.948176e-06
5.87734e-06
5.806806e-06
5.736549e-06
5.666545e-06
6.014427e-06
5.943493e-06
5.872905e-06
5.802613e-06
5.732592e-06
5.662817e-06
6.009568e-06
5.938892e-06
5.868572e-06
5.798536e-06
5.728762e-06
5.659224e-06
6.00514e-06
5.934722e-06
5.864661e-06
5.794873e-06
5.725335e-06
6.00154e-06
5.931348e-06
5.861508e-06
5.791928e-06
5.722589e-06
5.998894e-06
5.928886e-06
5.859214e-06
5.789793e-06
5.720602e-06
5.997396e-06
5.92751e-06
5.857936e-06
5.788606e-06
5.719502e-06
5.996814e-06
5.926995e-06
5.857465e-06
5.788176e-06
5.719108e-06
6.040238e-06
5.968331e-06
5.896709e-06
5.82537e-06
5.754298e-06
5.68348e-06
6.040238e-06
5.968331e-06
5.896709e-06
5.82537e-06
5.754298e-06
5.68348e-06
6.03969e-06
5.967795e-06
5.896189e-06
5.824866e-06
5.753811e-06
5.68301e-06
6.038586e-06
5.966717e-06
5.895141e-06
5.823851e-06
5.752832e-06
5.682068e-06
6.036906e-06
5.96508e-06
5.893553e-06
5.822316e-06
5.751352e-06
5.680646e-06
6.03463e-06
5.962867e-06
5.891411e-06
5.820249e-06
5.749364e-06
5.678738e-06
6.031734e-06
5.960061e-06
5.888702e-06
5.817643e-06
5.746864e-06
5.676345e-06
6.028213e-06
5.956664e-06
5.885436e-06
5.814511e-06
5.743869e-06
5.673487e-06
6.024102e-06
5.952714e-06
5.881656e-06
5.810903e-06
5.740431e-06
5.670219e-06
6.019514e-06
5.948327e-06
5.87748e-06
5.806935e-06
5.736669e-06
5.666658e-06
6.014659e-06
5.943707e-06
5.873105e-06
5.8028e-06
5.732766e-06
5.66298e-06
6.009868e-06
5.939172e-06
5.868833e-06
5.79878e-06
5.728989e-06
5.659437e-06
6.005496e-06
5.935053e-06
5.86497e-06
5.79516e-06
5.725602e-06
6.001921e-06
5.931703e-06
5.861839e-06
5.792236e-06
5.722875e-06
5.999262e-06
5.929229e-06
5.859534e-06
5.79009e-06
5.720877e-06
5.997706e-06
5.927798e-06
5.858203e-06
5.788854e-06
5.719731e-06
5.997008e-06
5.927175e-06
5.857632e-06
5.788332e-06
5.719252e-06
6.040283e-06
5.968366e-06
5.896734e-06
5.825387e-06
5.75431e-06
5.683486e-06
6.040283e-06
5.968366e-06
5.896734e-06
5.825387e-06
5.75431e-06
5.683486e-06
6.039735e-06
5.96783e-06
5.896213e-06
5.824883e-06
5.753822e-06
5.683017e-06
6.038629e-06
5.966751e-06
5.895165e-06
5.823868e-06
5.752843e-06
5.682074e-06
6.036951e-06
5.965116e-06
5.893578e-06
5.822334e-06
5.751365e-06
5.680654e-06
6.034678e-06
5.962907e-06
5.89144e-06
5.820272e-06
5.749381e-06
5.678751e-06
6.031792e-06
5.960111e-06
5.888742e-06
5.817676e-06
5.746891e-06
5.676368e-06
6.028291e-06
5.956733e-06
5.885495e-06
5.814563e-06
5.743915e-06
5.673528e-06
6.024214e-06
5.952815e-06
5.881746e-06
5.810985e-06
5.740506e-06
5.670289e-06
6.019674e-06
5.948473e-06
5.877614e-06
5.807059e-06
5.736783e-06
5.666765e-06
6.014876e-06
5.943907e-06
5.873291e-06
5.802972e-06
5.732926e-06
5.66313e-06
6.010143e-06
5.939424e-06
5.86907e-06
5.799e-06
5.729194e-06
5.659628e-06
6.005813e-06
5.935343e-06
5.865244e-06
5.795416e-06
5.72584e-06
6.002256e-06
5.93201e-06
5.86213e-06
5.792507e-06
5.723126e-06
5.999579e-06
5.92952e-06
5.859809e-06
5.790345e-06
5.721114e-06
5.997961e-06
5.928033e-06
5.858425e-06
5.78906e-06
5.719922e-06
5.997119e-06
5.927279e-06
5.85773e-06
5.788424e-06
5.719339e-06
6.04033e-06
5.968406e-06
5.896764e-06
5.82541e-06
5.754327e-06
5.683498e-06
6.04033e-06
5.968406e-06
5.896764e-06
5.82541e-06
5.754327e-06
5.683498e-06
6.039781e-06
5.96787e-06
5.896243e-06
5.824905e-06
5.753839e-06
5.683029e-06
6.038676e-06
5.966791e-06
5.895195e-06
5.823891e-06
5.752861e-06
5.682087e-06
6.036999e-06
5.965157e-06
5.89361e-06
5.822359e-06
5.751384e-06
5.680669e-06
6.034729e-06
5.962952e-06
5.891476e-06
5.8203e-06
5.749404e-06
5.678769e-06
6.031851e-06
5.960164e-06
5.888785e-06
5.817712e-06
5.746922e-06
5.676394e-06
6.028364e-06
5.956799e-06
5.885551e-06
5.814612e-06
5.743958e-06
5.673566e-06
6.024308e-06
5.952901e-06
5.881822e-06
5.811053e-06
5.740568e-06
5.670344e-06
6.019796e-06
5.948585e-06
5.877715e-06
5.807151e-06
5.736868e-06
5.666842e-06
6.015029e-06
5.944046e-06
5.87342e-06
5.803091e-06
5.733036e-06
5.663232e-06
6.010325e-06
5.939588e-06
5.869224e-06
5.799144e-06
5.729328e-06
5.659752e-06
6.006013e-06
5.935522e-06
5.865416e-06
5.795575e-06
5.725988e-06
6.00246e-06
5.932192e-06
5.862305e-06
5.792671e-06
5.723279e-06
5.999758e-06
5.929681e-06
5.859964e-06
5.79049e-06
5.72125e-06
5.998085e-06
5.928146e-06
5.858533e-06
5.789161e-06
5.720017e-06
5.997093e-06
5.927255e-06
5.857712e-06
5.788409e-06
5.719326e-06
6.040383e-06
5.968454e-06
5.896801e-06
5.82544e-06
5.754351e-06
5.683517e-06
6.040383e-06
5.968454e-06
5.896801e-06
5.82544e-06
5.754351e-06
5.683517e-06
6.039834e-06
5.967918e-06
5.896281e-06
5.824935e-06
5.753863e-06
5.683048e-06
6.03873e-06
5.96684e-06
5.895233e-06
5.823921e-06
5.752885e-06
5.682107e-06
6.037054e-06
5.965208e-06
5.893649e-06
5.822391e-06
5.75141e-06
5.68069e-06
6.034787e-06
5.963005e-06
5.891518e-06
5.820335e-06
5.749433e-06
5.678794e-06
6.031914e-06
5.960223e-06
5.888833e-06
5.817752e-06
5.746956e-06
5.676423e-06
6.028436e-06
5.956867e-06
5.885608e-06
5.81466e-06
5.744e-06
5.673603e-06
6.024392e-06
5.95298e-06
5.881889e-06
5.811111e-06
5.74062e-06
5.67039e-06
6.019893e-06
5.948674e-06
5.877794e-06
5.807221e-06
5.736931e-06
5.666899e-06
6.015137e-06
5.944142e-06
5.873508e-06
5.803171e-06
5.733109e-06
5.663298e-06
6.010438e-06
5.939686e-06
5.869318e-06
5.79923e-06
5.729406e-06
5.659824e-06
6.006124e-06
5.935615e-06
5.865508e-06
5.795662e-06
5.726068e-06
6.002562e-06
5.932275e-06
5.86239e-06
5.792752e-06
5.723354e-06
5.99983e-06
5.929739e-06
5.860025e-06
5.790549e-06
5.721305e-06
5.998102e-06
5.928156e-06
5.858548e-06
5.789177e-06
5.720032e-06
5.996947e-06
5.927121e-06
5.857591e-06
5.788299e-06
5.719226e-06
6.040445e-06
5.968513e-06
5.896848e-06
5.825478e-06
5.754383e-06
5.683544e-06
6.040445e-06
5.968513e-06
5.896848e-06
5.825478e-06
5.754383e-06
5.683544e-06
6.039897e-06
5.967978e-06
5.896328e-06
5.824974e-06
5.753896e-06
5.683075e-06
6.038793e-06
5.9669e-06
5.895281e-06
5.823961e-06
5.752918e-06
5.682135e-06
6.037118e-06
5.965269e-06
5.893699e-06
5.822431e-06
5.751445e-06
5.680719e-06
6.034854e-06
5.96307e-06
5.89157e-06
5.820378e-06
5.74947e-06
5.678824e-06
6.031985e-06
5.960291e-06
5.888889e-06
5.817798e-06
5.746996e-06
5.676457e-06
6.028512e-06
5.95694e-06
5.885667e-06
5.81471e-06
5.744043e-06
5.67364e-06
6.024471e-06
5.953056e-06
5.881952e-06
5.811165e-06
5.740666e-06
5.67043e-06
6.019973e-06
5.948749e-06
5.877857e-06
5.807275e-06
5.736978e-06
5.66694e-06
6.015211e-06
5.944209e-06
5.873566e-06
5.803221e-06
5.733152e-06
5.663336e-06
6.0105e-06
5.939736e-06
5.869365e-06
5.799272e-06
5.729443e-06
5.659857e-06
6.006167e-06
5.935643e-06
5.865539e-06
5.795691e-06
5.726094e-06
6.002583e-06
5.932281e-06
5.862405e-06
5.792767e-06
5.723368e-06
5.999815e-06
5.929714e-06
5.860011e-06
5.790538e-06
5.721296e-06
5.998029e-06
5.928083e-06
5.858486e-06
5.789121e-06
5.719982e-06
5.996698e-06
5.92689e-06
5.85738e-06
5.788106e-06
5.71905e-06
6.040519e-06
5.968584e-06
5.896906e-06
5.825526e-06
5.754424e-06
5.683578e-06
6.040519e-06
5.968584e-06
5.896906e-06
5.825526e-06
5.754424e-06
5.683578e-06
6.039971e-06
5.968049e-06
5.896386e-06
5.825022e-06
5.753937e-06
5.68311e-06
6.038868e-06
5.966973e-06
5.89534e-06
5.82401e-06
5.75296e-06
5.68217e-06
6.037194e-06
5.965344e-06
5.893759e-06
5.822481e-06
5.751487e-06
5.680755e-06
6.034932e-06
5.963147e-06
5.891632e-06
5.820429e-06
5.749514e-06
5.678862e-06
6.032065e-06
5.96037e-06
5.888952e-06
5.817852e-06
5.747041e-06
5.676496e-06
6.028593e-06
5.95702e-06
5.885731e-06
5.814764e-06
5.744089e-06
5.673679e-06
6.02455e-06
5.953133e-06
5.882014e-06
5.811215e-06
5.740709e-06
5.670466e-06
6.020042e-06
5.948815e-06
5.877909e-06
5.807317e-06
5.737013e-06
5.666969e-06
6.015262e-06
5.944253e-06
5.873601e-06
5.803248e-06
5.733174e-06
5.663353e-06
6.010522e-06
5.939748e-06
5.869375e-06
5.799278e-06
5.729446e-06
5.659858e-06
6.006154e-06
5.935618e-06
5.86552e-06
5.795674e-06
5.726076e-06
6.002538e-06
5.932225e-06
5.862361e-06
5.792727e-06
5.723331e-06
5.999729e-06
5.929622e-06
5.859934e-06
5.790468e-06
5.721232e-06
5.99788e-06
5.927938e-06
5.858357e-06
5.789003e-06
5.719874e-06
5.996361e-06
5.926576e-06
5.857093e-06
5.787841e-06
5.718806e-06
6.040606e-06
5.968669e-06
5.896975e-06
5.825584e-06
5.754474e-06
5.683621e-06
6.040606e-06
5.968669e-06
5.896975e-06
5.825584e-06
5.754474e-06
5.683621e-06
6.040058e-06
5.968135e-06
5.896455e-06
5.82508e-06
5.753987e-06
5.683153e-06
6.038955e-06
5.967059e-06
5.89541e-06
5.824069e-06
5.753011e-06
5.682213e-06
6.037283e-06
5.965431e-06
5.89383e-06
5.822541e-06
5.751539e-06
5.680799e-06
6.035022e-06
5.963236e-06
5.891704e-06
5.82049e-06
5.749566e-06
5.678907e-06
6.032155e-06
5.960461e-06
5.889025e-06
5.817912e-06
5.747093e-06
5.67654e-06
6.028681e-06
5.957109e-06
5.885802e-06
5.814822e-06
5.744138e-06
5.67372e-06
6.024631e-06
5.953215e-06
5.882077e-06
5.811266e-06
5.740751e-06
5.670501e-06
6.020106e-06
5.948878e-06
5.877955e-06
5.807353e-06
5.737041e-06
5.66699e-06
6.015295e-06
5.944283e-06
5.873619e-06
5.803259e-06
5.733179e-06
5.663353e-06
6.010515e-06
5.939734e-06
5.869357e-06
5.799258e-06
5.729423e-06
5.659833e-06
6.006101e-06
5.935555e-06
5.865464e-06
5.79562e-06
5.726024e-06
6.002442e-06
5.932121e-06
5.862271e-06
5.792645e-06
5.723253e-06
5.999585e-06
5.929476e-06
5.859806e-06
5.790352e-06
5.721124e-06
5.997669e-06
5.927736e-06
5.858175e-06
5.788836e-06
5.719719e-06
5.995953e-06
5.926196e-06
5.856743e-06
5.787518e-06
5.718508e-06
6.040705e-06
5.968767e-06
5.897055e-06
5.825652e-06
5.754532e-06
5.683672e-06
6.040705e-06
5.968767e-06
5.897055e-06
5.825652e-06
5.754532e-06
5.683672e-06
6.040157e-06
5.968233e-06
5.896536e-06
5.825148e-06
5.754046e-06
5.683203e-06
6.039055e-06
5.967158e-06
5.895491e-06
5.824137e-06
5.75307e-06
5.682265e-06
6.037384e-06
5.965532e-06
5.893912e-06
5.82261e-06
5.751599e-06
5.680851e-06
6.035123e-06
5.963338e-06
5.891787e-06
5.820559e-06
5.749626e-06
5.678958e-06
6.032256e-06
5.960564e-06
5.889107e-06
5.81798e-06
5.747152e-06
5.67659e-06
6.028778e-06
5.957208e-06
5.88588e-06
5.814885e-06
5.744192e-06
5.673765e-06
6.024716e-06
5.953302e-06
5.882143e-06
5.811318e-06
5.740793e-06
5.670535e-06
6.020169e-06
5.948942e-06
5.878e-06
5.807384e-06
5.737064e-06
5.667006e-06
6.01532e-06
5.944307e-06
5.873629e-06
5.80326e-06
5.733173e-06
5.663342e-06
6.010489e-06
5.939704e-06
5.869322e-06
5.799219e-06
5.729382e-06
5.65979e-06
6.006019e-06
5.935466e-06
5.865381e-06
5.79554e-06
5.725946e-06
6.00231e-06
5.931982e-06
5.862147e-06
5.79253e-06
5.723145e-06
5.999401e-06
5.929291e-06
5.859641e-06
5.7902e-06
5.720982e-06
5.997414e-06
5.927491e-06
5.857952e-06
5.78863e-06
5.719529e-06
5.995493e-06
5.925767e-06
5.856347e-06
5.787152e-06
5.718169e-06
6.040815e-06
5.968876e-06
5.897145e-06
5.825728e-06
5.754598e-06
5.683729e-06
6.040815e-06
5.968876e-06
5.897145e-06
5.825728e-06
5.754598e-06
5.683729e-06
6.040268e-06
5.968342e-06
5.896626e-06
5.825225e-06
5.754112e-06
5.683261e-06
6.039166e-06
5.967269e-06
5.895582e-06
5.824214e-06
5.753137e-06
5.682323e-06
6.037495e-06
5.965643e-06
5.894004e-06
5.822687e-06
5.751666e-06
5.680909e-06
6.035235e-06
5.963451e-06
5.891879e-06
5.820636e-06
5.749693e-06
5.679015e-06
6.032367e-06
5.960676e-06
5.889198e-06
5.818055e-06
5.747216e-06
5.676644e-06
6.028883e-06
5.957316e-06
5.885965e-06
5.814954e-06
5.74425e-06
5.673813e-06
6.024807e-06
5.953397e-06
5.882214e-06
5.811373e-06
5.740838e-06
5.67057e-06
6.020233e-06
5.94901e-06
5.878045e-06
5.807416e-06
5.737086e-06
5.66702e-06
6.015342e-06
5.94433e-06
5.873634e-06
5.803255e-06
5.733162e-06
5.663325e-06
6.010455e-06
5.939666e-06
5.869277e-06
5.79917e-06
5.72933e-06
5.659737e-06
6.005922e-06
5.935363e-06
5.865282e-06
5.795445e-06
5.725853e-06
6.002156e-06
5.931824e-06
5.862002e-06
5.792395e-06
5.723017e-06
5.99919e-06
5.929082e-06
5.859452e-06
5.790025e-06
5.720819e-06
5.99713e-06
5.92722e-06
5.857703e-06
5.7884e-06
5.719315e-06
5.995005e-06
5.925311e-06
5.855924e-06
5.78676e-06
5.717806e-06
)
;

boundaryField
{
    inlet
    {
        type            zeroGradient;
    }
    outlet
    {
        type            fixedValue;
        value           nonuniform List<scalar> 0();
    }
    chip_bases
    {
        type            zeroGradient;
    }
    walls
    {
        type            zeroGradient;
    }
    procBoundary12to9
    {
        type            processor;
        value           nonuniform List<scalar> 
28
(
5.683009e-06
5.612903e-06
5.612903e-06
5.68301e-06
5.612902e-06
5.612902e-06
5.683017e-06
5.612904e-06
5.612904e-06
5.683029e-06
5.612912e-06
5.612912e-06
5.683048e-06
5.612927e-06
5.612927e-06
5.683075e-06
5.612949e-06
5.612949e-06
5.68311e-06
5.612979e-06
5.612979e-06
5.683153e-06
5.613015e-06
5.613015e-06
5.613059e-06
5.613059e-06
5.613109e-06
5.613109e-06
)
;
    }
    procBoundary12to10
    {
        type            processor;
        value           nonuniform List<scalar> 
160
(
5.612452e-06
5.611547e-06
5.610182e-06
5.608351e-06
5.606055e-06
5.603314e-06
5.600183e-06
5.596776e-06
5.593268e-06
5.5899e-06
5.656021e-06
5.656021e-06
5.653463e-06
5.651616e-06
5.650596e-06
5.650235e-06
5.612451e-06
5.611546e-06
5.610182e-06
5.608356e-06
5.60607e-06
5.603349e-06
5.600248e-06
5.596882e-06
5.59342e-06
5.590099e-06
5.656271e-06
5.656271e-06
5.653728e-06
5.651872e-06
5.650808e-06
5.650369e-06
5.612453e-06
5.611549e-06
5.610187e-06
5.608366e-06
5.60609e-06
5.603386e-06
5.600312e-06
5.596981e-06
5.59356e-06
5.590278e-06
5.656492e-06
5.656492e-06
5.653962e-06
5.652092e-06
5.650985e-06
5.65045e-06
5.612462e-06
5.611558e-06
5.610198e-06
5.608381e-06
5.606112e-06
5.60342e-06
5.600363e-06
5.597053e-06
5.593655e-06
5.590393e-06
5.656631e-06
5.656631e-06
5.654105e-06
5.652218e-06
5.651074e-06
5.650439e-06
5.612477e-06
5.611574e-06
5.610215e-06
5.608401e-06
5.606137e-06
5.603452e-06
5.600404e-06
5.597105e-06
5.593716e-06
5.59046e-06
5.656705e-06
5.656705e-06
5.654175e-06
5.652271e-06
5.65109e-06
5.650348e-06
5.612499e-06
5.611597e-06
5.610239e-06
5.608427e-06
5.606166e-06
5.603484e-06
5.600439e-06
5.597141e-06
5.59375e-06
5.59049e-06
5.656729e-06
5.656729e-06
5.654189e-06
5.652263e-06
5.651044e-06
5.650186e-06
5.612529e-06
5.611627e-06
5.61027e-06
5.608459e-06
5.606199e-06
5.603517e-06
5.600469e-06
5.597165e-06
5.593762e-06
5.590488e-06
5.656711e-06
5.656711e-06
5.654155e-06
5.652204e-06
5.650945e-06
5.649962e-06
5.612565e-06
5.611664e-06
5.610308e-06
5.608497e-06
5.606237e-06
5.603552e-06
5.600497e-06
5.59718e-06
5.593759e-06
5.590462e-06
5.65666e-06
5.65666e-06
5.654082e-06
5.652105e-06
5.650802e-06
5.649686e-06
5.612609e-06
5.611708e-06
5.610353e-06
5.608541e-06
5.606279e-06
5.603589e-06
5.600524e-06
5.59719e-06
5.593744e-06
5.590419e-06
5.656585e-06
5.656585e-06
5.653981e-06
5.651974e-06
5.650626e-06
5.649373e-06
5.612659e-06
5.611758e-06
5.610403e-06
5.608591e-06
5.606326e-06
5.60363e-06
5.600552e-06
5.597197e-06
5.593723e-06
5.590365e-06
5.656495e-06
5.656495e-06
5.653861e-06
5.651822e-06
5.650428e-06
5.649036e-06
)
;
    }
    procBoundary12to13
    {
        type            processor;
        value           nonuniform List<scalar> 
436
(
6.131312e-06
6.130752e-06
6.129622e-06
6.127904e-06
6.125572e-06
6.122597e-06
6.118962e-06
6.114681e-06
6.10984e-06
6.104621e-06
6.099357e-06
6.094427e-06
6.09028e-06
6.086952e-06
6.084551e-06
6.081928e-06
6.574729e-06
6.462418e-06
6.351158e-06
6.131312e-06
6.2409e-06
6.57422e-06
6.461873e-06
6.350595e-06
6.130752e-06
6.240334e-06
6.573177e-06
6.460763e-06
6.349454e-06
6.129622e-06
6.23919e-06
6.571555e-06
6.459051e-06
6.347704e-06
6.127904e-06
6.237443e-06
6.569283e-06
6.45668e-06
6.345301e-06
6.125572e-06
6.235058e-06
6.56627e-06
6.453578e-06
6.342188e-06
6.122597e-06
6.231995e-06
6.56241e-06
6.449666e-06
6.338312e-06
6.118962e-06
6.228216e-06
6.557606e-06
6.44488e-06
6.333635e-06
6.114681e-06
6.223707e-06
6.551811e-06
6.439218e-06
6.328189e-06
6.10984e-06
6.218523e-06
6.545102e-06
6.432794e-06
6.32212e-06
6.104621e-06
6.212827e-06
6.537814e-06
6.425964e-06
6.315783e-06
6.099357e-06
6.20697e-06
6.530497e-06
6.419248e-06
6.309659e-06
6.094427e-06
6.201391e-06
6.524008e-06
6.413394e-06
6.304393e-06
6.09028e-06
6.196652e-06
6.518613e-06
6.40859e-06
6.300117e-06
6.086952e-06
6.19284e-06
6.514583e-06
6.405035e-06
6.296975e-06
6.084551e-06
6.190063e-06
6.509697e-06
6.400809e-06
6.2933e-06
6.081928e-06
6.186862e-06
6.574729e-06
6.57422e-06
6.573177e-06
6.571555e-06
6.569283e-06
6.56627e-06
6.56241e-06
6.557606e-06
6.551811e-06
6.545102e-06
6.537814e-06
6.530497e-06
6.524008e-06
6.518613e-06
6.514583e-06
6.509697e-06
6.575052e-06
6.574543e-06
6.802963e-06
6.573502e-06
6.687644e-06
6.801745e-06
6.571881e-06
6.686184e-06
6.799963e-06
6.569611e-06
6.684102e-06
6.797478e-06
6.5666e-06
6.681288e-06
6.794117e-06
6.56274e-06
6.6776e-06
6.789688e-06
6.557929e-06
6.672894e-06
6.784009e-06
6.552114e-06
6.667054e-06
6.777e-06
6.54536e-06
6.660077e-06
6.768842e-06
6.53799e-06
6.652225e-06
6.76007e-06
6.530554e-06
6.644055e-06
6.751769e-06
6.523923e-06
6.636554e-06
6.744517e-06
6.518381e-06
6.630144e-06
6.738838e-06
6.514187e-06
6.625185e-06
6.731496e-06
6.508996e-06
6.618871e-06
6.575352e-06
6.802963e-06
6.574844e-06
6.687644e-06
7.039885e-06
6.802963e-06
6.920572e-06
8.573969e-06
8.500803e-06
8.352323e-06
8.185353e-06
8.016535e-06
7.853845e-06
7.7001e-06
7.555699e-06
7.418956e-06
7.2882e-06
7.162069e-06
7.039491e-06
6.801745e-06
6.919705e-06
8.589133e-06
8.515679e-06
8.365857e-06
8.19712e-06
8.026277e-06
7.861506e-06
7.705786e-06
7.559605e-06
7.421327e-06
7.289293e-06
7.162133e-06
7.038753e-06
6.799963e-06
6.918362e-06
8.60909e-06
8.535223e-06
8.383446e-06
8.212197e-06
8.038543e-06
7.870949e-06
7.712608e-06
7.564115e-06
7.423881e-06
7.290251e-06
7.161829e-06
7.037484e-06
6.797478e-06
6.916381e-06
8.634579e-06
8.560054e-06
8.405415e-06
8.230652e-06
8.053195e-06
7.881897e-06
7.720213e-06
7.56885e-06
7.42625e-06
7.290733e-06
7.160857e-06
7.035427e-06
6.794117e-06
6.913549e-06
8.666924e-06
8.591423e-06
8.432588e-06
8.252886e-06
8.070282e-06
7.894152e-06
7.728261e-06
7.573406e-06
7.428019e-06
7.290351e-06
7.158869e-06
7.032288e-06
6.789688e-06
6.909622e-06
8.707439e-06
8.630064e-06
8.464919e-06
8.278344e-06
8.088956e-06
7.906756e-06
7.735809e-06
7.576929e-06
7.428454e-06
7.2885e-06
7.155388e-06
7.0277e-06
6.784009e-06
6.904331e-06
8.759751e-06
8.679246e-06
8.504453e-06
8.307943e-06
8.109289e-06
7.919281e-06
7.742199e-06
7.578707e-06
7.426899e-06
7.284631e-06
7.149993e-06
7.021365e-06
6.777e-06
6.897491e-06
8.825473e-06
8.737333e-06
8.547801e-06
8.337832e-06
8.127614e-06
7.928619e-06
7.745001e-06
7.576964e-06
7.422141e-06
7.277987e-06
7.142271e-06
7.013133e-06
6.768842e-06
6.889137e-06
8.919115e-06
8.816215e-06
8.602577e-06
8.371501e-06
8.144833e-06
7.934483e-06
7.743536e-06
7.571081e-06
7.413808e-06
7.268477e-06
7.132381e-06
7.003344e-06
6.76007e-06
6.879729e-06
9.034478e-06
8.890825e-06
8.645289e-06
8.390615e-06
8.147958e-06
7.928716e-06
7.733273e-06
7.559002e-06
7.401409e-06
7.256527e-06
7.121222e-06
6.993094e-06
6.751769e-06
6.870396e-06
9.262526e-06
9.026215e-06
8.715219e-06
8.413571e-06
8.145386e-06
7.915496e-06
7.716826e-06
7.542912e-06
7.386904e-06
7.243827e-06
7.110172e-06
6.983459e-06
6.744517e-06
6.861957e-06
9.457519e-06
9.015688e-06
8.704323e-06
8.380734e-06
8.109755e-06
7.88648e-06
7.694084e-06
7.525283e-06
7.373001e-06
7.23258e-06
7.100839e-06
6.975558e-06
6.738838e-06
6.855175e-06
1.063847e-05
9.189374e-06
8.757663e-06
8.367789e-06
8.07746e-06
7.854603e-06
7.666751e-06
7.503022e-06
7.354879e-06
7.217687e-06
7.088431e-06
6.965101e-06
6.731496e-06
6.846282e-06
6.040933e-06
5.968993e-06
5.897243e-06
5.82581e-06
5.754671e-06
5.683792e-06
6.040386e-06
5.96846e-06
5.896724e-06
5.825307e-06
5.754185e-06
5.683324e-06
6.039285e-06
5.967387e-06
5.89568e-06
5.824297e-06
5.75321e-06
5.682386e-06
6.037615e-06
5.965763e-06
5.894103e-06
5.822771e-06
5.751739e-06
5.680972e-06
6.035355e-06
5.963572e-06
5.891978e-06
5.820719e-06
5.749765e-06
5.679078e-06
6.032485e-06
5.960796e-06
5.889295e-06
5.818136e-06
5.747285e-06
5.676703e-06
6.028995e-06
5.957432e-06
5.886055e-06
5.815027e-06
5.744312e-06
5.673865e-06
6.024904e-06
5.953499e-06
5.882289e-06
5.811432e-06
5.740886e-06
5.670608e-06
6.020302e-06
5.949083e-06
5.878093e-06
5.807448e-06
5.737109e-06
5.667034e-06
6.015366e-06
5.944355e-06
5.873641e-06
5.803249e-06
5.733149e-06
5.663307e-06
6.010418e-06
5.939629e-06
5.869229e-06
5.799117e-06
5.729274e-06
5.659679e-06
6.005819e-06
5.935257e-06
5.865177e-06
5.795342e-06
5.725753e-06
6.001993e-06
5.931657e-06
5.861848e-06
5.792251e-06
5.72288e-06
5.998968e-06
5.928862e-06
5.859251e-06
5.789839e-06
5.720645e-06
5.996834e-06
5.926936e-06
5.857442e-06
5.788158e-06
5.71909e-06
5.994508e-06
5.924846e-06
5.855493e-06
5.78636e-06
5.717434e-06
)
;
    }
    procBoundary12to14
    {
        type            processor;
        value           nonuniform List<scalar> 
56
(
8.552401e-06
8.479593e-06
8.332811e-06
8.168143e-06
8.00203e-06
7.84219e-06
7.691218e-06
7.549369e-06
7.414877e-06
7.286034e-06
7.161475e-06
7.040147e-06
6.921323e-06
6.804504e-06
6.68935e-06
8.552401e-06
8.479593e-06
8.332811e-06
8.168143e-06
8.00203e-06
7.84219e-06
7.691218e-06
7.549369e-06
7.414877e-06
7.286034e-06
7.161475e-06
7.040147e-06
6.921323e-06
6.804504e-06
6.68935e-06
8.555902e-06
8.483039e-06
8.335997e-06
8.170972e-06
8.004435e-06
7.844142e-06
7.692724e-06
7.55046e-06
7.415598e-06
7.286437e-06
7.161614e-06
7.040075e-06
6.921086e-06
6.804144e-06
6.688902e-06
8.563013e-06
8.490034e-06
8.342445e-06
8.176675e-06
8.009257e-06
7.848033e-06
7.695704e-06
7.552597e-06
7.416989e-06
7.287192e-06
7.161844e-06
)
;
    }
    procBoundary12to15
    {
        type            processor;
        value           nonuniform List<scalar> 
331
(
1.113129e-05
8.221283e-06
8.217458e-06
8.019935e-06
7.877767e-06
7.751478e-06
7.626681e-06
7.5048e-06
7.384154e-06
7.264656e-06
7.146289e-06
7.029064e-06
6.912996e-06
6.79807e-06
6.684254e-06
6.571499e-06
6.459753e-06
6.348942e-06
6.239029e-06
6.129914e-06
1.052309e-05
8.284985e-06
8.24774e-06
8.037974e-06
7.887234e-06
7.757274e-06
7.630338e-06
7.507218e-06
7.385815e-06
7.265832e-06
7.147141e-06
7.029693e-06
6.913464e-06
6.79842e-06
6.684517e-06
6.571694e-06
6.459897e-06
6.349047e-06
6.239105e-06
6.129968e-06
1.003643e-05
8.357954e-06
8.277144e-06
8.055451e-06
7.897193e-06
7.763488e-06
7.634283e-06
7.509831e-06
7.387606e-06
7.267092e-06
7.14805e-06
7.03036e-06
6.913959e-06
6.798791e-06
6.684795e-06
6.571903e-06
6.460052e-06
6.349162e-06
6.239189e-06
6.130027e-06
9.701836e-06
8.421997e-06
8.295381e-06
8.069647e-06
7.906187e-06
7.769242e-06
7.638009e-06
7.5123e-06
7.389291e-06
7.268267e-06
7.14889e-06
7.030972e-06
6.914413e-06
6.79913e-06
6.685051e-06
6.572096e-06
6.460198e-06
6.349271e-06
6.239271e-06
6.130086e-06
9.447713e-06
8.470115e-06
8.307912e-06
8.082476e-06
7.915063e-06
7.775023e-06
7.641828e-06
7.514829e-06
7.391008e-06
7.269454e-06
7.14973e-06
7.031579e-06
6.914861e-06
6.799466e-06
6.685305e-06
6.572289e-06
6.460347e-06
6.349384e-06
6.239358e-06
6.130149e-06
9.245074e-06
8.502061e-06
8.317805e-06
8.095007e-06
7.924405e-06
7.781211e-06
7.645981e-06
7.517583e-06
7.392869e-06
7.27073e-06
7.150625e-06
7.032223e-06
6.915333e-06
6.79982e-06
6.685574e-06
6.572497e-06
6.460507e-06
6.349509e-06
6.239456e-06
6.13022e-06
9.083437e-06
8.520363e-06
8.325582e-06
8.107336e-06
7.934358e-06
7.78797e-06
7.650589e-06
7.520651e-06
7.394936e-06
7.272141e-06
7.15161e-06
7.032927e-06
6.915849e-06
6.800206e-06
6.685869e-06
6.572725e-06
6.460686e-06
6.349649e-06
6.239567e-06
6.130303e-06
8.954596e-06
8.5281e-06
8.331314e-06
8.119214e-06
7.944796e-06
7.795308e-06
7.655684e-06
7.524074e-06
7.397244e-06
7.273714e-06
7.152703e-06
7.033706e-06
6.916419e-06
6.800633e-06
6.686196e-06
6.572979e-06
6.460886e-06
6.349807e-06
6.239694e-06
6.130398e-06
8.85167e-06
8.528276e-06
8.335178e-06
8.130311e-06
7.955417e-06
7.803094e-06
7.661208e-06
7.527831e-06
7.399789e-06
7.275451e-06
7.15391e-06
7.034565e-06
6.917046e-06
6.801103e-06
6.686556e-06
6.573261e-06
6.461109e-06
6.349984e-06
6.239837e-06
6.130505e-06
8.769421e-06
8.523517e-06
8.337442e-06
8.140335e-06
7.965839e-06
7.811087e-06
7.667021e-06
7.531846e-06
7.402528e-06
7.277327e-06
7.155215e-06
7.035494e-06
6.917725e-06
6.801613e-06
6.686947e-06
6.573566e-06
6.461352e-06
6.350178e-06
6.239994e-06
6.130624e-06
6.5744e-06
6.462155e-06
6.350947e-06
6.240728e-06
6.131312e-06
8.703861e-06
8.515918e-06
8.338424e-06
8.149092e-06
7.975689e-06
7.81899e-06
7.672918e-06
7.535989e-06
7.405383e-06
7.279294e-06
7.156587e-06
7.036472e-06
6.91844e-06
6.802149e-06
6.68736e-06
6.5744e-06
6.5744e-06
6.462155e-06
6.350947e-06
6.240728e-06
8.651884e-06
8.507064e-06
8.338462e-06
8.156498e-06
7.984657e-06
7.826497e-06
7.678664e-06
7.540099e-06
7.408245e-06
7.281278e-06
7.157976e-06
7.037464e-06
6.919166e-06
6.802695e-06
6.68778e-06
6.574729e-06
8.611068e-06
8.498118e-06
8.337882e-06
8.162564e-06
7.992521e-06
7.833333e-06
7.68402e-06
7.543995e-06
7.410987e-06
7.283192e-06
7.159321e-06
7.038427e-06
6.919873e-06
6.803227e-06
6.68819e-06
6.575052e-06
8.579547e-06
8.489914e-06
8.336978e-06
8.167357e-06
7.999139e-06
7.839271e-06
7.688769e-06
7.547502e-06
7.41348e-06
7.284943e-06
7.160556e-06
7.039314e-06
6.920524e-06
6.803718e-06
6.688571e-06
6.575352e-06
6.039652e-06
5.967767e-06
5.89617e-06
5.824854e-06
5.753805e-06
6.03969e-06
5.967795e-06
5.896189e-06
5.824866e-06
5.753811e-06
6.039735e-06
5.96783e-06
5.896213e-06
5.824883e-06
5.753822e-06
6.039781e-06
5.96787e-06
5.896243e-06
5.824905e-06
5.753839e-06
6.039834e-06
5.967918e-06
5.896281e-06
5.824935e-06
5.753863e-06
6.039897e-06
5.967978e-06
5.896328e-06
5.824974e-06
5.753896e-06
6.039971e-06
5.968049e-06
5.896386e-06
5.825022e-06
5.753937e-06
6.040058e-06
5.968135e-06
5.896455e-06
5.82508e-06
5.753987e-06
6.040157e-06
5.968233e-06
5.896536e-06
5.825148e-06
5.754046e-06
5.683203e-06
6.040268e-06
5.968342e-06
5.896626e-06
5.825225e-06
5.754112e-06
5.683261e-06
6.040933e-06
5.968993e-06
5.897243e-06
5.82581e-06
5.754671e-06
5.683792e-06
)
;
    }
}


// ************************************************************************* //
