/*--------------------------------*- C++ -*----------------------------------*\
| =========                 |                                                 |
| \\      /  F ield         | OpenFOAM: The Open Source CFD Toolbox           |
|  \\    /   O peration     | Version:  2406                                  |
|   \\  /    A nd           | Website:  www.openfoam.com                      |
|    \\/     M anipulation  |                                                 |
\*---------------------------------------------------------------------------*/
FoamFile
{
    version     2.0;
    format      ascii;
    arch        "LSB;label=32;scalar=64";
    class       volScalarField;
    location    "320";
    object      p;
}
// * * * * * * * * * * * * * * * * * * * * * * * * * * * * * * * * * * * * * //

dimensions      [0 2 -2 0 0 0 0];

internalField   nonuniform List<scalar> 
5354
(
6.131312e-06
6.130752e-06
6.129622e-06
6.127904e-06
6.125572e-06
6.122597e-06
6.118962e-06
6.114681e-06
6.10984e-06
6.104621e-06
6.099357e-06
6.094427e-06
6.09028e-06
6.086952e-06
6.084551e-06
6.081928e-06
6.574729e-06
6.462418e-06
6.351158e-06
6.2409e-06
6.131444e-06
6.57422e-06
6.461873e-06
6.350595e-06
6.240334e-06
6.130884e-06
6.573177e-06
6.460763e-06
6.349454e-06
6.23919e-06
6.129754e-06
6.571555e-06
6.459051e-06
6.347704e-06
6.237443e-06
6.128036e-06
6.569283e-06
6.45668e-06
6.345301e-06
6.235058e-06
6.125703e-06
6.56627e-06
6.453578e-06
6.342188e-06
6.231995e-06
6.122724e-06
6.56241e-06
6.449666e-06
6.338312e-06
6.228216e-06
6.119082e-06
6.557606e-06
6.44488e-06
6.333635e-06
6.223707e-06
6.114786e-06
6.551811e-06
6.439218e-06
6.328189e-06
6.218523e-06
6.109917e-06
6.545102e-06
6.432794e-06
6.32212e-06
6.212827e-06
6.104654e-06
6.537814e-06
6.425964e-06
6.315783e-06
6.20697e-06
6.099332e-06
6.530497e-06
6.419248e-06
6.309659e-06
6.201391e-06
6.094335e-06
6.524008e-06
6.413394e-06
6.304393e-06
6.196652e-06
6.090121e-06
6.518613e-06
6.40859e-06
6.300117e-06
6.19284e-06
6.086725e-06
6.514583e-06
6.405035e-06
6.296975e-06
6.190063e-06
6.084237e-06
6.509697e-06
6.400809e-06
6.2933e-06
6.186862e-06
6.081403e-06
6.575052e-06
6.462676e-06
6.351367e-06
6.241071e-06
6.131575e-06
6.574543e-06
6.462131e-06
6.350804e-06
6.240505e-06
6.131016e-06
6.573502e-06
6.461023e-06
6.349664e-06
6.239361e-06
6.129886e-06
6.571881e-06
6.459312e-06
6.347915e-06
6.237615e-06
6.128168e-06
6.569611e-06
6.456942e-06
6.345512e-06
6.23523e-06
6.125833e-06
6.5666e-06
6.453841e-06
6.342399e-06
6.232166e-06
6.122851e-06
6.56274e-06
6.449927e-06
6.338519e-06
6.228382e-06
6.119202e-06
6.557929e-06
6.445133e-06
6.333831e-06
6.22386e-06
6.114891e-06
6.552114e-06
6.439447e-06
6.328361e-06
6.218651e-06
6.109995e-06
6.54536e-06
6.432977e-06
6.322245e-06
6.21291e-06
6.104692e-06
6.53799e-06
6.426069e-06
6.315835e-06
6.206986e-06
6.099314e-06
6.530554e-06
6.419247e-06
6.309618e-06
6.201326e-06
6.094251e-06
6.523923e-06
6.413273e-06
6.304253e-06
6.196503e-06
6.089973e-06
6.518381e-06
6.40835e-06
6.299878e-06
6.192611e-06
6.086513e-06
6.514187e-06
6.404658e-06
6.296621e-06
6.189736e-06
6.083942e-06
6.508996e-06
6.40016e-06
6.292706e-06
6.186321e-06
6.080914e-06
6.575352e-06
6.462918e-06
6.351563e-06
6.241232e-06
6.131701e-06
6.574844e-06
6.462374e-06
6.351001e-06
6.240666e-06
6.131141e-06
6.802963e-06
6.687644e-06
6.573804e-06
6.461266e-06
6.349861e-06
6.239523e-06
6.130012e-06
6.801745e-06
6.686184e-06
6.572185e-06
6.459556e-06
6.348112e-06
6.237777e-06
6.128293e-06
6.799963e-06
6.684102e-06
6.569916e-06
6.457187e-06
6.34571e-06
6.235393e-06
6.125957e-06
6.797478e-06
6.681288e-06
6.566906e-06
6.454086e-06
6.342597e-06
6.232327e-06
6.122972e-06
6.794117e-06
6.6776e-06
6.563047e-06
6.450171e-06
6.338713e-06
6.228538e-06
6.119316e-06
6.789688e-06
6.672894e-06
6.558231e-06
6.445369e-06
6.334016e-06
6.224006e-06
6.114992e-06
6.784009e-06
6.667054e-06
6.552398e-06
6.439663e-06
6.328524e-06
6.218774e-06
6.110073e-06
6.777e-06
6.660077e-06
6.545605e-06
6.433153e-06
6.322367e-06
6.212994e-06
6.104732e-06
6.768842e-06
6.652225e-06
6.538164e-06
6.426177e-06
6.315893e-06
6.20701e-06
6.099303e-06
6.76007e-06
6.644055e-06
6.530623e-06
6.41926e-06
6.309593e-06
6.201276e-06
6.094182e-06
6.751769e-06
6.636554e-06
6.523862e-06
6.413176e-06
6.304135e-06
6.196376e-06
6.089843e-06
6.744517e-06
6.630144e-06
6.518186e-06
6.408143e-06
6.299672e-06
6.19241e-06
6.086326e-06
6.738838e-06
6.625185e-06
6.51384e-06
6.404325e-06
6.296308e-06
6.189446e-06
6.083677e-06
6.731496e-06
6.618871e-06
6.508384e-06
6.399591e-06
6.292182e-06
6.185842e-06
6.080481e-06
6.575616e-06
6.463131e-06
6.351737e-06
6.241376e-06
6.131814e-06
6.575108e-06
6.462587e-06
6.351175e-06
6.24081e-06
6.131255e-06
7.039885e-06
6.920572e-06
6.803389e-06
6.687976e-06
6.574068e-06
6.46148e-06
6.350036e-06
6.239667e-06
6.130125e-06
8.573969e-06
8.500803e-06
8.352323e-06
8.185353e-06
8.016535e-06
7.853845e-06
7.7001e-06
7.555699e-06
7.418956e-06
7.2882e-06
7.162069e-06
7.039491e-06
6.919705e-06
6.802174e-06
6.686517e-06
6.57245e-06
6.459771e-06
6.348287e-06
6.237921e-06
6.128406e-06
8.589133e-06
8.515679e-06
8.365857e-06
8.19712e-06
8.026277e-06
7.861506e-06
7.705786e-06
7.559605e-06
7.421327e-06
7.289293e-06
7.162133e-06
7.038753e-06
6.918362e-06
6.800394e-06
6.684438e-06
6.570183e-06
6.457403e-06
6.345885e-06
6.235537e-06
6.126069e-06
8.60909e-06
8.535223e-06
8.383446e-06
8.212197e-06
8.038543e-06
7.870949e-06
7.712608e-06
7.564115e-06
7.423881e-06
7.290251e-06
7.161829e-06
7.037484e-06
6.916381e-06
6.797912e-06
6.681625e-06
6.567174e-06
6.454302e-06
6.342772e-06
6.23247e-06
6.123082e-06
8.634579e-06
8.560054e-06
8.405415e-06
8.230652e-06
8.053195e-06
7.881897e-06
7.720213e-06
7.56885e-06
7.42625e-06
7.290733e-06
7.160857e-06
7.035427e-06
6.913549e-06
6.794554e-06
6.677939e-06
6.563314e-06
6.450386e-06
6.338886e-06
6.228678e-06
6.11942e-06
8.666924e-06
8.591423e-06
8.432588e-06
8.252886e-06
8.070282e-06
7.894152e-06
7.728261e-06
7.573406e-06
7.428019e-06
7.290351e-06
7.158869e-06
7.032288e-06
6.909622e-06
6.790126e-06
6.673231e-06
6.558494e-06
6.445578e-06
6.334181e-06
6.224137e-06
6.115084e-06
8.707439e-06
8.630064e-06
8.464919e-06
8.278344e-06
8.088956e-06
7.906756e-06
7.735809e-06
7.576929e-06
7.428454e-06
7.2885e-06
7.155388e-06
7.0277e-06
6.904331e-06
6.78444e-06
6.667381e-06
6.552649e-06
6.439856e-06
6.328671e-06
6.218886e-06
6.110145e-06
8.759751e-06
8.679246e-06
8.504453e-06
8.307943e-06
8.109289e-06
7.919281e-06
7.742199e-06
7.578707e-06
7.426899e-06
7.284631e-06
7.149993e-06
7.021365e-06
6.897491e-06
6.777407e-06
6.660376e-06
6.545825e-06
6.433313e-06
6.322481e-06
6.213073e-06
6.104774e-06
8.825473e-06
8.737333e-06
8.547801e-06
8.337832e-06
8.127614e-06
7.928619e-06
7.745001e-06
7.576964e-06
7.422141e-06
7.277987e-06
7.142271e-06
7.013133e-06
6.889137e-06
6.769191e-06
6.652465e-06
6.538324e-06
6.426279e-06
6.315953e-06
6.207038e-06
6.099301e-06
8.919115e-06
8.816215e-06
8.602577e-06
8.371501e-06
8.144833e-06
7.934483e-06
7.743536e-06
7.571081e-06
7.413808e-06
7.268477e-06
7.132381e-06
7.003344e-06
6.879729e-06
6.760317e-06
6.644199e-06
6.530695e-06
6.419283e-06
6.309581e-06
6.201242e-06
6.09413e-06
9.034478e-06
8.890825e-06
8.645289e-06
8.390615e-06
8.147958e-06
7.928716e-06
7.733273e-06
7.559002e-06
7.401409e-06
7.256527e-06
7.121222e-06
6.993094e-06
6.870396e-06
6.751864e-06
6.636566e-06
6.523821e-06
6.413103e-06
6.304043e-06
6.196274e-06
6.089738e-06
9.262526e-06
9.026215e-06
8.715219e-06
8.413571e-06
8.145386e-06
7.915496e-06
7.716826e-06
7.542912e-06
7.386904e-06
7.243827e-06
7.110172e-06
6.983459e-06
6.861957e-06
6.744441e-06
6.630017e-06
6.518032e-06
6.407977e-06
6.299503e-06
6.192247e-06
6.086171e-06
9.457519e-06
9.015688e-06
8.704323e-06
8.380734e-06
8.109755e-06
7.88648e-06
7.694084e-06
7.525283e-06
7.373001e-06
7.23258e-06
7.100839e-06
6.975558e-06
6.855175e-06
6.738565e-06
6.624897e-06
6.513552e-06
6.404047e-06
6.296047e-06
6.189204e-06
6.083455e-06
1.063847e-05
9.189374e-06
8.757663e-06
8.367789e-06
8.07746e-06
7.854603e-06
7.666751e-06
7.503022e-06
7.354879e-06
7.217687e-06
7.088431e-06
6.965101e-06
6.846282e-06
6.73095e-06
6.618339e-06
6.507878e-06
6.399119e-06
6.291747e-06
6.185444e-06
6.080119e-06
6.575826e-06
6.463304e-06
6.351881e-06
6.241496e-06
6.131911e-06
6.575319e-06
6.46276e-06
6.351319e-06
6.24093e-06
6.131351e-06
7.040477e-06
6.92101e-06
6.803724e-06
6.688239e-06
6.57428e-06
6.461653e-06
6.350179e-06
6.239787e-06
6.130221e-06
8.557172e-06
8.495686e-06
8.351485e-06
8.187917e-06
8.020504e-06
7.857548e-06
7.703135e-06
7.557987e-06
7.420601e-06
7.289362e-06
7.162893e-06
7.040086e-06
6.920145e-06
6.80251e-06
6.686781e-06
6.572662e-06
6.459945e-06
6.348431e-06
6.238041e-06
6.128502e-06
8.572349e-06
8.510577e-06
8.365042e-06
8.199707e-06
8.030269e-06
7.86523e-06
7.708837e-06
7.561906e-06
7.422981e-06
7.290462e-06
7.162962e-06
7.039351e-06
6.918805e-06
6.800731e-06
6.684703e-06
6.570396e-06
6.457577e-06
6.346029e-06
6.235657e-06
6.126163e-06
8.59232e-06
8.530136e-06
8.382658e-06
8.214811e-06
8.042563e-06
7.874697e-06
7.715677e-06
7.566429e-06
7.425546e-06
7.291428e-06
7.162664e-06
7.038086e-06
6.916827e-06
6.798252e-06
6.681892e-06
6.567388e-06
6.454477e-06
6.342915e-06
6.232589e-06
6.123174e-06
8.617826e-06
8.554991e-06
8.404668e-06
8.233303e-06
8.057253e-06
7.885677e-06
7.723307e-06
7.571184e-06
7.427929e-06
7.291921e-06
7.161699e-06
7.036035e-06
6.913999e-06
6.794897e-06
6.678207e-06
6.563528e-06
6.450559e-06
6.339027e-06
6.228794e-06
6.119508e-06
8.650171e-06
8.586364e-06
8.431867e-06
8.255562e-06
8.07437e-06
7.897957e-06
7.731374e-06
7.575755e-06
7.429709e-06
7.291547e-06
7.159719e-06
7.032901e-06
6.910075e-06
6.79047e-06
6.673498e-06
6.558706e-06
6.445747e-06
6.334316e-06
6.224246e-06
6.115163e-06
8.690691e-06
8.625036e-06
8.464254e-06
8.281065e-06
8.093089e-06
7.910595e-06
7.738945e-06
7.579294e-06
7.430157e-06
7.289704e-06
7.156243e-06
7.028315e-06
6.904783e-06
6.78478e-06
6.667641e-06
6.552851e-06
6.440014e-06
6.328793e-06
6.218981e-06
6.110209e-06
8.742892e-06
8.674125e-06
8.503719e-06
8.310605e-06
8.113391e-06
7.923095e-06
7.745315e-06
7.581058e-06
7.428593e-06
7.28583e-06
7.150841e-06
7.021972e-06
6.897931e-06
6.777731e-06
6.660616e-06
6.546004e-06
6.433446e-06
6.322578e-06
6.213143e-06
6.104814e-06
8.808577e-06
8.732299e-06
8.547119e-06
8.340502e-06
8.131709e-06
7.932401e-06
7.748076e-06
7.579278e-06
7.423801e-06
7.279154e-06
7.143087e-06
7.013705e-06
6.889538e-06
6.769473e-06
6.652661e-06
6.538458e-06
6.426368e-06
6.316008e-06
6.207069e-06
6.099307e-06
8.901545e-06
8.81057e-06
8.601289e-06
8.373731e-06
8.148599e-06
7.937995e-06
7.746406e-06
7.573241e-06
7.415348e-06
7.269545e-06
7.133108e-06
7.003832e-06
6.88005e-06
6.760521e-06
6.644322e-06
6.530762e-06
6.41931e-06
6.309581e-06
6.201224e-06
6.094096e-06
9.017217e-06
8.885854e-06
8.643959e-06
8.392644e-06
8.151398e-06
7.931853e-06
7.735805e-06
7.560874e-06
7.402707e-06
7.257388e-06
7.12177e-06
6.993425e-06
6.87058e-06
6.751948e-06
6.636585e-06
6.523798e-06
6.413054e-06
6.303977e-06
6.196201e-06
6.089661e-06
9.242069e-06
9.018904e-06
8.711842e-06
8.414321e-06
8.147711e-06
7.917727e-06
7.718679e-06
7.54426e-06
7.387801e-06
7.244377e-06
7.110475e-06
6.983592e-06
6.86198e-06
6.744394e-06
6.629929e-06
6.517921e-06
6.407856e-06
6.29938e-06
6.192126e-06
6.086056e-06
9.440665e-06
9.010217e-06
8.699763e-06
8.380817e-06
8.111061e-06
7.887739e-06
7.695167e-06
7.526018e-06
7.373416e-06
7.232749e-06
7.100838e-06
6.975446e-06
6.854999e-06
6.738356e-06
6.624675e-06
6.51333e-06
6.403834e-06
6.295845e-06
6.189017e-06
6.083284e-06
1.061461e-05
9.184493e-06
8.750803e-06
8.366991e-06
8.077914e-06
7.855245e-06
7.667343e-06
7.503327e-06
7.354923e-06
7.217531e-06
7.088142e-06
6.964734e-06
6.845878e-06
6.730537e-06
6.617934e-06
6.507493e-06
6.398759e-06
6.291414e-06
6.18514e-06
6.079842e-06
6.575973e-06
6.463427e-06
6.351986e-06
6.241585e-06
6.131986e-06
6.575465e-06
6.462883e-06
6.351424e-06
6.24102e-06
6.131426e-06
7.040861e-06
6.921297e-06
6.803946e-06
6.688417e-06
6.574427e-06
6.461776e-06
6.350284e-06
6.239877e-06
6.130296e-06
8.546471e-06
8.492597e-06
8.350896e-06
8.189476e-06
8.023106e-06
7.859976e-06
7.705119e-06
7.559484e-06
7.421674e-06
7.290116e-06
7.163426e-06
7.040471e-06
6.920433e-06
6.802732e-06
6.686959e-06
6.57281e-06
6.460068e-06
6.348537e-06
6.238131e-06
6.128575e-06
8.561657e-06
8.507497e-06
8.36447e-06
8.201282e-06
8.032887e-06
7.867671e-06
7.710832e-06
7.563412e-06
7.424061e-06
7.291221e-06
7.163498e-06
7.039739e-06
6.919094e-06
6.800955e-06
6.684882e-06
6.570544e-06
6.457701e-06
6.346134e-06
6.235746e-06
6.126236e-06
8.581635e-06
8.527063e-06
8.382104e-06
8.216402e-06
8.045198e-06
7.877154e-06
7.717685e-06
7.567945e-06
7.426633e-06
7.292192e-06
7.163204e-06
7.038477e-06
6.917119e-06
6.798478e-06
6.682072e-06
6.567536e-06
6.454601e-06
6.34302e-06
6.232677e-06
6.123246e-06
8.607152e-06
8.55193e-06
8.404145e-06
8.23492e-06
8.059915e-06
7.888157e-06
7.725332e-06
7.572713e-06
7.429027e-06
7.292693e-06
7.162245e-06
7.036431e-06
6.914294e-06
6.795124e-06
6.678388e-06
6.563676e-06
6.450682e-06
6.33913e-06
6.22888e-06
6.119576e-06
8.639491e-06
8.583297e-06
8.431358e-06
8.257187e-06
8.077047e-06
7.900453e-06
7.733412e-06
7.577295e-06
7.430816e-06
7.292327e-06
7.160271e-06
7.033301e-06
6.910373e-06
6.790699e-06
6.673679e-06
6.558852e-06
6.445867e-06
6.334416e-06
6.224328e-06
6.115226e-06
8.680014e-06
8.621995e-06
8.463796e-06
8.282725e-06
8.095803e-06
7.913119e-06
7.741003e-06
7.580849e-06
7.431274e-06
7.290493e-06
7.156802e-06
7.028719e-06
6.905082e-06
6.785008e-06
6.667819e-06
6.552992e-06
6.440127e-06
6.328884e-06
6.219053e-06
6.110261e-06
8.732106e-06
8.670985e-06
8.503186e-06
8.312196e-06
8.11607e-06
7.925596e-06
7.747357e-06
7.582606e-06
7.429708e-06
7.286618e-06
7.151399e-06
7.022372e-06
6.898224e-06
6.77795e-06
6.660782e-06
6.546131e-06
6.433544e-06
6.322652e-06
6.213198e-06
6.104849e-06
8.797798e-06
8.729296e-06
8.546674e-06
8.342133e-06
8.134414e-06
7.934901e-06
7.750106e-06
7.580812e-06
7.424903e-06
7.279927e-06
7.143628e-06
7.014086e-06
6.889808e-06
6.769665e-06
6.652798e-06
6.538556e-06
6.426436e-06
6.316053e-06
6.207098e-06
6.099318e-06
8.890103e-06
8.806976e-06
8.600249e-06
8.374962e-06
8.15104e-06
7.940295e-06
7.748295e-06
7.574677e-06
7.416378e-06
7.27026e-06
7.133597e-06
7.004163e-06
6.88027e-06
6.760665e-06
6.644412e-06
6.530814e-06
6.419337e-06
6.309589e-06
6.20122e-06
6.09408e-06
9.006389e-06
8.883316e-06
8.643098e-06
8.393889e-06
8.153724e-06
7.933952e-06
7.7375e-06
7.562135e-06
7.403583e-06
7.257969e-06
7.122141e-06
6.99365e-06
6.870705e-06
6.752008e-06
6.636602e-06
6.523787e-06
6.413026e-06
6.303939e-06
6.196158e-06
6.089614e-06
9.227588e-06
9.013981e-06
8.709005e-06
8.414574e-06
8.149239e-06
7.919206e-06
7.719938e-06
7.545193e-06
7.388425e-06
7.244762e-06
7.11069e-06
6.983691e-06
6.862003e-06
6.74437e-06
6.629877e-06
6.517854e-06
6.407782e-06
6.299303e-06
6.192052e-06
6.085985e-06
9.431284e-06
9.00794e-06
8.696015e-06
8.381008e-06
8.112072e-06
7.888606e-06
7.695927e-06
7.526531e-06
7.373699e-06
7.232861e-06
7.100831e-06
6.975365e-06
6.854874e-06
6.738211e-06
6.624523e-06
6.51318e-06
6.40369e-06
6.29571e-06
6.188893e-06
6.083171e-06
1.059663e-05
9.183686e-06
8.74471e-06
8.366633e-06
8.078347e-06
7.855717e-06
7.667809e-06
7.503576e-06
7.354979e-06
7.217441e-06
7.087955e-06
6.964491e-06
6.84561e-06
6.730262e-06
6.617666e-06
6.507237e-06
6.398521e-06
6.291194e-06
6.18494e-06
6.079659e-06
6.241641e-06
6.132036e-06
6.575542e-06
6.462952e-06
6.351487e-06
6.241076e-06
6.131476e-06
7.041019e-06
6.921418e-06
6.804045e-06
6.688502e-06
6.574503e-06
6.461845e-06
6.350347e-06
6.239932e-06
6.130346e-06
8.541347e-06
8.491729e-06
8.350638e-06
8.190096e-06
8.024373e-06
7.86111e-06
7.706015e-06
7.560149e-06
7.422137e-06
7.290432e-06
7.163644e-06
7.04063e-06
6.920555e-06
6.802832e-06
6.687045e-06
6.572886e-06
6.460136e-06
6.348599e-06
6.238186e-06
6.128625e-06
8.556537e-06
8.506631e-06
8.364223e-06
8.201909e-06
8.034163e-06
7.868814e-06
7.711734e-06
7.564081e-06
7.424528e-06
7.291539e-06
7.163719e-06
7.039899e-06
6.919217e-06
6.801056e-06
6.684968e-06
6.57062e-06
6.457769e-06
6.346196e-06
6.235801e-06
6.126285e-06
8.576517e-06
8.526196e-06
8.381866e-06
8.217035e-06
8.046482e-06
7.878304e-06
7.718592e-06
7.56862e-06
7.427105e-06
7.292514e-06
7.163427e-06
7.038639e-06
6.917243e-06
6.798579e-06
6.682158e-06
6.567612e-06
6.454668e-06
6.343081e-06
6.232731e-06
6.123293e-06
8.602039e-06
8.551069e-06
8.403929e-06
8.235568e-06
8.061214e-06
7.889321e-06
7.726251e-06
7.573396e-06
7.429505e-06
7.29302e-06
7.162473e-06
7.036596e-06
6.91442e-06
6.795226e-06
6.678475e-06
6.563753e-06
6.45075e-06
6.339191e-06
6.228933e-06
6.119622e-06
8.634364e-06
8.582418e-06
8.431148e-06
8.25783e-06
8.078349e-06
7.901622e-06
7.734335e-06
7.577984e-06
7.431299e-06
7.292658e-06
7.160503e-06
7.033469e-06
6.910502e-06
6.790803e-06
6.673767e-06
6.558928e-06
6.445934e-06
6.334475e-06
6.224379e-06
6.115269e-06
8.674891e-06
8.621139e-06
8.463632e-06
8.283392e-06
8.097133e-06
7.914313e-06
7.741944e-06
7.581552e-06
7.431769e-06
7.290834e-06
7.157041e-06
7.028892e-06
6.905214e-06
6.785113e-06
6.667906e-06
6.553066e-06
6.44019e-06
6.328939e-06
6.2191e-06
6.1103e-06
8.726881e-06
8.670032e-06
8.502946e-06
8.312787e-06
8.117362e-06
7.92677e-06
7.748288e-06
7.583308e-06
7.430207e-06
7.286964e-06
7.151643e-06
7.02255e-06
6.898357e-06
6.778054e-06
6.660866e-06
6.5462e-06
6.433601e-06
6.3227e-06
6.213238e-06
6.10488e-06
8.792624e-06
8.728531e-06
8.546564e-06
8.342792e-06
8.135767e-06
7.936108e-06
7.751055e-06
7.581527e-06
7.425411e-06
7.280279e-06
7.143874e-06
7.01426e-06
6.889935e-06
6.76976e-06
6.65287e-06
6.538611e-06
6.42648e-06
6.316087e-06
6.207125e-06
6.099337e-06
8.884285e-06
8.805648e-06
8.59956e-06
8.375265e-06
8.152202e-06
7.941376e-06
7.749173e-06
7.575355e-06
7.416864e-06
7.270596e-06
7.133828e-06
7.004321e-06
6.880378e-06
6.760739e-06
6.644464e-06
6.53085e-06
6.419362e-06
6.309605e-06
6.201232e-06
6.094085e-06
9.001534e-06
8.883454e-06
8.6428e-06
8.394414e-06
8.15498e-06
7.93501e-06
7.738329e-06
7.562755e-06
7.404009e-06
7.258246e-06
7.122314e-06
6.993754e-06
6.870764e-06
6.752038e-06
6.636614e-06
6.523788e-06
6.413021e-06
6.30393e-06
6.196148e-06
6.0896e-06
9.218477e-06
9.011691e-06
8.706832e-06
8.414416e-06
8.150031e-06
7.919939e-06
7.720586e-06
7.545684e-06
7.388752e-06
7.244964e-06
7.110804e-06
6.983747e-06
6.862022e-06
6.744367e-06
6.629862e-06
6.517832e-06
6.407759e-06
6.299279e-06
6.19203e-06
6.085962e-06
9.428954e-06
9.00873e-06
8.693009e-06
8.381377e-06
8.112816e-06
7.889069e-06
7.696345e-06
7.5268e-06
7.373833e-06
7.232901e-06
7.10081e-06
6.97531e-06
6.854802e-06
6.738132e-06
6.624445e-06
6.513106e-06
6.403622e-06
6.295648e-06
6.188839e-06
6.083121e-06
1.058413e-05
9.187285e-06
8.739197e-06
8.366786e-06
8.078744e-06
7.855962e-06
7.668097e-06
7.503723e-06
7.355013e-06
7.217392e-06
7.087857e-06
6.964366e-06
6.845474e-06
6.730125e-06
6.617535e-06
6.507116e-06
6.39841e-06
6.291093e-06
6.18485e-06
6.079577e-06
6.575548e-06
6.462967e-06
6.351507e-06
6.241098e-06
6.131502e-06
7.040954e-06
6.921377e-06
6.804024e-06
6.688497e-06
6.574509e-06
6.461859e-06
6.350367e-06
6.239954e-06
6.130371e-06
8.541307e-06
8.493048e-06
8.350767e-06
8.189836e-06
8.02438e-06
7.861005e-06
7.705851e-06
7.559998e-06
7.422001e-06
7.290315e-06
7.163553e-06
7.040565e-06
6.920513e-06
6.802811e-06
6.687039e-06
6.572891e-06
6.46015e-06
6.348619e-06
6.238207e-06
6.12865e-06
8.556496e-06
8.507947e-06
8.364357e-06
8.20165e-06
8.034171e-06
7.86871e-06
7.711572e-06
7.563932e-06
7.424394e-06
7.291423e-06
7.163628e-06
7.039834e-06
6.919176e-06
6.801034e-06
6.684961e-06
6.570625e-06
6.457782e-06
6.346215e-06
6.235821e-06
6.12631e-06
8.576473e-06
8.527503e-06
8.382004e-06
8.216773e-06
8.046488e-06
7.8782e-06
7.71843e-06
7.568471e-06
7.426971e-06
7.292398e-06
7.163337e-06
7.038575e-06
6.917202e-06
6.798557e-06
6.682152e-06
6.567617e-06
6.454681e-06
6.3431e-06
6.232751e-06
6.123318e-06
8.601994e-06
8.552371e-06
8.404082e-06
8.235308e-06
8.061225e-06
7.889223e-06
7.726093e-06
7.573251e-06
7.429374e-06
7.292907e-06
7.162385e-06
7.036533e-06
6.91438e-06
6.795205e-06
6.678469e-06
6.563757e-06
6.450762e-06
6.339209e-06
6.228953e-06
6.119647e-06
8.634302e-06
8.583694e-06
8.431298e-06
8.257552e-06
8.078351e-06
7.901521e-06
7.734176e-06
7.577839e-06
7.431172e-06
7.292549e-06
7.160418e-06
7.03341e-06
6.910464e-06
6.790783e-06
6.673762e-06
6.558934e-06
6.445947e-06
6.334494e-06
6.224399e-06
6.115294e-06
8.674836e-06
8.622433e-06
8.463828e-06
8.283128e-06
8.097155e-06
7.914231e-06
7.741799e-06
7.581421e-06
7.431654e-06
7.290735e-06
7.156964e-06
7.02884e-06
6.905182e-06
6.785098e-06
6.667904e-06
6.553074e-06
6.440206e-06
6.328959e-06
6.219122e-06
6.110325e-06
8.726729e-06
8.67123e-06
8.503071e-06
8.312437e-06
8.117344e-06
7.92667e-06
7.748138e-06
7.583182e-06
7.430102e-06
7.286877e-06
7.151578e-06
7.022508e-06
6.898334e-06
6.778046e-06
6.66087e-06
6.546213e-06
6.43362e-06
6.322723e-06
6.213262e-06
6.104906e-06
8.792569e-06
8.729974e-06
8.546871e-06
8.342541e-06
8.135845e-06
7.936078e-06
7.750956e-06
7.581443e-06
7.425339e-06
7.280217e-06
7.143828e-06
7.014232e-06
6.889922e-06
6.769759e-06
6.652879e-06
6.538627e-06
6.426501e-06
6.316111e-06
6.20715e-06
6.099363e-06
8.883591e-06
8.806541e-06
8.599289e-06
8.374685e-06
8.152155e-06
7.941292e-06
7.749069e-06
7.575293e-06
7.416819e-06
7.27056e-06
7.133805e-06
7.00431e-06
6.880378e-06
6.760748e-06
6.644479e-06
6.530871e-06
6.419387e-06
6.309632e-06
6.20126e-06
6.094111e-06
9.002217e-06
8.886365e-06
8.643171e-06
8.394263e-06
8.155244e-06
7.935078e-06
7.73832e-06
7.562749e-06
7.403992e-06
7.258223e-06
7.122294e-06
6.99374e-06
6.870758e-06
6.752039e-06
6.636622e-06
6.523802e-06
6.413039e-06
6.30395e-06
6.196172e-06
6.089621e-06
9.213679e-06
9.011902e-06
8.705335e-06
8.413862e-06
8.150148e-06
7.919966e-06
7.720645e-06
7.545746e-06
7.38879e-06
7.244985e-06
7.110817e-06
6.983759e-06
6.862037e-06
6.744386e-06
6.629885e-06
6.517858e-06
6.407787e-06
6.299307e-06
6.19206e-06
6.085988e-06
9.434285e-06
9.01256e-06
8.690511e-06
8.381985e-06
8.113341e-06
7.889125e-06
7.696412e-06
7.526813e-06
7.373802e-06
7.232854e-06
7.100764e-06
6.97527e-06
6.854773e-06
6.738113e-06
6.624435e-06
6.513104e-06
6.403626e-06
6.295655e-06
6.18885e-06
6.083131e-06
1.057526e-05
9.196559e-06
8.733577e-06
8.367488e-06
8.079139e-06
7.855953e-06
7.668186e-06
7.50375e-06
7.355004e-06
7.217371e-06
7.087834e-06
6.964348e-06
6.845463e-06
6.730122e-06
6.617539e-06
6.507125e-06
6.398423e-06
6.291108e-06
6.184868e-06
6.079594e-06
7.040573e-06
6.921104e-06
6.80383e-06
6.688362e-06
6.574417e-06
6.461798e-06
6.35033e-06
6.239929e-06
6.130366e-06
8.546444e-06
8.496375e-06
8.351477e-06
8.188619e-06
8.022885e-06
7.859378e-06
7.704339e-06
7.558772e-06
7.421056e-06
7.289602e-06
7.163028e-06
7.040184e-06
6.92024e-06
6.802616e-06
6.686903e-06
6.572799e-06
6.460088e-06
6.34858e-06
6.238182e-06
6.128644e-06
8.56163e-06
8.511262e-06
8.365068e-06
8.20043e-06
8.032674e-06
7.867082e-06
7.71006e-06
7.562706e-06
7.423449e-06
7.290711e-06
7.163103e-06
7.039453e-06
6.918902e-06
6.800839e-06
6.684825e-06
6.570531e-06
6.457718e-06
6.346176e-06
6.235795e-06
6.126304e-06
8.581598e-06
8.530797e-06
8.382713e-06
8.215541e-06
8.044982e-06
7.876568e-06
7.716915e-06
7.567244e-06
7.426026e-06
7.291686e-06
7.162812e-06
7.038193e-06
6.916927e-06
6.798361e-06
6.682013e-06
6.567522e-06
6.454616e-06
6.343059e-06
6.232724e-06
6.123311e-06
8.607118e-06
8.555647e-06
8.404803e-06
8.234072e-06
8.059718e-06
7.887592e-06
7.724579e-06
7.572026e-06
7.428431e-06
7.292196e-06
7.161859e-06
7.036151e-06
6.914104e-06
6.795007e-06
6.678329e-06
6.56366e-06
6.450696e-06
6.339167e-06
6.228924e-06
6.11964e-06
8.639404e-06
8.586921e-06
8.432011e-06
8.256286e-06
8.076822e-06
7.899879e-06
7.732655e-06
7.57661e-06
7.430226e-06
7.291836e-06
7.159891e-06
7.033026e-06
6.910187e-06
6.790584e-06
6.673621e-06
6.558836e-06
6.44588e-06
6.334452e-06
6.224371e-06
6.115289e-06
8.679954e-06
8.625667e-06
8.464602e-06
8.281876e-06
8.095645e-06
7.912609e-06
7.740292e-06
7.580202e-06
7.430716e-06
7.290026e-06
7.15644e-06
7.028457e-06
6.904905e-06
6.784899e-06
6.667764e-06
6.552977e-06
6.440141e-06
6.328919e-06
6.219096e-06
6.110322e-06
8.73175e-06
8.674334e-06
8.503776e-06
8.311079e-06
8.115779e-06
7.925024e-06
7.746619e-06
7.581962e-06
7.429168e-06
7.286174e-06
7.151059e-06
7.022131e-06
6.898063e-06
6.777853e-06
6.660736e-06
6.546123e-06
6.433562e-06
6.32269e-06
6.213245e-06
6.104908e-06
8.797739e-06
8.733385e-06
8.547868e-06
8.34134e-06
8.134426e-06
7.934538e-06
7.74951e-06
7.580277e-06
7.424444e-06
7.279543e-06
7.143332e-06
7.013874e-06
6.889667e-06
6.769581e-06
6.65276e-06
6.538551e-06
6.426456e-06
6.316089e-06
6.207145e-06
6.09937e-06
8.888052e-06
8.809327e-06
8.59964e-06
8.373086e-06
8.150617e-06
7.939723e-06
7.747648e-06
7.574179e-06
7.41598e-06
7.269939e-06
7.133357e-06
7.003996e-06
6.880163e-06
6.760606e-06
6.644392e-06
6.530822e-06
6.419367e-06
6.30963e-06
6.201274e-06
6.09413e-06
9.00842e-06
8.892247e-06
8.644814e-06
8.393447e-06
8.15431e-06
7.933871e-06
7.737148e-06
7.561814e-06
7.403282e-06
7.257699e-06
7.121922e-06
6.993486e-06
6.870591e-06
6.751936e-06
6.636567e-06
6.523779e-06
6.41304e-06
6.303964e-06
6.196199e-06
6.089647e-06
9.211033e-06
9.013425e-06
8.70426e-06
8.4125e-06
8.149231e-06
7.918953e-06
7.719808e-06
7.545126e-06
7.38834e-06
7.244672e-06
7.110615e-06
6.983641e-06
6.86198e-06
6.744372e-06
6.629901e-06
6.517893e-06
6.407835e-06
6.29936e-06
6.192119e-06
6.086039e-06
9.453312e-06
9.022967e-06
8.688768e-06
8.382763e-06
8.113529e-06
7.88848e-06
7.695822e-06
7.526311e-06
7.373395e-06
7.232551e-06
7.100555e-06
6.975136e-06
6.854695e-06
6.738076e-06
6.624427e-06
6.513115e-06
6.403651e-06
6.295686e-06
6.188889e-06
6.083166e-06
1.055985e-05
9.216964e-06
8.726315e-06
8.368282e-06
8.079672e-06
7.85567e-06
7.668063e-06
7.503659e-06
7.354964e-06
7.217388e-06
7.0879e-06
6.964451e-06
6.84559e-06
6.730264e-06
6.617687e-06
6.507273e-06
6.398568e-06
6.291245e-06
6.185e-06
6.079712e-06
6.040933e-06
5.968993e-06
5.897243e-06
5.82581e-06
5.754671e-06
5.683792e-06
6.040386e-06
5.96846e-06
5.896724e-06
5.825307e-06
5.754185e-06
5.683324e-06
6.039285e-06
5.967387e-06
5.89568e-06
5.824297e-06
5.75321e-06
5.682386e-06
6.037615e-06
5.965763e-06
5.894103e-06
5.822771e-06
5.751739e-06
5.680972e-06
6.035355e-06
5.963572e-06
5.891978e-06
5.820719e-06
5.749765e-06
5.679078e-06
6.032485e-06
5.960796e-06
5.889295e-06
5.818136e-06
5.747285e-06
5.676703e-06
6.028995e-06
5.957432e-06
5.886055e-06
5.815027e-06
5.744312e-06
5.673865e-06
6.024904e-06
5.953499e-06
5.882289e-06
5.811432e-06
5.740886e-06
5.670608e-06
6.020302e-06
5.949083e-06
5.878093e-06
5.807448e-06
5.737109e-06
5.667034e-06
6.015366e-06
5.944355e-06
5.873641e-06
5.803249e-06
5.733149e-06
5.663307e-06
6.010418e-06
5.939629e-06
5.869229e-06
5.799117e-06
5.729274e-06
5.659679e-06
6.005819e-06
5.935257e-06
5.865177e-06
5.795342e-06
5.725753e-06
5.656398e-06
6.001993e-06
5.931657e-06
5.861848e-06
5.792251e-06
5.72288e-06
5.653731e-06
5.998968e-06
5.928862e-06
5.859251e-06
5.789839e-06
5.720645e-06
5.65166e-06
5.996834e-06
5.926936e-06
5.857442e-06
5.788158e-06
5.71909e-06
5.650219e-06
5.994508e-06
5.924846e-06
5.855493e-06
5.78636e-06
5.717434e-06
5.648691e-06
6.041056e-06
5.969114e-06
5.897344e-06
5.825897e-06
5.754746e-06
5.683858e-06
5.613221e-06
5.542822e-06
6.040509e-06
5.968582e-06
5.896825e-06
5.825394e-06
5.754261e-06
5.68339e-06
5.612772e-06
5.542392e-06
6.039409e-06
5.96751e-06
5.895783e-06
5.824384e-06
5.753286e-06
5.682452e-06
5.611871e-06
5.541529e-06
6.037739e-06
5.965887e-06
5.894205e-06
5.822858e-06
5.751815e-06
5.681038e-06
5.610515e-06
5.540232e-06
6.035479e-06
5.963697e-06
5.89208e-06
5.820806e-06
5.74984e-06
5.679142e-06
5.6087e-06
5.538498e-06
6.032606e-06
5.96092e-06
5.889395e-06
5.818219e-06
5.747357e-06
5.676765e-06
5.606428e-06
5.536332e-06
6.02911e-06
5.957551e-06
5.886148e-06
5.815103e-06
5.744376e-06
5.673919e-06
5.603717e-06
5.533754e-06
6.025004e-06
5.953604e-06
5.882368e-06
5.811493e-06
5.740935e-06
5.670647e-06
5.600612e-06
5.530811e-06
6.020374e-06
5.94916e-06
5.878145e-06
5.807483e-06
5.737134e-06
5.66705e-06
5.597213e-06
5.527604e-06
6.015393e-06
5.944386e-06
5.87365e-06
5.803246e-06
5.733138e-06
5.66329e-06
5.593678e-06
5.524284e-06
6.010386e-06
5.939596e-06
5.869184e-06
5.799066e-06
5.72922e-06
5.659622e-06
5.590248e-06
5.521077e-06
6.005719e-06
5.935155e-06
5.865074e-06
5.795241e-06
5.725653e-06
5.656301e-06
5.587157e-06
5.518201e-06
6.001831e-06
5.931493e-06
5.861695e-06
5.792106e-06
5.722742e-06
5.653601e-06
5.584651e-06
5.515877e-06
5.998748e-06
5.928646e-06
5.859052e-06
5.789653e-06
5.720471e-06
5.651497e-06
5.582704e-06
5.514074e-06
5.99654e-06
5.926656e-06
5.857183e-06
5.787917e-06
5.718866e-06
5.650011e-06
5.581328e-06
5.5128e-06
5.994024e-06
5.924392e-06
5.855071e-06
5.785968e-06
5.717069e-06
5.648352e-06
5.579796e-06
5.511384e-06
6.041178e-06
5.969236e-06
5.897446e-06
5.825983e-06
5.754822e-06
5.683924e-06
5.613279e-06
5.542874e-06
6.040632e-06
5.968704e-06
5.896927e-06
5.825481e-06
5.754337e-06
5.683457e-06
5.61283e-06
5.542443e-06
6.039532e-06
5.967633e-06
5.895885e-06
5.824471e-06
5.753362e-06
5.682519e-06
5.611929e-06
5.541581e-06
6.037862e-06
5.966011e-06
5.894308e-06
5.822945e-06
5.751891e-06
5.681104e-06
5.610573e-06
5.540282e-06
6.035602e-06
5.963821e-06
5.892183e-06
5.820892e-06
5.749915e-06
5.679208e-06
5.608757e-06
5.538547e-06
6.032727e-06
5.961044e-06
5.889495e-06
5.818302e-06
5.747429e-06
5.676826e-06
5.606481e-06
5.536377e-06
6.029224e-06
5.957669e-06
5.886242e-06
5.815179e-06
5.744441e-06
5.673973e-06
5.603763e-06
5.533792e-06
6.025105e-06
5.953709e-06
5.882448e-06
5.811555e-06
5.740986e-06
5.670688e-06
5.600644e-06
5.530837e-06
6.020448e-06
5.949239e-06
5.878198e-06
5.807521e-06
5.737161e-06
5.667068e-06
5.597224e-06
5.527609e-06
6.015425e-06
5.944422e-06
5.873664e-06
5.803247e-06
5.733132e-06
5.663276e-06
5.593659e-06
5.524261e-06
6.010361e-06
5.939572e-06
5.869146e-06
5.799021e-06
5.72917e-06
5.65957e-06
5.590194e-06
5.521023e-06
6.00563e-06
5.935064e-06
5.86498e-06
5.795148e-06
5.725561e-06
5.65621e-06
5.587069e-06
5.518115e-06
6.001681e-06
5.931342e-06
5.861551e-06
5.79197e-06
5.722612e-06
5.653477e-06
5.584534e-06
5.515766e-06
5.998542e-06
5.928443e-06
5.858864e-06
5.789478e-06
5.720306e-06
5.651343e-06
5.582559e-06
5.513938e-06
5.996263e-06
5.926392e-06
5.856938e-06
5.787689e-06
5.718654e-06
5.649813e-06
5.581143e-06
5.512628e-06
5.993573e-06
5.923969e-06
5.854677e-06
5.785601e-06
5.716728e-06
5.648034e-06
5.5795e-06
5.511109e-06
6.041295e-06
5.969352e-06
5.897543e-06
5.826067e-06
5.754896e-06
5.683989e-06
5.613336e-06
5.542924e-06
6.040749e-06
5.96882e-06
5.897025e-06
5.825564e-06
5.754411e-06
5.683522e-06
5.612887e-06
5.542493e-06
6.039649e-06
5.96775e-06
5.895983e-06
5.824555e-06
5.753436e-06
5.682583e-06
5.611986e-06
5.54163e-06
6.03798e-06
5.966129e-06
5.894406e-06
5.823029e-06
5.751965e-06
5.681168e-06
5.610629e-06
5.540332e-06
6.035719e-06
5.963939e-06
5.892281e-06
5.820975e-06
5.749988e-06
5.679271e-06
5.608812e-06
5.538595e-06
6.032842e-06
5.961161e-06
5.889591e-06
5.818382e-06
5.747499e-06
5.676886e-06
5.606533e-06
5.536422e-06
6.029333e-06
5.957782e-06
5.886332e-06
5.815253e-06
5.744504e-06
5.674026e-06
5.603808e-06
5.53383e-06
6.025201e-06
5.953811e-06
5.882525e-06
5.811616e-06
5.741037e-06
5.670729e-06
5.600677e-06
5.530863e-06
6.020521e-06
5.949318e-06
5.878253e-06
5.807559e-06
5.73719e-06
5.667088e-06
5.597237e-06
5.527616e-06
6.015461e-06
5.944462e-06
5.873682e-06
5.803253e-06
5.73313e-06
5.663268e-06
5.593646e-06
5.524244e-06
6.010345e-06
5.939558e-06
5.869117e-06
5.798984e-06
5.72913e-06
5.659526e-06
5.590149e-06
5.520977e-06
6.005555e-06
5.934988e-06
5.8649e-06
5.795067e-06
5.725481e-06
5.656131e-06
5.586991e-06
5.51804e-06
6.00155e-06
5.93121e-06
5.861424e-06
5.791849e-06
5.722497e-06
5.653367e-06
5.58443e-06
5.515667e-06
5.998359e-06
5.928264e-06
5.858697e-06
5.789322e-06
5.720159e-06
5.651205e-06
5.58243e-06
5.513817e-06
5.996016e-06
5.926156e-06
5.856719e-06
5.787485e-06
5.718463e-06
5.649635e-06
5.580977e-06
5.512473e-06
5.993173e-06
5.923593e-06
5.854326e-06
5.785274e-06
5.716423e-06
5.647751e-06
5.579236e-06
5.510863e-06
6.041401e-06
5.969457e-06
5.897632e-06
5.826144e-06
5.754964e-06
5.684049e-06
5.613389e-06
5.542971e-06
6.040855e-06
5.968925e-06
5.897114e-06
5.825641e-06
5.754479e-06
5.683581e-06
5.61294e-06
5.54254e-06
6.039756e-06
5.967856e-06
5.896073e-06
5.824632e-06
5.753504e-06
5.682643e-06
5.612039e-06
5.541677e-06
6.038086e-06
5.966235e-06
5.894496e-06
5.823105e-06
5.752032e-06
5.681228e-06
5.610681e-06
5.540378e-06
6.035825e-06
5.964046e-06
5.89237e-06
5.821051e-06
5.750054e-06
5.679329e-06
5.608863e-06
5.53864e-06
6.032946e-06
5.961267e-06
5.889678e-06
5.818456e-06
5.747563e-06
5.676942e-06
5.606581e-06
5.536464e-06
6.029432e-06
5.957885e-06
5.886415e-06
5.815321e-06
5.744562e-06
5.674076e-06
5.60385e-06
5.533866e-06
6.02529e-06
5.953904e-06
5.882597e-06
5.811673e-06
5.741084e-06
5.670768e-06
5.600709e-06
5.530889e-06
6.02059e-06
5.949392e-06
5.878305e-06
5.807598e-06
5.73722e-06
5.66711e-06
5.597253e-06
5.527627e-06
6.015498e-06
5.944503e-06
5.873705e-06
5.803263e-06
5.733133e-06
5.663265e-06
5.593639e-06
5.524233e-06
6.010338e-06
5.939553e-06
5.869098e-06
5.798959e-06
5.7291e-06
5.659493e-06
5.590114e-06
5.52094e-06
6.005498e-06
5.934931e-06
5.864837e-06
5.795003e-06
5.725417e-06
5.656068e-06
5.586929e-06
5.51798e-06
6.001444e-06
5.931104e-06
5.861321e-06
5.79175e-06
5.722402e-06
5.653276e-06
5.584343e-06
5.515585e-06
5.998209e-06
5.928117e-06
5.858559e-06
5.789192e-06
5.720038e-06
5.65109e-06
5.582322e-06
5.513716e-06
5.995808e-06
5.925958e-06
5.856534e-06
5.787313e-06
5.718302e-06
5.649485e-06
5.580837e-06
5.512343e-06
5.992838e-06
5.923279e-06
5.854033e-06
5.785e-06
5.716168e-06
5.647513e-06
5.579015e-06
5.510657e-06
6.041491e-06
5.969546e-06
5.897709e-06
5.82621e-06
5.755023e-06
5.684102e-06
5.613436e-06
5.543012e-06
6.040945e-06
5.969015e-06
5.897191e-06
5.825708e-06
5.754538e-06
5.683634e-06
5.612986e-06
5.542581e-06
6.039846e-06
5.967945e-06
5.89615e-06
5.824698e-06
5.753563e-06
5.682696e-06
5.612085e-06
5.541718e-06
6.038176e-06
5.966325e-06
5.894573e-06
5.823172e-06
5.752091e-06
5.68128e-06
5.610727e-06
5.540419e-06
6.035914e-06
5.964136e-06
5.892447e-06
5.821116e-06
5.750112e-06
5.67938e-06
5.608908e-06
5.538679e-06
6.033034e-06
5.961356e-06
5.889754e-06
5.818519e-06
5.747618e-06
5.676991e-06
5.606624e-06
5.536501e-06
6.029516e-06
5.957971e-06
5.886486e-06
5.81538e-06
5.744613e-06
5.674121e-06
5.603888e-06
5.533899e-06
6.025366e-06
5.953984e-06
5.88266e-06
5.811724e-06
5.741127e-06
5.670804e-06
5.600739e-06
5.530914e-06
6.020651e-06
5.949457e-06
5.878353e-06
5.807634e-06
5.737249e-06
5.667133e-06
5.59727e-06
5.527639e-06
6.015535e-06
5.944543e-06
5.873729e-06
5.803278e-06
5.733141e-06
5.663268e-06
5.593638e-06
5.524229e-06
6.010339e-06
5.939556e-06
5.86909e-06
5.798944e-06
5.729082e-06
5.659473e-06
5.590091e-06
5.520916e-06
6.005461e-06
5.934893e-06
5.864794e-06
5.794959e-06
5.725372e-06
5.656023e-06
5.586884e-06
5.517936e-06
6.001366e-06
5.931026e-06
5.861244e-06
5.791677e-06
5.722332e-06
5.653208e-06
5.584279e-06
5.515523e-06
5.998098e-06
5.928008e-06
5.858455e-06
5.789096e-06
5.719946e-06
5.651004e-06
5.582241e-06
5.51364e-06
5.995649e-06
5.925806e-06
5.856392e-06
5.78718e-06
5.718178e-06
5.649369e-06
5.58073e-06
5.512242e-06
5.992582e-06
5.923038e-06
5.853808e-06
5.78479e-06
5.715972e-06
5.647331e-06
5.578845e-06
5.510498e-06
6.041561e-06
5.969615e-06
5.897771e-06
5.826264e-06
5.755071e-06
5.684145e-06
5.613474e-06
5.543047e-06
6.041015e-06
5.969084e-06
5.897253e-06
5.825761e-06
5.754585e-06
5.683677e-06
5.613025e-06
5.542616e-06
6.039915e-06
5.968015e-06
5.896211e-06
5.824751e-06
5.753611e-06
5.682738e-06
5.612124e-06
5.541752e-06
6.038245e-06
5.966394e-06
5.894634e-06
5.823225e-06
5.752138e-06
5.681322e-06
5.610765e-06
5.540452e-06
6.035983e-06
5.964205e-06
5.892507e-06
5.821168e-06
5.750159e-06
5.679422e-06
5.608945e-06
5.538712e-06
6.033101e-06
5.961425e-06
5.889813e-06
5.81857e-06
5.747663e-06
5.677031e-06
5.606659e-06
5.536532e-06
6.029581e-06
5.958038e-06
5.886543e-06
5.815428e-06
5.744655e-06
5.674158e-06
5.60392e-06
5.533927e-06
6.025425e-06
5.954046e-06
5.882712e-06
5.811766e-06
5.741163e-06
5.670835e-06
5.600766e-06
5.530936e-06
6.0207e-06
5.949509e-06
5.878394e-06
5.807666e-06
5.737275e-06
5.667155e-06
5.597288e-06
5.527654e-06
6.015567e-06
5.944578e-06
5.873754e-06
5.803295e-06
5.733154e-06
5.663277e-06
5.593643e-06
5.524232e-06
6.010348e-06
5.939567e-06
5.869092e-06
5.798942e-06
5.729077e-06
5.659465e-06
5.590081e-06
5.520905e-06
6.005443e-06
5.934876e-06
5.864772e-06
5.794936e-06
5.725348e-06
5.655998e-06
5.58686e-06
5.517911e-06
6.001319e-06
5.93098e-06
5.861198e-06
5.791633e-06
5.722289e-06
5.653167e-06
5.584239e-06
5.515486e-06
5.998029e-06
5.927941e-06
5.858391e-06
5.789036e-06
5.71989e-06
5.650951e-06
5.582191e-06
5.513593e-06
5.995544e-06
5.925706e-06
5.856299e-06
5.787094e-06
5.718097e-06
5.649294e-06
5.580659e-06
5.512176e-06
5.992413e-06
5.92288e-06
5.85366e-06
5.784653e-06
5.715844e-06
5.647211e-06
5.578733e-06
5.510394e-06
6.041607e-06
5.969662e-06
5.897814e-06
5.826302e-06
5.755106e-06
5.684177e-06
5.613503e-06
5.543073e-06
6.041061e-06
5.96913e-06
5.897296e-06
5.825799e-06
5.75462e-06
5.683709e-06
5.613054e-06
5.542642e-06
6.039961e-06
5.968061e-06
5.896254e-06
5.824789e-06
5.753645e-06
5.68277e-06
5.612152e-06
5.541778e-06
6.038291e-06
5.966441e-06
5.894677e-06
5.823262e-06
5.752172e-06
5.681354e-06
5.610794e-06
5.540478e-06
6.036028e-06
5.964251e-06
5.89255e-06
5.821205e-06
5.750192e-06
5.679453e-06
5.608972e-06
5.538737e-06
6.033146e-06
5.96147e-06
5.889855e-06
5.818606e-06
5.747696e-06
5.677061e-06
5.606686e-06
5.536556e-06
6.029624e-06
5.958082e-06
5.886583e-06
5.815463e-06
5.744686e-06
5.674186e-06
5.603946e-06
5.533949e-06
6.025466e-06
5.954088e-06
5.88275e-06
5.811797e-06
5.741192e-06
5.670861e-06
5.600789e-06
5.530957e-06
6.020736e-06
5.949546e-06
5.878427e-06
5.807693e-06
5.737299e-06
5.667176e-06
5.597306e-06
5.52767e-06
6.015596e-06
5.944608e-06
5.873779e-06
5.803315e-06
5.733172e-06
5.663292e-06
5.593656e-06
5.524243e-06
6.010365e-06
5.939585e-06
5.869106e-06
5.798952e-06
5.729085e-06
5.659471e-06
5.590086e-06
5.520909e-06
6.005447e-06
5.934882e-06
5.864773e-06
5.794936e-06
5.725347e-06
5.655997e-06
5.586857e-06
5.517908e-06
6.001306e-06
5.930969e-06
5.861184e-06
5.791621e-06
5.722277e-06
5.653156e-06
5.584228e-06
5.515475e-06
5.998008e-06
5.927921e-06
5.858371e-06
5.789018e-06
5.719873e-06
5.650935e-06
5.582176e-06
5.513578e-06
5.995499e-06
5.925665e-06
5.856259e-06
5.787058e-06
5.718064e-06
5.649263e-06
5.58063e-06
5.512149e-06
5.992338e-06
5.922811e-06
5.853595e-06
5.784592e-06
5.715788e-06
5.647159e-06
5.578685e-06
5.510349e-06
5.613522e-06
5.54309e-06
6.041085e-06
5.969153e-06
5.897321e-06
5.825822e-06
5.754641e-06
5.683729e-06
5.613073e-06
5.54266e-06
6.039984e-06
5.968084e-06
5.896279e-06
5.824811e-06
5.753666e-06
5.68279e-06
5.612171e-06
5.541796e-06
6.038313e-06
5.966463e-06
5.894702e-06
5.823284e-06
5.752193e-06
5.681374e-06
5.610812e-06
5.540495e-06
6.03605e-06
5.964273e-06
5.892575e-06
5.821227e-06
5.750212e-06
5.679472e-06
5.608991e-06
5.538754e-06
6.033167e-06
5.961492e-06
5.889879e-06
5.818628e-06
5.747716e-06
5.67708e-06
5.606705e-06
5.536573e-06
6.029646e-06
5.958103e-06
5.886608e-06
5.815484e-06
5.744706e-06
5.674206e-06
5.603964e-06
5.533967e-06
6.025488e-06
5.95411e-06
5.882775e-06
5.811819e-06
5.741212e-06
5.670881e-06
5.600808e-06
5.530974e-06
6.020759e-06
5.949569e-06
5.878453e-06
5.807716e-06
5.73732e-06
5.667197e-06
5.597326e-06
5.527688e-06
6.015621e-06
5.944633e-06
5.873805e-06
5.803339e-06
5.733195e-06
5.663314e-06
5.593677e-06
5.524262e-06
6.010391e-06
5.939612e-06
5.869132e-06
5.798977e-06
5.729109e-06
5.659493e-06
5.590107e-06
5.520928e-06
6.005475e-06
5.934911e-06
5.864799e-06
5.794962e-06
5.725372e-06
5.656019e-06
5.586879e-06
5.517929e-06
6.00133e-06
5.930995e-06
5.861206e-06
5.791643e-06
5.722299e-06
5.653175e-06
5.584247e-06
5.515492e-06
5.998036e-06
5.927951e-06
5.858395e-06
5.789043e-06
5.719896e-06
5.650956e-06
5.582196e-06
5.513597e-06
5.995514e-06
5.925681e-06
5.856272e-06
5.787072e-06
5.718077e-06
5.649275e-06
5.580642e-06
5.512161e-06
5.992356e-06
5.92283e-06
5.853612e-06
5.78461e-06
5.715804e-06
5.647175e-06
5.5787e-06
5.510363e-06
6.039977e-06
5.968077e-06
5.896284e-06
5.824816e-06
5.753671e-06
5.682797e-06
5.612179e-06
6.038306e-06
5.966455e-06
5.894706e-06
5.823288e-06
5.752197e-06
5.68138e-06
5.61082e-06
6.036041e-06
5.964264e-06
5.892578e-06
5.82123e-06
5.750216e-06
5.679479e-06
5.608998e-06
6.033158e-06
5.961481e-06
5.889883e-06
5.81863e-06
5.74772e-06
5.677087e-06
5.606712e-06
6.029636e-06
5.958093e-06
5.886612e-06
5.815487e-06
5.744711e-06
5.674213e-06
5.603972e-06
6.02548e-06
5.9541e-06
5.88278e-06
5.811824e-06
5.741219e-06
5.67089e-06
5.600818e-06
6.020755e-06
5.949564e-06
5.878462e-06
5.807724e-06
5.73733e-06
5.667209e-06
5.597339e-06
6.015624e-06
5.944637e-06
5.87382e-06
5.803354e-06
5.733211e-06
5.663332e-06
5.593696e-06
6.010405e-06
5.939628e-06
5.869153e-06
5.799e-06
5.729132e-06
5.659518e-06
5.590131e-06
6.005503e-06
5.934945e-06
5.864831e-06
5.794995e-06
5.725405e-06
5.656052e-06
5.58691e-06
6.001366e-06
5.931039e-06
5.861241e-06
5.791681e-06
5.722336e-06
5.65321e-06
5.58428e-06
5.998094e-06
5.928013e-06
5.858447e-06
5.789095e-06
5.719946e-06
5.651003e-06
5.58224e-06
5.995559e-06
5.92573e-06
5.856314e-06
5.787114e-06
5.718117e-06
5.649313e-06
5.580677e-06
5.992468e-06
5.922938e-06
5.853712e-06
5.784704e-06
5.715893e-06
5.647257e-06
5.578777e-06
7.038929e-06
6.919904e-06
6.802954e-06
6.687722e-06
6.573952e-06
6.461459e-06
6.350089e-06
6.23975e-06
6.13026e-06
8.568835e-06
8.507889e-06
8.35366e-06
8.183952e-06
8.01613e-06
7.852233e-06
7.697855e-06
7.5535e-06
7.416996e-06
7.286556e-06
7.16078e-06
7.038539e-06
6.919039e-06
6.801739e-06
6.686262e-06
6.572331e-06
6.459747e-06
6.348337e-06
6.238e-06
6.128538e-06
8.584005e-06
8.522735e-06
8.367241e-06
8.195746e-06
8.025905e-06
7.85993e-06
7.703572e-06
7.557433e-06
7.419389e-06
7.287665e-06
7.160854e-06
7.037807e-06
6.917698e-06
6.799959e-06
6.68418e-06
6.57006e-06
6.457374e-06
6.34593e-06
6.23561e-06
6.126196e-06
8.60395e-06
8.542202e-06
8.384866e-06
8.210824e-06
8.038187e-06
7.869399e-06
7.710417e-06
7.561965e-06
7.421962e-06
7.288636e-06
7.160558e-06
7.036541e-06
6.915717e-06
6.797473e-06
6.681362e-06
6.567044e-06
6.454264e-06
6.342807e-06
6.232533e-06
6.1232e-06
8.629454e-06
8.566986e-06
8.40696e-06
8.229335e-06
8.052906e-06
7.880418e-06
7.718079e-06
7.566745e-06
7.424364e-06
7.28914e-06
7.159597e-06
7.034488e-06
6.912881e-06
6.794107e-06
6.677664e-06
6.56317e-06
6.450333e-06
6.338906e-06
6.228725e-06
6.119523e-06
8.661696e-06
8.598126e-06
8.434136e-06
8.251478e-06
8.069955e-06
7.892673e-06
7.72613e-06
7.571309e-06
7.42614e-06
7.288759e-06
7.157606e-06
7.03134e-06
6.908941e-06
6.789662e-06
6.672937e-06
6.558329e-06
6.445504e-06
6.334178e-06
6.224162e-06
6.115165e-06
8.702276e-06
8.636835e-06
8.466836e-06
8.27709e-06
8.088801e-06
7.905431e-06
7.733779e-06
7.574899e-06
7.426615e-06
7.286925e-06
7.154124e-06
7.026738e-06
6.903628e-06
6.783949e-06
6.667057e-06
6.552452e-06
6.43975e-06
6.328636e-06
6.218883e-06
6.110193e-06
8.75392e-06
8.685224e-06
8.505917e-06
8.306108e-06
8.108821e-06
7.917786e-06
7.740058e-06
7.576617e-06
7.425025e-06
7.283029e-06
7.148703e-06
7.020377e-06
6.896759e-06
6.776885e-06
6.660019e-06
6.545594e-06
6.433174e-06
6.322411e-06
6.213041e-06
6.104783e-06
8.820201e-06
8.744792e-06
8.550653e-06
8.336729e-06
8.127789e-06
7.927532e-06
7.743085e-06
7.575007e-06
7.420336e-06
7.27641e-06
7.14098e-06
7.012128e-06
6.888378e-06
6.768635e-06
6.65207e-06
6.538052e-06
6.4261e-06
6.315839e-06
6.206972e-06
6.099261e-06
8.909449e-06
8.819813e-06
8.601426e-06
8.36776e-06
8.143812e-06
7.932726e-06
7.741301e-06
7.569024e-06
7.411995e-06
7.266931e-06
7.131133e-06
7.002378e-06
6.878999e-06
6.759778e-06
6.643811e-06
6.530422e-06
6.419097e-06
6.309452e-06
6.201168e-06
6.094061e-06
9.032273e-06
8.909196e-06
8.650133e-06
8.390201e-06
8.149153e-06
7.927973e-06
7.731598e-06
7.557281e-06
7.399795e-06
7.255106e-06
7.120051e-06
6.992167e-06
6.86968e-06
6.75132e-06
6.63616e-06
6.52352e-06
6.412885e-06
6.303877e-06
6.196169e-06
6.089627e-06
9.216516e-06
9.020242e-06
8.703322e-06
8.407949e-06
8.144534e-06
7.913997e-06
7.715515e-06
7.541809e-06
7.385896e-06
7.242947e-06
7.109452e-06
6.982892e-06
6.861523e-06
6.744117e-06
6.629783e-06
6.517865e-06
6.407865e-06
6.299421e-06
6.192211e-06
6.086117e-06
9.514385e-06
9.058835e-06
8.689195e-06
8.383577e-06
8.112538e-06
7.885318e-06
7.692839e-06
7.523922e-06
7.371591e-06
7.231277e-06
7.099706e-06
6.974601e-06
6.854383e-06
6.737919e-06
6.624373e-06
6.513128e-06
6.403708e-06
6.295763e-06
6.188989e-06
6.083255e-06
1.052223e-05
9.272321e-06
8.714651e-06
8.368757e-06
8.080838e-06
7.854661e-06
7.667354e-06
7.503263e-06
7.354855e-06
7.21754e-06
7.08825e-06
6.96493e-06
6.846145e-06
6.730852e-06
6.618281e-06
6.507852e-06
6.399122e-06
6.291762e-06
6.185487e-06
6.080148e-06
7.036495e-06
6.918154e-06
6.801681e-06
6.686784e-06
6.573255e-06
6.460937e-06
6.349699e-06
6.239456e-06
6.13006e-06
8.636063e-06
8.54139e-06
8.354613e-06
8.172095e-06
8.000748e-06
7.837155e-06
7.685409e-06
7.544124e-06
7.410194e-06
7.28171e-06
7.157347e-06
7.036096e-06
6.917281e-06
6.800459e-06
6.685318e-06
6.57163e-06
6.45922e-06
6.347944e-06
6.237703e-06
6.128337e-06
8.651173e-06
8.556156e-06
8.368116e-06
8.183801e-06
8.010436e-06
7.844778e-06
7.691068e-06
7.548014e-06
7.412556e-06
7.282797e-06
7.157406e-06
7.035351e-06
6.91593e-06
6.79867e-06
6.68323e-06
6.569353e-06
6.456843e-06
6.345534e-06
6.235311e-06
6.125997e-06
8.671037e-06
8.575517e-06
8.385638e-06
8.19876e-06
8.022603e-06
7.854152e-06
7.697839e-06
7.552491e-06
7.415091e-06
7.283742e-06
7.157091e-06
7.034072e-06
6.91394e-06
6.796178e-06
6.680406e-06
6.566334e-06
6.453733e-06
6.342413e-06
6.232238e-06
6.123009e-06
8.696455e-06
8.600181e-06
8.407623e-06
8.217138e-06
8.037196e-06
7.86507e-06
7.705425e-06
7.55722e-06
7.417459e-06
7.284224e-06
7.156117e-06
7.032011e-06
6.9111e-06
6.792811e-06
6.676711e-06
6.562466e-06
6.449811e-06
6.338524e-06
6.228445e-06
6.119353e-06
8.728598e-06
8.631175e-06
8.434666e-06
8.239114e-06
8.054098e-06
7.877218e-06
7.713405e-06
7.561741e-06
7.419214e-06
7.283836e-06
7.154127e-06
7.028869e-06
6.907171e-06
6.788382e-06
6.672005e-06
6.55765e-06
6.445011e-06
6.33383e-06
6.223919e-06
6.115038e-06
8.769141e-06
8.669819e-06
8.467319e-06
8.264625e-06
8.072874e-06
7.88995e-06
7.721056e-06
7.565354e-06
7.419724e-06
7.282041e-06
7.150687e-06
7.024313e-06
6.901907e-06
6.782723e-06
6.666184e-06
6.551836e-06
6.439325e-06
6.328357e-06
6.218711e-06
6.110137e-06
8.820762e-06
8.718145e-06
8.50634e-06
8.29353e-06
8.092876e-06
7.902367e-06
7.727435e-06
7.567193e-06
7.41826e-06
7.278268e-06
7.145384e-06
7.018069e-06
6.895157e-06
6.77578e-06
6.65927e-06
6.545104e-06
6.432874e-06
6.322254e-06
6.212988e-06
6.104835e-06
8.887404e-06
8.778232e-06
8.551554e-06
8.324557e-06
8.112346e-06
7.912619e-06
7.730921e-06
7.565989e-06
7.413918e-06
7.271947e-06
7.137927e-06
7.010064e-06
6.887007e-06
6.767752e-06
6.651534e-06
6.537766e-06
6.425993e-06
6.31586e-06
6.207085e-06
6.099453e-06
8.976852e-06
8.853582e-06
8.602333e-06
8.355892e-06
8.129159e-06
7.918706e-06
7.729986e-06
7.560764e-06
7.406225e-06
7.263018e-06
7.128557e-06
7.000737e-06
6.878009e-06
6.759242e-06
6.64359e-06
6.530419e-06
6.419243e-06
6.309696e-06
6.201476e-06
6.09441e-06
9.102005e-06
8.947509e-06
8.654124e-06
8.381063e-06
8.137244e-06
7.916278e-06
7.722167e-06
7.550506e-06
7.395176e-06
7.252098e-06
7.118203e-06
6.991127e-06
6.869194e-06
6.751211e-06
6.636304e-06
6.523827e-06
6.413293e-06
6.30434e-06
6.196661e-06
6.090116e-06
9.28078e-06
9.056082e-06
8.706745e-06
8.40167e-06
8.136331e-06
7.905617e-06
7.708909e-06
7.537251e-06
7.382949e-06
7.241207e-06
7.108584e-06
6.982625e-06
6.861657e-06
6.744511e-06
6.630336e-06
6.518506e-06
6.408547e-06
6.300107e-06
6.192885e-06
6.086749e-06
9.599499e-06
9.107985e-06
8.696027e-06
8.384437e-06
8.110601e-06
7.881223e-06
7.689313e-06
7.521526e-06
7.370182e-06
7.230683e-06
7.099724e-06
6.975039e-06
6.855091e-06
6.738783e-06
6.625316e-06
6.514093e-06
6.40466e-06
6.296676e-06
6.189854e-06
6.084052e-06
1.057781e-05
9.33295e-06
8.721596e-06
8.373223e-06
8.08225e-06
7.853191e-06
7.666108e-06
7.502753e-06
7.355057e-06
7.218346e-06
7.089491e-06
6.966443e-06
6.8478e-06
6.732555e-06
6.619964e-06
6.509473e-06
6.400656e-06
6.293191e-06
6.18681e-06
6.081356e-06
7.033498e-06
6.915998e-06
6.800106e-06
6.685618e-06
6.57238e-06
6.460275e-06
6.349198e-06
6.239074e-06
6.129786e-06
8.755963e-06
8.591002e-06
8.351471e-06
8.153244e-06
7.977337e-06
7.815427e-06
7.668542e-06
7.531886e-06
7.401523e-06
7.275644e-06
7.153099e-06
7.033085e-06
6.915114e-06
6.798875e-06
6.684144e-06
6.570748e-06
6.458553e-06
6.347439e-06
6.237318e-06
6.128063e-06
8.770977e-06
8.605649e-06
8.36483e-06
8.164795e-06
7.986877e-06
7.822927e-06
7.674107e-06
7.535709e-06
7.403837e-06
7.276698e-06
7.153133e-06
7.032322e-06
6.913749e-06
6.797075e-06
6.682046e-06
6.568464e-06
6.45617e-06
6.345025e-06
6.234924e-06
6.125724e-06
8.790717e-06
8.624853e-06
8.38216e-06
8.17955e-06
7.998852e-06
7.832142e-06
7.68076e-06
7.540102e-06
7.406313e-06
7.2776e-06
7.152788e-06
7.03102e-06
6.911741e-06
6.794569e-06
6.679212e-06
6.565438e-06
6.453056e-06
6.341903e-06
6.231853e-06
6.122743e-06
8.815987e-06
8.64933e-06
8.403913e-06
8.197682e-06
8.013219e-06
7.842879e-06
7.688215e-06
7.544739e-06
7.408617e-06
7.278039e-06
7.151782e-06
7.028936e-06
6.908886e-06
6.791193e-06
6.675514e-06
6.561572e-06
6.44914e-06
6.338024e-06
6.228074e-06
6.119107e-06
8.847969e-06
8.680108e-06
8.430684e-06
8.219371e-06
8.029869e-06
7.854835e-06
7.696062e-06
7.549174e-06
7.410316e-06
7.277615e-06
7.149772e-06
7.025786e-06
6.904957e-06
6.786773e-06
6.670824e-06
6.556779e-06
6.44437e-06
6.333364e-06
6.223586e-06
6.114834e-06
8.888396e-06
8.718582e-06
8.463103e-06
8.244641e-06
8.048455e-06
7.867445e-06
7.703649e-06
7.55276e-06
7.410822e-06
7.275831e-06
7.146354e-06
7.021262e-06
6.899737e-06
6.781168e-06
6.665065e-06
6.551035e-06
6.438759e-06
6.327969e-06
6.218457e-06
6.110012e-06
8.939991e-06
8.766817e-06
8.501952e-06
8.273391e-06
8.068395e-06
7.879884e-06
7.710103e-06
7.554698e-06
7.409465e-06
7.272169e-06
7.141169e-06
7.015144e-06
6.893121e-06
6.774367e-06
6.658299e-06
6.544452e-06
6.432456e-06
6.322009e-06
6.21287e-06
6.104832e-06
9.006963e-06
8.82729e-06
8.547488e-06
8.304799e-06
8.088357e-06
7.890659e-06
7.714082e-06
7.553932e-06
7.405507e-06
7.266192e-06
7.134031e-06
7.007443e-06
6.885265e-06
6.766621e-06
6.650833e-06
6.537369e-06
6.425811e-06
6.315831e-06
6.207162e-06
6.099614e-06
9.097104e-06
8.90344e-06
8.598958e-06
8.337082e-06
8.106391e-06
7.897992e-06
7.714278e-06
7.549685e-06
7.39865e-06
7.257986e-06
7.125295e-06
6.998682e-06
6.876774e-06
6.758565e-06
6.643294e-06
6.53038e-06
6.419376e-06
6.30994e-06
6.201788e-06
6.094759e-06
9.224496e-06
9.000834e-06
8.654109e-06
8.36578e-06
8.118018e-06
7.898683e-06
7.709006e-06
7.541443e-06
7.389192e-06
7.248332e-06
7.115964e-06
6.98991e-06
6.868655e-06
6.751115e-06
6.636493e-06
6.524194e-06
6.413764e-06
6.304863e-06
6.197204e-06
6.090645e-06
9.403929e-06
9.111801e-06
8.71011e-06
8.391537e-06
8.122813e-06
7.893066e-06
7.699762e-06
7.531239e-06
7.379248e-06
7.239154e-06
7.10765e-06
6.982421e-06
6.861917e-06
6.745053e-06
6.631038e-06
6.519287e-06
6.409353e-06
6.300902e-06
6.193649e-06
6.087456e-06
9.730656e-06
9.175678e-06
8.710208e-06
8.385128e-06
8.106544e-06
7.87575e-06
7.685109e-06
7.518963e-06
7.368956e-06
7.23046e-06
7.100188e-06
6.975935e-06
6.856233e-06
6.740045e-06
6.626612e-06
6.515369e-06
6.405882e-06
6.297823e-06
6.190918e-06
6.085017e-06
1.070223e-05
9.404947e-06
8.742729e-06
8.381435e-06
8.084631e-06
7.852899e-06
7.665951e-06
7.503353e-06
7.356377e-06
7.220219e-06
7.091715e-06
6.96884e-06
6.850238e-06
6.734943e-06
6.622246e-06
6.511614e-06
6.402639e-06
6.295011e-06
6.188471e-06
6.082856e-06
7.031069e-06
6.914262e-06
6.798842e-06
6.684681e-06
6.571678e-06
6.459743e-06
6.348795e-06
6.238767e-06
6.129568e-06
8.954945e-06
8.631554e-06
8.332733e-06
8.128482e-06
7.950553e-06
7.792842e-06
7.652501e-06
7.520913e-06
7.394055e-06
7.270574e-06
7.149615e-06
7.030643e-06
6.913368e-06
6.797602e-06
6.6832e-06
6.570039e-06
6.458016e-06
6.347032e-06
6.237008e-06
6.127843e-06
8.969818e-06
8.646019e-06
8.345884e-06
8.139831e-06
7.959913e-06
7.800203e-06
7.65797e-06
7.524669e-06
7.396323e-06
7.271595e-06
7.149625e-06
7.029861e-06
6.911987e-06
6.795789e-06
6.681091e-06
6.567746e-06
6.455626e-06
6.344612e-06
6.23461e-06
6.125503e-06
8.989368e-06
8.664977e-06
8.36293e-06
8.154313e-06
7.97165e-06
7.809236e-06
7.664496e-06
7.528976e-06
7.398738e-06
7.272454e-06
7.149248e-06
7.028534e-06
6.909959e-06
6.793267e-06
6.678246e-06
6.564711e-06
6.452506e-06
6.341487e-06
6.231539e-06
6.122526e-06
9.014399e-06
8.68914e-06
8.384318e-06
8.172103e-06
7.985726e-06
7.819754e-06
7.671802e-06
7.533512e-06
7.400973e-06
7.272842e-06
7.148205e-06
7.026423e-06
6.907085e-06
6.789879e-06
6.67454e-06
6.560843e-06
6.448593e-06
6.337615e-06
6.22777e-06
6.118904e-06
9.046097e-06
8.71953e-06
8.410635e-06
8.193384e-06
8.002038e-06
7.831462e-06
7.679487e-06
7.537841e-06
7.402599e-06
7.27237e-06
7.146163e-06
7.023256e-06
6.903151e-06
6.785463e-06
6.669863e-06
6.556071e-06
6.443847e-06
6.332985e-06
6.223314e-06
6.114665e-06
9.086231e-06
8.757581e-06
8.442569e-06
8.218248e-06
8.02031e-06
7.843862e-06
7.686954e-06
7.541362e-06
7.403072e-06
7.270576e-06
7.142756e-06
7.018758e-06
6.897971e-06
6.77991e-06
6.664165e-06
6.550393e-06
6.438306e-06
6.32766e-06
6.218254e-06
6.109909e-06
9.137578e-06
8.805406e-06
8.480965e-06
8.246688e-06
8.040062e-06
7.856224e-06
7.693418e-06
7.543352e-06
7.401792e-06
7.267011e-06
7.137684e-06
7.012767e-06
6.891493e-06
6.773252e-06
6.657544e-06
6.543953e-06
6.432141e-06
6.321829e-06
6.212788e-06
6.104834e-06
9.20456e-06
8.865781e-06
8.526458e-06
8.278279e-06
8.060335e-06
7.867385e-06
7.697801e-06
7.542968e-06
7.398191e-06
7.261375e-06
7.130873e-06
7.005382e-06
6.883936e-06
6.765789e-06
6.650341e-06
6.53711e-06
6.425714e-06
6.315845e-06
6.20725e-06
6.099755e-06
9.295158e-06
8.942467e-06
8.57875e-06
8.311688e-06
8.079601e-06
7.875946e-06
7.69911e-06
7.539685e-06
7.392174e-06
7.253904e-06
7.122784e-06
6.997188e-06
6.875943e-06
6.758167e-06
6.643178e-06
6.530446e-06
6.419557e-06
6.31019e-06
6.202076e-06
6.095057e-06
9.424194e-06
9.042533e-06
8.637521e-06
8.344341e-06
8.094983e-06
7.879883e-06
7.696435e-06
7.533475e-06
7.384311e-06
7.245508e-06
7.114452e-06
6.989219e-06
6.868473e-06
6.751246e-06
6.636809e-06
6.524614e-06
6.414236e-06
6.30535e-06
6.197685e-06
6.091093e-06
9.606033e-06
9.158247e-06
8.699405e-06
8.376568e-06
8.106352e-06
7.879826e-06
7.691329e-06
7.526274e-06
7.37655e-06
7.237922e-06
7.10732e-06
6.982627e-06
6.862431e-06
6.74573e-06
6.631789e-06
6.520055e-06
6.410106e-06
6.301616e-06
6.194315e-06
6.088054e-06
9.939427e-06
9.24018e-06
8.717813e-06
8.384388e-06
8.101645e-06
7.870813e-06
7.68209e-06
7.517615e-06
7.368782e-06
7.231049e-06
7.101224e-06
6.977203e-06
6.857596e-06
6.741415e-06
6.627936e-06
6.516616e-06
6.407038e-06
6.298881e-06
6.191879e-06
6.085872e-06
1.090792e-05
9.483973e-06
8.768215e-06
8.393687e-06
8.090072e-06
7.855817e-06
7.668555e-06
7.506144e-06
7.359369e-06
7.223311e-06
7.094793e-06
6.971813e-06
6.853046e-06
6.737551e-06
6.624638e-06
6.513789e-06
6.404605e-06
6.296778e-06
6.190055e-06
6.084268e-06
7.029227e-06
6.912946e-06
6.797886e-06
6.68398e-06
6.571159e-06
6.459359e-06
6.348512e-06
6.238559e-06
6.129426e-06
9.392375e-06
8.659226e-06
8.286338e-06
8.095835e-06
7.923327e-06
7.77287e-06
7.639356e-06
7.512278e-06
7.388337e-06
7.26674e-06
7.146984e-06
7.028796e-06
6.912046e-06
6.796641e-06
6.682493e-06
6.569516e-06
6.457627e-06
6.346744e-06
6.236795e-06
6.127696e-06
9.407073e-06
8.673422e-06
8.299253e-06
8.107022e-06
7.932574e-06
7.780157e-06
7.64478e-06
7.516006e-06
7.390585e-06
7.267745e-06
7.14698e-06
7.028002e-06
6.910655e-06
6.794818e-06
6.680374e-06
6.567213e-06
6.455228e-06
6.344316e-06
6.234389e-06
6.12535e-06
9.426389e-06
8.692016e-06
8.31597e-06
8.121281e-06
7.944155e-06
7.789087e-06
7.65124e-06
7.520267e-06
7.392965e-06
7.268575e-06
7.146577e-06
7.026652e-06
6.908606e-06
6.792277e-06
6.677512e-06
6.564163e-06
6.452094e-06
6.341178e-06
6.231307e-06
6.122364e-06
9.451113e-06
8.715695e-06
8.336916e-06
8.138777e-06
7.958028e-06
7.799467e-06
7.658453e-06
7.524733e-06
7.395142e-06
7.268913e-06
7.145491e-06
7.024503e-06
6.905698e-06
6.788859e-06
6.67378e-06
6.560272e-06
6.448161e-06
6.33729e-06
6.227523e-06
6.11873e-06
9.482421e-06
8.745445e-06
8.362647e-06
8.159679e-06
7.974079e-06
7.810992e-06
7.666007e-06
7.528958e-06
7.396681e-06
7.268366e-06
7.143385e-06
7.02128e-06
6.901719e-06
6.784407e-06
6.669074e-06
6.555477e-06
6.443398e-06
6.332644e-06
6.223056e-06
6.114481e-06
9.522089e-06
8.782675e-06
8.393847e-06
8.1841e-06
7.992049e-06
7.823173e-06
7.673314e-06
7.532348e-06
7.397043e-06
7.266482e-06
7.139907e-06
7.01673e-06
6.896501e-06
6.778828e-06
6.66336e-06
6.54979e-06
6.437852e-06
6.327317e-06
6.217996e-06
6.109723e-06
9.572916e-06
8.829459e-06
8.431369e-06
8.212076e-06
8.011495e-06
7.835317e-06
7.67962e-06
7.534215e-06
7.395671e-06
7.262858e-06
7.134805e-06
7.010732e-06
6.890032e-06
6.77219e-06
6.656765e-06
6.543378e-06
6.431715e-06
6.321513e-06
6.212553e-06
6.104663e-06
9.639447e-06
8.888678e-06
8.476049e-06
8.243398e-06
8.031659e-06
7.846448e-06
7.684019e-06
7.53387e-06
7.392139e-06
7.257316e-06
7.128105e-06
7.003464e-06
6.882592e-06
6.764838e-06
6.649663e-06
6.536625e-06
6.425365e-06
6.315593e-06
6.207069e-06
6.09962e-06
9.729834e-06
8.964434e-06
8.528247e-06
8.277278e-06
8.051422e-06
7.855526e-06
7.68583e-06
7.531056e-06
7.386563e-06
7.250253e-06
7.12038e-06
6.995588e-06
6.87487e-06
6.757445e-06
6.64269e-06
6.530116e-06
6.419335e-06
6.310039e-06
6.201975e-06
6.094976e-06
9.8592e-06
9.064486e-06
8.589244e-06
8.312814e-06
8.069349e-06
7.861622e-06
7.684897e-06
7.52624e-06
7.379815e-06
7.242735e-06
7.112736e-06
6.988158e-06
6.867823e-06
6.750854e-06
6.63658e-06
6.524487e-06
6.414173e-06
6.305324e-06
6.19768e-06
6.091083e-06
1.004365e-05
9.184192e-06
8.657012e-06
8.350679e-06
8.086035e-06
7.865952e-06
7.683012e-06
7.52138e-06
7.373753e-06
7.236378e-06
7.106504e-06
6.982237e-06
6.862289e-06
6.74573e-06
6.631866e-06
6.52017e-06
6.410234e-06
6.301744e-06
6.194436e-06
6.088148e-06
1.038266e-05
9.296476e-06
8.702973e-06
8.375326e-06
8.093326e-06
7.86512e-06
7.679006e-06
7.516196e-06
7.368381e-06
7.231212e-06
7.101675e-06
6.977789e-06
6.858226e-06
6.742039e-06
6.628526e-06
6.517159e-06
6.407528e-06
6.299316e-06
6.192263e-06
6.086197e-06
1.131925e-05
9.57825e-06
8.792838e-06
8.407223e-06
8.097423e-06
7.861012e-06
7.672774e-06
7.509835e-06
7.362694e-06
7.226306e-06
7.097479e-06
6.97421e-06
6.855172e-06
6.739428e-06
6.626289e-06
6.515238e-06
6.405874e-06
6.297888e-06
6.191026e-06
6.085113e-06
7.027746e-06
6.911885e-06
6.79712e-06
6.683425e-06
6.570758e-06
6.459072e-06
6.34831e-06
6.238419e-06
6.129336e-06
1.02864e-05
8.776578e-06
8.257661e-06
8.064578e-06
7.897801e-06
7.756485e-06
7.62908e-06
7.505568e-06
7.383902e-06
7.263739e-06
7.144898e-06
7.027319e-06
6.910987e-06
6.795876e-06
6.681938e-06
6.569114e-06
6.457338e-06
6.346539e-06
6.236652e-06
6.127602e-06
1.030109e-05
8.79067e-06
8.270515e-06
8.075754e-06
7.907053e-06
7.763782e-06
7.634514e-06
7.509304e-06
7.386156e-06
7.264748e-06
7.144895e-06
7.026524e-06
6.909593e-06
6.794048e-06
6.679813e-06
6.566805e-06
6.454931e-06
6.344103e-06
6.234237e-06
6.125246e-06
1.032039e-05
8.809117e-06
8.287143e-06
8.089994e-06
7.918633e-06
7.772714e-06
7.640976e-06
7.513564e-06
7.388531e-06
7.26557e-06
7.144481e-06
7.02516e-06
6.907528e-06
6.791489e-06
6.676932e-06
6.563734e-06
6.451778e-06
6.340945e-06
6.231134e-06
6.122239e-06
1.034508e-05
8.832589e-06
8.307956e-06
8.107457e-06
7.932489e-06
7.783077e-06
7.648169e-06
7.518004e-06
7.390676e-06
7.265872e-06
7.143356e-06
7.02297e-06
6.904579e-06
6.78803e-06
6.67316e-06
6.559804e-06
6.447805e-06
6.337018e-06
6.227313e-06
6.118569e-06
1.037636e-05
8.862052e-06
8.333495e-06
8.128299e-06
7.948487e-06
7.794536e-06
7.655651e-06
7.522149e-06
7.39213e-06
7.265239e-06
7.141165e-06
7.019665e-06
6.90052e-06
6.783501e-06
6.668381e-06
6.55494e-06
6.442977e-06
6.332311e-06
6.222788e-06
6.114265e-06
1.041603e-05
8.898885e-06
8.364423e-06
8.152617e-06
7.966333e-06
7.806564e-06
7.662795e-06
7.52537e-06
7.392326e-06
7.263196e-06
7.137539e-06
7.014978e-06
6.895177e-06
6.777808e-06
6.662562e-06
6.549156e-06
6.437342e-06
6.326901e-06
6.217651e-06
6.109432e-06
1.046695e-05
8.945118e-06
8.401557e-06
8.180412e-06
7.985529e-06
7.818411e-06
7.668805e-06
7.526954e-06
7.390696e-06
7.259344e-06
7.132236e-06
7.008804e-06
6.888553e-06
6.771034e-06
6.655844e-06
6.542634e-06
6.431104e-06
6.321004e-06
6.212121e-06
6.104289e-06
1.053385e-05
9.003631e-06
8.445752e-06
8.211464e-06
8.005289e-06
7.829111e-06
7.672817e-06
7.526275e-06
7.386886e-06
7.253576e-06
7.125351e-06
7.001382e-06
6.880982e-06
6.763566e-06
6.648639e-06
6.535786e-06
6.424666e-06
6.315002e-06
6.20656e-06
6.099168e-06
1.062517e-05
9.078634e-06
8.497675e-06
8.245192e-06
8.024655e-06
7.837829e-06
7.674376e-06
7.523293e-06
7.381207e-06
7.246449e-06
7.117583e-06
6.993471e-06
6.873228e-06
6.756138e-06
6.641628e-06
6.529236e-06
6.418592e-06
6.309401e-06
6.201418e-06
6.094473e-06
1.075651e-05
9.177514e-06
8.559092e-06
8.281518e-06
8.043129e-06
7.844485e-06
7.673988e-06
7.518961e-06
7.374867e-06
7.239257e-06
7.110191e-06
6.98623e-06
6.866317e-06
6.749643e-06
6.635582e-06
6.523646e-06
6.413451e-06
6.304694e-06
6.197124e-06
6.090571e-06
1.094728e-05
9.299085e-06
8.629667e-06
8.322139e-06
8.062681e-06
7.851377e-06
7.674073e-06
7.515579e-06
7.369898e-06
7.2337e-06
7.104547e-06
6.980745e-06
6.861108e-06
6.744763e-06
6.631051e-06
6.519469e-06
6.409621e-06
6.301198e-06
6.193947e-06
6.087693e-06
1.128576e-05
9.438328e-06
8.699791e-06
8.361564e-06
8.080601e-06
7.857737e-06
7.674699e-06
7.513499e-06
7.366666e-06
7.230053e-06
7.100834e-06
6.97714e-06
6.857696e-06
6.741586e-06
6.628126e-06
6.516796e-06
6.407195e-06
6.299008e-06
6.191977e-06
6.085921e-06
1.213463e-05
9.768709e-06
8.844871e-06
8.426307e-06
8.105735e-06
7.866626e-06
7.676577e-06
7.512543e-06
7.364744e-06
7.227889e-06
7.098714e-06
6.975181e-06
6.855936e-06
6.740028e-06
6.626759e-06
6.515604e-06
6.406158e-06
6.298106e-06
6.191193e-06
6.085233e-06
6.039879e-06
5.967983e-06
5.89623e-06
5.824774e-06
5.753638e-06
5.682776e-06
5.612166e-06
6.038205e-06
5.966358e-06
5.894651e-06
5.823244e-06
5.752163e-06
5.681358e-06
5.610805e-06
6.035937e-06
5.964162e-06
5.89252e-06
5.821184e-06
5.750179e-06
5.679454e-06
5.608981e-06
6.033048e-06
5.961373e-06
5.88982e-06
5.81858e-06
5.747679e-06
5.677058e-06
5.606692e-06
6.029519e-06
5.957974e-06
5.886543e-06
5.815431e-06
5.744665e-06
5.67418e-06
5.603949e-06
6.025355e-06
5.953973e-06
5.882705e-06
5.811763e-06
5.741168e-06
5.670854e-06
5.60079e-06
6.020625e-06
5.949434e-06
5.878384e-06
5.807661e-06
5.737278e-06
5.667171e-06
5.59731e-06
6.015501e-06
5.94452e-06
5.873747e-06
5.803297e-06
5.733165e-06
5.663299e-06
5.593671e-06
6.010303e-06
5.939542e-06
5.869095e-06
5.798957e-06
5.729101e-06
5.659496e-06
5.590116e-06
6.005445e-06
5.934912e-06
5.864804e-06
5.794982e-06
5.725401e-06
5.656052e-06
5.586914e-06
6.001355e-06
5.931056e-06
5.861247e-06
5.791698e-06
5.722357e-06
5.653231e-06
5.584302e-06
5.998171e-06
5.92811e-06
5.858521e-06
5.789173e-06
5.720022e-06
5.651073e-06
5.582306e-06
5.995651e-06
5.925836e-06
5.856402e-06
5.787203e-06
5.718202e-06
5.649392e-06
5.580752e-06
5.992859e-06
5.923309e-06
5.854056e-06
5.785027e-06
5.716195e-06
5.647539e-06
5.57904e-06
6.039695e-06
5.9678e-06
5.896088e-06
5.824662e-06
5.753545e-06
5.6827e-06
5.612103e-06
6.03802e-06
5.966172e-06
5.894508e-06
5.823132e-06
5.752071e-06
5.681282e-06
5.610744e-06
6.035753e-06
5.963975e-06
5.892378e-06
5.821074e-06
5.75009e-06
5.679382e-06
5.608924e-06
6.032871e-06
5.96119e-06
5.889685e-06
5.81848e-06
5.7476e-06
5.676997e-06
5.606646e-06
6.029362e-06
5.957808e-06
5.886427e-06
5.815352e-06
5.744607e-06
5.674141e-06
5.603925e-06
6.025239e-06
5.953846e-06
5.882631e-06
5.811726e-06
5.741152e-06
5.670856e-06
5.600807e-06
6.020583e-06
5.94938e-06
5.87838e-06
5.807693e-06
5.737329e-06
5.667237e-06
5.597388e-06
6.015573e-06
5.944582e-06
5.87385e-06
5.803428e-06
5.733309e-06
5.663452e-06
5.593829e-06
6.010519e-06
5.939754e-06
5.86933e-06
5.799206e-06
5.729354e-06
5.659748e-06
5.590365e-06
6.005819e-06
5.935288e-06
5.865178e-06
5.795352e-06
5.725762e-06
5.656401e-06
5.58725e-06
6.001861e-06
5.931564e-06
5.86173e-06
5.79216e-06
5.722799e-06
5.653651e-06
5.584699e-06
5.998801e-06
5.928731e-06
5.8591e-06
5.789719e-06
5.720537e-06
5.651557e-06
5.58276e-06
5.996415e-06
5.926573e-06
5.85709e-06
5.787848e-06
5.718807e-06
5.649958e-06
5.58128e-06
5.993988e-06
5.924377e-06
5.855056e-06
5.785963e-06
5.71707e-06
5.648355e-06
5.579801e-06
6.039449e-06
5.967558e-06
5.895892e-06
5.824507e-06
5.753418e-06
5.682593e-06
5.612015e-06
6.037772e-06
5.965927e-06
5.894308e-06
5.822976e-06
5.751942e-06
5.681176e-06
5.610656e-06
6.035504e-06
5.963726e-06
5.892177e-06
5.820919e-06
5.749964e-06
5.679278e-06
5.608839e-06
6.032627e-06
5.960943e-06
5.889489e-06
5.818332e-06
5.747481e-06
5.676902e-06
5.60657e-06
6.029135e-06
5.957575e-06
5.886249e-06
5.815224e-06
5.744509e-06
5.674066e-06
5.60387e-06
6.025054e-06
5.953651e-06
5.882493e-06
5.811639e-06
5.741094e-06
5.670819e-06
5.600789e-06
6.020475e-06
5.949262e-06
5.878316e-06
5.807676e-06
5.737337e-06
5.667264e-06
5.59743e-06
6.015587e-06
5.944591e-06
5.873902e-06
5.803515e-06
5.733415e-06
5.663569e-06
5.593955e-06
6.010696e-06
5.939932e-06
5.869531e-06
5.799423e-06
5.729576e-06
5.659972e-06
5.590588e-06
6.006178e-06
5.935651e-06
5.865538e-06
5.795704e-06
5.726104e-06
5.656732e-06
5.587568e-06
6.002386e-06
5.93209e-06
5.862227e-06
5.792627e-06
5.723242e-06
5.654071e-06
5.585095e-06
5.99948e-06
5.929396e-06
5.85972e-06
5.790294e-06
5.721076e-06
5.652061e-06
5.583231e-06
5.997313e-06
5.927428e-06
5.857887e-06
5.788588e-06
5.719497e-06
5.6506e-06
5.581878e-06
5.995378e-06
5.925682e-06
5.856272e-06
5.787095e-06
5.718123e-06
5.649335e-06
5.580711e-06
6.039255e-06
5.967366e-06
5.895736e-06
5.824386e-06
5.753318e-06
5.68251e-06
5.611946e-06
6.037576e-06
5.965731e-06
5.89415e-06
5.822853e-06
5.751841e-06
5.681091e-06
5.610586e-06
6.035306e-06
5.963528e-06
5.892017e-06
5.820796e-06
5.749863e-06
5.679194e-06
5.608771e-06
6.032433e-06
5.960745e-06
5.889332e-06
5.818213e-06
5.747386e-06
5.676824e-06
5.606509e-06
6.028954e-06
5.95739e-06
5.886106e-06
5.815121e-06
5.744429e-06
5.674004e-06
5.603824e-06
6.024908e-06
5.9535e-06
5.882384e-06
5.811569e-06
5.741047e-06
5.670789e-06
5.600774e-06
6.020397e-06
5.949181e-06
5.878273e-06
5.807667e-06
5.737347e-06
5.667287e-06
5.597465e-06
6.015616e-06
5.944621e-06
5.873959e-06
5.803595e-06
5.733506e-06
5.663668e-06
5.594059e-06
6.010864e-06
5.940108e-06
5.869714e-06
5.79961e-06
5.729764e-06
5.660158e-06
5.590771e-06
6.006498e-06
5.935982e-06
5.865852e-06
5.796001e-06
5.726389e-06
5.657005e-06
5.587827e-06
6.002841e-06
5.93255e-06
5.862651e-06
5.793017e-06
5.723608e-06
5.654414e-06
5.585415e-06
6.000063e-06
5.929969e-06
5.860244e-06
5.790774e-06
5.721522e-06
5.652475e-06
5.583614e-06
5.998107e-06
5.928183e-06
5.858583e-06
5.789229e-06
5.72009e-06
5.651148e-06
5.582385e-06
5.996678e-06
5.926895e-06
5.857395e-06
5.788134e-06
5.719084e-06
5.650224e-06
5.581534e-06
6.039136e-06
5.967252e-06
5.895647e-06
5.824322e-06
5.753268e-06
5.682471e-06
5.611917e-06
6.037453e-06
5.965612e-06
5.894057e-06
5.822785e-06
5.751788e-06
5.681049e-06
5.610554e-06
6.035177e-06
5.963401e-06
5.891918e-06
5.820722e-06
5.749804e-06
5.679147e-06
5.608734e-06
6.032293e-06
5.960609e-06
5.889224e-06
5.818131e-06
5.74732e-06
5.67677e-06
5.606465e-06
6.028805e-06
5.957243e-06
5.885989e-06
5.81503e-06
5.744356e-06
5.673943e-06
5.603773e-06
6.024751e-06
5.953349e-06
5.882262e-06
5.811474e-06
5.740968e-06
5.670723e-06
5.600719e-06
6.020242e-06
5.949037e-06
5.878156e-06
5.807574e-06
5.73727e-06
5.667223e-06
5.59741e-06
6.015482e-06
5.944505e-06
5.873863e-06
5.803517e-06
5.733441e-06
5.663613e-06
5.594012e-06
6.01077e-06
5.94004e-06
5.869655e-06
5.799559e-06
5.729721e-06
5.660122e-06
5.590739e-06
6.006458e-06
5.935973e-06
5.865839e-06
5.795985e-06
5.726375e-06
5.656992e-06
5.587815e-06
6.002864e-06
5.932602e-06
5.862687e-06
5.793041e-06
5.723628e-06
5.65443e-06
5.585428e-06
6.000172e-06
5.930095e-06
5.860348e-06
5.79086e-06
5.721597e-06
5.652542e-06
5.583673e-06
5.998408e-06
5.928474e-06
5.858843e-06
5.789462e-06
5.720301e-06
5.651341e-06
5.58256e-06
5.997448e-06
5.927609e-06
5.858049e-06
5.788732e-06
5.719633e-06
5.650727e-06
5.581995e-06
6.039073e-06
5.967199e-06
5.895613e-06
5.824303e-06
5.753261e-06
5.682472e-06
5.611923e-06
6.037385e-06
5.965554e-06
5.894018e-06
5.822762e-06
5.751776e-06
5.681045e-06
5.610555e-06
6.035098e-06
5.963333e-06
5.891868e-06
5.820688e-06
5.749781e-06
5.679132e-06
5.608725e-06
6.032194e-06
5.96052e-06
5.889154e-06
5.818077e-06
5.747277e-06
5.676735e-06
5.606436e-06
6.028669e-06
5.957119e-06
5.885884e-06
5.814943e-06
5.74428e-06
5.673876e-06
5.603714e-06
6.024561e-06
5.953173e-06
5.882107e-06
5.811338e-06
5.740846e-06
5.670611e-06
5.600616e-06
6.019981e-06
5.948796e-06
5.877937e-06
5.807375e-06
5.737088e-06
5.667054e-06
5.597253e-06
6.015141e-06
5.944193e-06
5.873574e-06
5.803249e-06
5.733193e-06
5.663382e-06
5.593796e-06
6.010357e-06
5.939664e-06
5.869302e-06
5.799228e-06
5.729412e-06
5.659833e-06
5.590468e-06
6.005995e-06
5.935554e-06
5.865441e-06
5.795608e-06
5.726022e-06
5.656662e-06
5.587505e-06
6.00239e-06
5.932173e-06
5.862276e-06
5.79265e-06
5.723261e-06
5.654086e-06
5.585105e-06
5.999746e-06
5.929706e-06
5.859975e-06
5.790504e-06
5.721263e-06
5.652228e-06
5.583377e-06
5.998135e-06
5.928219e-06
5.858596e-06
5.789226e-06
5.720077e-06
5.651129e-06
5.58236e-06
5.997533e-06
5.927678e-06
5.858102e-06
5.788773e-06
5.719663e-06
5.65075e-06
5.582012e-06
)
;

boundaryField
{
    inlet
    {
        type            zeroGradient;
    }
    outlet
    {
        type            fixedValue;
        value           nonuniform List<scalar> 0();
    }
    chip_bases
    {
        type            zeroGradient;
    }
    walls
    {
        type            zeroGradient;
    }
    procBoundary13to8
    {
        type            processor;
        value           nonuniform List<scalar> 
12
(
5.613336e-06
5.542924e-06
5.613389e-06
5.542971e-06
5.613436e-06
5.543012e-06
5.613474e-06
5.543047e-06
5.613503e-06
5.543073e-06
5.613522e-06
5.54309e-06
)
;
    }
    procBoundary13to9
    {
        type            processor;
        value           nonuniform List<scalar> 8(5.613163e-06 5.613163e-06 5.542772e-06 5.613221e-06 5.542822e-06 5.472648e-06 5.613279e-06 5.542874e-06);
    }
    procBoundary13to10
    {
        type            processor;
        value           nonuniform List<scalar> 
74
(
5.656495e-06
5.653861e-06
5.651822e-06
5.650428e-06
5.649036e-06
5.612714e-06
5.612714e-06
5.542341e-06
5.611813e-06
5.611813e-06
5.541479e-06
5.610458e-06
5.610458e-06
5.540182e-06
5.608644e-06
5.608644e-06
5.538449e-06
5.606376e-06
5.606376e-06
5.536287e-06
5.603673e-06
5.603673e-06
5.533716e-06
5.600581e-06
5.600581e-06
5.530787e-06
5.597204e-06
5.597204e-06
5.527601e-06
5.5937e-06
5.5937e-06
5.524309e-06
5.590306e-06
5.590306e-06
5.521136e-06
5.587251e-06
5.587251e-06
5.518291e-06
5.584775e-06
5.584775e-06
5.515993e-06
5.582856e-06
5.582856e-06
5.514216e-06
5.581522e-06
5.581522e-06
5.51298e-06
5.580111e-06
5.580111e-06
5.511676e-06
5.472236e-06
5.471412e-06
5.470173e-06
5.468519e-06
5.466457e-06
5.46401e-06
5.461226e-06
5.458202e-06
5.455087e-06
5.452092e-06
5.449416e-06
5.447261e-06
5.445591e-06
5.444412e-06
5.443101e-06
5.461245e-06
5.458203e-06
5.455062e-06
5.452038e-06
5.449334e-06
5.447157e-06
5.445465e-06
5.444252e-06
5.442845e-06
)
;
    }
    procBoundary13to11
    {
        type            processor;
        value           nonuniform List<scalar> 
226
(
5.472693e-06
5.472281e-06
5.471457e-06
5.470217e-06
5.468562e-06
5.466496e-06
5.464042e-06
5.472737e-06
5.472326e-06
5.471501e-06
5.47026e-06
5.468604e-06
5.466535e-06
5.464074e-06
5.461265e-06
5.458206e-06
5.455042e-06
5.451991e-06
5.449262e-06
5.447063e-06
5.445352e-06
5.444108e-06
5.442616e-06
5.472779e-06
5.472367e-06
5.471542e-06
5.470301e-06
5.468643e-06
5.466571e-06
5.464104e-06
5.461286e-06
5.458212e-06
5.455028e-06
5.451954e-06
5.449203e-06
5.446985e-06
5.445257e-06
5.443986e-06
5.442424e-06
5.472816e-06
5.472404e-06
5.471578e-06
5.470337e-06
5.468678e-06
5.466604e-06
5.464132e-06
5.461307e-06
5.458221e-06
5.455021e-06
5.451929e-06
5.44916e-06
5.446926e-06
5.445186e-06
5.443892e-06
5.442276e-06
5.472847e-06
5.472435e-06
5.471609e-06
5.470367e-06
5.468707e-06
5.466631e-06
5.464157e-06
5.461326e-06
5.458232e-06
5.455022e-06
5.451917e-06
5.449136e-06
5.44689e-06
5.445141e-06
5.44383e-06
5.44218e-06
5.47287e-06
5.472458e-06
5.471633e-06
5.470391e-06
5.46873e-06
5.466653e-06
5.464177e-06
5.461344e-06
5.458246e-06
5.455031e-06
5.451919e-06
5.449132e-06
5.44688e-06
5.445127e-06
5.443805e-06
5.442138e-06
5.61353e-06
5.472887e-06
5.543099e-06
5.613081e-06
5.472475e-06
5.542668e-06
5.471649e-06
5.541804e-06
5.470406e-06
5.540503e-06
5.468746e-06
5.538762e-06
5.466669e-06
5.536581e-06
5.464193e-06
5.533975e-06
5.461361e-06
5.530985e-06
5.458263e-06
5.527702e-06
5.455049e-06
5.524281e-06
5.451938e-06
5.520952e-06
5.449151e-06
5.517959e-06
5.446896e-06
5.515524e-06
5.445145e-06
5.513638e-06
5.443816e-06
5.512193e-06
5.44215e-06
5.510435e-06
5.613081e-06
5.541804e-06
5.540503e-06
5.538762e-06
5.536581e-06
5.533975e-06
5.530985e-06
5.527702e-06
5.524281e-06
5.520952e-06
5.517959e-06
5.515524e-06
5.513638e-06
5.512193e-06
5.510435e-06
5.613068e-06
5.541796e-06
5.540494e-06
5.538751e-06
5.536567e-06
5.533958e-06
5.530964e-06
5.52768e-06
5.524262e-06
5.520942e-06
5.517965e-06
5.515546e-06
5.513701e-06
5.512264e-06
5.51068e-06
5.613006e-06
5.541744e-06
5.540444e-06
5.538705e-06
5.536533e-06
5.533946e-06
5.530991e-06
5.527765e-06
5.524423e-06
5.521186e-06
5.518287e-06
5.515922e-06
5.514126e-06
5.512757e-06
5.511389e-06
5.612918e-06
5.541671e-06
5.540371e-06
5.538636e-06
5.536473e-06
5.533906e-06
5.530988e-06
5.527819e-06
5.524554e-06
5.521405e-06
5.518591e-06
5.516294e-06
5.514565e-06
5.513312e-06
5.512235e-06
5.61285e-06
5.541614e-06
5.540313e-06
5.53858e-06
5.536424e-06
5.533873e-06
5.530984e-06
5.527861e-06
5.52466e-06
5.521582e-06
5.518836e-06
5.516592e-06
5.514919e-06
5.513781e-06
5.512996e-06
5.612823e-06
5.541592e-06
5.540289e-06
5.538551e-06
5.536389e-06
5.533831e-06
5.530938e-06
5.527815e-06
5.52462e-06
5.521554e-06
5.518825e-06
5.516602e-06
5.514971e-06
5.51394e-06
5.513421e-06
5.612831e-06
5.541603e-06
5.540294e-06
5.538546e-06
5.536365e-06
5.533777e-06
5.530842e-06
5.527668e-06
5.524417e-06
5.5213e-06
5.518533e-06
5.516299e-06
5.514694e-06
5.513752e-06
5.513432e-06
)
;
    }
    procBoundary13to12
    {
        type            processor;
        value           nonuniform List<scalar> 
436
(
6.131184e-06
6.130624e-06
6.129495e-06
6.127776e-06
6.125445e-06
6.122472e-06
6.118845e-06
6.11458e-06
6.109766e-06
6.10459e-06
6.099386e-06
6.094523e-06
6.09044e-06
6.087181e-06
6.084869e-06
6.082469e-06
6.5744e-06
6.462155e-06
6.350947e-06
6.240728e-06
6.240728e-06
6.57389e-06
6.461609e-06
6.350384e-06
6.240162e-06
6.240162e-06
6.572846e-06
6.460499e-06
6.349242e-06
6.239017e-06
6.239017e-06
6.571222e-06
6.458785e-06
6.347491e-06
6.237269e-06
6.237269e-06
6.568947e-06
6.456412e-06
6.345086e-06
6.234884e-06
6.234884e-06
6.565932e-06
6.453309e-06
6.341974e-06
6.231822e-06
6.231822e-06
6.562073e-06
6.4494e-06
6.338102e-06
6.228048e-06
6.228048e-06
6.557276e-06
6.444624e-06
6.333437e-06
6.223552e-06
6.223552e-06
6.551504e-06
6.438986e-06
6.328018e-06
6.218396e-06
6.218396e-06
6.544846e-06
6.432614e-06
6.321998e-06
6.212749e-06
6.212749e-06
6.537646e-06
6.425868e-06
6.315738e-06
6.206962e-06
6.206962e-06
6.530456e-06
6.419264e-06
6.309712e-06
6.201468e-06
6.201468e-06
6.524115e-06
6.413534e-06
6.30455e-06
6.196815e-06
6.196815e-06
6.518873e-06
6.408855e-06
6.300376e-06
6.193087e-06
6.193087e-06
6.515013e-06
6.405443e-06
6.297353e-06
6.190411e-06
6.190411e-06
6.510465e-06
6.401515e-06
6.293944e-06
6.187445e-06
6.187445e-06
6.68823e-06
6.68778e-06
6.686851e-06
6.685386e-06
6.6833e-06
6.680479e-06
6.676789e-06
6.672088e-06
6.666279e-06
6.65938e-06
6.651685e-06
6.643762e-06
6.636581e-06
6.630515e-06
6.625938e-06
6.620267e-06
6.688639e-06
6.68819e-06
6.802469e-06
6.687262e-06
6.687262e-06
6.80125e-06
6.6858e-06
6.6858e-06
6.799464e-06
6.683716e-06
6.683716e-06
6.796975e-06
6.680899e-06
6.680899e-06
6.793611e-06
6.67721e-06
6.67721e-06
6.789182e-06
6.672506e-06
6.672506e-06
6.783512e-06
6.66668e-06
6.66668e-06
6.776535e-06
6.659738e-06
6.659738e-06
6.768449e-06
6.651959e-06
6.651959e-06
6.759802e-06
6.643904e-06
6.643904e-06
6.751679e-06
6.636556e-06
6.636556e-06
6.744628e-06
6.63031e-06
6.63031e-06
6.739173e-06
6.625535e-06
6.625535e-06
6.732167e-06
6.619519e-06
6.619519e-06
6.68902e-06
6.803718e-06
6.688571e-06
6.688571e-06
7.039122e-06
6.920009e-06
6.920009e-06
8.597592e-06
8.507653e-06
8.35327e-06
8.181701e-06
8.011202e-06
7.848943e-06
7.69612e-06
7.552722e-06
7.416824e-06
7.286695e-06
7.161004e-06
7.038725e-06
6.91914e-06
6.91914e-06
8.612738e-06
8.522507e-06
8.366774e-06
8.193437e-06
8.020913e-06
7.856577e-06
7.701785e-06
7.556613e-06
7.419184e-06
7.287781e-06
7.161062e-06
7.037982e-06
6.917793e-06
6.917793e-06
8.632675e-06
8.542027e-06
8.384326e-06
8.208476e-06
8.033142e-06
7.865989e-06
7.708581e-06
7.561104e-06
7.421724e-06
7.288728e-06
7.16075e-06
7.036707e-06
6.915808e-06
6.915808e-06
8.658139e-06
8.566824e-06
8.406244e-06
8.22688e-06
8.047743e-06
7.876895e-06
7.716155e-06
7.565816e-06
7.424076e-06
7.289198e-06
7.159769e-06
7.034644e-06
6.912971e-06
6.912971e-06
8.690477e-06
8.598175e-06
8.433377e-06
8.249075e-06
8.064787e-06
7.889114e-06
7.724176e-06
7.570352e-06
7.425829e-06
7.288804e-06
7.157773e-06
7.031499e-06
6.909041e-06
6.909041e-06
8.730984e-06
8.636776e-06
8.465642e-06
8.274475e-06
8.083405e-06
7.901678e-06
7.731699e-06
7.573857e-06
7.426253e-06
7.286945e-06
7.154288e-06
7.026909e-06
6.903752e-06
6.903752e-06
8.783405e-06
8.686042e-06
8.505231e-06
8.304119e-06
8.103763e-06
7.914227e-06
7.738111e-06
7.575652e-06
7.424712e-06
7.283088e-06
7.148904e-06
7.02059e-06
6.896932e-06
6.896932e-06
8.8492e-06
8.744083e-06
8.54856e-06
8.334026e-06
8.122125e-06
7.92363e-06
7.740981e-06
7.573971e-06
7.420008e-06
7.276493e-06
7.141232e-06
7.01241e-06
6.888633e-06
6.888633e-06
8.943521e-06
8.823585e-06
8.603941e-06
8.368169e-06
8.13973e-06
7.929824e-06
7.73978e-06
7.568293e-06
7.411838e-06
7.267122e-06
7.131465e-06
7.002735e-06
6.879333e-06
6.879333e-06
9.058848e-06
8.897873e-06
8.646909e-06
8.387698e-06
8.143382e-06
7.924599e-06
7.729988e-06
7.556608e-06
7.399766e-06
7.255446e-06
7.12054e-06
6.992687e-06
6.870177e-06
6.870177e-06
9.289755e-06
9.035594e-06
8.718966e-06
8.412218e-06
8.142239e-06
7.912558e-06
7.714453e-06
7.54122e-06
7.385797e-06
7.243159e-06
7.109814e-06
6.983311e-06
6.861947e-06
6.861947e-06
9.48239e-06
9.024114e-06
8.709635e-06
8.380678e-06
8.108143e-06
7.884875e-06
7.692739e-06
7.524383e-06
7.3725e-06
7.232385e-06
7.100856e-06
6.97571e-06
6.855406e-06
6.855406e-06
1.066916e-05
9.197935e-06
8.765388e-06
8.368993e-06
8.077024e-06
7.85387e-06
7.666114e-06
7.502729e-06
7.354896e-06
7.217941e-06
7.088841e-06
6.965599e-06
6.846821e-06
6.846821e-06
6.040815e-06
5.968876e-06
5.897145e-06
5.825728e-06
5.754598e-06
5.683729e-06
6.040268e-06
5.968342e-06
5.896626e-06
5.825225e-06
5.754112e-06
5.683261e-06
6.039166e-06
5.967269e-06
5.895582e-06
5.824214e-06
5.753137e-06
5.682323e-06
6.037495e-06
5.965643e-06
5.894004e-06
5.822687e-06
5.751666e-06
5.680909e-06
6.035235e-06
5.963451e-06
5.891879e-06
5.820636e-06
5.749693e-06
5.679015e-06
6.032367e-06
5.960676e-06
5.889198e-06
5.818055e-06
5.747216e-06
5.676644e-06
6.028883e-06
5.957316e-06
5.885965e-06
5.814954e-06
5.74425e-06
5.673813e-06
6.024807e-06
5.953397e-06
5.882214e-06
5.811373e-06
5.740838e-06
5.67057e-06
6.020233e-06
5.94901e-06
5.878045e-06
5.807416e-06
5.737086e-06
5.66702e-06
6.015342e-06
5.94433e-06
5.873634e-06
5.803255e-06
5.733162e-06
5.663325e-06
6.010455e-06
5.939666e-06
5.869277e-06
5.79917e-06
5.72933e-06
5.659737e-06
6.005922e-06
5.935363e-06
5.865282e-06
5.795445e-06
5.725853e-06
6.002156e-06
5.931824e-06
5.862002e-06
5.792395e-06
5.723017e-06
5.99919e-06
5.929082e-06
5.859452e-06
5.790025e-06
5.720819e-06
5.99713e-06
5.92722e-06
5.857703e-06
5.7884e-06
5.719315e-06
5.995005e-06
5.925311e-06
5.855924e-06
5.78676e-06
5.717806e-06
)
;
    }
    procBoundary13to14
    {
        type            processor;
        value           nonuniform List<scalar> 
356
(
6.575616e-06
6.463131e-06
6.351737e-06
6.241376e-06
6.131814e-06
6.68935e-06
7.040075e-06
6.921086e-06
6.804144e-06
6.688902e-06
6.688902e-06
8.563013e-06
8.490034e-06
8.342445e-06
8.176675e-06
8.009257e-06
7.848033e-06
7.695704e-06
7.552597e-06
7.416989e-06
7.287192e-06
7.161844e-06
7.161844e-06
6.575826e-06
6.463304e-06
6.351881e-06
6.241496e-06
6.131911e-06
6.689612e-06
7.040665e-06
6.921523e-06
6.804477e-06
6.689164e-06
6.689164e-06
8.546206e-06
8.484906e-06
8.341591e-06
8.179223e-06
8.013211e-06
7.851722e-06
7.698727e-06
7.554877e-06
7.418628e-06
7.288349e-06
7.162664e-06
7.162664e-06
6.575973e-06
6.463427e-06
6.351986e-06
6.241585e-06
6.131986e-06
6.689789e-06
6.576049e-06
6.463496e-06
6.352049e-06
7.041047e-06
6.921808e-06
6.804699e-06
6.689341e-06
6.689341e-06
8.5355e-06
8.481811e-06
8.340992e-06
8.180771e-06
8.015802e-06
7.85414e-06
7.700704e-06
7.556368e-06
7.419697e-06
7.2891e-06
7.163195e-06
7.163195e-06
6.241641e-06
6.132036e-06
6.576049e-06
6.463496e-06
6.352049e-06
6.352049e-06
6.241664e-06
6.132062e-06
7.041205e-06
6.92193e-06
6.804798e-06
6.689427e-06
6.689427e-06
8.530374e-06
8.480943e-06
8.340728e-06
8.181386e-06
8.017064e-06
7.85527e-06
7.701596e-06
7.55703e-06
7.420158e-06
7.289414e-06
7.163412e-06
7.163412e-06
6.576056e-06
6.463511e-06
6.352069e-06
6.241664e-06
6.132062e-06
7.04114e-06
6.921889e-06
6.804777e-06
6.689422e-06
6.689422e-06
6.575457e-06
6.462905e-06
6.35147e-06
6.241074e-06
6.131497e-06
8.530335e-06
8.482265e-06
8.340855e-06
8.181127e-06
8.017071e-06
7.855164e-06
7.701431e-06
7.556879e-06
7.420022e-06
7.289297e-06
7.163321e-06
7.163321e-06
7.040759e-06
6.921616e-06
6.804584e-06
6.689287e-06
6.575457e-06
6.462905e-06
6.35147e-06
6.241074e-06
6.131497e-06
8.535474e-06
8.485601e-06
8.341567e-06
8.179915e-06
8.01558e-06
7.85354e-06
7.699921e-06
7.555653e-06
7.419077e-06
7.288584e-06
7.162796e-06
7.162796e-06
6.041401e-06
5.969457e-06
5.897632e-06
5.826144e-06
5.754964e-06
5.684049e-06
6.041491e-06
5.969546e-06
5.897709e-06
5.82621e-06
5.755023e-06
5.684102e-06
6.041561e-06
5.969615e-06
5.897771e-06
5.826264e-06
5.755071e-06
5.684145e-06
6.041607e-06
5.969662e-06
5.897814e-06
5.826302e-06
5.755106e-06
5.684177e-06
6.041631e-06
5.969685e-06
5.897839e-06
5.826325e-06
5.755127e-06
5.684197e-06
6.041631e-06
5.969685e-06
5.897839e-06
5.826325e-06
5.755127e-06
5.684197e-06
5.684197e-06
6.041078e-06
5.969147e-06
5.897326e-06
5.825826e-06
5.754646e-06
5.683737e-06
6.041078e-06
5.969147e-06
5.897326e-06
5.825826e-06
5.754646e-06
5.683737e-06
7.039114e-06
6.920415e-06
6.803708e-06
6.688648e-06
6.574992e-06
6.462567e-06
6.35123e-06
6.240896e-06
6.131392e-06
8.557878e-06
8.497146e-06
8.343761e-06
8.175263e-06
8.008837e-06
7.846402e-06
7.693441e-06
7.550383e-06
7.415017e-06
7.285538e-06
7.160547e-06
7.160547e-06
7.036687e-06
6.91867e-06
6.802439e-06
6.687714e-06
6.574299e-06
6.462049e-06
6.350843e-06
6.240603e-06
6.131192e-06
8.625152e-06
8.530706e-06
8.344773e-06
8.163471e-06
7.993519e-06
7.831381e-06
7.68104e-06
7.54104e-06
7.408239e-06
7.280709e-06
7.157127e-06
7.157127e-06
7.033699e-06
6.916522e-06
6.800871e-06
6.686553e-06
6.573429e-06
6.461391e-06
6.350345e-06
6.240224e-06
6.13092e-06
8.745119e-06
8.580403e-06
8.341734e-06
8.144731e-06
7.970216e-06
7.809744e-06
7.664242e-06
7.528854e-06
7.399604e-06
7.274669e-06
7.152898e-06
7.152898e-06
7.031278e-06
6.914792e-06
6.799611e-06
6.685621e-06
6.57273e-06
6.460863e-06
6.349946e-06
6.239921e-06
6.130704e-06
8.944201e-06
8.621083e-06
8.32314e-06
8.120111e-06
7.943561e-06
7.787259e-06
7.648272e-06
7.517928e-06
7.392169e-06
7.269622e-06
7.149431e-06
7.149431e-06
7.029439e-06
6.913478e-06
6.798658e-06
6.684921e-06
6.572214e-06
6.460481e-06
6.349664e-06
6.239714e-06
6.130563e-06
9.381754e-06
8.648952e-06
8.276908e-06
8.087575e-06
7.916415e-06
7.767337e-06
7.635157e-06
7.509312e-06
7.386463e-06
7.265796e-06
7.146806e-06
7.146806e-06
7.027954e-06
6.912414e-06
6.797889e-06
6.684365e-06
6.571812e-06
6.460193e-06
6.349462e-06
6.239574e-06
6.130474e-06
1.027577e-05
8.766374e-06
8.248269e-06
8.056325e-06
7.890884e-06
7.750943e-06
7.62487e-06
7.502592e-06
7.382019e-06
7.262788e-06
7.144714e-06
7.144714e-06
6.040981e-06
5.969055e-06
5.897273e-06
5.825785e-06
5.754615e-06
5.683716e-06
6.040799e-06
5.968874e-06
5.897133e-06
5.825675e-06
5.754523e-06
5.68364e-06
6.040554e-06
5.968635e-06
5.896939e-06
5.825522e-06
5.754396e-06
5.683534e-06
6.040363e-06
5.968447e-06
5.896785e-06
5.825402e-06
5.754298e-06
5.683452e-06
6.040246e-06
5.968335e-06
5.896699e-06
5.825339e-06
5.75425e-06
5.683416e-06
6.040184e-06
5.968283e-06
5.896666e-06
5.825323e-06
5.754244e-06
5.683418e-06
)
;
    }
    procBoundary13to15
    {
        type            processor;
        value           nonuniform List<scalar> 
40
(
6.131312e-06
6.574729e-06
6.462418e-06
6.351158e-06
6.2409e-06
6.131444e-06
6.575052e-06
6.462676e-06
6.351367e-06
6.241071e-06
6.131575e-06
6.575352e-06
6.462918e-06
6.351563e-06
6.241232e-06
6.131701e-06
6.040933e-06
5.968993e-06
5.897243e-06
5.82581e-06
5.754671e-06
5.683792e-06
6.041056e-06
5.969114e-06
5.897344e-06
5.825897e-06
5.754746e-06
5.683858e-06
6.041178e-06
5.969236e-06
5.897446e-06
5.825983e-06
5.754822e-06
5.683924e-06
6.041295e-06
5.969352e-06
5.897543e-06
5.826067e-06
5.754896e-06
5.683989e-06
)
;
    }
}


// ************************************************************************* //
