/*--------------------------------*- C++ -*----------------------------------*\
| =========                 |                                                 |
| \\      /  F ield         | OpenFOAM: The Open Source CFD Toolbox           |
|  \\    /   O peration     | Version:  2406                                  |
|   \\  /    A nd           | Website:  www.openfoam.com                      |
|    \\/     M anipulation  |                                                 |
\*---------------------------------------------------------------------------*/
FoamFile
{
    version     2.0;
    format      ascii;
    arch        "LSB;label=32;scalar=64";
    note        "nPoints:6528  nCells:5462  nFaces:17393  nInternalFaces:15379";
    class       labelList;
    location    "constant/polyMesh";
    object      neighbour;
}
// * * * * * * * * * * * * * * * * * * * * * * * * * * * * * * * * * * * * * //


15379
(
1
18
274
2
19
275
3
20
276
4
21
277
5
22
278
6
23
279
7
24
280
8
25
281
9
26
282
10
27
283
11
28
284
12
29
285
13
30
286
14
31
287
15
32
288
16
33
289
17
34
290
35
291
2046
19
36
294
20
37
295
21
38
296
22
39
297
23
40
298
24
41
299
25
42
300
26
43
301
27
44
302
28
45
303
29
46
304
30
47
305
31
48
306
32
49
307
33
50
308
34
51
309
35
52
310
53
311
2055
37
54
314
38
55
315
39
56
316
40
57
317
41
58
318
42
59
319
43
60
320
44
61
321
45
62
322
46
63
323
47
64
324
48
65
325
49
66
326
50
67
327
51
68
328
52
69
329
53
70
330
71
331
2064
55
72
334
56
73
335
57
74
336
58
75
337
59
76
338
60
77
339
61
78
340
62
79
341
63
80
342
64
81
343
65
82
344
66
83
345
67
84
346
68
85
347
69
86
348
70
87
349
71
88
350
89
351
2073
73
90
354
74
91
355
75
92
356
76
93
357
77
94
358
78
95
359
79
96
360
80
97
361
81
98
362
82
99
363
83
100
364
84
101
365
85
102
366
86
103
367
87
104
368
88
105
369
89
106
370
107
371
2082
91
108
374
92
109
375
93
110
376
94
111
377
95
112
378
96
113
379
97
114
380
98
115
381
99
116
382
100
117
383
101
118
384
102
119
385
103
120
386
104
121
387
105
122
388
106
123
389
107
124
390
125
391
2091
109
126
394
110
127
395
111
128
396
112
129
397
113
130
398
114
131
399
115
132
400
116
133
401
117
134
402
118
135
403
119
136
404
120
137
405
121
138
406
122
139
407
123
140
408
124
141
409
125
142
410
143
411
2100
127
144
414
128
145
415
129
146
416
130
147
417
131
148
418
132
149
419
133
150
420
134
151
421
135
152
422
136
153
423
137
154
424
138
155
425
139
156
426
140
157
427
141
158
428
142
159
429
143
160
430
161
431
2108
145
162
434
146
163
435
147
164
436
148
165
437
149
166
438
150
167
439
151
168
440
152
169
441
153
170
442
154
171
443
155
172
444
156
173
445
157
174
446
158
175
447
159
176
448
160
177
449
161
178
450
179
451
2116
163
180
454
164
181
455
165
182
456
166
183
457
167
184
458
168
185
459
169
186
460
170
187
461
171
188
462
172
189
463
173
190
464
174
191
465
175
192
466
176
193
467
177
194
468
178
195
469
179
196
470
197
471
2124
181
198
473
182
199
474
183
200
475
184
201
476
185
202
477
186
203
478
187
204
479
188
205
480
189
206
481
190
207
482
191
208
483
192
209
484
193
210
485
194
211
486
195
212
487
196
213
488
197
214
489
215
490
2132
199
216
492
200
217
493
201
218
494
202
219
495
203
220
496
204
221
497
205
222
498
206
223
499
207
224
500
208
225
501
209
226
502
210
227
503
211
228
504
212
229
505
213
230
506
214
231
507
215
232
508
233
509
2140
217
234
511
218
235
512
219
236
513
220
237
514
221
238
515
222
239
516
223
240
517
224
241
518
225
242
519
226
243
520
227
244
521
228
245
522
229
246
523
230
247
524
231
248
525
232
249
526
233
250
527
251
528
2148
235
252
530
236
253
531
237
254
532
238
255
533
239
256
534
240
257
535
241
258
536
242
259
537
243
260
538
244
261
539
245
262
540
246
263
541
247
264
542
248
265
543
249
266
544
250
267
545
251
268
546
269
547
2155
253
270
548
254
271
549
255
550
256
551
257
552
258
553
259
554
260
555
261
556
262
557
263
558
264
559
265
560
266
561
267
562
268
563
269
564
565
2162
271
566
567
273
292
568
274
293
569
275
294
570
276
295
571
277
296
572
278
297
573
279
298
574
280
299
575
281
300
576
282
301
577
283
302
578
284
303
579
285
304
580
286
305
581
287
306
582
288
307
583
289
308
584
290
309
585
291
310
586
311
587
2165
293
312
588
294
313
589
295
314
590
296
315
591
297
316
592
298
317
593
299
318
594
300
319
595
301
320
596
302
321
597
303
322
598
304
323
599
305
324
600
306
325
601
307
326
602
308
327
603
309
328
604
310
329
605
311
330
606
331
607
2174
313
332
608
314
333
609
315
334
610
316
335
611
317
336
612
318
337
613
319
338
614
320
339
615
321
340
616
322
341
617
323
342
618
324
343
619
325
344
620
326
345
621
327
346
622
328
347
623
329
348
624
330
349
625
331
350
626
351
627
2183
333
352
628
334
353
629
335
354
630
336
355
631
337
356
632
338
357
633
339
358
634
340
359
635
341
360
636
342
361
637
343
362
638
344
363
639
345
364
640
346
365
641
347
366
642
348
367
643
349
368
644
350
369
645
351
370
646
371
647
2192
353
372
648
354
373
649
355
374
650
356
375
651
357
376
652
358
377
653
359
378
654
360
379
655
361
380
656
362
381
657
363
382
658
364
383
659
365
384
660
366
385
661
367
386
662
368
387
663
369
388
664
370
389
665
371
390
666
391
667
2201
373
392
668
374
393
669
375
394
670
376
395
671
377
396
672
378
397
673
379
398
674
380
399
675
381
400
676
382
401
677
383
402
678
384
403
679
385
404
680
386
405
681
387
406
682
388
407
683
389
408
684
390
409
685
391
410
686
411
687
2210
393
412
688
394
413
689
395
414
690
396
415
691
397
416
692
398
417
693
399
418
694
400
419
695
401
420
696
402
421
697
403
422
698
404
423
699
405
424
700
406
425
701
407
426
702
408
427
703
409
428
704
410
429
705
411
430
706
431
707
2219
413
432
708
414
433
709
415
434
710
416
435
711
417
436
712
418
437
713
419
438
714
420
439
715
421
440
716
422
441
717
423
442
718
424
443
719
425
444
720
426
445
721
427
446
722
428
447
723
429
448
724
430
449
725
431
450
726
451
727
2227
433
452
728
434
453
729
435
454
730
436
455
731
437
456
732
438
457
733
439
458
734
440
459
735
441
460
736
442
461
737
443
462
738
444
463
739
445
464
740
446
465
741
447
466
742
448
467
743
449
468
744
450
469
745
451
470
746
471
747
2235
453
748
454
472
749
455
473
750
456
474
751
457
475
752
458
476
753
459
477
754
460
478
755
461
479
756
462
480
757
463
481
758
464
482
759
465
483
760
466
484
761
467
485
762
468
486
763
469
487
764
470
488
765
471
489
766
490
767
2243
473
491
768
474
492
769
475
493
770
476
494
771
477
495
772
478
496
773
479
497
774
480
498
775
481
499
776
482
500
777
483
501
778
484
502
779
485
503
780
486
504
781
487
505
782
488
506
783
489
507
784
490
508
785
509
786
2251
492
510
787
493
511
788
494
512
789
495
513
790
496
514
791
497
515
792
498
516
793
499
517
794
500
518
795
501
519
796
502
520
797
503
521
798
504
522
799
505
523
800
506
524
801
507
525
802
508
526
803
509
527
804
528
805
2259
511
529
806
512
530
807
513
531
808
514
532
809
515
533
810
516
534
811
517
535
812
518
536
813
519
537
814
520
538
815
521
539
816
522
540
817
523
541
818
524
542
819
525
543
820
526
544
821
527
545
822
528
546
823
547
824
2267
530
825
531
548
826
532
549
827
533
550
828
534
551
829
535
552
830
536
553
831
537
554
832
538
555
833
539
556
834
540
557
835
541
558
836
542
559
837
543
560
838
544
561
839
545
562
840
546
563
841
547
564
842
565
843
2275
549
566
844
550
567
845
551
846
552
847
553
848
554
849
555
850
556
851
557
852
558
853
559
854
560
855
561
856
562
857
563
858
564
859
565
860
861
2282
567
862
863
569
588
864
570
589
865
571
590
866
572
591
867
573
592
868
574
593
869
575
594
870
576
595
871
577
596
872
578
597
873
579
598
874
580
599
875
581
600
876
582
601
877
583
602
878
584
603
879
585
604
880
586
605
881
587
606
882
607
883
2285
589
608
884
590
609
885
591
610
886
592
611
887
593
612
888
594
613
889
595
614
890
596
615
891
597
616
892
598
617
893
599
618
894
600
619
895
601
620
896
602
621
897
603
622
898
604
623
899
605
624
900
606
625
901
607
626
902
627
903
2294
609
628
904
610
629
905
611
630
906
612
631
907
613
632
908
614
633
909
615
634
910
616
635
911
617
636
912
618
637
913
619
638
914
620
639
915
621
640
916
622
641
917
623
642
918
624
643
919
625
644
920
626
645
921
627
646
922
647
923
2303
629
648
924
630
649
925
631
650
926
632
651
927
633
652
928
634
653
929
635
654
930
636
655
931
637
656
932
638
657
933
639
658
934
640
659
935
641
660
936
642
661
937
643
662
938
644
663
939
645
664
940
646
665
941
647
666
942
667
943
2312
649
668
944
650
669
945
651
670
946
652
671
947
653
672
948
654
673
949
655
674
950
656
675
951
657
676
952
658
677
953
659
678
954
660
679
955
661
680
956
662
681
957
663
682
958
664
683
959
665
684
960
666
685
961
667
686
962
687
963
2321
669
688
964
670
689
965
671
690
966
672
691
967
673
692
968
674
693
969
675
694
970
676
695
971
677
696
972
678
697
973
679
698
974
680
699
975
681
700
976
682
701
977
683
702
978
684
703
979
685
704
980
686
705
981
687
706
982
707
983
2330
689
708
984
690
709
985
691
710
986
692
711
987
693
712
988
694
713
989
695
714
990
696
715
991
697
716
992
698
717
993
699
718
994
700
719
995
701
720
996
702
721
997
703
722
998
704
723
999
705
724
1000
706
725
1001
707
726
1002
727
1003
2339
709
728
1004
710
729
1005
711
730
1006
712
731
1007
713
732
1008
714
733
1009
715
734
1010
716
735
1011
717
736
1012
718
737
1013
719
738
1014
720
739
1015
721
740
1016
722
741
1017
723
742
1018
724
743
1019
725
744
1020
726
745
1021
727
746
1022
747
1023
2347
729
748
1024
730
749
1025
731
750
1026
732
751
1027
733
752
1028
734
753
1029
735
754
1030
736
755
1031
737
756
1032
738
757
1033
739
758
1034
740
759
1035
741
760
1036
742
761
1037
743
762
1038
744
763
1039
745
764
1040
746
765
1041
747
766
1042
767
1043
2355
749
1044
750
768
1045
751
769
1046
752
770
1047
753
771
1048
754
772
1049
755
773
1050
756
774
1051
757
775
1052
758
776
1053
759
777
1054
760
778
1055
761
779
1056
762
780
1057
763
781
1058
764
782
1059
765
783
1060
766
784
1061
767
785
1062
786
1063
2363
769
787
1064
770
788
1065
771
789
1066
772
790
1067
773
791
1068
774
792
1069
775
793
1070
776
794
1071
777
795
1072
778
796
1073
779
797
1074
780
798
1075
781
799
1076
782
800
1077
783
801
1078
784
802
1079
785
803
1080
786
804
1081
805
1082
2371
788
806
1083
789
807
1084
790
808
1085
791
809
1086
792
810
1087
793
811
1088
794
812
1089
795
813
1090
796
814
1091
797
815
1092
798
816
1093
799
817
1094
800
818
1095
801
819
1096
802
820
1097
803
821
1098
804
822
1099
805
823
1100
824
1101
2379
807
825
1102
808
826
1103
809
827
1104
810
828
1105
811
829
1106
812
830
1107
813
831
1108
814
832
1109
815
833
1110
816
834
1111
817
835
1112
818
836
1113
819
837
1114
820
838
1115
821
839
1116
822
840
1117
823
841
1118
824
842
1119
843
1120
2387
826
1121
827
844
1122
828
845
1123
829
846
1124
830
847
1125
831
848
1126
832
849
1127
833
850
1128
834
851
1129
835
852
1130
836
853
1131
837
854
1132
838
855
1133
839
856
1134
840
857
1135
841
858
1136
842
859
1137
843
860
1138
861
1139
2395
845
862
1140
846
863
1141
847
1142
848
1143
849
1144
850
1145
851
1146
852
1147
853
1148
854
1149
855
1150
856
1151
857
1152
858
1153
859
1154
860
1155
861
1156
1157
2403
863
1158
1159
865
884
1160
866
885
1161
867
886
1162
868
887
1163
869
888
1164
870
889
1165
871
890
1166
872
891
1167
873
892
1168
874
893
1169
875
894
1170
876
895
1171
877
896
1172
878
897
1173
879
898
1174
880
899
1175
881
900
1176
882
901
1177
883
902
1178
903
1179
2411
885
904
1180
886
905
1181
887
906
1182
888
907
1183
889
908
1184
890
909
1185
891
910
1186
892
911
1187
893
912
1188
894
913
1189
895
914
1190
896
915
1191
897
916
1192
898
917
1193
899
918
1194
900
919
1195
901
920
1196
902
921
1197
903
922
1198
923
1199
2420
905
924
1200
906
925
1201
907
926
1202
908
927
1203
909
928
1204
910
929
1205
911
930
1206
912
931
1207
913
932
1208
914
933
1209
915
934
1210
916
935
1211
917
936
1212
918
937
1213
919
938
1214
920
939
1215
921
940
1216
922
941
1217
923
942
1218
943
1219
2429
925
944
1220
926
945
1221
927
946
1222
928
947
1223
929
948
1224
930
949
1225
931
950
1226
932
951
1227
933
952
1228
934
953
1229
935
954
1230
936
955
1231
937
956
1232
938
957
1233
939
958
1234
940
959
1235
941
960
1236
942
961
1237
943
962
1238
963
1239
2438
945
964
1240
946
965
1241
947
966
1242
948
967
1243
949
968
1244
950
969
1245
951
970
1246
952
971
1247
953
972
1248
954
973
1249
955
974
1250
956
975
1251
957
976
1252
958
977
1253
959
978
1254
960
979
1255
961
980
1256
962
981
1257
963
982
1258
983
1259
2447
965
984
1260
966
985
1261
967
986
1262
968
987
1263
969
988
1264
970
989
1265
971
990
1266
972
991
1267
973
992
1268
974
993
1269
975
994
1270
976
995
1271
977
996
1272
978
997
1273
979
998
1274
980
999
1275
981
1000
1276
982
1001
1277
983
1002
1278
1003
1279
2456
985
1004
1280
986
1005
1281
987
1006
1282
988
1007
1283
989
1008
1284
990
1009
1285
991
1010
1286
992
1011
1287
993
1012
1288
994
1013
1289
995
1014
1290
996
1015
1291
997
1016
1292
998
1017
1293
999
1018
1294
1000
1019
1295
1001
1020
1296
1002
1021
1297
1003
1022
1298
1023
1299
2465
1005
1024
1300
1006
1025
1301
1007
1026
1302
1008
1027
1303
1009
1028
1304
1010
1029
1305
1011
1030
1306
1012
1031
1307
1013
1032
1308
1014
1033
1309
1015
1034
1310
1016
1035
1311
1017
1036
1312
1018
1037
1313
1019
1038
1314
1020
1039
1315
1021
1040
1316
1022
1041
1317
1023
1042
1318
1043
1319
2473
1025
1044
1320
1026
1045
1321
1027
1046
1322
1028
1047
1323
1029
1048
1324
1030
1049
1325
1031
1050
1326
1032
1051
1327
1033
1052
1328
1034
1053
1329
1035
1054
1330
1036
1055
1331
1037
1056
1332
1038
1057
1333
1039
1058
1334
1040
1059
1335
1041
1060
1336
1042
1061
1337
1043
1062
1338
1063
1339
2481
1045
1340
1046
1064
1341
1047
1065
1342
1048
1066
1343
1049
1067
1344
1050
1068
1345
1051
1069
1346
1052
1070
1347
1053
1071
1348
1054
1072
1349
1055
1073
1350
1056
1074
1351
1057
1075
1352
1058
1076
1353
1059
1077
1354
1060
1078
1355
1061
1079
1356
1062
1080
1357
1063
1081
1358
1082
1359
2489
1065
1083
1360
1066
1084
1361
1067
1085
1362
1068
1086
1363
1069
1087
1364
1070
1088
1365
1071
1089
1366
1072
1090
1367
1073
1091
1368
1074
1092
1369
1075
1093
1370
1076
1094
1371
1077
1095
1372
1078
1096
1373
1079
1097
1374
1080
1098
1375
1081
1099
1376
1082
1100
1377
1101
1378
2497
1084
1102
1379
1085
1103
1380
1086
1104
1381
1087
1105
1382
1088
1106
1383
1089
1107
1384
1090
1108
1385
1091
1109
1386
1092
1110
1387
1093
1111
1388
1094
1112
1389
1095
1113
1390
1096
1114
1391
1097
1115
1392
1098
1116
1393
1099
1117
1394
1100
1118
1395
1101
1119
1396
1120
1397
2505
1103
1121
1398
1104
1122
1399
1105
1123
1400
1106
1124
1401
1107
1125
1402
1108
1126
1403
1109
1127
1404
1110
1128
1405
1111
1129
1406
1112
1130
1407
1113
1131
1408
1114
1132
1409
1115
1133
1410
1116
1134
1411
1117
1135
1412
1118
1136
1413
1119
1137
1414
1120
1138
1415
1139
1416
2513
1122
1417
1123
1140
1418
1124
1141
1419
1125
1142
1420
1126
1143
1421
1127
1144
1422
1128
1145
1423
1129
1146
1424
1130
1147
1425
1131
1148
1426
1132
1149
1427
1133
1150
1428
1134
1151
1429
1135
1152
1430
1136
1153
1431
1137
1154
1432
1138
1155
1433
1139
1156
1434
1157
1435
2521
1141
1158
1436
1142
1159
1437
1143
1438
1144
1439
1145
1440
1146
1441
1147
1442
1148
1443
1149
1444
1150
1445
1151
1446
1152
1447
1153
1448
1154
1449
1155
1450
1156
1451
1157
1452
1453
2529
1159
1454
1455
1161
1180
1456
1162
1181
1457
1163
1182
1458
1164
1183
1459
1165
1184
1460
1166
1185
1461
1167
1186
1462
1168
1187
1463
1169
1188
1464
1170
1189
1465
1171
1190
1466
1172
1191
1467
1173
1192
1468
1174
1193
1469
1175
1194
1470
1176
1195
1471
1177
1196
1472
1178
1197
1473
1179
1198
1474
1199
1475
2537
1181
1200
1476
1182
1201
1477
1183
1202
1478
1184
1203
1479
1185
1204
1480
1186
1205
1481
1187
1206
1482
1188
1207
1483
1189
1208
1484
1190
1209
1485
1191
1210
1486
1192
1211
1487
1193
1212
1488
1194
1213
1489
1195
1214
1490
1196
1215
1491
1197
1216
1492
1198
1217
1493
1199
1218
1494
1219
1495
2546
1201
1220
1496
1202
1221
1497
1203
1222
1498
1204
1223
1499
1205
1224
1500
1206
1225
1501
1207
1226
1502
1208
1227
1503
1209
1228
1504
1210
1229
1505
1211
1230
1506
1212
1231
1507
1213
1232
1508
1214
1233
1509
1215
1234
1510
1216
1235
1511
1217
1236
1512
1218
1237
1513
1219
1238
1514
1239
1515
2555
1221
1240
1516
1222
1241
1517
1223
1242
1518
1224
1243
1519
1225
1244
1520
1226
1245
1521
1227
1246
1522
1228
1247
1523
1229
1248
1524
1230
1249
1525
1231
1250
1526
1232
1251
1527
1233
1252
1528
1234
1253
1529
1235
1254
1530
1236
1255
1531
1237
1256
1532
1238
1257
1533
1239
1258
1534
1259
1535
2564
1241
1260
1536
1242
1261
1537
1243
1262
1538
1244
1263
1539
1245
1264
1540
1246
1265
1541
1247
1266
1542
1248
1267
1543
1249
1268
1544
1250
1269
1545
1251
1270
1546
1252
1271
1547
1253
1272
1548
1254
1273
1549
1255
1274
1550
1256
1275
1551
1257
1276
1552
1258
1277
1553
1259
1278
1554
1279
1555
2573
1261
1280
1556
1262
1281
1557
1263
1282
1558
1264
1283
1559
1265
1284
1560
1266
1285
1561
1267
1286
1562
1268
1287
1563
1269
1288
1564
1270
1289
1565
1271
1290
1566
1272
1291
1567
1273
1292
1568
1274
1293
1569
1275
1294
1570
1276
1295
1571
1277
1296
1572
1278
1297
1573
1279
1298
1574
1299
1575
2582
1281
1300
1576
1282
1301
1577
1283
1302
1578
1284
1303
1579
1285
1304
1580
1286
1305
1581
1287
1306
1582
1288
1307
1583
1289
1308
1584
1290
1309
1585
1291
1310
1586
1292
1311
1587
1293
1312
1588
1294
1313
1589
1295
1314
1590
1296
1315
1591
1297
1316
1592
1298
1317
1593
1299
1318
1594
1319
1595
2591
1301
1320
1596
1302
1321
1597
1303
1322
1598
1304
1323
1599
1305
1324
1600
1306
1325
1601
1307
1326
1602
1308
1327
1603
1309
1328
1604
1310
1329
1605
1311
1330
1606
1312
1331
1607
1313
1332
1608
1314
1333
1609
1315
1334
1610
1316
1335
1611
1317
1336
1612
1318
1337
1613
1319
1338
1614
1339
1615
2599
1321
1340
1616
1322
1341
1617
1323
1342
1618
1324
1343
1619
1325
1344
1620
1326
1345
1621
1327
1346
1622
1328
1347
1623
1329
1348
1624
1330
1349
1625
1331
1350
1626
1332
1351
1627
1333
1352
1628
1334
1353
1629
1335
1354
1630
1336
1355
1631
1337
1356
1632
1338
1357
1633
1339
1358
1634
1359
1635
2607
1341
1636
1342
1360
1637
1343
1361
1638
1344
1362
1639
1345
1363
1640
1346
1364
1641
1347
1365
1642
1348
1366
1643
1349
1367
1644
1350
1368
1645
1351
1369
1646
1352
1370
1647
1353
1371
1648
1354
1372
1649
1355
1373
1650
1356
1374
1651
1357
1375
1652
1358
1376
1653
1359
1377
1654
1378
1655
2615
1361
1379
1656
1362
1380
1657
1363
1381
1658
1364
1382
1659
1365
1383
1660
1366
1384
1661
1367
1385
1662
1368
1386
1663
1369
1387
1664
1370
1388
1665
1371
1389
1666
1372
1390
1667
1373
1391
1668
1374
1392
1669
1375
1393
1670
1376
1394
1671
1377
1395
1672
1378
1396
1673
1397
1674
2623
1380
1398
1675
1381
1399
1676
1382
1400
1677
1383
1401
1678
1384
1402
1679
1385
1403
1680
1386
1404
1681
1387
1405
1682
1388
1406
1683
1389
1407
1684
1390
1408
1685
1391
1409
1686
1392
1410
1687
1393
1411
1688
1394
1412
1689
1395
1413
1690
1396
1414
1691
1397
1415
1692
1416
1693
2631
1399
1417
1694
1400
1418
1695
1401
1419
1696
1402
1420
1697
1403
1421
1698
1404
1422
1699
1405
1423
1700
1406
1424
1701
1407
1425
1702
1408
1426
1703
1409
1427
1704
1410
1428
1705
1411
1429
1706
1412
1430
1707
1413
1431
1708
1414
1432
1709
1415
1433
1710
1416
1434
1711
1435
1712
2639
1418
1713
1419
1436
1714
1420
1437
1715
1421
1438
1716
1422
1439
1717
1423
1440
1718
1424
1441
1719
1425
1442
1720
1426
1443
1721
1427
1444
1722
1428
1445
1723
1429
1446
1724
1430
1447
1725
1431
1448
1726
1432
1449
1727
1433
1450
1728
1434
1451
1729
1435
1452
1730
1453
1731
2647
1437
1454
1732
1438
1455
1733
1439
1734
1440
1735
1441
1736
1442
1737
1443
1738
1444
1739
1445
1740
1446
1741
1447
1742
1448
1743
1449
1744
1450
1745
1451
1746
1452
1747
1453
1748
1749
2655
1455
1750
1751
1457
1476
1752
1458
1477
1753
1459
1478
1754
1460
1479
1755
1461
1480
1756
1462
1481
1757
1463
1482
1758
1464
1483
1759
1465
1484
1760
1466
1485
1761
1467
1486
1762
1468
1487
1763
1469
1488
1764
1470
1489
1765
1471
1490
1766
1472
1491
1767
1473
1492
1768
1474
1493
1769
1475
1494
1770
1495
1771
2663
1477
1496
1772
1478
1497
1773
1479
1498
1774
1480
1499
1775
1481
1500
1776
1482
1501
1777
1483
1502
1778
1484
1503
1779
1485
1504
1780
1486
1505
1781
1487
1506
1782
1488
1507
1783
1489
1508
1784
1490
1509
1785
1491
1510
1786
1492
1511
1787
1493
1512
1788
1494
1513
1789
1495
1514
1790
1515
1791
2672
1497
1516
1792
1498
1517
1793
1499
1518
1794
1500
1519
1795
1501
1520
1796
1502
1521
1797
1503
1522
1798
1504
1523
1799
1505
1524
1800
1506
1525
1801
1507
1526
1802
1508
1527
1803
1509
1528
1804
1510
1529
1805
1511
1530
1806
1512
1531
1807
1513
1532
1808
1514
1533
1809
1515
1534
1810
1535
1811
2681
1517
1536
1812
1518
1537
1813
1519
1538
1814
1520
1539
1815
1521
1540
1816
1522
1541
1817
1523
1542
1818
1524
1543
1819
1525
1544
1820
1526
1545
1821
1527
1546
1822
1528
1547
1823
1529
1548
1824
1530
1549
1825
1531
1550
1826
1532
1551
1827
1533
1552
1828
1534
1553
1829
1535
1554
1830
1555
1831
2690
1537
1556
1832
1538
1557
1833
1539
1558
1834
1540
1559
1835
1541
1560
1836
1542
1561
1837
1543
1562
1838
1544
1563
1839
1545
1564
1840
1546
1565
1841
1547
1566
1842
1548
1567
1843
1549
1568
1844
1550
1569
1845
1551
1570
1846
1552
1571
1847
1553
1572
1848
1554
1573
1849
1555
1574
1850
1575
1851
2699
1557
1576
1852
1558
1577
1853
1559
1578
1854
1560
1579
1855
1561
1580
1856
1562
1581
1857
1563
1582
1858
1564
1583
1859
1565
1584
1860
1566
1585
1861
1567
1586
1862
1568
1587
1863
1569
1588
1864
1570
1589
1865
1571
1590
1866
1572
1591
1867
1573
1592
1868
1574
1593
1869
1575
1594
1870
1595
1871
2708
1577
1596
1872
1578
1597
1873
1579
1598
1874
1580
1599
1875
1581
1600
1876
1582
1601
1877
1583
1602
1878
1584
1603
1879
1585
1604
1880
1586
1605
1881
1587
1606
1882
1588
1607
1883
1589
1608
1884
1590
1609
1885
1591
1610
1886
1592
1611
1887
1593
1612
1888
1594
1613
1889
1595
1614
1890
1615
1891
2717
1597
1616
1892
1598
1617
1893
1599
1618
1894
1600
1619
1895
1601
1620
1896
1602
1621
1897
1603
1622
1898
1604
1623
1899
1605
1624
1900
1606
1625
1901
1607
1626
1902
1608
1627
1903
1609
1628
1904
1610
1629
1905
1611
1630
1906
1612
1631
1907
1613
1632
1908
1614
1633
1909
1615
1634
1910
1635
1911
2725
1617
1636
1912
1618
1637
1913
1619
1638
1914
1620
1639
1915
1621
1640
1916
1622
1641
1917
1623
1642
1918
1624
1643
1919
1625
1644
1920
1626
1645
1921
1627
1646
1922
1628
1647
1923
1629
1648
1924
1630
1649
1925
1631
1650
1926
1632
1651
1927
1633
1652
1928
1634
1653
1929
1635
1654
1930
1655
1931
2733
1637
1932
1638
1656
1933
1639
1657
1934
1640
1658
1935
1641
1659
1936
1642
1660
1937
1643
1661
1938
1644
1662
1939
1645
1663
1940
1646
1664
1941
1647
1665
1942
1648
1666
1943
1649
1667
1944
1650
1668
1945
1651
1669
1946
1652
1670
1947
1653
1671
1948
1654
1672
1949
1655
1673
1950
1674
1951
2741
1657
1675
1952
1658
1676
1953
1659
1677
1954
1660
1678
1955
1661
1679
1956
1662
1680
1957
1663
1681
1958
1664
1682
1959
1665
1683
1960
1666
1684
1961
1667
1685
1962
1668
1686
1963
1669
1687
1964
1670
1688
1965
1671
1689
1966
1672
1690
1967
1673
1691
1968
1674
1692
1969
1693
1970
2749
1676
1694
1971
1677
1695
1972
1678
1696
1973
1679
1697
1974
1680
1698
1975
1681
1699
1976
1682
1700
1977
1683
1701
1978
1684
1702
1979
1685
1703
1980
1686
1704
1981
1687
1705
1982
1688
1706
1983
1689
1707
1984
1690
1708
1985
1691
1709
1986
1692
1710
1987
1693
1711
1988
1712
1989
2757
1695
1713
1990
1696
1714
1991
1697
1715
1992
1698
1716
1993
1699
1717
1994
1700
1718
1995
1701
1719
1996
1702
1720
1997
1703
1721
1998
1704
1722
1999
1705
1723
2000
1706
1724
2001
1707
1725
2002
1708
1726
2003
1709
1727
2004
1710
1728
2005
1711
1729
2006
1712
1730
2007
1731
2008
2765
1714
2009
1715
1732
2010
1716
1733
2011
1717
1734
2012
1718
1735
2013
1719
1736
2014
1720
1737
2015
1721
1738
2016
1722
1739
2017
1723
1740
2018
1724
1741
2019
1725
1742
2020
1726
1743
2021
1727
1744
2022
1728
1745
2023
1729
1746
2024
1730
1747
2025
1731
1748
2026
1749
2027
2773
1733
1750
2028
1734
1751
2029
1735
2030
1736
2031
1737
2032
1738
2033
1739
2034
1740
2035
1741
2036
1742
2037
1743
2038
1744
2039
1745
2040
1746
2041
1747
2042
1748
2043
1749
2044
2045
2781
1751
1753
1772
2915
1754
1773
2916
1755
1774
2917
1756
1775
2918
1757
1776
2919
1758
1777
2920
1759
1778
2921
1760
1779
2922
1761
1780
2923
1762
1781
2924
1763
1782
2925
1764
1783
2926
1765
1784
2927
1766
1785
2928
1767
1786
2929
1768
1787
2930
1769
1788
2931
1770
1789
2932
1771
1790
2933
1791
2789
2934
1773
1792
2935
1774
1793
2936
1775
1794
2937
1776
1795
2938
1777
1796
2939
1778
1797
2940
1779
1798
2941
1780
1799
2942
1781
1800
2943
1782
1801
2944
1783
1802
2945
1784
1803
2946
1785
1804
2947
1786
1805
2948
1787
1806
2949
1788
1807
2950
1789
1808
2951
1790
1809
2952
1791
1810
2953
1811
2798
2954
1793
1812
2955
1794
1813
2956
1795
1814
2957
1796
1815
2958
1797
1816
2959
1798
1817
2960
1799
1818
2961
1800
1819
2962
1801
1820
2963
1802
1821
2964
1803
1822
2965
1804
1823
2966
1805
1824
2967
1806
1825
2968
1807
1826
2969
1808
1827
2970
1809
1828
2971
1810
1829
2972
1811
1830
2973
1831
2807
2974
1813
1832
2975
1814
1833
2976
1815
1834
2977
1816
1835
2978
1817
1836
2979
1818
1837
2980
1819
1838
2981
1820
1839
2982
1821
1840
2983
1822
1841
2984
1823
1842
2985
1824
1843
2986
1825
1844
2987
1826
1845
2988
1827
1846
2989
1828
1847
2990
1829
1848
2991
1830
1849
2992
1831
1850
2993
1851
2816
2994
1833
1852
2995
1834
1853
2996
1835
1854
2997
1836
1855
2998
1837
1856
2999
1838
1857
3000
1839
1858
3001
1840
1859
3002
1841
1860
3003
1842
1861
3004
1843
1862
3005
1844
1863
3006
1845
1864
3007
1846
1865
3008
1847
1866
3009
1848
1867
3010
1849
1868
3011
1850
1869
3012
1851
1870
3013
1871
2825
3014
1853
1872
3015
1854
1873
3016
1855
1874
3017
1856
1875
3018
1857
1876
3019
1858
1877
3020
1859
1878
3021
1860
1879
3022
1861
1880
3023
1862
1881
3024
1863
1882
3025
1864
1883
3026
1865
1884
3027
1866
1885
3028
1867
1886
3029
1868
1887
3030
1869
1888
3031
1870
1889
3032
1871
1890
3033
1891
2834
3034
1873
1892
3035
1874
1893
3036
1875
1894
3037
1876
1895
3038
1877
1896
3039
1878
1897
3040
1879
1898
3041
1880
1899
3042
1881
1900
3043
1882
1901
3044
1883
1902
3045
1884
1903
3046
1885
1904
3047
1886
1905
3048
1887
1906
3049
1888
1907
3050
1889
1908
3051
1890
1909
3052
1891
1910
3053
1911
2843
3054
1893
1912
3055
1894
1913
3056
1895
1914
3057
1896
1915
3058
1897
1916
3059
1898
1917
3060
1899
1918
3061
1900
1919
3062
1901
1920
3063
1902
1921
3064
1903
1922
3065
1904
1923
3066
1905
1924
3067
1906
1925
3068
1907
1926
3069
1908
1927
3070
1909
1928
3071
1910
1929
3072
1911
1930
3073
1931
2851
3074
1913
1932
3075
1914
1933
3076
1915
1934
3077
1916
1935
3078
1917
1936
3079
1918
1937
3080
1919
1938
3081
1920
1939
3082
1921
1940
3083
1922
1941
3084
1923
1942
3085
1924
1943
3086
1925
1944
3087
1926
1945
3088
1927
1946
3089
1928
1947
3090
1929
1948
3091
1930
1949
3092
1931
1950
3093
1951
2859
3094
1933
3095
1934
1952
3096
1935
1953
3097
1936
1954
3098
1937
1955
3099
1938
1956
3100
1939
1957
3101
1940
1958
3102
1941
1959
3103
1942
1960
3104
1943
1961
3105
1944
1962
3106
1945
1963
3107
1946
1964
3108
1947
1965
3109
1948
1966
3110
1949
1967
3111
1950
1968
3112
1951
1969
3113
1970
2867
3114
1953
1971
3115
1954
1972
3116
1955
1973
3117
1956
1974
3118
1957
1975
3119
1958
1976
3120
1959
1977
3121
1960
1978
3122
1961
1979
3123
1962
1980
3124
1963
1981
3125
1964
1982
3126
1965
1983
3127
1966
1984
3128
1967
1985
3129
1968
1986
3130
1969
1987
3131
1970
1988
3132
1989
2875
3133
1972
1990
3134
1973
1991
3135
1974
1992
3136
1975
1993
3137
1976
1994
3138
1977
1995
3139
1978
1996
3140
1979
1997
3141
1980
1998
3142
1981
1999
3143
1982
2000
3144
1983
2001
3145
1984
2002
3146
1985
2003
3147
1986
2004
3148
1987
2005
3149
1988
2006
3150
1989
2007
3151
2008
2883
3152
1991
2009
3153
1992
2010
3154
1993
2011
3155
1994
2012
3156
1995
2013
3157
1996
2014
3158
1997
2015
3159
1998
2016
3160
1999
2017
3161
2000
2018
3162
2001
2019
3163
2002
2020
3164
2003
2021
3165
2004
2022
3166
2005
2023
3167
2006
2024
3168
2007
2025
3169
2008
2026
3170
2027
2891
3171
2010
3172
2011
2028
3173
2012
2029
3174
2013
2030
3175
2014
2031
3176
2015
2032
3177
2016
2033
3178
2017
2034
3179
2018
2035
3180
2019
2036
3181
2020
2037
3182
2021
2038
3183
2022
2039
3184
2023
2040
3185
2024
2041
3186
2025
2042
3187
2026
2043
3188
2027
2044
3189
2045
2899
3190
2029
3191
2030
3192
2031
3193
2032
3194
2033
3195
2034
3196
2035
3197
2036
3198
2037
3199
2038
3200
2039
3201
2040
3202
2041
3203
2042
3204
2043
3205
2044
3206
2045
3207
2907
3208
2047
2055
2165
2048
2056
2166
2049
2057
2167
2050
2058
2168
2051
2059
2169
2052
2060
2170
2053
2061
2171
2054
2062
2172
2063
2173
2056
2064
2174
2057
2065
2175
2058
2066
2176
2059
2067
2177
2060
2068
2178
2061
2069
2179
2062
2070
2180
2063
2071
2181
2072
2182
2065
2073
2183
2066
2074
2184
2067
2075
2185
2068
2076
2186
2069
2077
2187
2070
2078
2188
2071
2079
2189
2072
2080
2190
2081
2191
2074
2082
2192
2075
2083
2193
2076
2084
2194
2077
2085
2195
2078
2086
2196
2079
2087
2197
2080
2088
2198
2081
2089
2199
2090
2200
2083
2091
2201
2084
2092
2202
2085
2093
2203
2086
2094
2204
2087
2095
2205
2088
2096
2206
2089
2097
2207
2090
2098
2208
2099
2209
2092
2100
2210
2093
2101
2211
2094
2102
2212
2095
2103
2213
2096
2104
2214
2097
2105
2215
2098
2106
2216
2099
2107
2217
2218
2101
2108
2219
2102
2109
2220
2103
2110
2221
2104
2111
2222
2105
2112
2223
2106
2113
2224
2107
2114
2225
2115
2226
2109
2116
2227
2110
2117
2228
2111
2118
2229
2112
2119
2230
2113
2120
2231
2114
2121
2232
2115
2122
2233
2123
2234
2117
2124
2235
2118
2125
2236
2119
2126
2237
2120
2127
2238
2121
2128
2239
2122
2129
2240
2123
2130
2241
2131
2242
2125
2132
2243
2126
2133
2244
2127
2134
2245
2128
2135
2246
2129
2136
2247
2130
2137
2248
2131
2138
2249
2139
2250
2133
2140
2251
2134
2141
2252
2135
2142
2253
2136
2143
2254
2137
2144
2255
2138
2145
2256
2139
2146
2257
2147
2258
2141
2148
2259
2142
2149
2260
2143
2150
2261
2144
2151
2262
2145
2152
2263
2146
2153
2264
2147
2154
2265
2266
2149
2155
2267
2150
2156
2268
2151
2157
2269
2152
2158
2270
2153
2159
2271
2154
2160
2272
2161
2273
2156
2162
2275
2157
2163
2276
2158
2164
2277
2159
2278
2160
2279
2161
2280
2281
2163
2282
2164
2283
2284
2166
2174
2285
2167
2175
2286
2168
2176
2287
2169
2177
2288
2170
2178
2289
2171
2179
2290
2172
2180
2291
2173
2181
2292
2182
2293
2175
2183
2294
2176
2184
2295
2177
2185
2296
2178
2186
2297
2179
2187
2298
2180
2188
2299
2181
2189
2300
2182
2190
2301
2191
2302
2184
2192
2303
2185
2193
2304
2186
2194
2305
2187
2195
2306
2188
2196
2307
2189
2197
2308
2190
2198
2309
2191
2199
2310
2200
2311
2193
2201
2312
2194
2202
2313
2195
2203
2314
2196
2204
2315
2197
2205
2316
2198
2206
2317
2199
2207
2318
2200
2208
2319
2209
2320
2202
2210
2321
2203
2211
2322
2204
2212
2323
2205
2213
2324
2206
2214
2325
2207
2215
2326
2208
2216
2327
2209
2217
2328
2218
2329
2211
2219
2330
2212
2220
2331
2213
2221
2332
2214
2222
2333
2215
2223
2334
2216
2224
2335
2217
2225
2336
2218
2226
2337
2338
2220
2227
2339
2221
2228
2340
2222
2229
2341
2223
2230
2342
2224
2231
2343
2225
2232
2344
2226
2233
2345
2234
2346
2228
2235
2347
2229
2236
2348
2230
2237
2349
2231
2238
2350
2232
2239
2351
2233
2240
2352
2234
2241
2353
2242
2354
2236
2243
2355
2237
2244
2356
2238
2245
2357
2239
2246
2358
2240
2247
2359
2241
2248
2360
2242
2249
2361
2250
2362
2244
2251
2363
2245
2252
2364
2246
2253
2365
2247
2254
2366
2248
2255
2367
2249
2256
2368
2250
2257
2369
2258
2370
2252
2259
2371
2253
2260
2372
2254
2261
2373
2255
2262
2374
2256
2263
2375
2257
2264
2376
2258
2265
2377
2266
2378
2260
2267
2379
2261
2268
2380
2262
2269
2381
2263
2270
2382
2264
2271
2383
2265
2272
2384
2266
2273
2385
2274
2386
2268
2275
2387
2269
2276
2388
2270
2277
2389
2271
2278
2390
2272
2279
2391
2273
2280
2392
2274
2281
2393
2394
2276
2282
2395
2277
2283
2396
2278
2284
2397
2279
2398
2280
2399
2281
2400
2401
2283
2403
2284
2404
2405
2286
2294
2411
2287
2295
2412
2288
2296
2413
2289
2297
2414
2290
2298
2415
2291
2299
2416
2292
2300
2417
2293
2301
2418
2302
2419
2295
2303
2420
2296
2304
2421
2297
2305
2422
2298
2306
2423
2299
2307
2424
2300
2308
2425
2301
2309
2426
2302
2310
2427
2311
2428
2304
2312
2429
2305
2313
2430
2306
2314
2431
2307
2315
2432
2308
2316
2433
2309
2317
2434
2310
2318
2435
2311
2319
2436
2320
2437
2313
2321
2438
2314
2322
2439
2315
2323
2440
2316
2324
2441
2317
2325
2442
2318
2326
2443
2319
2327
2444
2320
2328
2445
2329
2446
2322
2330
2447
2323
2331
2448
2324
2332
2449
2325
2333
2450
2326
2334
2451
2327
2335
2452
2328
2336
2453
2329
2337
2454
2338
2455
2331
2339
2456
2332
2340
2457
2333
2341
2458
2334
2342
2459
2335
2343
2460
2336
2344
2461
2337
2345
2462
2338
2346
2463
2464
2340
2347
2465
2341
2348
2466
2342
2349
2467
2343
2350
2468
2344
2351
2469
2345
2352
2470
2346
2353
2471
2354
2472
2348
2355
2473
2349
2356
2474
2350
2357
2475
2351
2358
2476
2352
2359
2477
2353
2360
2478
2354
2361
2479
2362
2480
2356
2363
2481
2357
2364
2482
2358
2365
2483
2359
2366
2484
2360
2367
2485
2361
2368
2486
2362
2369
2487
2370
2488
2364
2371
2489
2365
2372
2490
2366
2373
2491
2367
2374
2492
2368
2375
2493
2369
2376
2494
2370
2377
2495
2378
2496
2372
2379
2497
2373
2380
2498
2374
2381
2499
2375
2382
2500
2376
2383
2501
2377
2384
2502
2378
2385
2503
2386
2504
2380
2387
2505
2381
2388
2506
2382
2389
2507
2383
2390
2508
2384
2391
2509
2385
2392
2510
2386
2393
2511
2394
2512
2388
2395
2513
2389
2396
2514
2390
2397
2515
2391
2398
2516
2392
2399
2517
2393
2400
2518
2394
2401
2519
2402
2520
2396
2403
2521
2397
2404
2522
2398
2405
2523
2399
2406
2524
2400
2407
2525
2401
2408
2526
2402
2409
2527
2410
2528
2404
2529
2405
2530
2406
2531
2407
2532
2408
2533
2409
2534
2410
2535
2536
2412
2420
2537
2413
2421
2538
2414
2422
2539
2415
2423
2540
2416
2424
2541
2417
2425
2542
2418
2426
2543
2419
2427
2544
2428
2545
2421
2429
2546
2422
2430
2547
2423
2431
2548
2424
2432
2549
2425
2433
2550
2426
2434
2551
2427
2435
2552
2428
2436
2553
2437
2554
2430
2438
2555
2431
2439
2556
2432
2440
2557
2433
2441
2558
2434
2442
2559
2435
2443
2560
2436
2444
2561
2437
2445
2562
2446
2563
2439
2447
2564
2440
2448
2565
2441
2449
2566
2442
2450
2567
2443
2451
2568
2444
2452
2569
2445
2453
2570
2446
2454
2571
2455
2572
2448
2456
2573
2449
2457
2574
2450
2458
2575
2451
2459
2576
2452
2460
2577
2453
2461
2578
2454
2462
2579
2455
2463
2580
2464
2581
2457
2465
2582
2458
2466
2583
2459
2467
2584
2460
2468
2585
2461
2469
2586
2462
2470
2587
2463
2471
2588
2464
2472
2589
2590
2466
2473
2591
2467
2474
2592
2468
2475
2593
2469
2476
2594
2470
2477
2595
2471
2478
2596
2472
2479
2597
2480
2598
2474
2481
2599
2475
2482
2600
2476
2483
2601
2477
2484
2602
2478
2485
2603
2479
2486
2604
2480
2487
2605
2488
2606
2482
2489
2607
2483
2490
2608
2484
2491
2609
2485
2492
2610
2486
2493
2611
2487
2494
2612
2488
2495
2613
2496
2614
2490
2497
2615
2491
2498
2616
2492
2499
2617
2493
2500
2618
2494
2501
2619
2495
2502
2620
2496
2503
2621
2504
2622
2498
2505
2623
2499
2506
2624
2500
2507
2625
2501
2508
2626
2502
2509
2627
2503
2510
2628
2504
2511
2629
2512
2630
2506
2513
2631
2507
2514
2632
2508
2515
2633
2509
2516
2634
2510
2517
2635
2511
2518
2636
2512
2519
2637
2520
2638
2514
2521
2639
2515
2522
2640
2516
2523
2641
2517
2524
2642
2518
2525
2643
2519
2526
2644
2520
2527
2645
2528
2646
2522
2529
2647
2523
2530
2648
2524
2531
2649
2525
2532
2650
2526
2533
2651
2527
2534
2652
2528
2535
2653
2536
2654
2530
2655
2531
2656
2532
2657
2533
2658
2534
2659
2535
2660
2536
2661
2662
2538
2546
2663
2539
2547
2664
2540
2548
2665
2541
2549
2666
2542
2550
2667
2543
2551
2668
2544
2552
2669
2545
2553
2670
2554
2671
2547
2555
2672
2548
2556
2673
2549
2557
2674
2550
2558
2675
2551
2559
2676
2552
2560
2677
2553
2561
2678
2554
2562
2679
2563
2680
2556
2564
2681
2557
2565
2682
2558
2566
2683
2559
2567
2684
2560
2568
2685
2561
2569
2686
2562
2570
2687
2563
2571
2688
2572
2689
2565
2573
2690
2566
2574
2691
2567
2575
2692
2568
2576
2693
2569
2577
2694
2570
2578
2695
2571
2579
2696
2572
2580
2697
2581
2698
2574
2582
2699
2575
2583
2700
2576
2584
2701
2577
2585
2702
2578
2586
2703
2579
2587
2704
2580
2588
2705
2581
2589
2706
2590
2707
2583
2591
2708
2584
2592
2709
2585
2593
2710
2586
2594
2711
2587
2595
2712
2588
2596
2713
2589
2597
2714
2590
2598
2715
2716
2592
2599
2717
2593
2600
2718
2594
2601
2719
2595
2602
2720
2596
2603
2721
2597
2604
2722
2598
2605
2723
2606
2724
2600
2607
2725
2601
2608
2726
2602
2609
2727
2603
2610
2728
2604
2611
2729
2605
2612
2730
2606
2613
2731
2614
2732
2608
2615
2733
2609
2616
2734
2610
2617
2735
2611
2618
2736
2612
2619
2737
2613
2620
2738
2614
2621
2739
2622
2740
2616
2623
2741
2617
2624
2742
2618
2625
2743
2619
2626
2744
2620
2627
2745
2621
2628
2746
2622
2629
2747
2630
2748
2624
2631
2749
2625
2632
2750
2626
2633
2751
2627
2634
2752
2628
2635
2753
2629
2636
2754
2630
2637
2755
2638
2756
2632
2639
2757
2633
2640
2758
2634
2641
2759
2635
2642
2760
2636
2643
2761
2637
2644
2762
2638
2645
2763
2646
2764
2640
2647
2765
2641
2648
2766
2642
2649
2767
2643
2650
2768
2644
2651
2769
2645
2652
2770
2646
2653
2771
2654
2772
2648
2655
2773
2649
2656
2774
2650
2657
2775
2651
2658
2776
2652
2659
2777
2653
2660
2778
2654
2661
2779
2662
2780
2656
2781
2657
2782
2658
2783
2659
2784
2660
2785
2661
2786
2662
2787
2788
2664
2672
2789
2665
2673
2790
2666
2674
2791
2667
2675
2792
2668
2676
2793
2669
2677
2794
2670
2678
2795
2671
2679
2796
2680
2797
2673
2681
2798
2674
2682
2799
2675
2683
2800
2676
2684
2801
2677
2685
2802
2678
2686
2803
2679
2687
2804
2680
2688
2805
2689
2806
2682
2690
2807
2683
2691
2808
2684
2692
2809
2685
2693
2810
2686
2694
2811
2687
2695
2812
2688
2696
2813
2689
2697
2814
2698
2815
2691
2699
2816
2692
2700
2817
2693
2701
2818
2694
2702
2819
2695
2703
2820
2696
2704
2821
2697
2705
2822
2698
2706
2823
2707
2824
2700
2708
2825
2701
2709
2826
2702
2710
2827
2703
2711
2828
2704
2712
2829
2705
2713
2830
2706
2714
2831
2707
2715
2832
2716
2833
2709
2717
2834
2710
2718
2835
2711
2719
2836
2712
2720
2837
2713
2721
2838
2714
2722
2839
2715
2723
2840
2716
2724
2841
2842
2718
2725
2843
2719
2726
2844
2720
2727
2845
2721
2728
2846
2722
2729
2847
2723
2730
2848
2724
2731
2849
2732
2850
2726
2733
2851
2727
2734
2852
2728
2735
2853
2729
2736
2854
2730
2737
2855
2731
2738
2856
2732
2739
2857
2740
2858
2734
2741
2859
2735
2742
2860
2736
2743
2861
2737
2744
2862
2738
2745
2863
2739
2746
2864
2740
2747
2865
2748
2866
2742
2749
2867
2743
2750
2868
2744
2751
2869
2745
2752
2870
2746
2753
2871
2747
2754
2872
2748
2755
2873
2756
2874
2750
2757
2875
2751
2758
2876
2752
2759
2877
2753
2760
2878
2754
2761
2879
2755
2762
2880
2756
2763
2881
2764
2882
2758
2765
2883
2759
2766
2884
2760
2767
2885
2761
2768
2886
2762
2769
2887
2763
2770
2888
2764
2771
2889
2772
2890
2766
2773
2891
2767
2774
2892
2768
2775
2893
2769
2776
2894
2770
2777
2895
2771
2778
2896
2772
2779
2897
2780
2898
2774
2781
2899
2775
2782
2900
2776
2783
2901
2777
2784
2902
2778
2785
2903
2779
2786
2904
2780
2787
2905
2788
2906
2782
2907
2783
2908
2784
2909
2785
2910
2786
2911
2787
2912
2788
2913
2914
2790
2798
4679
2791
2799
4680
2792
2800
4681
2793
2801
4682
2794
2802
4683
2795
2803
4684
2796
2804
4685
2797
2805
4686
2806
4687
2799
2807
4688
2800
2808
4689
2801
2809
4690
2802
2810
4691
2803
2811
4692
2804
2812
4693
2805
2813
4694
2806
2814
4695
2815
4696
2808
2816
4697
2809
2817
4698
2810
2818
4699
2811
2819
4700
2812
2820
4701
2813
2821
4702
2814
2822
4703
2815
2823
4704
2824
4705
2817
2825
4706
2818
2826
4707
2819
2827
4708
2820
2828
4709
2821
2829
4710
2822
2830
4711
2823
2831
4712
2824
2832
4713
2833
4714
2826
2834
4715
2827
2835
4716
2828
2836
4717
2829
2837
4718
2830
2838
4719
2831
2839
4720
2832
2840
4721
2833
2841
4722
2842
4723
2835
2843
4724
2836
2844
4725
2837
2845
4726
2838
2846
4727
2839
2847
4728
2840
2848
4729
2841
2849
4730
2842
2850
4731
4732
2844
2851
4733
2845
2852
4734
2846
2853
4735
2847
2854
4736
2848
2855
4737
2849
2856
4738
2850
2857
4739
2858
4740
2852
2859
4741
2853
2860
4742
2854
2861
4743
2855
2862
4744
2856
2863
4745
2857
2864
4746
2858
2865
4747
2866
4748
2860
2867
4749
2861
2868
4750
2862
2869
4751
2863
2870
4752
2864
2871
4753
2865
2872
4754
2866
2873
4755
2874
4756
2868
2875
4757
2869
2876
4758
2870
2877
4759
2871
2878
4760
2872
2879
4761
2873
2880
4762
2874
2881
4763
2882
4764
2876
2883
4765
2877
2884
4766
2878
2885
4767
2879
2886
4768
2880
2887
4769
2881
2888
4770
2882
2889
4771
2890
4772
2884
2891
4773
2885
2892
4774
2886
2893
4775
2887
2894
4776
2888
2895
4777
2889
2896
4778
2890
2897
4779
2898
4780
2892
2899
4781
2893
2900
4782
2894
2901
4783
2895
2902
4784
2896
2903
4785
2897
2904
4786
2898
2905
4787
2906
4788
2900
2907
4789
2901
2908
4790
2902
2909
4791
2903
2910
4792
2904
2911
4793
2905
2912
4794
2906
2913
4795
2914
4796
2908
4797
2909
4798
2910
4799
2911
4800
2912
4801
2913
4802
2914
4803
4804
2916
2935
3209
2917
2936
3210
2918
2937
3211
2919
2938
3212
2920
2939
3213
2921
2940
3214
2922
2941
3215
2923
2942
3216
2924
2943
3217
2925
2944
3218
2926
2945
3219
2927
2946
3220
2928
2947
3221
2929
2948
3222
2930
2949
3223
2931
2950
3224
2932
2951
3225
2933
2952
3226
2934
2953
3227
2954
3228
4679
2936
2955
3229
2937
2956
3230
2938
2957
3231
2939
2958
3232
2940
2959
3233
2941
2960
3234
2942
2961
3235
2943
2962
3236
2944
2963
3237
2945
2964
3238
2946
2965
3239
2947
2966
3240
2948
2967
3241
2949
2968
3242
2950
2969
3243
2951
2970
3244
2952
2971
3245
2953
2972
3246
2954
2973
3247
2974
3248
4688
2956
2975
3249
2957
2976
3250
2958
2977
3251
2959
2978
3252
2960
2979
3253
2961
2980
3254
2962
2981
3255
2963
2982
3256
2964
2983
3257
2965
2984
3258
2966
2985
3259
2967
2986
3260
2968
2987
3261
2969
2988
3262
2970
2989
3263
2971
2990
3264
2972
2991
3265
2973
2992
3266
2974
2993
3267
2994
3268
4697
2976
2995
3269
2977
2996
3270
2978
2997
3271
2979
2998
3272
2980
2999
3273
2981
3000
3274
2982
3001
3275
2983
3002
3276
2984
3003
3277
2985
3004
3278
2986
3005
3279
2987
3006
3280
2988
3007
3281
2989
3008
3282
2990
3009
3283
2991
3010
3284
2992
3011
3285
2993
3012
3286
2994
3013
3287
3014
3288
4706
2996
3015
3289
2997
3016
3290
2998
3017
3291
2999
3018
3292
3000
3019
3293
3001
3020
3294
3002
3021
3295
3003
3022
3296
3004
3023
3297
3005
3024
3298
3006
3025
3299
3007
3026
3300
3008
3027
3301
3009
3028
3302
3010
3029
3303
3011
3030
3304
3012
3031
3305
3013
3032
3306
3014
3033
3307
3034
3308
4715
3016
3035
3309
3017
3036
3310
3018
3037
3311
3019
3038
3312
3020
3039
3313
3021
3040
3314
3022
3041
3315
3023
3042
3316
3024
3043
3317
3025
3044
3318
3026
3045
3319
3027
3046
3320
3028
3047
3321
3029
3048
3322
3030
3049
3323
3031
3050
3324
3032
3051
3325
3033
3052
3326
3034
3053
3327
3054
3328
4724
3036
3055
3329
3037
3056
3330
3038
3057
3331
3039
3058
3332
3040
3059
3333
3041
3060
3334
3042
3061
3335
3043
3062
3336
3044
3063
3337
3045
3064
3338
3046
3065
3339
3047
3066
3340
3048
3067
3341
3049
3068
3342
3050
3069
3343
3051
3070
3344
3052
3071
3345
3053
3072
3346
3054
3073
3347
3074
3348
4733
3056
3075
3349
3057
3076
3350
3058
3077
3351
3059
3078
3352
3060
3079
3353
3061
3080
3354
3062
3081
3355
3063
3082
3356
3064
3083
3357
3065
3084
3358
3066
3085
3359
3067
3086
3360
3068
3087
3361
3069
3088
3362
3070
3089
3363
3071
3090
3364
3072
3091
3365
3073
3092
3366
3074
3093
3367
3094
3368
4741
3076
3095
3369
3077
3096
3370
3078
3097
3371
3079
3098
3372
3080
3099
3373
3081
3100
3374
3082
3101
3375
3083
3102
3376
3084
3103
3377
3085
3104
3378
3086
3105
3379
3087
3106
3380
3088
3107
3381
3089
3108
3382
3090
3109
3383
3091
3110
3384
3092
3111
3385
3093
3112
3386
3094
3113
3387
3114
3388
4749
3096
3389
3097
3115
3390
3098
3116
3391
3099
3117
3392
3100
3118
3393
3101
3119
3394
3102
3120
3395
3103
3121
3396
3104
3122
3397
3105
3123
3398
3106
3124
3399
3107
3125
3400
3108
3126
3401
3109
3127
3402
3110
3128
3403
3111
3129
3404
3112
3130
3405
3113
3131
3406
3114
3132
3407
3133
3408
4757
3116
3134
3409
3117
3135
3410
3118
3136
3411
3119
3137
3412
3120
3138
3413
3121
3139
3414
3122
3140
3415
3123
3141
3416
3124
3142
3417
3125
3143
3418
3126
3144
3419
3127
3145
3420
3128
3146
3421
3129
3147
3422
3130
3148
3423
3131
3149
3424
3132
3150
3425
3133
3151
3426
3152
3427
4765
3135
3153
3428
3136
3154
3429
3137
3155
3430
3138
3156
3431
3139
3157
3432
3140
3158
3433
3141
3159
3434
3142
3160
3435
3143
3161
3436
3144
3162
3437
3145
3163
3438
3146
3164
3439
3147
3165
3440
3148
3166
3441
3149
3167
3442
3150
3168
3443
3151
3169
3444
3152
3170
3445
3171
3446
4773
3154
3172
3447
3155
3173
3448
3156
3174
3449
3157
3175
3450
3158
3176
3451
3159
3177
3452
3160
3178
3453
3161
3179
3454
3162
3180
3455
3163
3181
3456
3164
3182
3457
3165
3183
3458
3166
3184
3459
3167
3185
3460
3168
3186
3461
3169
3187
3462
3170
3188
3463
3171
3189
3464
3190
3465
4781
3173
3466
3174
3191
3467
3175
3192
3468
3176
3193
3469
3177
3194
3470
3178
3195
3471
3179
3196
3472
3180
3197
3473
3181
3198
3474
3182
3199
3475
3183
3200
3476
3184
3201
3477
3185
3202
3478
3186
3203
3479
3187
3204
3480
3188
3205
3481
3189
3206
3482
3190
3207
3483
3208
3484
4789
3192
3485
3193
3486
3194
3487
3195
3488
3196
3489
3197
3490
3198
3491
3199
3492
3200
3493
3201
3494
3202
3495
3203
3496
3204
3497
3205
3498
3206
3499
3207
3500
3208
3501
3502
4797
3210
3229
3503
3211
3230
3504
3212
3231
3505
3213
3232
3506
3214
3233
3507
3215
3234
3508
3216
3235
3509
3217
3236
3510
3218
3237
3511
3219
3238
3512
3220
3239
3513
3221
3240
3514
3222
3241
3515
3223
3242
3516
3224
3243
3517
3225
3244
3518
3226
3245
3519
3227
3246
3520
3228
3247
3521
3248
3522
4805
3230
3249
3523
3231
3250
3524
3232
3251
3525
3233
3252
3526
3234
3253
3527
3235
3254
3528
3236
3255
3529
3237
3256
3530
3238
3257
3531
3239
3258
3532
3240
3259
3533
3241
3260
3534
3242
3261
3535
3243
3262
3536
3244
3263
3537
3245
3264
3538
3246
3265
3539
3247
3266
3540
3248
3267
3541
3268
3542
4814
3250
3269
3543
3251
3270
3544
3252
3271
3545
3253
3272
3546
3254
3273
3547
3255
3274
3548
3256
3275
3549
3257
3276
3550
3258
3277
3551
3259
3278
3552
3260
3279
3553
3261
3280
3554
3262
3281
3555
3263
3282
3556
3264
3283
3557
3265
3284
3558
3266
3285
3559
3267
3286
3560
3268
3287
3561
3288
3562
4823
3270
3289
3563
3271
3290
3564
3272
3291
3565
3273
3292
3566
3274
3293
3567
3275
3294
3568
3276
3295
3569
3277
3296
3570
3278
3297
3571
3279
3298
3572
3280
3299
3573
3281
3300
3574
3282
3301
3575
3283
3302
3576
3284
3303
3577
3285
3304
3578
3286
3305
3579
3287
3306
3580
3288
3307
3581
3308
3582
4832
3290
3309
3583
3291
3310
3584
3292
3311
3585
3293
3312
3586
3294
3313
3587
3295
3314
3588
3296
3315
3589
3297
3316
3590
3298
3317
3591
3299
3318
3592
3300
3319
3593
3301
3320
3594
3302
3321
3595
3303
3322
3596
3304
3323
3597
3305
3324
3598
3306
3325
3599
3307
3326
3600
3308
3327
3601
3328
3602
4841
3310
3329
3603
3311
3330
3604
3312
3331
3605
3313
3332
3606
3314
3333
3607
3315
3334
3608
3316
3335
3609
3317
3336
3610
3318
3337
3611
3319
3338
3612
3320
3339
3613
3321
3340
3614
3322
3341
3615
3323
3342
3616
3324
3343
3617
3325
3344
3618
3326
3345
3619
3327
3346
3620
3328
3347
3621
3348
3622
4850
3330
3349
3623
3331
3350
3624
3332
3351
3625
3333
3352
3626
3334
3353
3627
3335
3354
3628
3336
3355
3629
3337
3356
3630
3338
3357
3631
3339
3358
3632
3340
3359
3633
3341
3360
3634
3342
3361
3635
3343
3362
3636
3344
3363
3637
3345
3364
3638
3346
3365
3639
3347
3366
3640
3348
3367
3641
3368
3642
4859
3350
3369
3643
3351
3370
3644
3352
3371
3645
3353
3372
3646
3354
3373
3647
3355
3374
3648
3356
3375
3649
3357
3376
3650
3358
3377
3651
3359
3378
3652
3360
3379
3653
3361
3380
3654
3362
3381
3655
3363
3382
3656
3364
3383
3657
3365
3384
3658
3366
3385
3659
3367
3386
3660
3368
3387
3661
3388
3662
4867
3370
3389
3663
3371
3390
3664
3372
3391
3665
3373
3392
3666
3374
3393
3667
3375
3394
3668
3376
3395
3669
3377
3396
3670
3378
3397
3671
3379
3398
3672
3380
3399
3673
3381
3400
3674
3382
3401
3675
3383
3402
3676
3384
3403
3677
3385
3404
3678
3386
3405
3679
3387
3406
3680
3388
3407
3681
3408
3682
4875
3390
3683
3391
3409
3684
3392
3410
3685
3393
3411
3686
3394
3412
3687
3395
3413
3688
3396
3414
3689
3397
3415
3690
3398
3416
3691
3399
3417
3692
3400
3418
3693
3401
3419
3694
3402
3420
3695
3403
3421
3696
3404
3422
3697
3405
3423
3698
3406
3424
3699
3407
3425
3700
3408
3426
3701
3427
3702
4883
3410
3428
3703
3411
3429
3704
3412
3430
3705
3413
3431
3706
3414
3432
3707
3415
3433
3708
3416
3434
3709
3417
3435
3710
3418
3436
3711
3419
3437
3712
3420
3438
3713
3421
3439
3714
3422
3440
3715
3423
3441
3716
3424
3442
3717
3425
3443
3718
3426
3444
3719
3427
3445
3720
3446
3721
4891
3429
3447
3722
3430
3448
3723
3431
3449
3724
3432
3450
3725
3433
3451
3726
3434
3452
3727
3435
3453
3728
3436
3454
3729
3437
3455
3730
3438
3456
3731
3439
3457
3732
3440
3458
3733
3441
3459
3734
3442
3460
3735
3443
3461
3736
3444
3462
3737
3445
3463
3738
3446
3464
3739
3465
3740
4899
3448
3466
3741
3449
3467
3742
3450
3468
3743
3451
3469
3744
3452
3470
3745
3453
3471
3746
3454
3472
3747
3455
3473
3748
3456
3474
3749
3457
3475
3750
3458
3476
3751
3459
3477
3752
3460
3478
3753
3461
3479
3754
3462
3480
3755
3463
3481
3756
3464
3482
3757
3465
3483
3758
3484
3759
4907
3467
3760
3468
3485
3761
3469
3486
3762
3470
3487
3763
3471
3488
3764
3472
3489
3765
3473
3490
3766
3474
3491
3767
3475
3492
3768
3476
3493
3769
3477
3494
3770
3478
3495
3771
3479
3496
3772
3480
3497
3773
3481
3498
3774
3482
3499
3775
3483
3500
3776
3484
3501
3777
3502
3778
4915
3486
3779
3487
3780
3488
3781
3489
3782
3490
3783
3491
3784
3492
3785
3493
3786
3494
3787
3495
3788
3496
3789
3497
3790
3498
3791
3499
3792
3500
3793
3501
3794
3502
3795
3796
4923
3504
3523
3797
3505
3524
3798
3506
3525
3799
3507
3526
3800
3508
3527
3801
3509
3528
3802
3510
3529
3803
3511
3530
3804
3512
3531
3805
3513
3532
3806
3514
3533
3807
3515
3534
3808
3516
3535
3809
3517
3536
3810
3518
3537
3811
3519
3538
3812
3520
3539
3813
3521
3540
3814
3522
3541
3815
3542
3816
4931
3524
3543
3817
3525
3544
3818
3526
3545
3819
3527
3546
3820
3528
3547
3821
3529
3548
3822
3530
3549
3823
3531
3550
3824
3532
3551
3825
3533
3552
3826
3534
3553
3827
3535
3554
3828
3536
3555
3829
3537
3556
3830
3538
3557
3831
3539
3558
3832
3540
3559
3833
3541
3560
3834
3542
3561
3835
3562
3836
4940
3544
3563
3837
3545
3564
3838
3546
3565
3839
3547
3566
3840
3548
3567
3841
3549
3568
3842
3550
3569
3843
3551
3570
3844
3552
3571
3845
3553
3572
3846
3554
3573
3847
3555
3574
3848
3556
3575
3849
3557
3576
3850
3558
3577
3851
3559
3578
3852
3560
3579
3853
3561
3580
3854
3562
3581
3855
3582
3856
4949
3564
3583
3857
3565
3584
3858
3566
3585
3859
3567
3586
3860
3568
3587
3861
3569
3588
3862
3570
3589
3863
3571
3590
3864
3572
3591
3865
3573
3592
3866
3574
3593
3867
3575
3594
3868
3576
3595
3869
3577
3596
3870
3578
3597
3871
3579
3598
3872
3580
3599
3873
3581
3600
3874
3582
3601
3875
3602
3876
4958
3584
3603
3877
3585
3604
3878
3586
3605
3879
3587
3606
3880
3588
3607
3881
3589
3608
3882
3590
3609
3883
3591
3610
3884
3592
3611
3885
3593
3612
3886
3594
3613
3887
3595
3614
3888
3596
3615
3889
3597
3616
3890
3598
3617
3891
3599
3618
3892
3600
3619
3893
3601
3620
3894
3602
3621
3895
3622
3896
4967
3604
3623
3897
3605
3624
3898
3606
3625
3899
3607
3626
3900
3608
3627
3901
3609
3628
3902
3610
3629
3903
3611
3630
3904
3612
3631
3905
3613
3632
3906
3614
3633
3907
3615
3634
3908
3616
3635
3909
3617
3636
3910
3618
3637
3911
3619
3638
3912
3620
3639
3913
3621
3640
3914
3622
3641
3915
3642
3916
4976
3624
3643
3917
3625
3644
3918
3626
3645
3919
3627
3646
3920
3628
3647
3921
3629
3648
3922
3630
3649
3923
3631
3650
3924
3632
3651
3925
3633
3652
3926
3634
3653
3927
3635
3654
3928
3636
3655
3929
3637
3656
3930
3638
3657
3931
3639
3658
3932
3640
3659
3933
3641
3660
3934
3642
3661
3935
3662
3936
4985
3644
3663
3937
3645
3664
3938
3646
3665
3939
3647
3666
3940
3648
3667
3941
3649
3668
3942
3650
3669
3943
3651
3670
3944
3652
3671
3945
3653
3672
3946
3654
3673
3947
3655
3674
3948
3656
3675
3949
3657
3676
3950
3658
3677
3951
3659
3678
3952
3660
3679
3953
3661
3680
3954
3662
3681
3955
3682
3956
4993
3664
3683
3957
3665
3684
3958
3666
3685
3959
3667
3686
3960
3668
3687
3961
3669
3688
3962
3670
3689
3963
3671
3690
3964
3672
3691
3965
3673
3692
3966
3674
3693
3967
3675
3694
3968
3676
3695
3969
3677
3696
3970
3678
3697
3971
3679
3698
3972
3680
3699
3973
3681
3700
3974
3682
3701
3975
3702
3976
5001
3684
3977
3685
3703
3978
3686
3704
3979
3687
3705
3980
3688
3706
3981
3689
3707
3982
3690
3708
3983
3691
3709
3984
3692
3710
3985
3693
3711
3986
3694
3712
3987
3695
3713
3988
3696
3714
3989
3697
3715
3990
3698
3716
3991
3699
3717
3992
3700
3718
3993
3701
3719
3994
3702
3720
3995
3721
3996
5009
3704
3722
3997
3705
3723
3998
3706
3724
3999
3707
3725
4000
3708
3726
4001
3709
3727
4002
3710
3728
4003
3711
3729
4004
3712
3730
4005
3713
3731
4006
3714
3732
4007
3715
3733
4008
3716
3734
4009
3717
3735
4010
3718
3736
4011
3719
3737
4012
3720
3738
4013
3721
3739
4014
3740
4015
5017
3723
3741
4016
3724
3742
4017
3725
3743
4018
3726
3744
4019
3727
3745
4020
3728
3746
4021
3729
3747
4022
3730
3748
4023
3731
3749
4024
3732
3750
4025
3733
3751
4026
3734
3752
4027
3735
3753
4028
3736
3754
4029
3737
3755
4030
3738
3756
4031
3739
3757
4032
3740
3758
4033
3759
4034
5025
3742
3760
4035
3743
3761
4036
3744
3762
4037
3745
3763
4038
3746
3764
4039
3747
3765
4040
3748
3766
4041
3749
3767
4042
3750
3768
4043
3751
3769
4044
3752
3770
4045
3753
3771
4046
3754
3772
4047
3755
3773
4048
3756
3774
4049
3757
3775
4050
3758
3776
4051
3759
3777
4052
3778
4053
5033
3761
4054
3762
3779
4055
3763
3780
4056
3764
3781
4057
3765
3782
4058
3766
3783
4059
3767
3784
4060
3768
3785
4061
3769
3786
4062
3770
3787
4063
3771
3788
4064
3772
3789
4065
3773
3790
4066
3774
3791
4067
3775
3792
4068
3776
3793
4069
3777
3794
4070
3778
3795
4071
3796
4072
5041
3780
4073
3781
4074
3782
4075
3783
4076
3784
4077
3785
4078
3786
4079
3787
4080
3788
4081
3789
4082
3790
4083
3791
4084
3792
4085
3793
4086
3794
4087
3795
4088
3796
4089
4090
5049
3798
3817
4091
3799
3818
4092
3800
3819
4093
3801
3820
4094
3802
3821
4095
3803
3822
4096
3804
3823
4097
3805
3824
4098
3806
3825
4099
3807
3826
4100
3808
3827
4101
3809
3828
4102
3810
3829
4103
3811
3830
4104
3812
3831
4105
3813
3832
4106
3814
3833
4107
3815
3834
4108
3816
3835
4109
3836
4110
5057
3818
3837
4111
3819
3838
4112
3820
3839
4113
3821
3840
4114
3822
3841
4115
3823
3842
4116
3824
3843
4117
3825
3844
4118
3826
3845
4119
3827
3846
4120
3828
3847
4121
3829
3848
4122
3830
3849
4123
3831
3850
4124
3832
3851
4125
3833
3852
4126
3834
3853
4127
3835
3854
4128
3836
3855
4129
3856
4130
5066
3838
3857
4131
3839
3858
4132
3840
3859
4133
3841
3860
4134
3842
3861
4135
3843
3862
4136
3844
3863
4137
3845
3864
4138
3846
3865
4139
3847
3866
4140
3848
3867
4141
3849
3868
4142
3850
3869
4143
3851
3870
4144
3852
3871
4145
3853
3872
4146
3854
3873
4147
3855
3874
4148
3856
3875
4149
3876
4150
5075
3858
3877
4151
3859
3878
4152
3860
3879
4153
3861
3880
4154
3862
3881
4155
3863
3882
4156
3864
3883
4157
3865
3884
4158
3866
3885
4159
3867
3886
4160
3868
3887
4161
3869
3888
4162
3870
3889
4163
3871
3890
4164
3872
3891
4165
3873
3892
4166
3874
3893
4167
3875
3894
4168
3876
3895
4169
3896
4170
5084
3878
3897
4171
3879
3898
4172
3880
3899
4173
3881
3900
4174
3882
3901
4175
3883
3902
4176
3884
3903
4177
3885
3904
4178
3886
3905
4179
3887
3906
4180
3888
3907
4181
3889
3908
4182
3890
3909
4183
3891
3910
4184
3892
3911
4185
3893
3912
4186
3894
3913
4187
3895
3914
4188
3896
3915
4189
3916
4190
5093
3898
3917
4191
3899
3918
4192
3900
3919
4193
3901
3920
4194
3902
3921
4195
3903
3922
4196
3904
3923
4197
3905
3924
4198
3906
3925
4199
3907
3926
4200
3908
3927
4201
3909
3928
4202
3910
3929
4203
3911
3930
4204
3912
3931
4205
3913
3932
4206
3914
3933
4207
3915
3934
4208
3916
3935
4209
3936
4210
5102
3918
3937
4211
3919
3938
4212
3920
3939
4213
3921
3940
4214
3922
3941
4215
3923
3942
4216
3924
3943
4217
3925
3944
4218
3926
3945
4219
3927
3946
4220
3928
3947
4221
3929
3948
4222
3930
3949
4223
3931
3950
4224
3932
3951
4225
3933
3952
4226
3934
3953
4227
3935
3954
4228
3936
3955
4229
3956
4230
5111
3938
3957
4231
3939
3958
4232
3940
3959
4233
3941
3960
4234
3942
3961
4235
3943
3962
4236
3944
3963
4237
3945
3964
4238
3946
3965
4239
3947
3966
4240
3948
3967
4241
3949
3968
4242
3950
3969
4243
3951
3970
4244
3952
3971
4245
3953
3972
4246
3954
3973
4247
3955
3974
4248
3956
3975
4249
3976
4250
5120
3958
3977
4251
3959
3978
4252
3960
3979
4253
3961
3980
4254
3962
3981
4255
3963
3982
4256
3964
3983
4257
3965
3984
4258
3966
3985
4259
3967
3986
4260
3968
3987
4261
3969
3988
4262
3970
3989
4263
3971
3990
4264
3972
3991
4265
3973
3992
4266
3974
3993
4267
3975
3994
4268
3976
3995
4269
3996
4270
5129
3978
4271
3979
3997
4272
3980
3998
4273
3981
3999
4274
3982
4000
4275
3983
4001
4276
3984
4002
4277
3985
4003
4278
3986
4004
4279
3987
4005
4280
3988
4006
4281
3989
4007
4282
3990
4008
4283
3991
4009
4284
3992
4010
4285
3993
4011
4286
3994
4012
4287
3995
4013
4288
3996
4014
4289
4015
4290
5138
3998
4016
4291
3999
4017
4292
4000
4018
4293
4001
4019
4294
4002
4020
4295
4003
4021
4296
4004
4022
4297
4005
4023
4298
4006
4024
4299
4007
4025
4300
4008
4026
4301
4009
4027
4302
4010
4028
4303
4011
4029
4304
4012
4030
4305
4013
4031
4306
4014
4032
4307
4015
4033
4308
4034
4309
5147
4017
4035
4310
4018
4036
4311
4019
4037
4312
4020
4038
4313
4021
4039
4314
4022
4040
4315
4023
4041
4316
4024
4042
4317
4025
4043
4318
4026
4044
4319
4027
4045
4320
4028
4046
4321
4029
4047
4322
4030
4048
4323
4031
4049
4324
4032
4050
4325
4033
4051
4326
4034
4052
4327
4053
4328
5156
4036
4054
4329
4037
4055
4330
4038
4056
4331
4039
4057
4332
4040
4058
4333
4041
4059
4334
4042
4060
4335
4043
4061
4336
4044
4062
4337
4045
4063
4338
4046
4064
4339
4047
4065
4340
4048
4066
4341
4049
4067
4342
4050
4068
4343
4051
4069
4344
4052
4070
4345
4053
4071
4346
4072
4347
5165
4055
4348
4056
4073
4349
4057
4074
4350
4058
4075
4351
4059
4076
4352
4060
4077
4353
4061
4078
4354
4062
4079
4355
4063
4080
4356
4064
4081
4357
4065
4082
4358
4066
4083
4359
4067
4084
4360
4068
4085
4361
4069
4086
4362
4070
4087
4363
4071
4088
4364
4072
4089
4365
4090
4366
5174
4074
4367
4075
4368
4076
4369
4077
4370
4078
4371
4079
4372
4080
4373
4081
4374
4082
4375
4083
4376
4084
4377
4085
4378
4086
4379
4087
4380
4088
4381
4089
4382
4090
4383
4384
5183
4092
4111
4385
4093
4112
4386
4094
4113
4387
4095
4114
4388
4096
4115
4389
4097
4116
4390
4098
4117
4391
4099
4118
4392
4100
4119
4393
4101
4120
4394
4102
4121
4395
4103
4122
4396
4104
4123
4397
4105
4124
4398
4106
4125
4399
4107
4126
4400
4108
4127
4401
4109
4128
4402
4110
4129
4403
4130
4404
5192
4112
4131
4405
4113
4132
4406
4114
4133
4407
4115
4134
4408
4116
4135
4409
4117
4136
4410
4118
4137
4411
4119
4138
4412
4120
4139
4413
4121
4140
4414
4122
4141
4415
4123
4142
4416
4124
4143
4417
4125
4144
4418
4126
4145
4419
4127
4146
4420
4128
4147
4421
4129
4148
4422
4130
4149
4423
4150
4424
5201
4132
4151
4425
4133
4152
4426
4134
4153
4427
4135
4154
4428
4136
4155
4429
4137
4156
4430
4138
4157
4431
4139
4158
4432
4140
4159
4433
4141
4160
4434
4142
4161
4435
4143
4162
4436
4144
4163
4437
4145
4164
4438
4146
4165
4439
4147
4166
4440
4148
4167
4441
4149
4168
4442
4150
4169
4443
4170
4444
5210
4152
4171
4445
4153
4172
4446
4154
4173
4447
4155
4174
4448
4156
4175
4449
4157
4176
4450
4158
4177
4451
4159
4178
4452
4160
4179
4453
4161
4180
4454
4162
4181
4455
4163
4182
4456
4164
4183
4457
4165
4184
4458
4166
4185
4459
4167
4186
4460
4168
4187
4461
4169
4188
4462
4170
4189
4463
4190
4464
5219
4172
4191
4465
4173
4192
4466
4174
4193
4467
4175
4194
4468
4176
4195
4469
4177
4196
4470
4178
4197
4471
4179
4198
4472
4180
4199
4473
4181
4200
4474
4182
4201
4475
4183
4202
4476
4184
4203
4477
4185
4204
4478
4186
4205
4479
4187
4206
4480
4188
4207
4481
4189
4208
4482
4190
4209
4483
4210
4484
5228
4192
4211
4485
4193
4212
4486
4194
4213
4487
4195
4214
4488
4196
4215
4489
4197
4216
4490
4198
4217
4491
4199
4218
4492
4200
4219
4493
4201
4220
4494
4202
4221
4495
4203
4222
4496
4204
4223
4497
4205
4224
4498
4206
4225
4499
4207
4226
4500
4208
4227
4501
4209
4228
4502
4210
4229
4503
4230
4504
5237
4212
4231
4505
4213
4232
4506
4214
4233
4507
4215
4234
4508
4216
4235
4509
4217
4236
4510
4218
4237
4511
4219
4238
4512
4220
4239
4513
4221
4240
4514
4222
4241
4515
4223
4242
4516
4224
4243
4517
4225
4244
4518
4226
4245
4519
4227
4246
4520
4228
4247
4521
4229
4248
4522
4230
4249
4523
4250
4524
5246
4232
4251
4525
4233
4252
4526
4234
4253
4527
4235
4254
4528
4236
4255
4529
4237
4256
4530
4238
4257
4531
4239
4258
4532
4240
4259
4533
4241
4260
4534
4242
4261
4535
4243
4262
4536
4244
4263
4537
4245
4264
4538
4246
4265
4539
4247
4266
4540
4248
4267
4541
4249
4268
4542
4250
4269
4543
4270
4544
5255
4252
4271
4545
4253
4272
4546
4254
4273
4547
4255
4274
4548
4256
4275
4549
4257
4276
4550
4258
4277
4551
4259
4278
4552
4260
4279
4553
4261
4280
4554
4262
4281
4555
4263
4282
4556
4264
4283
4557
4265
4284
4558
4266
4285
4559
4267
4286
4560
4268
4287
4561
4269
4288
4562
4270
4289
4563
4290
4564
5264
4272
4565
4273
4291
4566
4274
4292
4567
4275
4293
4568
4276
4294
4569
4277
4295
4570
4278
4296
4571
4279
4297
4572
4280
4298
4573
4281
4299
4574
4282
4300
4575
4283
4301
4576
4284
4302
4577
4285
4303
4578
4286
4304
4579
4287
4305
4580
4288
4306
4581
4289
4307
4582
4290
4308
4583
4309
4584
5273
4292
4310
4585
4293
4311
4586
4294
4312
4587
4295
4313
4588
4296
4314
4589
4297
4315
4590
4298
4316
4591
4299
4317
4592
4300
4318
4593
4301
4319
4594
4302
4320
4595
4303
4321
4596
4304
4322
4597
4305
4323
4598
4306
4324
4599
4307
4325
4600
4308
4326
4601
4309
4327
4602
4328
4603
5282
4311
4329
4604
4312
4330
4605
4313
4331
4606
4314
4332
4607
4315
4333
4608
4316
4334
4609
4317
4335
4610
4318
4336
4611
4319
4337
4612
4320
4338
4613
4321
4339
4614
4322
4340
4615
4323
4341
4616
4324
4342
4617
4325
4343
4618
4326
4344
4619
4327
4345
4620
4328
4346
4621
4347
4622
5291
4330
4348
4623
4331
4349
4624
4332
4350
4625
4333
4351
4626
4334
4352
4627
4335
4353
4628
4336
4354
4629
4337
4355
4630
4338
4356
4631
4339
4357
4632
4340
4358
4633
4341
4359
4634
4342
4360
4635
4343
4361
4636
4344
4362
4637
4345
4363
4638
4346
4364
4639
4347
4365
4640
4366
4641
5300
4349
4642
4350
4367
4643
4351
4368
4644
4352
4369
4645
4353
4370
4646
4354
4371
4647
4355
4372
4648
4356
4373
4649
4357
4374
4650
4358
4375
4651
4359
4376
4652
4360
4377
4653
4361
4378
4654
4362
4379
4655
4363
4380
4656
4364
4381
4657
4365
4382
4658
4366
4383
4659
4384
4660
5309
4368
4661
4369
4662
4370
4663
4371
4664
4372
4665
4373
4666
4374
4667
4375
4668
4376
4669
4377
4670
4378
4671
4379
4672
4380
4673
4381
4674
4382
4675
4383
4676
4384
4677
4678
5318
4386
4405
4387
4406
4388
4407
4389
4408
4390
4409
4391
4410
4392
4411
4393
4412
4394
4413
4395
4414
4396
4415
4397
4416
4398
4417
4399
4418
4400
4419
4401
4420
4402
4421
4403
4422
4404
4423
4424
5327
4406
4425
4407
4426
4408
4427
4409
4428
4410
4429
4411
4430
4412
4431
4413
4432
4414
4433
4415
4434
4416
4435
4417
4436
4418
4437
4419
4438
4420
4439
4421
4440
4422
4441
4423
4442
4424
4443
4444
5336
4426
4445
4427
4446
4428
4447
4429
4448
4430
4449
4431
4450
4432
4451
4433
4452
4434
4453
4435
4454
4436
4455
4437
4456
4438
4457
4439
4458
4440
4459
4441
4460
4442
4461
4443
4462
4444
4463
4464
5345
4446
4465
4447
4466
4448
4467
4449
4468
4450
4469
4451
4470
4452
4471
4453
4472
4454
4473
4455
4474
4456
4475
4457
4476
4458
4477
4459
4478
4460
4479
4461
4480
4462
4481
4463
4482
4464
4483
4484
5354
4466
4485
4467
4486
4468
4487
4469
4488
4470
4489
4471
4490
4472
4491
4473
4492
4474
4493
4475
4494
4476
4495
4477
4496
4478
4497
4479
4498
4480
4499
4481
4500
4482
4501
4483
4502
4484
4503
4504
5363
4486
4505
4487
4506
4488
4507
4489
4508
4490
4509
4491
4510
4492
4511
4493
4512
4494
4513
4495
4514
4496
4515
4497
4516
4498
4517
4499
4518
4500
4519
4501
4520
4502
4521
4503
4522
4504
4523
4524
5372
4506
4525
4507
4526
4508
4527
4509
4528
4510
4529
4511
4530
4512
4531
4513
4532
4514
4533
4515
4534
4516
4535
4517
4536
4518
4537
4519
4538
4520
4539
4521
4540
4522
4541
4523
4542
4524
4543
4544
5381
4526
4545
4527
4546
4528
4547
4529
4548
4530
4549
4531
4550
4532
4551
4533
4552
4534
4553
4535
4554
4536
4555
4537
4556
4538
4557
4539
4558
4540
4559
4541
4560
4542
4561
4543
4562
4544
4563
4564
5390
4546
4565
4547
4566
4548
4567
4549
4568
4550
4569
4551
4570
4552
4571
4553
4572
4554
4573
4555
4574
4556
4575
4557
4576
4558
4577
4559
4578
4560
4579
4561
4580
4562
4581
4563
4582
4564
4583
4584
5399
4566
4567
4585
4568
4586
4569
4587
4570
4588
4571
4589
4572
4590
4573
4591
4574
4592
4575
4593
4576
4594
4577
4595
4578
4596
4579
4597
4580
4598
4581
4599
4582
4600
4583
4601
4584
4602
4603
5408
4586
4604
4587
4605
4588
4606
4589
4607
4590
4608
4591
4609
4592
4610
4593
4611
4594
4612
4595
4613
4596
4614
4597
4615
4598
4616
4599
4617
4600
4618
4601
4619
4602
4620
4603
4621
4622
5417
4605
4623
4606
4624
4607
4625
4608
4626
4609
4627
4610
4628
4611
4629
4612
4630
4613
4631
4614
4632
4615
4633
4616
4634
4617
4635
4618
4636
4619
4637
4620
4638
4621
4639
4622
4640
4641
5426
4624
4642
4625
4643
4626
4644
4627
4645
4628
4646
4629
4647
4630
4648
4631
4649
4632
4650
4633
4651
4634
4652
4635
4653
4636
4654
4637
4655
4638
4656
4639
4657
4640
4658
4641
4659
4660
5435
4643
4644
4661
4645
4662
4646
4663
4647
4664
4648
4665
4649
4666
4650
4667
4651
4668
4652
4669
4653
4670
4654
4671
4655
4672
4656
4673
4657
4674
4658
4675
4659
4676
4660
4677
4678
5444
4662
4663
4664
4665
4666
4667
4668
4669
4670
4671
4672
4673
4674
4675
4676
4677
4678
5453
4680
4688
4805
4681
4689
4806
4682
4690
4807
4683
4691
4808
4684
4692
4809
4685
4693
4810
4686
4694
4811
4687
4695
4812
4696
4813
4689
4697
4814
4690
4698
4815
4691
4699
4816
4692
4700
4817
4693
4701
4818
4694
4702
4819
4695
4703
4820
4696
4704
4821
4705
4822
4698
4706
4823
4699
4707
4824
4700
4708
4825
4701
4709
4826
4702
4710
4827
4703
4711
4828
4704
4712
4829
4705
4713
4830
4714
4831
4707
4715
4832
4708
4716
4833
4709
4717
4834
4710
4718
4835
4711
4719
4836
4712
4720
4837
4713
4721
4838
4714
4722
4839
4723
4840
4716
4724
4841
4717
4725
4842
4718
4726
4843
4719
4727
4844
4720
4728
4845
4721
4729
4846
4722
4730
4847
4723
4731
4848
4732
4849
4725
4733
4850
4726
4734
4851
4727
4735
4852
4728
4736
4853
4729
4737
4854
4730
4738
4855
4731
4739
4856
4732
4740
4857
4858
4734
4741
4859
4735
4742
4860
4736
4743
4861
4737
4744
4862
4738
4745
4863
4739
4746
4864
4740
4747
4865
4748
4866
4742
4749
4867
4743
4750
4868
4744
4751
4869
4745
4752
4870
4746
4753
4871
4747
4754
4872
4748
4755
4873
4756
4874
4750
4757
4875
4751
4758
4876
4752
4759
4877
4753
4760
4878
4754
4761
4879
4755
4762
4880
4756
4763
4881
4764
4882
4758
4765
4883
4759
4766
4884
4760
4767
4885
4761
4768
4886
4762
4769
4887
4763
4770
4888
4764
4771
4889
4772
4890
4766
4773
4891
4767
4774
4892
4768
4775
4893
4769
4776
4894
4770
4777
4895
4771
4778
4896
4772
4779
4897
4780
4898
4774
4781
4899
4775
4782
4900
4776
4783
4901
4777
4784
4902
4778
4785
4903
4779
4786
4904
4780
4787
4905
4788
4906
4782
4789
4907
4783
4790
4908
4784
4791
4909
4785
4792
4910
4786
4793
4911
4787
4794
4912
4788
4795
4913
4796
4914
4790
4797
4915
4791
4798
4916
4792
4799
4917
4793
4800
4918
4794
4801
4919
4795
4802
4920
4796
4803
4921
4804
4922
4798
4923
4799
4924
4800
4925
4801
4926
4802
4927
4803
4928
4804
4929
4930
4806
4814
4931
4807
4815
4932
4808
4816
4933
4809
4817
4934
4810
4818
4935
4811
4819
4936
4812
4820
4937
4813
4821
4938
4822
4939
4815
4823
4940
4816
4824
4941
4817
4825
4942
4818
4826
4943
4819
4827
4944
4820
4828
4945
4821
4829
4946
4822
4830
4947
4831
4948
4824
4832
4949
4825
4833
4950
4826
4834
4951
4827
4835
4952
4828
4836
4953
4829
4837
4954
4830
4838
4955
4831
4839
4956
4840
4957
4833
4841
4958
4834
4842
4959
4835
4843
4960
4836
4844
4961
4837
4845
4962
4838
4846
4963
4839
4847
4964
4840
4848
4965
4849
4966
4842
4850
4967
4843
4851
4968
4844
4852
4969
4845
4853
4970
4846
4854
4971
4847
4855
4972
4848
4856
4973
4849
4857
4974
4858
4975
4851
4859
4976
4852
4860
4977
4853
4861
4978
4854
4862
4979
4855
4863
4980
4856
4864
4981
4857
4865
4982
4858
4866
4983
4984
4860
4867
4985
4861
4868
4986
4862
4869
4987
4863
4870
4988
4864
4871
4989
4865
4872
4990
4866
4873
4991
4874
4992
4868
4875
4993
4869
4876
4994
4870
4877
4995
4871
4878
4996
4872
4879
4997
4873
4880
4998
4874
4881
4999
4882
5000
4876
4883
5001
4877
4884
5002
4878
4885
5003
4879
4886
5004
4880
4887
5005
4881
4888
5006
4882
4889
5007
4890
5008
4884
4891
5009
4885
4892
5010
4886
4893
5011
4887
4894
5012
4888
4895
5013
4889
4896
5014
4890
4897
5015
4898
5016
4892
4899
5017
4893
4900
5018
4894
4901
5019
4895
4902
5020
4896
4903
5021
4897
4904
5022
4898
4905
5023
4906
5024
4900
4907
5025
4901
4908
5026
4902
4909
5027
4903
4910
5028
4904
4911
5029
4905
4912
5030
4906
4913
5031
4914
5032
4908
4915
5033
4909
4916
5034
4910
4917
5035
4911
4918
5036
4912
4919
5037
4913
4920
5038
4914
4921
5039
4922
5040
4916
4923
5041
4917
4924
5042
4918
4925
5043
4919
4926
5044
4920
4927
5045
4921
4928
5046
4922
4929
5047
4930
5048
4924
5049
4925
5050
4926
5051
4927
5052
4928
5053
4929
5054
4930
5055
5056
4932
4940
5057
4933
4941
5058
4934
4942
5059
4935
4943
5060
4936
4944
5061
4937
4945
5062
4938
4946
5063
4939
4947
5064
4948
5065
4941
4949
5066
4942
4950
5067
4943
4951
5068
4944
4952
5069
4945
4953
5070
4946
4954
5071
4947
4955
5072
4948
4956
5073
4957
5074
4950
4958
5075
4951
4959
5076
4952
4960
5077
4953
4961
5078
4954
4962
5079
4955
4963
5080
4956
4964
5081
4957
4965
5082
4966
5083
4959
4967
5084
4960
4968
5085
4961
4969
5086
4962
4970
5087
4963
4971
5088
4964
4972
5089
4965
4973
5090
4966
4974
5091
4975
5092
4968
4976
5093
4969
4977
5094
4970
4978
5095
4971
4979
5096
4972
4980
5097
4973
4981
5098
4974
4982
5099
4975
4983
5100
4984
5101
4977
4985
5102
4978
4986
5103
4979
4987
5104
4980
4988
5105
4981
4989
5106
4982
4990
5107
4983
4991
5108
4984
4992
5109
5110
4986
4993
5111
4987
4994
5112
4988
4995
5113
4989
4996
5114
4990
4997
5115
4991
4998
5116
4992
4999
5117
5000
5118
4994
5001
5120
4995
5002
5121
4996
5003
5122
4997
5004
5123
4998
5005
5124
4999
5006
5125
5000
5007
5126
5008
5127
5002
5009
5129
5003
5010
5130
5004
5011
5131
5005
5012
5132
5006
5013
5133
5007
5014
5134
5008
5015
5135
5016
5136
5010
5017
5138
5011
5018
5139
5012
5019
5140
5013
5020
5141
5014
5021
5142
5015
5022
5143
5016
5023
5144
5024
5145
5018
5025
5147
5019
5026
5148
5020
5027
5149
5021
5028
5150
5022
5029
5151
5023
5030
5152
5024
5031
5153
5032
5154
5026
5033
5156
5027
5034
5157
5028
5035
5158
5029
5036
5159
5030
5037
5160
5031
5038
5161
5032
5039
5162
5040
5163
5034
5041
5165
5035
5042
5166
5036
5043
5167
5037
5044
5168
5038
5045
5169
5039
5046
5170
5040
5047
5171
5048
5172
5042
5049
5174
5043
5050
5175
5044
5051
5176
5045
5052
5177
5046
5053
5178
5047
5054
5179
5048
5055
5180
5056
5181
5050
5183
5051
5184
5052
5185
5053
5186
5054
5187
5055
5188
5056
5189
5190
5058
5066
5192
5059
5067
5193
5060
5068
5194
5061
5069
5195
5062
5070
5196
5063
5071
5197
5064
5072
5198
5065
5073
5199
5074
5200
5067
5075
5201
5068
5076
5202
5069
5077
5203
5070
5078
5204
5071
5079
5205
5072
5080
5206
5073
5081
5207
5074
5082
5208
5083
5209
5076
5084
5210
5077
5085
5211
5078
5086
5212
5079
5087
5213
5080
5088
5214
5081
5089
5215
5082
5090
5216
5083
5091
5217
5092
5218
5085
5093
5219
5086
5094
5220
5087
5095
5221
5088
5096
5222
5089
5097
5223
5090
5098
5224
5091
5099
5225
5092
5100
5226
5101
5227
5094
5102
5228
5095
5103
5229
5096
5104
5230
5097
5105
5231
5098
5106
5232
5099
5107
5233
5100
5108
5234
5101
5109
5235
5110
5236
5103
5111
5237
5104
5112
5238
5105
5113
5239
5106
5114
5240
5107
5115
5241
5108
5116
5242
5109
5117
5243
5110
5118
5244
5119
5245
5112
5120
5246
5113
5121
5247
5114
5122
5248
5115
5123
5249
5116
5124
5250
5117
5125
5251
5118
5126
5252
5119
5127
5253
5128
5254
5121
5129
5255
5122
5130
5256
5123
5131
5257
5124
5132
5258
5125
5133
5259
5126
5134
5260
5127
5135
5261
5128
5136
5262
5137
5263
5130
5138
5264
5131
5139
5265
5132
5140
5266
5133
5141
5267
5134
5142
5268
5135
5143
5269
5136
5144
5270
5137
5145
5271
5146
5272
5139
5147
5273
5140
5148
5274
5141
5149
5275
5142
5150
5276
5143
5151
5277
5144
5152
5278
5145
5153
5279
5146
5154
5280
5155
5281
5148
5156
5282
5149
5157
5283
5150
5158
5284
5151
5159
5285
5152
5160
5286
5153
5161
5287
5154
5162
5288
5155
5163
5289
5164
5290
5157
5165
5291
5158
5166
5292
5159
5167
5293
5160
5168
5294
5161
5169
5295
5162
5170
5296
5163
5171
5297
5164
5172
5298
5173
5299
5166
5174
5300
5167
5175
5301
5168
5176
5302
5169
5177
5303
5170
5178
5304
5171
5179
5305
5172
5180
5306
5173
5181
5307
5182
5308
5175
5183
5309
5176
5184
5310
5177
5185
5311
5178
5186
5312
5179
5187
5313
5180
5188
5314
5181
5189
5315
5182
5190
5316
5191
5317
5184
5318
5185
5319
5186
5320
5187
5321
5188
5322
5189
5323
5190
5324
5191
5325
5326
5193
5201
5327
5194
5202
5328
5195
5203
5329
5196
5204
5330
5197
5205
5331
5198
5206
5332
5199
5207
5333
5200
5208
5334
5209
5335
5202
5210
5336
5203
5211
5337
5204
5212
5338
5205
5213
5339
5206
5214
5340
5207
5215
5341
5208
5216
5342
5209
5217
5343
5218
5344
5211
5219
5345
5212
5220
5346
5213
5221
5347
5214
5222
5348
5215
5223
5349
5216
5224
5350
5217
5225
5351
5218
5226
5352
5227
5353
5220
5228
5354
5221
5229
5355
5222
5230
5356
5223
5231
5357
5224
5232
5358
5225
5233
5359
5226
5234
5360
5227
5235
5361
5236
5362
5229
5237
5363
5230
5238
5364
5231
5239
5365
5232
5240
5366
5233
5241
5367
5234
5242
5368
5235
5243
5369
5236
5244
5370
5245
5371
5238
5246
5372
5239
5247
5373
5240
5248
5374
5241
5249
5375
5242
5250
5376
5243
5251
5377
5244
5252
5378
5245
5253
5379
5254
5380
5247
5255
5381
5248
5256
5382
5249
5257
5383
5250
5258
5384
5251
5259
5385
5252
5260
5386
5253
5261
5387
5254
5262
5388
5263
5389
5256
5264
5390
5257
5265
5391
5258
5266
5392
5259
5267
5393
5260
5268
5394
5261
5269
5395
5262
5270
5396
5263
5271
5397
5272
5398
5265
5273
5399
5266
5274
5400
5267
5275
5401
5268
5276
5402
5269
5277
5403
5270
5278
5404
5271
5279
5405
5272
5280
5406
5281
5407
5274
5282
5408
5275
5283
5409
5276
5284
5410
5277
5285
5411
5278
5286
5412
5279
5287
5413
5280
5288
5414
5281
5289
5415
5290
5416
5283
5291
5417
5284
5292
5418
5285
5293
5419
5286
5294
5420
5287
5295
5421
5288
5296
5422
5289
5297
5423
5290
5298
5424
5299
5425
5292
5300
5426
5293
5301
5427
5294
5302
5428
5295
5303
5429
5296
5304
5430
5297
5305
5431
5298
5306
5432
5299
5307
5433
5308
5434
5301
5309
5435
5302
5310
5436
5303
5311
5437
5304
5312
5438
5305
5313
5439
5306
5314
5440
5307
5315
5441
5308
5316
5442
5317
5443
5310
5318
5444
5311
5319
5445
5312
5320
5446
5313
5321
5447
5314
5322
5448
5315
5323
5449
5316
5324
5450
5317
5325
5451
5326
5452
5319
5453
5320
5454
5321
5455
5322
5456
5323
5457
5324
5458
5325
5459
5326
5460
5461
5328
5336
5329
5337
5330
5338
5331
5339
5332
5340
5333
5341
5334
5342
5335
5343
5344
5337
5345
5338
5346
5339
5347
5340
5348
5341
5349
5342
5350
5343
5351
5344
5352
5353
5346
5354
5347
5355
5348
5356
5349
5357
5350
5358
5351
5359
5352
5360
5353
5361
5362
5355
5363
5356
5364
5357
5365
5358
5366
5359
5367
5360
5368
5361
5369
5362
5370
5371
5364
5372
5365
5373
5366
5374
5367
5375
5368
5376
5369
5377
5370
5378
5371
5379
5380
5373
5381
5374
5382
5375
5383
5376
5384
5377
5385
5378
5386
5379
5387
5380
5388
5389
5382
5390
5383
5391
5384
5392
5385
5393
5386
5394
5387
5395
5388
5396
5389
5397
5398
5391
5399
5392
5400
5393
5401
5394
5402
5395
5403
5396
5404
5397
5405
5398
5406
5407
5400
5408
5401
5409
5402
5410
5403
5411
5404
5412
5405
5413
5406
5414
5407
5415
5416
5409
5417
5410
5418
5411
5419
5412
5420
5413
5421
5414
5422
5415
5423
5416
5424
5425
5418
5426
5419
5427
5420
5428
5421
5429
5422
5430
5423
5431
5424
5432
5425
5433
5434
5427
5435
5428
5436
5429
5437
5430
5438
5431
5439
5432
5440
5433
5441
5434
5442
5443
5436
5444
5437
5445
5438
5446
5439
5447
5440
5448
5441
5449
5442
5450
5443
5451
5452
5445
5453
5446
5454
5447
5455
5448
5456
5449
5457
5450
5458
5451
5459
5452
5460
5461
5454
5455
5456
5457
5458
5459
5460
5461
)


// ************************************************************************* //
