/*--------------------------------*- C++ -*----------------------------------*\
| =========                 |                                                 |
| \\      /  F ield         | OpenFOAM: The Open Source CFD Toolbox           |
|  \\    /   O peration     | Version:  2406                                  |
|   \\  /    A nd           | Website:  www.openfoam.com                      |
|    \\/     M anipulation  |                                                 |
\*---------------------------------------------------------------------------*/
FoamFile
{
    version     2.0;
    format      ascii;
    arch        "LSB;label=32;scalar=64";
    class       volScalarField;
    location    "320";
    object      p;
}
// * * * * * * * * * * * * * * * * * * * * * * * * * * * * * * * * * * * * * //

dimensions      [0 2 -2 0 0 0 0];

internalField   nonuniform List<scalar> 
5437
(
1.892057e-06
1.825562e-06
1.759076e-06
1.6926e-06
1.626133e-06
1.891939e-06
1.825449e-06
1.758967e-06
1.692496e-06
1.626033e-06
1.891836e-06
1.82535e-06
1.758873e-06
1.692405e-06
1.625946e-06
1.891752e-06
1.825269e-06
1.758795e-06
1.692331e-06
1.625875e-06
1.891677e-06
1.825197e-06
1.758726e-06
1.692265e-06
1.625812e-06
1.891611e-06
1.825134e-06
1.758666e-06
1.692206e-06
1.625756e-06
1.891517e-06
1.825043e-06
1.758578e-06
1.692122e-06
1.625675e-06
1.626832e-06
1.8928e-06
1.826274e-06
1.759761e-06
1.693258e-06
1.626767e-06
1.892703e-06
1.826181e-06
1.759671e-06
1.693172e-06
1.626684e-06
1.892588e-06
1.82607e-06
1.759565e-06
1.69307e-06
1.626585e-06
1.892459e-06
1.825947e-06
1.759446e-06
1.692956e-06
1.626475e-06
1.892323e-06
1.825816e-06
1.75932e-06
1.692835e-06
1.626359e-06
1.892185e-06
1.825685e-06
1.759194e-06
1.692713e-06
1.626242e-06
1.892054e-06
1.825559e-06
1.759073e-06
1.692598e-06
1.626131e-06
1.891936e-06
1.825446e-06
1.758964e-06
1.692493e-06
1.62603e-06
1.891833e-06
1.825347e-06
1.75887e-06
1.692402e-06
1.625944e-06
1.891748e-06
1.825266e-06
1.758792e-06
1.692328e-06
1.625872e-06
1.891673e-06
1.825194e-06
1.758723e-06
1.692261e-06
1.625808e-06
1.891606e-06
1.825129e-06
1.758661e-06
1.692202e-06
1.625751e-06
1.891507e-06
1.825034e-06
1.75857e-06
1.692114e-06
1.625667e-06
1.626831e-06
1.8928e-06
1.826273e-06
1.75976e-06
1.693257e-06
1.626766e-06
1.892702e-06
1.82618e-06
1.75967e-06
1.693171e-06
1.626683e-06
1.892587e-06
1.826069e-06
1.759564e-06
1.693069e-06
1.626584e-06
1.892458e-06
1.825946e-06
1.759445e-06
1.692954e-06
1.626474e-06
1.892321e-06
1.825815e-06
1.759319e-06
1.692833e-06
1.626358e-06
1.892184e-06
1.825683e-06
1.759192e-06
1.692712e-06
1.626241e-06
1.892052e-06
1.825557e-06
1.759071e-06
1.692596e-06
1.626129e-06
1.891934e-06
1.825443e-06
1.758962e-06
1.692491e-06
1.626029e-06
1.891831e-06
1.825345e-06
1.758868e-06
1.6924e-06
1.625942e-06
1.891746e-06
1.825263e-06
1.75879e-06
1.692326e-06
1.62587e-06
1.89167e-06
1.825191e-06
1.75872e-06
1.692259e-06
1.625806e-06
1.891602e-06
1.825125e-06
1.758657e-06
1.692198e-06
1.625748e-06
1.8915e-06
1.825027e-06
1.758563e-06
1.692108e-06
1.625661e-06
1.62683e-06
1.892799e-06
1.826272e-06
1.759759e-06
1.693256e-06
1.626765e-06
1.892701e-06
1.826179e-06
1.759669e-06
1.69317e-06
1.626682e-06
1.892586e-06
1.826068e-06
1.759563e-06
1.693068e-06
1.626583e-06
1.892457e-06
1.825945e-06
1.759444e-06
1.692953e-06
1.626473e-06
1.89232e-06
1.825814e-06
1.759318e-06
1.692832e-06
1.626357e-06
1.892183e-06
1.825682e-06
1.759191e-06
1.692711e-06
1.62624e-06
1.892051e-06
1.825556e-06
1.75907e-06
1.692595e-06
1.626128e-06
1.891932e-06
1.825442e-06
1.758961e-06
1.69249e-06
1.626028e-06
1.89183e-06
1.825344e-06
1.758867e-06
1.692399e-06
1.625941e-06
1.891745e-06
1.825262e-06
1.758789e-06
1.692325e-06
1.625869e-06
1.891669e-06
1.825189e-06
1.758719e-06
1.692258e-06
1.625805e-06
1.891599e-06
1.825123e-06
1.758655e-06
1.692196e-06
1.625746e-06
1.891496e-06
1.825023e-06
1.758559e-06
1.692104e-06
1.625658e-06
1.626829e-06
1.892798e-06
1.826271e-06
1.759758e-06
1.693255e-06
1.626764e-06
1.892701e-06
1.826178e-06
1.759668e-06
1.693169e-06
1.626681e-06
1.892585e-06
1.826068e-06
1.759562e-06
1.693067e-06
1.626582e-06
1.892456e-06
1.825944e-06
1.759443e-06
1.692953e-06
1.626472e-06
1.89232e-06
1.825813e-06
1.759317e-06
1.692832e-06
1.626356e-06
1.892182e-06
1.825682e-06
1.759191e-06
1.692711e-06
1.62624e-06
1.892051e-06
1.825556e-06
1.759071e-06
1.692595e-06
1.626128e-06
1.891932e-06
1.825442e-06
1.758961e-06
1.69249e-06
1.626028e-06
1.89183e-06
1.825344e-06
1.758867e-06
1.6924e-06
1.625941e-06
1.891744e-06
1.825262e-06
1.758789e-06
1.692325e-06
1.625869e-06
1.891669e-06
1.825189e-06
1.758719e-06
1.692258e-06
1.625805e-06
1.891598e-06
1.825122e-06
1.758654e-06
1.692196e-06
1.625745e-06
1.891494e-06
1.825022e-06
1.758558e-06
1.692103e-06
1.625657e-06
1.626827e-06
1.892797e-06
1.82627e-06
1.759757e-06
1.693254e-06
1.626763e-06
1.8927e-06
1.826178e-06
1.759667e-06
1.693168e-06
1.62668e-06
1.892585e-06
1.826067e-06
1.759561e-06
1.693066e-06
1.626582e-06
1.892456e-06
1.825944e-06
1.759443e-06
1.692953e-06
1.626472e-06
1.89232e-06
1.825814e-06
1.759318e-06
1.692832e-06
1.626356e-06
1.892183e-06
1.825682e-06
1.759192e-06
1.692711e-06
1.62624e-06
1.892052e-06
1.825557e-06
1.759071e-06
1.692596e-06
1.626129e-06
1.891934e-06
1.825444e-06
1.758963e-06
1.692492e-06
1.626029e-06
1.891831e-06
1.825345e-06
1.758868e-06
1.692401e-06
1.625943e-06
1.891746e-06
1.825264e-06
1.75879e-06
1.692326e-06
1.625871e-06
1.89167e-06
1.825191e-06
1.75872e-06
1.692259e-06
1.625807e-06
1.891599e-06
1.825123e-06
1.758655e-06
1.692197e-06
1.625747e-06
1.891496e-06
1.825023e-06
1.758559e-06
1.692104e-06
1.625658e-06
1.626826e-06
1.892796e-06
1.826269e-06
1.759756e-06
1.693253e-06
1.626762e-06
1.892699e-06
1.826177e-06
1.759667e-06
1.693167e-06
1.626679e-06
1.892584e-06
1.826067e-06
1.759561e-06
1.693066e-06
1.626581e-06
1.892456e-06
1.825944e-06
1.759443e-06
1.692953e-06
1.626472e-06
1.892321e-06
1.825814e-06
1.759318e-06
1.692833e-06
1.626357e-06
1.892184e-06
1.825683e-06
1.759193e-06
1.692712e-06
1.626241e-06
1.892054e-06
1.825559e-06
1.759073e-06
1.692597e-06
1.626131e-06
1.891936e-06
1.825446e-06
1.758965e-06
1.692493e-06
1.626031e-06
1.891833e-06
1.825347e-06
1.758871e-06
1.692403e-06
1.625945e-06
1.891748e-06
1.825266e-06
1.758792e-06
1.692328e-06
1.625873e-06
1.891673e-06
1.825193e-06
1.758723e-06
1.692262e-06
1.625809e-06
1.891601e-06
1.825125e-06
1.758657e-06
1.692199e-06
1.625748e-06
1.891499e-06
1.825027e-06
1.758563e-06
1.692108e-06
1.625661e-06
2.787453e-07
1.991868e-07
1.19364e-07
4.025346e-08
2.787376e-07
1.991751e-07
1.193674e-07
4.022128e-08
2.787227e-07
1.991528e-07
1.193737e-07
4.015959e-08
2.787009e-07
1.991209e-07
1.193818e-07
4.007402e-08
2.78673e-07
1.990817e-07
1.193902e-07
3.997257e-08
2.7864e-07
1.990375e-07
1.193971e-07
3.98648e-08
2.786036e-07
1.989914e-07
1.19401e-07
3.976093e-08
2.785655e-07
1.989465e-07
1.194007e-07
3.967048e-08
2.785282e-07
1.989059e-07
1.193957e-07
3.960108e-08
2.784936e-07
1.988719e-07
1.193864e-07
3.955722e-08
2.78464e-07
1.988463e-07
1.19374e-07
3.953978e-08
2.784398e-07
1.988292e-07
1.193598e-07
3.954585e-08
2.784214e-07
1.988193e-07
1.193449e-07
3.956923e-08
2.784051e-07
1.988125e-07
1.193292e-07
3.960153e-08
2.783887e-07
1.988043e-07
1.193099e-07
3.963002e-08
2.783606e-07
1.987832e-07
1.192824e-07
3.964459e-08
6.769729e-07
5.973206e-07
5.176766e-07
4.38033e-07
3.584072e-07
2.787442e-07
1.991899e-07
1.193553e-07
4.028946e-08
6.769594e-07
5.973079e-07
5.176646e-07
4.38022e-07
3.583965e-07
2.787365e-07
1.991781e-07
1.193593e-07
4.025496e-08
6.769331e-07
5.972831e-07
5.176411e-07
4.380007e-07
3.583756e-07
2.787216e-07
1.991552e-07
1.193667e-07
4.018871e-08
6.768949e-07
5.972471e-07
5.17607e-07
4.379696e-07
3.583452e-07
2.786998e-07
1.991227e-07
1.193762e-07
4.009678e-08
6.768459e-07
5.97201e-07
5.175634e-07
4.3793e-07
3.58307e-07
2.78672e-07
1.990827e-07
1.193863e-07
3.998777e-08
6.767884e-07
5.971469e-07
5.175124e-07
4.378835e-07
3.582623e-07
2.78639e-07
1.990376e-07
1.19395e-07
3.987198e-08
6.767246e-07
5.970868e-07
5.17456e-07
4.378323e-07
3.582138e-07
2.786026e-07
1.989907e-07
1.194005e-07
3.976045e-08
6.766579e-07
5.970244e-07
5.173975e-07
4.37779e-07
3.581637e-07
2.785644e-07
1.989449e-07
1.194015e-07
3.966344e-08
6.765917e-07
5.969624e-07
5.173398e-07
4.377269e-07
3.581157e-07
2.78527e-07
1.989036e-07
1.193974e-07
3.95892e-08
6.765297e-07
5.969047e-07
5.172863e-07
4.376785e-07
3.580718e-07
2.784924e-07
1.988692e-07
1.193885e-07
3.954259e-08
6.764748e-07
5.968539e-07
5.172397e-07
4.376367e-07
3.58035e-07
2.784627e-07
1.988435e-07
1.19376e-07
3.952453e-08
6.764288e-07
5.968115e-07
5.172012e-07
4.376024e-07
3.580054e-07
2.784386e-07
1.988264e-07
1.193613e-07
3.953182e-08
6.763922e-07
5.96778e-07
5.171711e-07
4.37576e-07
3.579835e-07
2.784201e-07
1.988168e-07
1.193459e-07
3.95577e-08
6.76361e-07
5.967492e-07
5.171453e-07
4.375531e-07
3.579647e-07
2.784036e-07
1.988101e-07
1.193294e-07
3.9593e-08
6.763339e-07
5.967241e-07
5.171224e-07
4.375321e-07
3.579469e-07
2.783863e-07
1.988014e-07
1.193091e-07
3.962385e-08
6.762942e-07
5.966863e-07
5.170868e-07
4.374983e-07
3.579157e-07
2.783558e-07
1.987785e-07
1.192794e-07
3.963902e-08
9.159716e-07
8.362965e-07
7.566303e-07
6.769714e-07
5.973192e-07
5.176754e-07
4.380317e-07
3.584063e-07
2.78743e-07
1.991925e-07
1.193475e-07
4.032208e-08
9.159563e-07
8.362818e-07
7.566162e-07
6.769579e-07
5.973065e-07
5.176634e-07
4.380208e-07
3.583955e-07
2.787353e-07
1.991805e-07
1.193519e-07
4.028551e-08
9.15926e-07
8.362528e-07
7.565885e-07
6.769316e-07
5.972817e-07
5.176399e-07
4.379994e-07
3.583746e-07
2.787205e-07
1.991573e-07
1.193603e-07
4.021518e-08
9.158821e-07
8.362107e-07
7.565484e-07
6.768934e-07
5.972457e-07
5.176058e-07
4.379683e-07
3.583442e-07
2.786988e-07
1.991242e-07
1.193711e-07
4.011754e-08
9.158256e-07
8.361567e-07
7.564968e-07
6.768445e-07
5.971996e-07
5.175623e-07
4.379288e-07
3.583059e-07
2.786709e-07
1.990835e-07
1.193827e-07
4.000174e-08
9.157589e-07
8.360931e-07
7.564361e-07
6.76787e-07
5.971454e-07
5.175112e-07
4.378822e-07
3.582612e-07
2.78638e-07
1.990377e-07
1.19393e-07
3.987875e-08
9.156848e-07
8.360223e-07
7.563687e-07
6.767231e-07
5.970854e-07
5.174547e-07
4.37831e-07
3.582126e-07
2.786015e-07
1.9899e-07
1.194e-07
3.976031e-08
9.156068e-07
8.35948e-07
7.562981e-07
6.766564e-07
5.970228e-07
5.173961e-07
4.377777e-07
3.581625e-07
2.785633e-07
1.989435e-07
1.194021e-07
3.965737e-08
9.155291e-07
8.35874e-07
7.562278e-07
6.765901e-07
5.969608e-07
5.173383e-07
4.377254e-07
3.581143e-07
2.785258e-07
1.989016e-07
1.193987e-07
3.957876e-08
9.154555e-07
8.358042e-07
7.561616e-07
6.76528e-07
5.96903e-07
5.172847e-07
4.37677e-07
3.580704e-07
2.78491e-07
1.988668e-07
1.193901e-07
3.952964e-08
9.1539e-07
8.35742e-07
7.561029e-07
6.764731e-07
5.968521e-07
5.17238e-07
4.376352e-07
3.580335e-07
2.784613e-07
1.988408e-07
1.193775e-07
3.951101e-08
9.153338e-07
8.356891e-07
7.560533e-07
6.764271e-07
5.968097e-07
5.171995e-07
4.376009e-07
3.580041e-07
2.784372e-07
1.988238e-07
1.193625e-07
3.951942e-08
9.152887e-07
8.356467e-07
7.560137e-07
6.763905e-07
5.967762e-07
5.171694e-07
4.375744e-07
3.579822e-07
2.784186e-07
1.988144e-07
1.193465e-07
3.954757e-08
9.152496e-07
8.3561e-07
7.559796e-07
6.763589e-07
5.967471e-07
5.171433e-07
4.375513e-07
3.579632e-07
2.784019e-07
1.988079e-07
1.193294e-07
3.958559e-08
9.152156e-07
8.35578e-07
7.559497e-07
6.763309e-07
5.967211e-07
5.171196e-07
4.375296e-07
3.579445e-07
2.783839e-07
1.987989e-07
1.193081e-07
3.961855e-08
9.151661e-07
8.355309e-07
7.55905e-07
6.762884e-07
5.966808e-07
5.170816e-07
4.374934e-07
3.579111e-07
2.783513e-07
1.987742e-07
1.192765e-07
3.963425e-08
1.075349e-06
9.956544e-07
9.159698e-07
8.362948e-07
7.566285e-07
6.769697e-07
5.973177e-07
5.176739e-07
4.380302e-07
3.584051e-07
2.787419e-07
1.991941e-07
1.193408e-07
4.034991e-08
1.075333e-06
9.956387e-07
9.159547e-07
8.362802e-07
7.566144e-07
6.769562e-07
5.973049e-07
5.176619e-07
4.380192e-07
3.583943e-07
2.787343e-07
1.991819e-07
1.193457e-07
4.03116e-08
1.0753e-06
9.956071e-07
9.159243e-07
8.362512e-07
7.565868e-07
6.769299e-07
5.972801e-07
5.176384e-07
4.379979e-07
3.583734e-07
2.787194e-07
1.991584e-07
1.193548e-07
4.023784e-08
1.075252e-06
9.955612e-07
9.158804e-07
8.362092e-07
7.565467e-07
6.768918e-07
5.972442e-07
5.176044e-07
4.379669e-07
3.583431e-07
2.786977e-07
1.99125e-07
1.193667e-07
4.013541e-08
1.07519e-06
9.955023e-07
9.15824e-07
8.361552e-07
7.564952e-07
6.768429e-07
5.971981e-07
5.175609e-07
4.379274e-07
3.583048e-07
2.786699e-07
1.990839e-07
1.193796e-07
4.001388e-08
1.075118e-06
9.954327e-07
9.157574e-07
8.360915e-07
7.564346e-07
6.767854e-07
5.97144e-07
5.175098e-07
4.378809e-07
3.582601e-07
2.78637e-07
1.990375e-07
1.193911e-07
3.98848e-08
1.075037e-06
9.953552e-07
9.156832e-07
8.360208e-07
7.563672e-07
6.767216e-07
5.97084e-07
5.174534e-07
4.378297e-07
3.582114e-07
2.786005e-07
1.989893e-07
1.193993e-07
3.97605e-08
1.074951e-06
9.952735e-07
9.156052e-07
8.359465e-07
7.562965e-07
6.766549e-07
5.970214e-07
5.173948e-07
4.377764e-07
3.581614e-07
2.785622e-07
1.989423e-07
1.194023e-07
3.965253e-08
1.074866e-06
9.95192e-07
9.155275e-07
8.358724e-07
7.562263e-07
6.765886e-07
5.969594e-07
5.17337e-07
4.377241e-07
3.581131e-07
2.785246e-07
1.989e-07
1.193996e-07
3.957018e-08
1.553032e-06
1.473296e-06
1.393571e-06
1.313858e-06
1.234157e-06
1.154466e-06
1.074785e-06
9.951144e-07
9.154539e-07
8.358026e-07
7.561601e-07
6.765266e-07
5.969015e-07
5.172834e-07
4.376757e-07
3.580692e-07
2.784898e-07
1.988649e-07
1.193912e-07
3.951893e-08
1.552936e-06
1.473205e-06
1.393484e-06
1.313775e-06
1.234077e-06
1.154389e-06
1.074713e-06
9.950456e-07
9.153883e-07
8.357403e-07
7.561015e-07
6.764717e-07
5.968506e-07
5.172367e-07
4.37634e-07
3.580323e-07
2.7846e-07
1.988389e-07
1.193785e-07
3.949979e-08
1.552853e-06
1.473126e-06
1.393408e-06
1.313703e-06
1.234008e-06
1.154324e-06
1.07465e-06
9.94986e-07
9.153321e-07
8.356875e-07
7.560519e-07
6.764256e-07
5.968082e-07
5.171982e-07
4.375997e-07
3.580029e-07
2.784358e-07
1.988219e-07
1.193632e-07
3.950913e-08
1.552784e-06
1.47306e-06
1.393346e-06
1.313643e-06
1.233952e-06
1.15427e-06
1.074599e-06
9.949382e-07
9.152869e-07
8.356449e-07
7.560122e-07
6.76389e-07
5.967746e-07
5.17168e-07
4.375732e-07
3.57981e-07
2.784173e-07
1.988127e-07
1.193468e-07
3.953923e-08
1.552724e-06
1.473002e-06
1.393291e-06
1.313591e-06
1.233902e-06
1.154224e-06
1.074555e-06
9.948962e-07
9.152475e-07
8.356079e-07
7.559778e-07
6.763571e-07
5.967454e-07
5.171418e-07
4.375499e-07
3.579618e-07
2.784004e-07
1.988062e-07
1.193292e-07
3.957957e-08
1.55267e-06
1.472951e-06
1.393243e-06
1.313545e-06
1.233859e-06
1.154182e-06
1.074516e-06
9.948592e-07
9.152124e-07
8.355749e-07
7.559469e-07
6.763282e-07
5.967185e-07
5.171172e-07
4.375274e-07
3.579425e-07
2.783817e-07
1.987968e-07
1.193069e-07
3.961433e-08
1.552592e-06
1.472877e-06
1.393172e-06
1.313478e-06
1.233795e-06
1.154122e-06
1.074458e-06
9.948043e-07
9.151602e-07
8.355253e-07
7.558997e-07
6.762833e-07
5.96676e-07
5.17077e-07
4.374892e-07
3.579071e-07
2.783473e-07
1.987706e-07
1.192736e-07
3.963042e-08
1.155053e-06
1.075347e-06
9.956524e-07
9.15968e-07
8.362929e-07
7.566266e-07
6.769677e-07
5.973156e-07
5.176718e-07
4.380282e-07
3.584032e-07
2.787405e-07
1.991943e-07
1.193357e-07
4.037139e-08
1.314479e-06
1.234751e-06
1.155035e-06
1.075331e-06
9.956368e-07
9.159529e-07
8.362784e-07
7.566126e-07
6.769542e-07
5.973029e-07
5.176598e-07
4.380172e-07
3.583925e-07
2.787329e-07
1.991821e-07
1.193409e-07
4.033179e-08
1.553698e-06
1.47393e-06
1.394179e-06
1.314441e-06
1.234715e-06
1.155001e-06
1.075298e-06
9.956052e-07
9.159226e-07
8.362495e-07
7.56585e-07
6.769281e-07
5.972782e-07
5.176364e-07
4.37996e-07
3.583716e-07
2.787181e-07
1.991585e-07
1.193505e-07
4.025543e-08
1.553636e-06
1.473871e-06
1.394123e-06
1.314387e-06
1.234663e-06
1.154951e-06
1.07525e-06
9.955594e-07
9.158787e-07
8.362075e-07
7.56545e-07
6.7689e-07
5.972424e-07
5.176025e-07
4.379651e-07
3.583415e-07
2.786965e-07
1.99125e-07
1.193632e-07
4.014936e-08
1.553557e-06
1.473796e-06
1.394051e-06
1.314318e-06
1.234597e-06
1.154888e-06
1.075189e-06
9.955006e-07
9.158224e-07
8.361536e-07
7.564936e-07
6.768413e-07
5.971965e-07
5.175592e-07
4.379258e-07
3.583034e-07
2.786688e-07
1.990836e-07
1.19377e-07
4.002348e-08
1.553463e-06
1.473706e-06
1.393965e-06
1.314235e-06
1.234518e-06
1.154812e-06
1.075116e-06
9.954311e-07
9.157559e-07
8.360901e-07
7.564331e-07
6.767839e-07
5.971425e-07
5.175083e-07
4.378795e-07
3.582589e-07
2.786359e-07
1.990371e-07
1.193895e-07
3.988976e-08
1.553358e-06
1.473607e-06
1.393869e-06
1.314144e-06
1.23443e-06
1.154727e-06
1.075035e-06
9.953537e-07
9.156818e-07
8.360194e-07
7.563658e-07
6.767203e-07
5.970827e-07
5.174521e-07
4.378284e-07
3.582104e-07
2.785995e-07
1.989886e-07
1.193985e-07
3.976098e-08
1.553247e-06
1.473502e-06
1.393768e-06
1.314047e-06
1.234337e-06
1.154638e-06
1.07495e-06
9.952721e-07
9.156039e-07
8.359451e-07
7.562952e-07
6.766536e-07
5.970202e-07
5.173936e-07
4.377753e-07
3.581605e-07
2.785613e-07
1.989415e-07
1.194023e-07
3.964914e-08
1.553136e-06
1.473396e-06
1.393666e-06
1.313949e-06
1.234244e-06
1.154549e-06
1.074865e-06
9.951906e-07
9.155262e-07
8.358711e-07
7.56225e-07
6.765875e-07
5.969583e-07
5.17336e-07
4.377232e-07
3.581123e-07
2.785237e-07
1.98899e-07
1.194e-07
3.956391e-08
1.553029e-06
1.473294e-06
1.393569e-06
1.313856e-06
1.234155e-06
1.154464e-06
1.074784e-06
9.951131e-07
9.154526e-07
8.358013e-07
7.56159e-07
6.765255e-07
5.969005e-07
5.172825e-07
4.376749e-07
3.580685e-07
2.784889e-07
1.988638e-07
1.193918e-07
3.9511e-08
1.552933e-06
1.473203e-06
1.393482e-06
1.313773e-06
1.234075e-06
1.154388e-06
1.074711e-06
9.950442e-07
9.15387e-07
8.357391e-07
7.561003e-07
6.764707e-07
5.968497e-07
5.17236e-07
4.376333e-07
3.580317e-07
2.784591e-07
1.988378e-07
1.193791e-07
3.949147e-08
1.55285e-06
1.473123e-06
1.393406e-06
1.313701e-06
1.234006e-06
1.154322e-06
1.074649e-06
9.949848e-07
9.153309e-07
8.356862e-07
7.560508e-07
6.764246e-07
5.968074e-07
5.171975e-07
4.375991e-07
3.580024e-07
2.78435e-07
1.988209e-07
1.193635e-07
3.950156e-08
1.552782e-06
1.473058e-06
1.393344e-06
1.313641e-06
1.23395e-06
1.154269e-06
1.074598e-06
9.949368e-07
9.152856e-07
8.356437e-07
7.560111e-07
6.763879e-07
5.967738e-07
5.171674e-07
4.375726e-07
3.579805e-07
2.784164e-07
1.988118e-07
1.193468e-07
3.953317e-08
1.55272e-06
1.472999e-06
1.393288e-06
1.313589e-06
1.2339e-06
1.154221e-06
1.074553e-06
9.948946e-07
9.152459e-07
8.356064e-07
7.559764e-07
6.763558e-07
5.967443e-07
5.171408e-07
4.37549e-07
3.579611e-07
2.783993e-07
1.988053e-07
1.193287e-07
3.957533e-08
1.552665e-06
1.472947e-06
1.393239e-06
1.313542e-06
1.233855e-06
1.154179e-06
1.074513e-06
9.948566e-07
9.152099e-07
8.355725e-07
7.559446e-07
6.763261e-07
5.967167e-07
5.171156e-07
4.375258e-07
3.579411e-07
2.783801e-07
1.987955e-07
1.193057e-07
3.961148e-08
1.552585e-06
1.47287e-06
1.393166e-06
1.313472e-06
1.233789e-06
1.154116e-06
1.074453e-06
9.947993e-07
9.151554e-07
8.355207e-07
7.558954e-07
6.762793e-07
5.966722e-07
5.170735e-07
4.374858e-07
3.57904e-07
2.78344e-07
1.987679e-07
1.192709e-07
3.962779e-08
1.155051e-06
1.075345e-06
9.956504e-07
9.159659e-07
8.362907e-07
7.566242e-07
6.769654e-07
5.973132e-07
5.176692e-07
4.380258e-07
3.584008e-07
2.78739e-07
1.99193e-07
1.193328e-07
4.038517e-08
1.314477e-06
1.234749e-06
1.155033e-06
1.075329e-06
9.956349e-07
9.159509e-07
8.362763e-07
7.566102e-07
6.769519e-07
5.973005e-07
5.176574e-07
4.38015e-07
3.583901e-07
2.787315e-07
1.991809e-07
1.193381e-07
4.034478e-08
1.553697e-06
1.473928e-06
1.394178e-06
1.31444e-06
1.234714e-06
1.155e-06
1.075296e-06
9.956034e-07
9.159207e-07
8.362474e-07
7.565828e-07
6.769259e-07
5.97276e-07
5.176342e-07
4.379938e-07
3.583694e-07
2.787167e-07
1.991574e-07
1.19348e-07
4.026683e-08
1.553635e-06
1.47387e-06
1.394122e-06
1.314386e-06
1.234662e-06
1.15495e-06
1.075248e-06
9.955577e-07
9.15877e-07
8.362056e-07
7.56543e-07
6.76888e-07
5.972403e-07
5.176005e-07
4.379632e-07
3.583396e-07
2.786952e-07
1.99124e-07
1.193611e-07
4.015852e-08
1.553556e-06
1.473794e-06
1.394049e-06
1.314316e-06
1.234595e-06
1.154886e-06
1.075187e-06
9.954991e-07
9.158208e-07
8.36152e-07
7.564918e-07
6.768395e-07
5.971947e-07
5.175574e-07
4.379241e-07
3.583017e-07
2.786676e-07
1.990827e-07
1.193753e-07
4.002994e-08
1.553462e-06
1.473705e-06
1.393964e-06
1.314234e-06
1.234516e-06
1.15481e-06
1.075115e-06
9.954297e-07
9.157544e-07
8.360886e-07
7.564315e-07
6.767824e-07
5.97141e-07
5.175068e-07
4.37878e-07
3.582575e-07
2.786349e-07
1.990364e-07
1.193883e-07
3.989332e-08
1.553357e-06
1.473606e-06
1.393868e-06
1.314142e-06
1.234429e-06
1.154726e-06
1.075034e-06
9.953524e-07
9.156806e-07
8.360181e-07
7.563645e-07
6.76719e-07
5.970814e-07
5.17451e-07
4.378273e-07
3.582093e-07
2.785985e-07
1.989881e-07
1.193978e-07
3.976171e-08
1.553246e-06
1.4735e-06
1.393767e-06
1.314045e-06
1.234336e-06
1.154637e-06
1.074949e-06
9.95271e-07
9.156028e-07
8.359441e-07
7.562942e-07
6.766526e-07
5.970192e-07
5.173928e-07
4.377745e-07
3.581598e-07
2.785605e-07
1.989411e-07
1.194019e-07
3.964742e-08
1.553134e-06
1.473394e-06
1.393665e-06
1.313948e-06
1.234242e-06
1.154548e-06
1.074864e-06
9.951896e-07
9.155253e-07
8.358703e-07
7.562243e-07
6.765868e-07
5.969576e-07
5.173354e-07
4.377226e-07
3.581119e-07
2.78523e-07
1.988987e-07
1.193998e-07
3.956033e-08
1.553028e-06
1.473293e-06
1.393568e-06
1.313855e-06
1.234154e-06
1.154463e-06
1.074783e-06
9.951123e-07
9.154518e-07
8.358006e-07
7.561584e-07
6.765249e-07
5.969001e-07
5.172822e-07
4.376746e-07
3.580684e-07
2.784884e-07
1.988636e-07
1.193917e-07
3.950635e-08
1.552932e-06
1.473201e-06
1.39348e-06
1.313771e-06
1.234074e-06
1.154387e-06
1.07471e-06
9.950434e-07
9.153863e-07
8.357386e-07
7.561e-07
6.764703e-07
5.968495e-07
5.172359e-07
4.376331e-07
3.580318e-07
2.784586e-07
1.988377e-07
1.193789e-07
3.948658e-08
1.552848e-06
1.473122e-06
1.393405e-06
1.313699e-06
1.234005e-06
1.154321e-06
1.074648e-06
9.949841e-07
9.153303e-07
8.356858e-07
7.560505e-07
6.764244e-07
5.968072e-07
5.171975e-07
4.375991e-07
3.580026e-07
2.784346e-07
1.98821e-07
1.193632e-07
3.949715e-08
1.55278e-06
1.473056e-06
1.393342e-06
1.31364e-06
1.233949e-06
1.154268e-06
1.074597e-06
9.94936e-07
9.152849e-07
8.356432e-07
7.560108e-07
6.763876e-07
5.967736e-07
5.171673e-07
4.375726e-07
3.579807e-07
2.78416e-07
1.988118e-07
1.193463e-07
3.952977e-08
1.552718e-06
1.472997e-06
1.393287e-06
1.313587e-06
1.233899e-06
1.15422e-06
1.074552e-06
9.948936e-07
9.15245e-07
8.356057e-07
7.559758e-07
6.763553e-07
5.967439e-07
5.171406e-07
4.375489e-07
3.579611e-07
2.783988e-07
1.988053e-07
1.193279e-07
3.957313e-08
1.552662e-06
1.472944e-06
1.393236e-06
1.313539e-06
1.233853e-06
1.154177e-06
1.074511e-06
9.948548e-07
9.152083e-07
8.355711e-07
7.559433e-07
6.763248e-07
5.967156e-07
5.171146e-07
4.37525e-07
3.579404e-07
2.783789e-07
1.98795e-07
1.193043e-07
3.961018e-08
1.552579e-06
1.472865e-06
1.393161e-06
1.313467e-06
1.233785e-06
1.154112e-06
1.074449e-06
9.947957e-07
9.15152e-07
8.355176e-07
7.558924e-07
6.762764e-07
5.966695e-07
5.17071e-07
4.374835e-07
3.579019e-07
2.783416e-07
1.987661e-07
1.192683e-07
3.962652e-08
6.769505e-07
5.972982e-07
5.176549e-07
4.380127e-07
3.583877e-07
2.787303e-07
1.991784e-07
1.193381e-07
4.03478e-08
8.362889e-07
7.566215e-07
6.769626e-07
5.973108e-07
5.176667e-07
4.380239e-07
3.583984e-07
2.787378e-07
1.991903e-07
1.193327e-07
4.03892e-08
1.155049e-06
1.075343e-06
9.956481e-07
9.159635e-07
8.362881e-07
7.566215e-07
6.769625e-07
5.973103e-07
5.176662e-07
4.380231e-07
3.583977e-07
2.787375e-07
1.991901e-07
1.193325e-07
4.038992e-08
1.314475e-06
1.234747e-06
1.155031e-06
1.075327e-06
9.956327e-07
9.159486e-07
8.362739e-07
7.566077e-07
6.769492e-07
5.972978e-07
5.176545e-07
4.380123e-07
3.583872e-07
2.7873e-07
1.991781e-07
1.193377e-07
4.034932e-08
1.553695e-06
1.473926e-06
1.394176e-06
1.314438e-06
1.234712e-06
1.154998e-06
1.075294e-06
9.956013e-07
9.159186e-07
8.362452e-07
7.565804e-07
6.769233e-07
5.972734e-07
5.176315e-07
4.379914e-07
3.583668e-07
2.787153e-07
1.991549e-07
1.193475e-07
4.027094e-08
1.553634e-06
1.473868e-06
1.39412e-06
1.314384e-06
1.23466e-06
1.154948e-06
1.075247e-06
9.955558e-07
9.15875e-07
8.362036e-07
7.565408e-07
6.768857e-07
5.97238e-07
5.175981e-07
4.37961e-07
3.583372e-07
2.786939e-07
1.991219e-07
1.193605e-07
4.016201e-08
1.553555e-06
1.473793e-06
1.394048e-06
1.314315e-06
1.234594e-06
1.154884e-06
1.075186e-06
9.954974e-07
9.158191e-07
8.361502e-07
7.5649e-07
6.768376e-07
5.971927e-07
5.175554e-07
4.379222e-07
3.582998e-07
2.786664e-07
1.990812e-07
1.193747e-07
4.003265e-08
1.55346e-06
1.473704e-06
1.393962e-06
1.314233e-06
1.234515e-06
1.154809e-06
1.075113e-06
9.954283e-07
9.15753e-07
8.360872e-07
7.5643e-07
6.767809e-07
5.971394e-07
5.175053e-07
4.378766e-07
3.582561e-07
2.786338e-07
1.990354e-07
1.193876e-07
3.989515e-08
1.553356e-06
1.473605e-06
1.393867e-06
1.314141e-06
1.234427e-06
1.154725e-06
1.075033e-06
9.953514e-07
9.156795e-07
8.360171e-07
7.563634e-07
6.767179e-07
5.970803e-07
5.174499e-07
4.378263e-07
3.582084e-07
2.785977e-07
1.989876e-07
1.19397e-07
3.976264e-08
1.553245e-06
1.473499e-06
1.393766e-06
1.314044e-06
1.234335e-06
1.154636e-06
1.074948e-06
9.952703e-07
9.156022e-07
8.359434e-07
7.562935e-07
6.76652e-07
5.970186e-07
5.173922e-07
4.377739e-07
3.581594e-07
2.785598e-07
1.989411e-07
1.194011e-07
3.964754e-08
1.553133e-06
1.473394e-06
1.393664e-06
1.313947e-06
1.234242e-06
1.154547e-06
1.074863e-06
9.951892e-07
9.155249e-07
8.3587e-07
7.56224e-07
6.765865e-07
5.969574e-07
5.173354e-07
4.377225e-07
3.58112e-07
2.785226e-07
1.988992e-07
1.19399e-07
3.955982e-08
1.553027e-06
1.473292e-06
1.393567e-06
1.313855e-06
1.234153e-06
1.154463e-06
1.074782e-06
9.951122e-07
9.154517e-07
8.358006e-07
7.561585e-07
6.765251e-07
5.969003e-07
5.172825e-07
4.376749e-07
3.58069e-07
2.784882e-07
1.988645e-07
1.193908e-07
3.950546e-08
1.552931e-06
1.473201e-06
1.39348e-06
1.313771e-06
1.234074e-06
1.154387e-06
1.07471e-06
9.950434e-07
9.153864e-07
8.357388e-07
7.561003e-07
6.764708e-07
5.9685e-07
5.172365e-07
4.376337e-07
3.580326e-07
2.784586e-07
1.988387e-07
1.19378e-07
3.94856e-08
1.552848e-06
1.473121e-06
1.393404e-06
1.313699e-06
1.234005e-06
1.154321e-06
1.074648e-06
9.949844e-07
9.153306e-07
8.356862e-07
7.56051e-07
6.76425e-07
5.968079e-07
5.171984e-07
4.375999e-07
3.580037e-07
2.784347e-07
1.988221e-07
1.193623e-07
3.949638e-08
1.552779e-06
1.473055e-06
1.393342e-06
1.31364e-06
1.233948e-06
1.154268e-06
1.074597e-06
9.949362e-07
9.152852e-07
8.356436e-07
7.560113e-07
6.763883e-07
5.967743e-07
5.171682e-07
4.375733e-07
3.579817e-07
2.784161e-07
1.98813e-07
1.193452e-07
3.952941e-08
1.552717e-06
1.472997e-06
1.393286e-06
1.313587e-06
1.233898e-06
1.15422e-06
1.074552e-06
9.948937e-07
9.152451e-07
8.356059e-07
7.559761e-07
6.763557e-07
5.967444e-07
5.171413e-07
4.375495e-07
3.579619e-07
2.783988e-07
1.988063e-07
1.193268e-07
3.957326e-08
1.55266e-06
1.472942e-06
1.393235e-06
1.313538e-06
1.233852e-06
1.154176e-06
1.07451e-06
9.948541e-07
9.152076e-07
8.355706e-07
7.559429e-07
6.763246e-07
5.967154e-07
5.171146e-07
4.375249e-07
3.579406e-07
2.783784e-07
1.987954e-07
1.193028e-07
3.961063e-08
1.552576e-06
1.472861e-06
1.393158e-06
1.313465e-06
1.233782e-06
1.154109e-06
1.074447e-06
9.947937e-07
9.151501e-07
8.355158e-07
7.558907e-07
6.762749e-07
5.966682e-07
5.170698e-07
4.374823e-07
3.579009e-07
2.7834e-07
1.987655e-07
1.192659e-07
3.962675e-08
6.769475e-07
5.97295e-07
5.176516e-07
4.380098e-07
3.583842e-07
2.787289e-07
1.99174e-07
1.193405e-07
4.034306e-08
8.362862e-07
7.566183e-07
6.769593e-07
5.973074e-07
5.176633e-07
4.380206e-07
3.583946e-07
2.787363e-07
1.991857e-07
1.193354e-07
4.038408e-08
1.155047e-06
1.07534e-06
9.956456e-07
9.159608e-07
8.362852e-07
7.566184e-07
6.769595e-07
5.973072e-07
5.176629e-07
4.3802e-07
3.583941e-07
2.78736e-07
1.991855e-07
1.193352e-07
4.038476e-08
1.314473e-06
1.234745e-06
1.155029e-06
1.075324e-06
9.956303e-07
9.15946e-07
8.362711e-07
7.566047e-07
6.769462e-07
5.972947e-07
5.176513e-07
4.380094e-07
3.583838e-07
2.787286e-07
1.991738e-07
1.193402e-07
4.034459e-08
1.553694e-06
1.473925e-06
1.394175e-06
1.314436e-06
1.23471e-06
1.154996e-06
1.075292e-06
9.955991e-07
9.159161e-07
8.362426e-07
7.565777e-07
6.769206e-07
5.972706e-07
5.176286e-07
4.379887e-07
3.583636e-07
2.787139e-07
1.991511e-07
1.193495e-07
4.026705e-08
1.553633e-06
1.473867e-06
1.394119e-06
1.314383e-06
1.234659e-06
1.154946e-06
1.075245e-06
9.955538e-07
9.158729e-07
8.362013e-07
7.565384e-07
6.768833e-07
5.972356e-07
5.175955e-07
4.379586e-07
3.583346e-07
2.786925e-07
1.991188e-07
1.193619e-07
4.015925e-08
1.553553e-06
1.473792e-06
1.394047e-06
1.314314e-06
1.234592e-06
1.154883e-06
1.075184e-06
9.954958e-07
9.158173e-07
8.361483e-07
7.56488e-07
6.768356e-07
5.971907e-07
5.175533e-07
4.379202e-07
3.582976e-07
2.786652e-07
1.990789e-07
1.193753e-07
4.003121e-08
1.55346e-06
1.473703e-06
1.393961e-06
1.314232e-06
1.234514e-06
1.154808e-06
1.075112e-06
9.95427e-07
9.157517e-07
8.360858e-07
7.564285e-07
6.767794e-07
5.971379e-07
5.175037e-07
4.378751e-07
3.582546e-07
2.786328e-07
1.990341e-07
1.193875e-07
3.989505e-08
1.553355e-06
1.473604e-06
1.393866e-06
1.314141e-06
1.234427e-06
1.154724e-06
1.075032e-06
9.953506e-07
9.156787e-07
8.360162e-07
7.563625e-07
6.76717e-07
5.970794e-07
5.17449e-07
4.378254e-07
3.582077e-07
2.785969e-07
1.989873e-07
1.193962e-07
3.976377e-08
1.553244e-06
1.473499e-06
1.393765e-06
1.314044e-06
1.234334e-06
1.154636e-06
1.074948e-06
9.952699e-07
9.156018e-07
8.359431e-07
7.562932e-07
6.766517e-07
5.970183e-07
5.17392e-07
4.377736e-07
3.581594e-07
2.785594e-07
1.989417e-07
1.193998e-07
3.964966e-08
1.553133e-06
1.473393e-06
1.393664e-06
1.313947e-06
1.234242e-06
1.154547e-06
1.074863e-06
9.951894e-07
9.155251e-07
8.358702e-07
7.562243e-07
6.765868e-07
5.969577e-07
5.173358e-07
4.377228e-07
3.581126e-07
2.785225e-07
1.989005e-07
1.193973e-07
3.956263e-08
1.553027e-06
1.473293e-06
1.393568e-06
1.313855e-06
1.234154e-06
1.154463e-06
1.074783e-06
9.951128e-07
9.154524e-07
8.358013e-07
7.561593e-07
6.765259e-07
5.969011e-07
5.172835e-07
4.376757e-07
3.580701e-07
2.784884e-07
1.988664e-07
1.19389e-07
3.950865e-08
1.552931e-06
1.473201e-06
1.39348e-06
1.313772e-06
1.234074e-06
1.154387e-06
1.074711e-06
9.950443e-07
9.153874e-07
8.357399e-07
7.561015e-07
6.76472e-07
5.968512e-07
5.172379e-07
4.37635e-07
3.580342e-07
2.784591e-07
1.98841e-07
1.193761e-07
3.948888e-08
1.552848e-06
1.473122e-06
1.393405e-06
1.3137e-06
1.234006e-06
1.154322e-06
1.074649e-06
9.949855e-07
9.153319e-07
8.356876e-07
7.560525e-07
6.764265e-07
5.968094e-07
5.172e-07
4.376014e-07
3.580055e-07
2.784354e-07
1.988245e-07
1.193605e-07
3.949953e-08
1.552779e-06
1.473056e-06
1.393342e-06
1.31364e-06
1.233949e-06
1.154268e-06
1.074598e-06
9.949373e-07
9.152864e-07
8.356449e-07
7.560127e-07
6.763897e-07
5.967758e-07
5.171698e-07
4.375748e-07
3.579835e-07
2.784168e-07
1.988152e-07
1.193436e-07
3.953229e-08
1.552718e-06
1.472997e-06
1.393287e-06
1.313587e-06
1.233899e-06
1.154221e-06
1.074553e-06
9.948947e-07
9.152463e-07
8.356072e-07
7.559775e-07
6.763571e-07
5.967458e-07
5.171428e-07
4.375508e-07
3.579636e-07
2.783994e-07
1.988083e-07
1.193252e-07
3.957583e-08
1.55266e-06
1.472942e-06
1.393234e-06
1.313538e-06
1.233852e-06
1.154176e-06
1.07451e-06
9.948545e-07
9.152082e-07
8.355712e-07
7.559437e-07
6.763254e-07
5.967162e-07
5.171155e-07
4.375257e-07
3.579417e-07
2.783785e-07
1.987969e-07
1.193011e-07
3.961288e-08
1.552575e-06
1.47286e-06
1.393157e-06
1.313464e-06
1.233781e-06
1.154109e-06
1.074446e-06
9.947933e-07
9.151498e-07
8.355156e-07
7.558907e-07
6.762749e-07
5.966681e-07
5.170699e-07
4.374823e-07
3.579011e-07
2.783394e-07
1.987661e-07
1.192637e-07
3.962846e-08
6.769442e-07
5.972916e-07
5.17648e-07
4.380066e-07
3.583802e-07
2.787277e-07
1.991676e-07
1.193472e-07
4.032629e-08
8.362831e-07
7.566149e-07
6.769558e-07
5.973039e-07
5.176596e-07
4.380172e-07
3.583903e-07
2.787351e-07
1.991789e-07
1.193427e-07
4.036599e-08
1.155044e-06
1.075338e-06
9.956429e-07
9.159579e-07
8.362821e-07
7.566151e-07
6.769561e-07
5.973037e-07
5.176593e-07
4.380167e-07
3.5839e-07
2.787348e-07
1.991787e-07
1.193424e-07
4.036658e-08
1.314471e-06
1.234743e-06
1.155027e-06
1.075322e-06
9.956276e-07
9.159432e-07
8.362681e-07
7.566016e-07
6.76943e-07
5.972915e-07
5.176478e-07
4.380063e-07
3.583798e-07
2.787273e-07
1.991675e-07
1.193469e-07
4.032769e-08
1.553692e-06
1.473923e-06
1.394173e-06
1.314434e-06
1.234708e-06
1.154993e-06
1.07529e-06
9.955967e-07
9.159136e-07
8.362399e-07
7.565748e-07
6.769176e-07
5.972676e-07
5.176254e-07
4.379858e-07
3.583601e-07
2.787127e-07
1.991455e-07
1.193551e-07
4.025266e-08
1.553631e-06
1.473865e-06
1.394117e-06
1.314381e-06
1.234657e-06
1.154944e-06
1.075243e-06
9.955517e-07
9.158707e-07
8.361989e-07
7.565359e-07
6.768808e-07
5.972329e-07
5.175928e-07
4.379561e-07
3.583315e-07
2.786914e-07
1.991143e-07
1.193661e-07
4.014833e-08
1.553552e-06
1.473791e-06
1.394045e-06
1.314312e-06
1.234591e-06
1.154881e-06
1.075182e-06
9.954941e-07
9.158156e-07
8.361464e-07
7.56486e-07
6.768336e-07
5.971886e-07
5.175512e-07
4.379182e-07
3.582953e-07
2.786641e-07
1.990758e-07
1.193778e-07
4.002437e-08
1.553459e-06
1.473702e-06
1.39396e-06
1.314231e-06
1.234513e-06
1.154807e-06
1.075111e-06
9.954259e-07
9.157505e-07
8.360844e-07
7.564272e-07
6.76778e-07
5.971365e-07
5.175022e-07
4.378737e-07
3.582531e-07
2.786319e-07
1.990324e-07
1.193883e-07
3.989247e-08
1.553355e-06
1.473603e-06
1.393866e-06
1.31414e-06
1.234426e-06
1.154724e-06
1.075032e-06
9.9535e-07
9.156781e-07
8.360156e-07
7.563619e-07
6.767163e-07
5.970787e-07
5.174483e-07
4.378247e-07
3.582071e-07
2.785963e-07
1.989871e-07
1.193954e-07
3.976521e-08
1.553244e-06
1.473499e-06
1.393765e-06
1.314044e-06
1.234334e-06
1.154636e-06
1.074948e-06
9.9527e-07
9.156019e-07
8.359432e-07
7.562933e-07
6.766518e-07
5.970183e-07
5.173921e-07
4.377737e-07
3.581597e-07
2.785591e-07
1.989429e-07
1.193977e-07
3.96545e-08
1.553134e-06
1.473394e-06
1.393665e-06
1.313948e-06
1.234243e-06
1.154548e-06
1.074864e-06
9.951901e-07
9.155259e-07
8.35871e-07
7.562251e-07
6.765877e-07
5.969586e-07
5.173367e-07
4.377236e-07
3.581138e-07
2.785226e-07
1.989029e-07
1.193943e-07
3.956995e-08
1.553028e-06
1.473294e-06
1.393569e-06
1.313856e-06
1.234155e-06
1.154464e-06
1.074784e-06
9.951142e-07
9.154538e-07
8.358027e-07
7.561607e-07
6.765274e-07
5.969026e-07
5.172851e-07
4.376772e-07
3.580721e-07
2.784889e-07
1.988696e-07
1.193855e-07
3.951738e-08
1.552932e-06
1.473203e-06
1.393482e-06
1.313773e-06
1.234076e-06
1.154389e-06
1.074713e-06
9.950461e-07
9.153893e-07
8.357418e-07
7.561035e-07
6.76474e-07
5.968532e-07
5.1724e-07
4.376369e-07
3.580366e-07
2.7846e-07
1.988448e-07
1.193726e-07
3.949798e-08
1.55285e-06
1.473123e-06
1.393407e-06
1.313702e-06
1.234008e-06
1.154324e-06
1.074651e-06
9.949876e-07
9.15334e-07
8.356898e-07
7.560548e-07
6.764288e-07
5.968117e-07
5.172025e-07
4.376037e-07
3.580082e-07
2.784365e-07
1.988284e-07
1.193572e-07
3.950811e-08
1.552781e-06
1.473058e-06
1.393344e-06
1.313642e-06
1.233951e-06
1.15427e-06
1.0746e-06
9.949395e-07
9.152887e-07
8.356472e-07
7.560151e-07
6.763921e-07
5.967781e-07
5.171723e-07
4.375772e-07
3.579862e-07
2.78418e-07
1.98819e-07
1.193407e-07
3.953976e-08
1.552719e-06
1.472999e-06
1.393288e-06
1.313589e-06
1.233901e-06
1.154223e-06
1.074555e-06
9.948969e-07
9.152485e-07
8.356095e-07
7.559798e-07
6.763594e-07
5.967481e-07
5.171452e-07
4.375531e-07
3.579662e-07
2.784005e-07
1.988117e-07
1.193228e-07
3.958192e-08
1.552661e-06
1.472943e-06
1.393236e-06
1.313539e-06
1.233853e-06
1.154178e-06
1.074512e-06
9.948561e-07
9.152099e-07
8.35573e-07
7.559454e-07
6.763271e-07
5.967179e-07
5.171173e-07
4.375274e-07
3.579436e-07
2.783792e-07
1.987995e-07
1.192988e-07
3.961777e-08
1.552576e-06
1.472862e-06
1.393158e-06
1.313465e-06
1.233783e-06
1.15411e-06
1.074448e-06
9.947947e-07
9.151512e-07
8.35517e-07
7.558921e-07
6.762762e-07
5.966695e-07
5.170712e-07
4.374835e-07
3.579026e-07
2.783397e-07
1.987681e-07
1.192613e-07
3.963227e-08
6.769409e-07
5.972883e-07
5.176443e-07
4.380035e-07
3.583757e-07
2.787276e-07
1.991571e-07
1.193655e-07
4.02842e-08
8.3628e-07
7.566117e-07
6.769523e-07
5.973003e-07
5.176558e-07
4.380138e-07
3.583855e-07
2.78735e-07
1.991676e-07
1.193623e-07
4.032068e-08
1.155042e-06
1.075335e-06
9.956401e-07
9.15955e-07
8.36279e-07
7.566118e-07
6.769526e-07
5.973003e-07
5.176555e-07
4.380134e-07
3.583852e-07
2.787348e-07
1.991675e-07
1.193621e-07
4.032116e-08
1.314469e-06
1.23474e-06
1.155024e-06
1.075319e-06
9.956249e-07
9.159404e-07
8.362651e-07
7.565984e-07
6.769397e-07
5.972881e-07
5.176442e-07
4.380031e-07
3.583753e-07
2.787272e-07
1.991569e-07
1.193651e-07
4.028538e-08
1.553691e-06
1.473922e-06
1.394171e-06
1.314432e-06
1.234706e-06
1.154991e-06
1.075287e-06
9.955942e-07
9.15911e-07
8.362371e-07
7.565719e-07
6.769146e-07
5.972646e-07
5.17622e-07
4.379829e-07
3.58356e-07
2.787125e-07
1.991363e-07
1.193707e-07
4.021639e-08
1.55363e-06
1.473864e-06
1.394116e-06
1.314379e-06
1.234655e-06
1.154942e-06
1.075241e-06
9.955496e-07
9.158684e-07
8.361966e-07
7.565334e-07
6.768782e-07
5.972303e-07
5.175899e-07
4.379536e-07
3.583282e-07
2.78691e-07
1.991071e-07
1.193779e-07
4.012045e-08
1.553551e-06
1.47379e-06
1.394044e-06
1.314311e-06
1.23459e-06
1.15488e-06
1.075181e-06
9.954925e-07
9.158139e-07
8.361446e-07
7.564841e-07
6.768316e-07
5.971866e-07
5.175489e-07
4.379163e-07
3.582928e-07
2.786636e-07
1.990708e-07
1.193853e-07
4.000639e-08
1.553458e-06
1.473702e-06
1.39396e-06
1.31423e-06
1.234512e-06
1.154806e-06
1.07511e-06
9.954248e-07
9.157494e-07
8.360833e-07
7.564259e-07
6.767766e-07
5.971351e-07
5.175008e-07
4.378724e-07
3.582516e-07
2.786313e-07
1.9903e-07
1.193912e-07
3.988496e-08
1.553355e-06
1.473603e-06
1.393865e-06
1.31414e-06
1.234426e-06
1.154723e-06
1.075031e-06
9.953496e-07
9.156777e-07
8.360151e-07
7.563613e-07
6.767158e-07
5.970781e-07
5.174477e-07
4.378241e-07
3.582066e-07
2.785957e-07
1.989871e-07
1.193941e-07
3.976767e-08
1.553245e-06
1.473499e-06
1.393766e-06
1.314045e-06
1.234335e-06
1.154636e-06
1.074948e-06
9.952704e-07
9.156023e-07
8.359435e-07
7.562936e-07
6.766521e-07
5.970186e-07
5.173924e-07
4.377739e-07
3.581603e-07
2.785587e-07
1.989452e-07
1.193928e-07
3.966551e-08
1.553135e-06
1.473395e-06
1.393666e-06
1.313949e-06
1.234243e-06
1.154549e-06
1.074865e-06
9.951912e-07
9.15527e-07
8.358721e-07
7.562262e-07
6.765888e-07
5.969597e-07
5.173379e-07
4.377246e-07
3.581154e-07
2.785225e-07
1.989071e-07
1.193868e-07
3.958733e-08
1.553029e-06
1.473295e-06
1.39357e-06
1.313858e-06
1.234156e-06
1.154466e-06
1.074786e-06
9.951159e-07
9.154556e-07
8.358046e-07
7.561626e-07
6.765293e-07
5.969044e-07
5.172871e-07
4.37679e-07
3.580745e-07
2.784891e-07
1.988751e-07
1.193765e-07
3.953855e-08
1.552934e-06
1.473204e-06
1.393484e-06
1.313775e-06
1.234078e-06
1.154391e-06
1.074715e-06
9.950483e-07
9.153916e-07
8.357442e-07
7.561059e-07
6.764764e-07
5.968556e-07
5.172426e-07
4.376392e-07
3.580397e-07
2.784605e-07
1.98851e-07
1.193632e-07
3.952031e-08
1.552852e-06
1.473126e-06
1.393409e-06
1.313704e-06
1.23401e-06
1.154327e-06
1.074653e-06
9.949902e-07
9.153367e-07
8.356925e-07
7.560576e-07
6.764316e-07
5.968145e-07
5.172054e-07
4.376063e-07
3.580116e-07
2.784374e-07
1.988347e-07
1.193483e-07
3.952932e-08
1.552783e-06
1.47306e-06
1.393346e-06
1.313644e-06
1.233953e-06
1.154273e-06
1.074603e-06
9.949421e-07
9.152914e-07
8.3565e-07
7.560179e-07
6.763949e-07
5.967809e-07
5.171753e-07
4.375798e-07
3.579895e-07
2.78419e-07
1.988248e-07
1.193328e-07
3.955824e-08
1.552722e-06
1.473001e-06
1.393291e-06
1.313592e-06
1.233904e-06
1.154226e-06
1.074558e-06
9.948997e-07
9.152513e-07
8.356123e-07
7.559827e-07
6.763622e-07
5.967509e-07
5.171481e-07
4.375557e-07
3.579693e-07
2.784016e-07
1.988169e-07
1.193163e-07
3.959691e-08
1.552663e-06
1.472945e-06
1.393238e-06
1.313541e-06
1.233855e-06
1.15418e-06
1.074514e-06
9.948582e-07
9.15212e-07
8.355751e-07
7.559476e-07
6.763292e-07
5.9672e-07
5.171195e-07
4.375293e-07
3.57946e-07
2.783798e-07
1.988035e-07
1.192932e-07
3.96297e-08
1.552579e-06
1.472865e-06
1.393161e-06
1.313468e-06
1.233786e-06
1.154113e-06
1.074451e-06
9.947976e-07
9.151542e-07
8.355199e-07
7.558949e-07
6.76279e-07
5.966721e-07
5.170739e-07
4.374858e-07
3.579052e-07
2.783407e-07
1.987718e-07
1.192568e-07
3.964198e-08
1.626823e-06
1.892794e-06
1.826268e-06
1.759754e-06
1.693251e-06
1.626759e-06
1.892698e-06
1.826176e-06
1.759665e-06
1.693166e-06
1.626677e-06
1.892584e-06
1.826066e-06
1.75956e-06
1.693065e-06
1.62658e-06
1.892456e-06
1.825944e-06
1.759443e-06
1.692952e-06
1.626472e-06
1.892321e-06
1.825814e-06
1.759318e-06
1.692833e-06
1.626357e-06
1.892185e-06
1.825684e-06
1.759194e-06
1.692713e-06
1.626242e-06
1.892055e-06
1.82556e-06
1.759075e-06
1.692599e-06
1.626133e-06
1.891938e-06
1.825448e-06
1.758967e-06
1.692496e-06
1.626034e-06
1.891836e-06
1.82535e-06
1.758874e-06
1.692406e-06
1.625948e-06
1.891751e-06
1.825269e-06
1.758796e-06
1.692332e-06
1.625876e-06
1.891677e-06
1.825198e-06
1.758728e-06
1.692266e-06
1.625814e-06
1.891605e-06
1.825129e-06
1.758661e-06
1.692202e-06
1.625752e-06
1.891512e-06
1.825039e-06
1.758574e-06
1.692119e-06
1.625672e-06
1.626821e-06
1.892794e-06
1.826267e-06
1.759753e-06
1.69325e-06
1.626758e-06
1.892699e-06
1.826177e-06
1.759666e-06
1.693167e-06
1.626678e-06
1.892587e-06
1.826069e-06
1.759563e-06
1.693067e-06
1.626583e-06
1.892462e-06
1.825949e-06
1.759448e-06
1.692957e-06
1.626477e-06
1.892329e-06
1.825823e-06
1.759326e-06
1.692841e-06
1.626364e-06
1.892196e-06
1.825695e-06
1.759204e-06
1.692724e-06
1.626252e-06
1.892069e-06
1.825573e-06
1.759088e-06
1.692612e-06
1.626145e-06
1.891954e-06
1.825463e-06
1.758982e-06
1.69251e-06
1.626047e-06
1.891853e-06
1.825367e-06
1.75889e-06
1.692422e-06
1.625963e-06
1.891769e-06
1.825286e-06
1.758812e-06
1.692347e-06
1.625891e-06
1.891696e-06
1.825216e-06
1.758745e-06
1.692283e-06
1.62583e-06
1.891627e-06
1.82515e-06
1.758681e-06
1.692222e-06
1.625771e-06
1.891545e-06
1.82507e-06
1.758605e-06
1.692148e-06
1.6257e-06
1.626819e-06
1.892793e-06
1.826267e-06
1.759753e-06
1.69325e-06
1.626758e-06
1.8927e-06
1.826178e-06
1.759667e-06
1.693167e-06
1.626678e-06
1.89259e-06
1.826072e-06
1.759565e-06
1.69307e-06
1.626585e-06
1.892467e-06
1.825954e-06
1.759453e-06
1.692962e-06
1.626481e-06
1.892337e-06
1.82583e-06
1.759334e-06
1.692848e-06
1.626371e-06
1.892207e-06
1.825705e-06
1.759214e-06
1.692733e-06
1.626261e-06
1.892082e-06
1.825586e-06
1.7591e-06
1.692623e-06
1.626156e-06
1.891968e-06
1.825477e-06
1.758996e-06
1.692523e-06
1.62606e-06
1.891869e-06
1.825382e-06
1.758905e-06
1.692436e-06
1.625977e-06
1.891786e-06
1.825302e-06
1.758828e-06
1.692363e-06
1.625906e-06
1.891716e-06
1.825235e-06
1.758763e-06
1.692301e-06
1.625847e-06
1.891652e-06
1.825174e-06
1.758704e-06
1.692244e-06
1.625792e-06
1.891585e-06
1.825109e-06
1.758642e-06
1.692184e-06
1.625734e-06
1.626818e-06
1.892793e-06
1.826267e-06
1.759752e-06
1.693249e-06
1.626757e-06
1.892701e-06
1.826178e-06
1.759667e-06
1.693168e-06
1.626679e-06
1.892592e-06
1.826074e-06
1.759567e-06
1.693072e-06
1.626586e-06
1.892471e-06
1.825958e-06
1.759456e-06
1.692965e-06
1.626484e-06
1.892343e-06
1.825836e-06
1.759339e-06
1.692853e-06
1.626376e-06
1.892215e-06
1.825713e-06
1.759222e-06
1.69274e-06
1.626268e-06
1.892092e-06
1.825595e-06
1.759109e-06
1.692632e-06
1.626165e-06
1.89198e-06
1.825488e-06
1.759006e-06
1.692534e-06
1.62607e-06
1.891882e-06
1.825394e-06
1.758916e-06
1.692447e-06
1.625988e-06
1.891799e-06
1.825315e-06
1.75884e-06
1.692375e-06
1.625918e-06
1.891731e-06
1.82525e-06
1.758777e-06
1.692314e-06
1.62586e-06
1.891674e-06
1.825195e-06
1.758725e-06
1.692264e-06
1.625811e-06
1.891623e-06
1.825145e-06
1.758677e-06
1.692218e-06
1.625767e-06
1.626817e-06
1.892792e-06
1.826266e-06
1.759751e-06
1.693248e-06
1.626756e-06
1.8927e-06
1.826177e-06
1.759666e-06
1.693167e-06
1.626677e-06
1.892591e-06
1.826073e-06
1.759566e-06
1.693071e-06
1.626585e-06
1.89247e-06
1.825957e-06
1.759455e-06
1.692964e-06
1.626483e-06
1.892342e-06
1.825835e-06
1.759338e-06
1.692852e-06
1.626376e-06
1.892214e-06
1.825712e-06
1.759221e-06
1.69274e-06
1.626268e-06
1.892092e-06
1.825595e-06
1.759109e-06
1.692632e-06
1.626165e-06
1.89198e-06
1.825488e-06
1.759006e-06
1.692534e-06
1.626071e-06
1.891882e-06
1.825394e-06
1.758916e-06
1.692448e-06
1.625988e-06
1.8918e-06
1.825316e-06
1.758841e-06
1.692376e-06
1.625919e-06
1.891734e-06
1.825252e-06
1.75878e-06
1.692317e-06
1.625863e-06
1.891683e-06
1.825204e-06
1.758733e-06
1.692272e-06
1.625819e-06
1.891647e-06
1.825169e-06
1.7587e-06
1.69224e-06
1.625788e-06
1.626816e-06
1.892791e-06
1.826264e-06
1.75975e-06
1.693247e-06
1.626754e-06
1.892697e-06
1.826175e-06
1.759664e-06
1.693164e-06
1.626675e-06
1.892586e-06
1.826069e-06
1.759562e-06
1.693067e-06
1.626582e-06
1.892464e-06
1.825951e-06
1.75945e-06
1.692959e-06
1.626478e-06
1.892334e-06
1.825827e-06
1.759331e-06
1.692845e-06
1.626369e-06
1.892205e-06
1.825703e-06
1.759212e-06
1.692731e-06
1.62626e-06
1.892081e-06
1.825585e-06
1.759099e-06
1.692623e-06
1.626156e-06
1.891968e-06
1.825477e-06
1.758995e-06
1.692523e-06
1.626061e-06
1.89187e-06
1.825383e-06
1.758905e-06
1.692437e-06
1.625978e-06
1.891788e-06
1.825304e-06
1.75883e-06
1.692365e-06
1.625909e-06
1.891723e-06
1.825242e-06
1.758771e-06
1.692308e-06
1.625854e-06
1.891677e-06
1.825198e-06
1.758728e-06
1.692267e-06
1.625815e-06
1.891653e-06
1.825174e-06
1.758705e-06
1.692245e-06
1.625793e-06
6.769357e-07
5.972835e-07
5.176386e-07
4.379988e-07
3.583681e-07
2.787292e-07
1.991339e-07
1.194147e-07
4.017186e-08
8.362752e-07
7.56607e-07
6.769471e-07
5.972949e-07
5.176498e-07
4.380089e-07
3.583774e-07
2.787369e-07
1.991429e-07
1.194153e-07
4.019987e-08
1.155038e-06
1.075332e-06
9.95636e-07
9.159506e-07
8.362743e-07
7.566067e-07
6.769473e-07
5.97295e-07
5.176496e-07
4.380086e-07
3.583772e-07
2.787367e-07
1.991427e-07
1.194152e-07
4.020016e-08
1.314466e-06
1.234737e-06
1.155021e-06
1.075315e-06
9.956208e-07
9.159361e-07
8.362606e-07
7.565936e-07
6.769347e-07
5.97283e-07
5.176385e-07
4.379985e-07
3.583677e-07
2.787289e-07
1.991337e-07
1.194145e-07
4.017263e-08
1.553689e-06
1.47392e-06
1.394168e-06
1.31443e-06
1.234703e-06
1.154988e-06
1.075284e-06
9.955906e-07
9.159071e-07
8.36233e-07
7.565675e-07
6.769101e-07
5.972599e-07
5.176169e-07
4.379787e-07
3.583492e-07
2.787136e-07
1.991162e-07
1.194129e-07
4.011958e-08
1.553628e-06
1.473862e-06
1.394113e-06
1.314377e-06
1.234652e-06
1.154939e-06
1.075238e-06
9.955464e-07
9.15865e-07
8.36193e-07
7.565296e-07
6.768742e-07
5.972263e-07
5.175855e-07
4.379499e-07
3.583225e-07
2.786915e-07
1.990912e-07
1.194102e-07
4.004575e-08
1.55355e-06
1.473788e-06
1.394042e-06
1.314309e-06
1.234587e-06
1.154877e-06
1.075178e-06
9.954899e-07
9.158112e-07
8.361417e-07
7.56481e-07
6.768284e-07
5.971834e-07
5.175455e-07
4.379132e-07
3.582885e-07
2.786634e-07
1.990601e-07
1.194059e-07
3.995786e-08
1.553457e-06
1.473701e-06
1.393958e-06
1.314229e-06
1.234511e-06
1.154804e-06
1.075108e-06
9.954231e-07
9.157475e-07
8.360813e-07
7.564238e-07
6.767745e-07
5.971329e-07
5.174985e-07
4.378703e-07
3.582489e-07
2.786305e-07
1.990246e-07
1.193995e-07
3.986409e-08
1.553354e-06
1.473603e-06
1.393865e-06
1.314139e-06
1.234425e-06
1.154723e-06
1.075031e-06
9.953489e-07
9.156769e-07
8.360143e-07
7.563604e-07
6.767149e-07
5.970771e-07
5.174467e-07
4.378231e-07
3.582057e-07
2.785945e-07
1.989872e-07
1.193907e-07
3.977329e-08
1.553245e-06
1.4735e-06
1.393766e-06
1.314045e-06
1.234335e-06
1.154637e-06
1.074949e-06
9.952707e-07
9.156027e-07
8.359439e-07
7.562939e-07
6.766524e-07
5.970189e-07
5.173927e-07
4.37774e-07
3.581611e-07
2.785574e-07
1.9895e-07
1.193794e-07
3.969388e-08
1.553136e-06
1.473396e-06
1.393667e-06
1.31395e-06
1.234245e-06
1.15455e-06
1.074866e-06
9.951926e-07
9.155285e-07
8.358737e-07
7.562277e-07
6.765903e-07
5.969612e-07
5.173396e-07
4.377259e-07
3.581178e-07
2.785212e-07
1.989157e-07
1.19366e-07
3.963273e-08
1.553031e-06
1.473297e-06
1.393572e-06
1.31386e-06
1.234159e-06
1.154468e-06
1.074788e-06
9.951184e-07
9.154582e-07
8.358072e-07
7.561652e-07
6.765319e-07
5.969071e-07
5.1729e-07
4.376813e-07
3.580782e-07
2.784882e-07
1.988863e-07
1.193514e-07
3.959411e-08
1.552937e-06
1.473207e-06
1.393487e-06
1.313778e-06
1.234081e-06
1.154394e-06
1.074718e-06
9.950516e-07
9.15395e-07
8.357476e-07
7.561094e-07
6.764799e-07
5.968591e-07
5.172463e-07
4.376423e-07
3.580442e-07
2.7846e-07
1.988634e-07
1.193367e-07
3.957905e-08
1.552855e-06
1.473129e-06
1.393412e-06
1.313707e-06
1.234014e-06
1.15433e-06
1.074657e-06
9.949941e-07
9.153407e-07
8.356966e-07
7.560617e-07
6.764357e-07
5.968185e-07
5.172096e-07
4.376099e-07
3.580166e-07
2.784373e-07
1.988471e-07
1.193229e-07
3.958516e-08
1.552786e-06
1.473063e-06
1.39335e-06
1.313648e-06
1.233957e-06
1.154277e-06
1.074607e-06
9.949462e-07
9.152954e-07
8.356541e-07
7.56022e-07
6.76399e-07
5.96785e-07
5.171795e-07
4.375834e-07
3.579944e-07
2.784191e-07
1.988361e-07
1.193104e-07
3.960688e-08
1.552726e-06
1.473006e-06
1.393295e-06
1.313596e-06
1.233908e-06
1.15423e-06
1.074562e-06
9.949042e-07
9.152558e-07
8.356168e-07
7.559872e-07
6.763666e-07
5.967552e-07
5.171525e-07
4.375595e-07
3.579741e-07
2.784022e-07
1.988267e-07
1.192977e-07
3.963629e-08
1.552666e-06
1.472948e-06
1.393241e-06
1.313545e-06
1.233859e-06
1.154183e-06
1.074517e-06
9.948616e-07
9.152154e-07
8.355785e-07
7.559509e-07
6.763325e-07
5.967231e-07
5.171227e-07
4.375319e-07
3.579494e-07
2.783798e-07
1.988108e-07
1.192778e-07
3.966085e-08
1.55259e-06
1.472875e-06
1.393171e-06
1.313478e-06
1.233795e-06
1.154122e-06
1.074459e-06
9.94806e-07
9.151622e-07
8.355277e-07
7.559024e-07
6.762861e-07
5.966789e-07
5.170805e-07
4.374917e-07
3.579116e-07
2.783439e-07
1.987804e-07
1.192468e-07
3.966822e-08
6.76931e-07
5.972787e-07
5.176336e-07
4.379941e-07
3.583621e-07
2.787271e-07
1.991213e-07
1.194332e-07
4.009586e-08
8.362705e-07
7.566023e-07
6.769421e-07
5.972897e-07
5.176443e-07
4.380038e-07
3.58371e-07
2.787347e-07
1.991294e-07
1.194352e-07
4.011817e-08
1.155034e-06
1.075328e-06
9.956319e-07
9.159463e-07
8.362698e-07
7.56602e-07
6.769423e-07
5.972899e-07
5.176442e-07
4.380037e-07
3.583708e-07
2.787346e-07
1.991293e-07
1.194351e-07
4.011835e-08
1.314463e-06
1.234734e-06
1.155017e-06
1.075312e-06
9.95617e-07
9.159321e-07
8.362563e-07
7.565892e-07
6.769301e-07
5.972783e-07
5.176334e-07
4.379938e-07
3.583618e-07
2.787269e-07
1.991212e-07
1.19433e-07
4.009634e-08
1.553687e-06
1.473918e-06
1.394166e-06
1.314427e-06
1.2347e-06
1.154985e-06
1.075281e-06
9.955875e-07
9.159038e-07
8.362295e-07
7.565638e-07
6.769062e-07
5.972559e-07
5.176126e-07
4.379747e-07
3.583441e-07
2.787119e-07
1.991054e-07
1.194289e-07
4.005399e-08
1.553627e-06
1.473862e-06
1.394112e-06
1.314376e-06
1.234651e-06
1.154938e-06
1.075236e-06
9.955444e-07
9.158628e-07
8.361905e-07
7.565269e-07
6.768714e-07
5.972233e-07
5.175822e-07
4.379469e-07
3.583186e-07
2.786902e-07
1.990829e-07
1.194226e-07
3.999502e-08
1.553551e-06
1.473789e-06
1.394043e-06
1.314309e-06
1.234587e-06
1.154877e-06
1.075178e-06
9.954892e-07
9.158103e-07
8.361407e-07
7.564798e-07
6.76827e-07
5.971818e-07
5.175436e-07
4.379115e-07
3.582862e-07
2.786628e-07
1.990548e-07
1.194141e-07
3.99247e-08
1.55346e-06
1.473703e-06
1.39396e-06
1.314231e-06
1.234512e-06
1.154806e-06
1.07511e-06
9.954242e-07
9.157484e-07
8.36082e-07
7.564243e-07
6.767748e-07
5.97133e-07
5.174984e-07
4.378702e-07
3.582485e-07
2.786308e-07
1.990228e-07
1.194035e-07
3.984949e-08
1.553359e-06
1.473607e-06
1.393869e-06
1.314143e-06
1.234429e-06
1.154726e-06
1.075034e-06
9.95352e-07
9.156798e-07
8.36017e-07
7.563629e-07
6.767171e-07
5.970792e-07
5.174486e-07
4.378248e-07
3.582073e-07
2.785959e-07
1.989888e-07
1.193908e-07
3.977635e-08
1.553252e-06
1.473506e-06
1.393773e-06
1.314051e-06
1.234341e-06
1.154642e-06
1.074954e-06
9.95276e-07
9.156077e-07
8.359487e-07
7.562985e-07
6.766568e-07
5.97023e-07
5.173967e-07
4.377777e-07
3.581649e-07
2.7856e-07
1.989549e-07
1.193765e-07
3.971197e-08
1.553145e-06
1.473405e-06
1.393676e-06
1.313959e-06
1.234253e-06
1.154558e-06
1.074874e-06
9.952e-07
9.155357e-07
8.358806e-07
7.562344e-07
6.765968e-07
5.969673e-07
5.173455e-07
4.377314e-07
3.581235e-07
2.785251e-07
1.989232e-07
1.193611e-07
3.966184e-08
1.553043e-06
1.473308e-06
1.393583e-06
1.31387e-06
1.234169e-06
1.154478e-06
1.074798e-06
9.951277e-07
9.154672e-07
8.358159e-07
7.561737e-07
6.765401e-07
5.969149e-07
5.172976e-07
4.376883e-07
3.580855e-07
2.784932e-07
1.988958e-07
1.193455e-07
3.962948e-08
1.55295e-06
1.473219e-06
1.393499e-06
1.31379e-06
1.234092e-06
1.154406e-06
1.074729e-06
9.950623e-07
9.154053e-07
8.357577e-07
7.561191e-07
6.764893e-07
5.968681e-07
5.172551e-07
4.376504e-07
3.580526e-07
2.784658e-07
1.988739e-07
1.193309e-07
3.961586e-08
1.552869e-06
1.473142e-06
1.393425e-06
1.31372e-06
1.234026e-06
1.154342e-06
1.074669e-06
9.950055e-07
9.153517e-07
8.357073e-07
7.560721e-07
6.764457e-07
5.968281e-07
5.17219e-07
4.376185e-07
3.580253e-07
2.784434e-07
1.988577e-07
1.193179e-07
3.961928e-08
1.5528e-06
1.473077e-06
1.393363e-06
1.313661e-06
1.23397e-06
1.154289e-06
1.074619e-06
9.949577e-07
9.153066e-07
8.35665e-07
7.560325e-07
6.764091e-07
5.967946e-07
5.171888e-07
4.37592e-07
3.58003e-07
2.784252e-07
1.98846e-07
1.193065e-07
3.963551e-08
1.552741e-06
1.47302e-06
1.39331e-06
1.31361e-06
1.233922e-06
1.154243e-06
1.074575e-06
9.949164e-07
9.152675e-07
8.356282e-07
7.559981e-07
6.763771e-07
5.967651e-07
5.17162e-07
4.375682e-07
3.579827e-07
2.784085e-07
1.988358e-07
1.192952e-07
3.965842e-08
1.552684e-06
1.472965e-06
1.393257e-06
1.31356e-06
1.233874e-06
1.154198e-06
1.074532e-06
9.948752e-07
9.152285e-07
8.355911e-07
7.559629e-07
6.76344e-07
5.96734e-07
5.171331e-07
4.375415e-07
3.579586e-07
2.783869e-07
1.988198e-07
1.192773e-07
3.967788e-08
1.552617e-06
1.472901e-06
1.393196e-06
1.313501e-06
1.233817e-06
1.154144e-06
1.07448e-06
9.948257e-07
9.15181e-07
8.355457e-07
7.559196e-07
6.763025e-07
5.966944e-07
5.170953e-07
4.375054e-07
3.579246e-07
2.783548e-07
1.987923e-07
1.192501e-07
3.968328e-08
6.769271e-07
5.972749e-07
5.176296e-07
4.379902e-07
3.583574e-07
2.787245e-07
1.991121e-07
1.194439e-07
4.002938e-08
8.362667e-07
7.565984e-07
6.769383e-07
5.972857e-07
5.176399e-07
4.379996e-07
3.583659e-07
2.787318e-07
1.991194e-07
1.194467e-07
4.004676e-08
1.155031e-06
1.075325e-06
9.956287e-07
9.159428e-07
8.362662e-07
7.565982e-07
6.769383e-07
5.972858e-07
5.176399e-07
4.379995e-07
3.583658e-07
2.787317e-07
1.991194e-07
1.194466e-07
4.004687e-08
1.314461e-06
1.234732e-06
1.155015e-06
1.075309e-06
9.95614e-07
9.159288e-07
8.362529e-07
7.565857e-07
6.769264e-07
5.972745e-07
5.176294e-07
4.379899e-07
3.583571e-07
2.787243e-07
1.99112e-07
1.194438e-07
4.002967e-08
1.553686e-06
1.473917e-06
1.394165e-06
1.314426e-06
1.234698e-06
1.154983e-06
1.075279e-06
9.955851e-07
9.159012e-07
8.362267e-07
7.565609e-07
6.769031e-07
5.972527e-07
5.176092e-07
4.379714e-07
3.583401e-07
2.787097e-07
1.990975e-07
1.194381e-07
3.999659e-08
1.553627e-06
1.473861e-06
1.394112e-06
1.314375e-06
1.23465e-06
1.154937e-06
1.075234e-06
9.955428e-07
9.158611e-07
8.361886e-07
7.565249e-07
6.768692e-07
5.97221e-07
5.175798e-07
4.379444e-07
3.583156e-07
2.786886e-07
1.990769e-07
1.194298e-07
3.99505e-08
1.553551e-06
1.47379e-06
1.394043e-06
1.314309e-06
1.234587e-06
1.154877e-06
1.075178e-06
9.954889e-07
9.158098e-07
8.3614e-07
7.564789e-07
6.76826e-07
5.971807e-07
5.175424e-07
4.379103e-07
3.582846e-07
2.78662e-07
1.990511e-07
1.19419e-07
3.989545e-08
1.553462e-06
1.473705e-06
1.393963e-06
1.314232e-06
1.234514e-06
1.154807e-06
1.075111e-06
9.954254e-07
9.157495e-07
8.360828e-07
7.56425e-07
6.767754e-07
5.971335e-07
5.174987e-07
4.378704e-07
3.582484e-07
2.786311e-07
1.990216e-07
1.19406e-07
3.98364e-08
1.553363e-06
1.473612e-06
1.393873e-06
1.314147e-06
1.234433e-06
1.154729e-06
1.075037e-06
9.95355e-07
9.156827e-07
8.360196e-07
7.563654e-07
6.767195e-07
5.970814e-07
5.174506e-07
4.378267e-07
3.58209e-07
2.785974e-07
1.989903e-07
1.193913e-07
3.97787e-08
1.553259e-06
1.473513e-06
1.393779e-06
1.314057e-06
1.234347e-06
1.154648e-06
1.074959e-06
9.95281e-07
9.156125e-07
8.359533e-07
7.56303e-07
6.76661e-07
5.970271e-07
5.174006e-07
4.377813e-07
3.581684e-07
2.785628e-07
1.989589e-07
1.193754e-07
3.972752e-08
1.553154e-06
1.473413e-06
1.393684e-06
1.313966e-06
1.234261e-06
1.154566e-06
1.074881e-06
9.952071e-07
9.155424e-07
8.358871e-07
7.562407e-07
6.766029e-07
5.969732e-07
5.173512e-07
4.377367e-07
3.581288e-07
2.785293e-07
1.989295e-07
1.193593e-07
3.968714e-08
1.553054e-06
1.473318e-06
1.393593e-06
1.31388e-06
1.234178e-06
1.154488e-06
1.074807e-06
9.951365e-07
9.154757e-07
8.358242e-07
7.561817e-07
6.765478e-07
5.969223e-07
5.173048e-07
4.376951e-07
3.580923e-07
2.784986e-07
1.989037e-07
1.193437e-07
3.966034e-08
1.552962e-06
1.473231e-06
1.39351e-06
1.313801e-06
1.234104e-06
1.154416e-06
1.074739e-06
9.950724e-07
9.154151e-07
8.357672e-07
7.561283e-07
6.764982e-07
5.968767e-07
5.172633e-07
4.376582e-07
3.580603e-07
2.78472e-07
1.988826e-07
1.193295e-07
3.964802e-08
1.552882e-06
1.473155e-06
1.393438e-06
1.313733e-06
1.234038e-06
1.154354e-06
1.07468e-06
9.950165e-07
9.153624e-07
8.357176e-07
7.56082e-07
6.764553e-07
5.968373e-07
5.172278e-07
4.376268e-07
3.580335e-07
2.7845e-07
1.988666e-07
1.193173e-07
3.964904e-08
1.552815e-06
1.47309e-06
1.393377e-06
1.313674e-06
1.233983e-06
1.154301e-06
1.07463e-06
9.949692e-07
9.153177e-07
8.356757e-07
7.560429e-07
6.764191e-07
5.968042e-07
5.171979e-07
4.376005e-07
3.580112e-07
2.78432e-07
1.988545e-07
1.193069e-07
3.966031e-08
1.552758e-06
1.473036e-06
1.393325e-06
1.313625e-06
1.233935e-06
1.154257e-06
1.074588e-06
9.949289e-07
9.152796e-07
8.356398e-07
7.560092e-07
6.763878e-07
5.967754e-07
5.171718e-07
4.375773e-07
3.579914e-07
2.784156e-07
1.98844e-07
1.192968e-07
3.96773e-08
1.552705e-06
1.472985e-06
1.393277e-06
1.313579e-06
1.233892e-06
1.154215e-06
1.074548e-06
9.94891e-07
9.152436e-07
8.356056e-07
7.559769e-07
6.763573e-07
5.967467e-07
5.171451e-07
4.375527e-07
3.579692e-07
2.78396e-07
1.988292e-07
1.192814e-07
3.969224e-08
1.552649e-06
1.472932e-06
1.393226e-06
1.31353e-06
1.233845e-06
1.15417e-06
1.074505e-06
9.9485e-07
9.152043e-07
8.35568e-07
7.559409e-07
6.763228e-07
5.967138e-07
5.171136e-07
4.375227e-07
3.579408e-07
2.783693e-07
1.988062e-07
1.192591e-07
3.969688e-08
6.769243e-07
5.972722e-07
5.176269e-07
4.379874e-07
3.58354e-07
2.787224e-07
1.991049e-07
1.194527e-07
3.996708e-08
8.362639e-07
7.565957e-07
6.769355e-07
5.972828e-07
5.176369e-07
4.379966e-07
3.583623e-07
2.787296e-07
1.991117e-07
1.194562e-07
3.997983e-08
1.155029e-06
1.075322e-06
9.956263e-07
9.159403e-07
8.362636e-07
7.565955e-07
6.769355e-07
5.972828e-07
5.176368e-07
4.379965e-07
3.583622e-07
2.787295e-07
1.991116e-07
1.194561e-07
3.997989e-08
1.314459e-06
1.23473e-06
1.155013e-06
1.075307e-06
9.956118e-07
9.159265e-07
8.362505e-07
7.565831e-07
6.769238e-07
5.972719e-07
5.176266e-07
4.379872e-07
3.583538e-07
2.787222e-07
1.991047e-07
1.194526e-07
3.996725e-08
1.553685e-06
1.473917e-06
1.394164e-06
1.314424e-06
1.234697e-06
1.154981e-06
1.075277e-06
9.955833e-07
9.158993e-07
8.362247e-07
7.565588e-07
6.769009e-07
5.972504e-07
5.176068e-07
4.37969e-07
3.583373e-07
2.787079e-07
1.990913e-07
1.194456e-07
3.994295e-08
1.553626e-06
1.473861e-06
1.394111e-06
1.314374e-06
1.234649e-06
1.154936e-06
1.075233e-06
9.955417e-07
9.158598e-07
8.361873e-07
7.565234e-07
6.768677e-07
5.972194e-07
5.17578e-07
4.379427e-07
3.583135e-07
2.786873e-07
1.990721e-07
1.194356e-07
3.990906e-08
1.553552e-06
1.473791e-06
1.394044e-06
1.31431e-06
1.234588e-06
1.154877e-06
1.075178e-06
9.954886e-07
9.158094e-07
8.361395e-07
7.564784e-07
6.768254e-07
5.9718e-07
5.175415e-07
4.379094e-07
3.582834e-07
2.786613e-07
1.990481e-07
1.194228e-07
3.986848e-08
1.553464e-06
1.473707e-06
1.393964e-06
1.314234e-06
1.234515e-06
1.154808e-06
1.075112e-06
9.954263e-07
9.157502e-07
8.360835e-07
7.564255e-07
6.767758e-07
5.971338e-07
5.174989e-07
4.378706e-07
3.582485e-07
2.786312e-07
1.990207e-07
1.194078e-07
3.982478e-08
1.553366e-06
1.473615e-06
1.393876e-06
1.31415e-06
1.234435e-06
1.154732e-06
1.075039e-06
9.953573e-07
9.156848e-07
8.360216e-07
7.563673e-07
6.767212e-07
5.97083e-07
5.174521e-07
4.378281e-07
3.582104e-07
2.785986e-07
1.989915e-07
1.193914e-07
3.978181e-08
1.553263e-06
1.473517e-06
1.393783e-06
1.314061e-06
1.234351e-06
1.154652e-06
1.074963e-06
9.952848e-07
9.156161e-07
8.359568e-07
7.563063e-07
6.766642e-07
5.970301e-07
5.174035e-07
4.377841e-07
3.581711e-07
2.785651e-07
1.989621e-07
1.193743e-07
3.974328e-08
1.55316e-06
1.473419e-06
1.39369e-06
1.313972e-06
1.234266e-06
1.154571e-06
1.074887e-06
9.952123e-07
9.155475e-07
8.35892e-07
7.562455e-07
6.766074e-07
5.969775e-07
5.173554e-07
4.377407e-07
3.581328e-07
2.785326e-07
1.989344e-07
1.193575e-07
3.971233e-08
1.553062e-06
1.473326e-06
1.393601e-06
1.313888e-06
1.234186e-06
1.154495e-06
1.074814e-06
9.951431e-07
9.154821e-07
8.358304e-07
7.561877e-07
6.765536e-07
5.969279e-07
5.173101e-07
4.377002e-07
3.580973e-07
2.785027e-07
1.989099e-07
1.193419e-07
3.969102e-08
1.552972e-06
1.47324e-06
1.393519e-06
1.31381e-06
1.234112e-06
1.154424e-06
1.074747e-06
9.9508e-07
9.154225e-07
8.357743e-07
7.561352e-07
6.765049e-07
5.968831e-07
5.172695e-07
4.37664e-07
3.58066e-07
2.784768e-07
1.988895e-07
1.193281e-07
3.968013e-08
1.552893e-06
1.473165e-06
1.393448e-06
1.313742e-06
1.234047e-06
1.154363e-06
1.074689e-06
9.950248e-07
9.153703e-07
8.357253e-07
7.560895e-07
6.764625e-07
5.968442e-07
5.172344e-07
4.37633e-07
3.580395e-07
2.784551e-07
1.988735e-07
1.193166e-07
3.967896e-08
1.552826e-06
1.473101e-06
1.393387e-06
1.313684e-06
1.233992e-06
1.154311e-06
1.074639e-06
9.94978e-07
9.153262e-07
8.356839e-07
7.560507e-07
6.764266e-07
5.968114e-07
5.172048e-07
4.376069e-07
3.580173e-07
2.784371e-07
1.988611e-07
1.19307e-07
3.968547e-08
1.55277e-06
1.473048e-06
1.393336e-06
1.313636e-06
1.233947e-06
1.154267e-06
1.074598e-06
9.949388e-07
9.152892e-07
8.35649e-07
7.560181e-07
6.763963e-07
5.967834e-07
5.171794e-07
4.375844e-07
3.579981e-07
2.784213e-07
1.988505e-07
1.192981e-07
3.969658e-08
1.552723e-06
1.473003e-06
1.393293e-06
1.313595e-06
1.233907e-06
1.15423e-06
1.074562e-06
9.949048e-07
9.152568e-07
8.356183e-07
7.559891e-07
6.763689e-07
5.967578e-07
5.171556e-07
4.375625e-07
3.579785e-07
2.784041e-07
1.988373e-07
1.192856e-07
3.970696e-08
1.552681e-06
1.472962e-06
1.393254e-06
1.313558e-06
1.233871e-06
1.154195e-06
1.074529e-06
9.948733e-07
9.152266e-07
8.355894e-07
7.559614e-07
6.763424e-07
5.967324e-07
5.171314e-07
4.375395e-07
3.579567e-07
2.783838e-07
1.988198e-07
1.192692e-07
3.971098e-08
6.769228e-07
5.972708e-07
5.176254e-07
4.379859e-07
3.583522e-07
2.787215e-07
1.991003e-07
1.194609e-07
3.991785e-08
8.362625e-07
7.565943e-07
6.769342e-07
5.972814e-07
5.176353e-07
4.379951e-07
3.583605e-07
2.787287e-07
1.991068e-07
1.194651e-07
3.992689e-08
1.155028e-06
1.075321e-06
9.956252e-07
9.159391e-07
8.362623e-07
7.565941e-07
6.769341e-07
5.972814e-07
5.176353e-07
4.37995e-07
3.583604e-07
2.787286e-07
1.991068e-07
1.194651e-07
3.992692e-08
1.314458e-06
1.234729e-06
1.155012e-06
1.075306e-06
9.956106e-07
9.159252e-07
8.362491e-07
7.565817e-07
6.769224e-07
5.972704e-07
5.176251e-07
4.379857e-07
3.58352e-07
2.787213e-07
1.991001e-07
1.194608e-07
3.991793e-08
1.553684e-06
1.473916e-06
1.394163e-06
1.314423e-06
1.234696e-06
1.15498e-06
1.075276e-06
9.955821e-07
9.158981e-07
8.362234e-07
7.565574e-07
6.768995e-07
5.97249e-07
5.176054e-07
4.379676e-07
3.583357e-07
2.78707e-07
1.990873e-07
1.194526e-07
3.990065e-08
1.553625e-06
1.473861e-06
1.39411e-06
1.314373e-06
1.234648e-06
1.154935e-06
1.075232e-06
9.955405e-07
9.158586e-07
8.36186e-07
7.565221e-07
6.768664e-07
5.972181e-07
5.175767e-07
4.379415e-07
3.58312e-07
2.786864e-07
1.990688e-07
1.194407e-07
3.987649e-08
1.553551e-06
1.47379e-06
1.394043e-06
1.314309e-06
1.234586e-06
1.154876e-06
1.075177e-06
9.954875e-07
9.158083e-07
8.361384e-07
7.564772e-07
6.768242e-07
5.971788e-07
5.175404e-07
4.379083e-07
3.582822e-07
2.786605e-07
1.990457e-07
1.194258e-07
3.984746e-08
1.553463e-06
1.473706e-06
1.393963e-06
1.314233e-06
1.234514e-06
1.154807e-06
1.075111e-06
9.954253e-07
9.157493e-07
8.360826e-07
7.564246e-07
6.767749e-07
5.971329e-07
5.17498e-07
4.378697e-07
3.582475e-07
2.786304e-07
1.990193e-07
1.194086e-07
3.981601e-08
1.553365e-06
1.473614e-06
1.393875e-06
1.314149e-06
1.234434e-06
1.154731e-06
1.075039e-06
9.953565e-07
9.156841e-07
8.360209e-07
7.563666e-07
6.767206e-07
5.970824e-07
5.174515e-07
4.378274e-07
3.582097e-07
2.785979e-07
1.98991e-07
1.193901e-07
3.97848e-08
1.553263e-06
1.473516e-06
1.393782e-06
1.314061e-06
1.23435e-06
1.154651e-06
1.074963e-06
9.952844e-07
9.156157e-07
8.359564e-07
7.563059e-07
6.766638e-07
5.970297e-07
5.174032e-07
4.377837e-07
3.581709e-07
2.785646e-07
1.989626e-07
1.193714e-07
3.975643e-08
1.55316e-06
1.473419e-06
1.39369e-06
1.313972e-06
1.234266e-06
1.154571e-06
1.074887e-06
9.952122e-07
9.155474e-07
8.35892e-07
7.562454e-07
6.766074e-07
5.969775e-07
5.173554e-07
4.377407e-07
3.581329e-07
2.785324e-07
1.989357e-07
1.193534e-07
3.97331e-08
1.553062e-06
1.473325e-06
1.393601e-06
1.313888e-06
1.234186e-06
1.154495e-06
1.074814e-06
9.951433e-07
9.154823e-07
8.358307e-07
7.56188e-07
6.765539e-07
5.969282e-07
5.173104e-07
4.377005e-07
3.580977e-07
2.785028e-07
1.989117e-07
1.193373e-07
3.971632e-08
1.552972e-06
1.47324e-06
1.393519e-06
1.31381e-06
1.234112e-06
1.154425e-06
1.074748e-06
9.950805e-07
9.15423e-07
8.357749e-07
7.561358e-07
6.765055e-07
5.968837e-07
5.1727e-07
4.376645e-07
3.580666e-07
2.784769e-07
1.988915e-07
1.193235e-07
3.970674e-08
1.552893e-06
1.473165e-06
1.393448e-06
1.313742e-06
1.234048e-06
1.154364e-06
1.07469e-06
9.950255e-07
9.153711e-07
8.357261e-07
7.560903e-07
6.764633e-07
5.96845e-07
5.172351e-07
4.376337e-07
3.580402e-07
2.784554e-07
1.988754e-07
1.193124e-07
3.970398e-08
1.552827e-06
1.473102e-06
1.393388e-06
1.313685e-06
1.233993e-06
1.154312e-06
1.074641e-06
9.949791e-07
9.153273e-07
8.35685e-07
7.560519e-07
6.764277e-07
5.968124e-07
5.172058e-07
4.376078e-07
3.580182e-07
2.784376e-07
1.988628e-07
1.193036e-07
3.970676e-08
1.552773e-06
1.47305e-06
1.393339e-06
1.313639e-06
1.233949e-06
1.15427e-06
1.0746e-06
9.949411e-07
9.152914e-07
8.356512e-07
7.560202e-07
6.763983e-07
5.967854e-07
5.171812e-07
4.37586e-07
3.579996e-07
2.784224e-07
1.988523e-07
1.19296e-07
3.97131e-08
1.552731e-06
1.47301e-06
1.3933e-06
1.313602e-06
1.233914e-06
1.154236e-06
1.074569e-06
9.949108e-07
9.152626e-07
8.356239e-07
7.559945e-07
6.763741e-07
5.967628e-07
5.171604e-07
4.37567e-07
3.579826e-07
2.784078e-07
1.988412e-07
1.192867e-07
3.971984e-08
1.552701e-06
1.472981e-06
1.393273e-06
1.313576e-06
1.233889e-06
1.154212e-06
1.074545e-06
9.948886e-07
9.152413e-07
8.356035e-07
7.55975e-07
6.763555e-07
5.96745e-07
5.171434e-07
4.375509e-07
3.579676e-07
2.783939e-07
1.988296e-07
1.192768e-07
3.97239e-08
6.769225e-07
5.972704e-07
5.17625e-07
4.379857e-07
3.583518e-07
2.787215e-07
1.990982e-07
1.194655e-07
3.989097e-08
8.362623e-07
7.565941e-07
6.76934e-07
5.972812e-07
5.176351e-07
4.379949e-07
3.583602e-07
2.787289e-07
1.991048e-07
1.194702e-07
3.989799e-08
1.155028e-06
1.075321e-06
9.95625e-07
9.159389e-07
8.362621e-07
7.565939e-07
6.769339e-07
5.972811e-07
5.176351e-07
4.379949e-07
3.583601e-07
2.787288e-07
1.991047e-07
1.194702e-07
3.989801e-08
1.314458e-06
1.234729e-06
1.155011e-06
1.075306e-06
9.956102e-07
9.159248e-07
8.362488e-07
7.565814e-07
6.76922e-07
5.9727e-07
5.176248e-07
4.379854e-07
3.583516e-07
2.787213e-07
1.990981e-07
1.194655e-07
3.989101e-08
1.553683e-06
1.473916e-06
1.394162e-06
1.314423e-06
1.234695e-06
1.15498e-06
1.075275e-06
9.955813e-07
9.158973e-07
8.362227e-07
7.565567e-07
6.768988e-07
5.972484e-07
5.176047e-07
4.379671e-07
3.58335e-07
2.787068e-07
1.990852e-07
1.194563e-07
3.987753e-08
1.553624e-06
1.473859e-06
1.394109e-06
1.314372e-06
1.234646e-06
1.154933e-06
1.075231e-06
9.955392e-07
9.158574e-07
8.361848e-07
7.56521e-07
6.768652e-07
5.97217e-07
5.175757e-07
4.379405e-07
3.58311e-07
2.786857e-07
1.990668e-07
1.194431e-07
3.985865e-08
1.553548e-06
1.473788e-06
1.39404e-06
1.314306e-06
1.234584e-06
1.154874e-06
1.075175e-06
9.954856e-07
9.158064e-07
8.361366e-07
7.564754e-07
6.768225e-07
5.971772e-07
5.175388e-07
4.379068e-07
3.582807e-07
2.786593e-07
1.990437e-07
1.194267e-07
3.983586e-08
1.553459e-06
1.473703e-06
1.39396e-06
1.31423e-06
1.234511e-06
1.154804e-06
1.075108e-06
9.954225e-07
9.157466e-07
8.3608e-07
7.564221e-07
6.767725e-07
5.971305e-07
5.174958e-07
4.378676e-07
3.582454e-07
2.786286e-07
1.990172e-07
1.194079e-07
3.981102e-08
1.55336e-06
1.473609e-06
1.393871e-06
1.314144e-06
1.23443e-06
1.154727e-06
1.075035e-06
9.953528e-07
9.156805e-07
8.360175e-07
7.563633e-07
6.767174e-07
5.970793e-07
5.174486e-07
4.378247e-07
3.582071e-07
2.785954e-07
1.989889e-07
1.193878e-07
3.978614e-08
1.553257e-06
1.47351e-06
1.393777e-06
1.314055e-06
1.234345e-06
1.154646e-06
1.074958e-06
9.952797e-07
9.156113e-07
8.359521e-07
7.563018e-07
6.766599e-07
5.97026e-07
5.173996e-07
4.377803e-07
3.581677e-07
2.785615e-07
1.989603e-07
1.193676e-07
3.976321e-08
1.553152e-06
1.473411e-06
1.393683e-06
1.313966e-06
1.23426e-06
1.154565e-06
1.074881e-06
9.952068e-07
9.155422e-07
8.35887e-07
7.562407e-07
6.766029e-07
5.969732e-07
5.173512e-07
4.377367e-07
3.581292e-07
2.785287e-07
1.989332e-07
1.193485e-07
3.974398e-08
1.553053e-06
1.473317e-06
1.393593e-06
1.31388e-06
1.234179e-06
1.154488e-06
1.074808e-06
9.951372e-07
9.154765e-07
8.358251e-07
7.561827e-07
6.765489e-07
5.969234e-07
5.173058e-07
4.37696e-07
3.580936e-07
2.784986e-07
1.98909e-07
1.193317e-07
3.972966e-08
1.552962e-06
1.473231e-06
1.393511e-06
1.313802e-06
1.234105e-06
1.154418e-06
1.074741e-06
9.950739e-07
9.154168e-07
8.357689e-07
7.561301e-07
6.765001e-07
5.968785e-07
5.172651e-07
4.376598e-07
3.580622e-07
2.784726e-07
1.988886e-07
1.193177e-07
3.972084e-08
1.552883e-06
1.473156e-06
1.393439e-06
1.313734e-06
1.23404e-06
1.154356e-06
1.074683e-06
9.950188e-07
9.153647e-07
8.3572e-07
7.560845e-07
6.764578e-07
5.968397e-07
5.172301e-07
4.376289e-07
3.580357e-07
2.784509e-07
1.988724e-07
1.193069e-07
3.971731e-08
1.552817e-06
1.473093e-06
1.393379e-06
1.313677e-06
1.233986e-06
1.154305e-06
1.074634e-06
9.949726e-07
9.153211e-07
8.356791e-07
7.560463e-07
6.764224e-07
5.968073e-07
5.172009e-07
4.376032e-07
3.580139e-07
2.784333e-07
1.988597e-07
1.192986e-07
3.971815e-08
1.552765e-06
1.473043e-06
1.393332e-06
1.313632e-06
1.233942e-06
1.154263e-06
1.074595e-06
9.949355e-07
9.152861e-07
8.356462e-07
7.560154e-07
6.763938e-07
5.96781e-07
5.171771e-07
4.375821e-07
3.579959e-07
2.784188e-07
1.988496e-07
1.19292e-07
3.972194e-08
1.552727e-06
1.473006e-06
1.393297e-06
1.313598e-06
1.233911e-06
1.154233e-06
1.074566e-06
9.949081e-07
9.152601e-07
8.356215e-07
7.559922e-07
6.76372e-07
5.967608e-07
5.171585e-07
4.375653e-07
3.579811e-07
2.784063e-07
1.988403e-07
1.192854e-07
3.972698e-08
1.552706e-06
1.472986e-06
1.393278e-06
1.31358e-06
1.233893e-06
1.154217e-06
1.07455e-06
9.948929e-07
9.152456e-07
8.356077e-07
7.55979e-07
6.763595e-07
5.967489e-07
5.171473e-07
4.375548e-07
3.579716e-07
2.783979e-07
1.988339e-07
1.192813e-07
3.973315e-08
)
;

boundaryField
{
    inlet
    {
        type            zeroGradient;
    }
    outlet
    {
        type            fixedValue;
        value           uniform 0;
    }
    chip_bases
    {
        type            zeroGradient;
    }
    walls
    {
        type            zeroGradient;
    }
    procBoundary2to0
    {
        type            processor;
        value           nonuniform List<scalar> 
330
(
1.626876e-06
1.892876e-06
1.826347e-06
1.759831e-06
1.693326e-06
1.693326e-06
1.626875e-06
1.892875e-06
1.826346e-06
1.75983e-06
1.693325e-06
1.693325e-06
1.626874e-06
1.892874e-06
1.826345e-06
1.759829e-06
1.693324e-06
1.693324e-06
1.626873e-06
1.892873e-06
1.826344e-06
1.759828e-06
1.693323e-06
1.693323e-06
1.626871e-06
1.892872e-06
1.826343e-06
1.759826e-06
1.693321e-06
1.693321e-06
1.62687e-06
1.892871e-06
1.826342e-06
1.759825e-06
1.69332e-06
1.69332e-06
1.155054e-06
1.314497e-06
1.234769e-06
1.234769e-06
1.55374e-06
1.47397e-06
1.394219e-06
1.394219e-06
1.155052e-06
1.075347e-06
9.956517e-07
1.314496e-06
1.234768e-06
1.234768e-06
1.553739e-06
1.473968e-06
1.394217e-06
1.394217e-06
6.769244e-07
5.972743e-07
5.176324e-07
4.379919e-07
3.583673e-07
2.787158e-07
1.991553e-07
1.19348e-07
4.026935e-08
8.362745e-07
7.566088e-07
7.566088e-07
1.15505e-06
1.075344e-06
9.956496e-07
9.15965e-07
9.15965e-07
1.314494e-06
1.234766e-06
1.234766e-06
1.553738e-06
1.473967e-06
1.394215e-06
1.394215e-06
6.769217e-07
5.972715e-07
5.176294e-07
4.379893e-07
3.583642e-07
2.787145e-07
1.991514e-07
1.193501e-07
4.026543e-08
8.362718e-07
7.566061e-07
7.566061e-07
1.155047e-06
1.075342e-06
9.956471e-07
9.159625e-07
9.159625e-07
1.314492e-06
1.234764e-06
1.234764e-06
1.553736e-06
1.473965e-06
1.394214e-06
1.394214e-06
6.769186e-07
5.972684e-07
5.176262e-07
4.379864e-07
3.583607e-07
2.787133e-07
1.991458e-07
1.193557e-07
4.025113e-08
8.362689e-07
7.56603e-07
7.56603e-07
1.155045e-06
1.075339e-06
9.956442e-07
9.159596e-07
9.159596e-07
1.31449e-06
1.234762e-06
1.234762e-06
1.553735e-06
1.473963e-06
1.394212e-06
1.394212e-06
6.769156e-07
5.972653e-07
5.176228e-07
4.379836e-07
3.583566e-07
2.78713e-07
1.991367e-07
1.193713e-07
4.021507e-08
8.362659e-07
7.565998e-07
7.565998e-07
1.155042e-06
1.075336e-06
9.956414e-07
9.159565e-07
9.159565e-07
1.314488e-06
1.234759e-06
1.234759e-06
1.553733e-06
1.473962e-06
1.39421e-06
1.39421e-06
1.626867e-06
1.892869e-06
1.82634e-06
1.759823e-06
1.693318e-06
1.693318e-06
1.626864e-06
1.892867e-06
1.826338e-06
1.759821e-06
1.693316e-06
1.693316e-06
1.626862e-06
1.892866e-06
1.826337e-06
1.75982e-06
1.693314e-06
1.693314e-06
1.62686e-06
1.892865e-06
1.826336e-06
1.759818e-06
1.693313e-06
1.693313e-06
1.626859e-06
1.892864e-06
1.826335e-06
1.759818e-06
1.693312e-06
1.693312e-06
1.626858e-06
1.892864e-06
1.826334e-06
1.759817e-06
1.693311e-06
1.693311e-06
6.769108e-07
5.972606e-07
5.176175e-07
4.379793e-07
3.583498e-07
2.787141e-07
1.991165e-07
1.194133e-07
4.011869e-08
8.362612e-07
7.565946e-07
7.565946e-07
1.155038e-06
1.075332e-06
9.956369e-07
9.159516e-07
9.159516e-07
1.314484e-06
1.234755e-06
1.234755e-06
1.553731e-06
1.473959e-06
1.394206e-06
1.394206e-06
6.769068e-07
5.972565e-07
5.176131e-07
4.379753e-07
3.583446e-07
2.787123e-07
1.991057e-07
1.194291e-07
4.005343e-08
8.362569e-07
7.5659e-07
7.5659e-07
1.155034e-06
1.075328e-06
9.956325e-07
9.15947e-07
9.15947e-07
1.314481e-06
1.234752e-06
1.234752e-06
1.553728e-06
1.473957e-06
1.394204e-06
1.394204e-06
6.769037e-07
5.972532e-07
5.176097e-07
4.379719e-07
3.583406e-07
2.7871e-07
1.990978e-07
1.194383e-07
3.999625e-08
8.362534e-07
7.565863e-07
7.565863e-07
1.155031e-06
1.075325e-06
9.956291e-07
9.159433e-07
9.159433e-07
1.314479e-06
1.234749e-06
1.234749e-06
1.553726e-06
1.473956e-06
1.394202e-06
1.394202e-06
6.769014e-07
5.972509e-07
5.176072e-07
4.379694e-07
3.583377e-07
2.787082e-07
1.990916e-07
1.194458e-07
3.994276e-08
8.362509e-07
7.565836e-07
7.565836e-07
1.155029e-06
1.075322e-06
9.956266e-07
9.159407e-07
9.159407e-07
1.314477e-06
1.234747e-06
1.234747e-06
1.553725e-06
1.473955e-06
1.3942e-06
1.3942e-06
6.769e-07
5.972495e-07
5.176058e-07
4.37968e-07
3.58336e-07
2.787073e-07
1.990875e-07
1.194527e-07
3.990056e-08
8.362495e-07
7.565822e-07
7.565822e-07
1.155028e-06
1.075321e-06
9.956253e-07
9.159393e-07
9.159393e-07
1.314476e-06
1.234746e-06
1.234746e-06
1.553724e-06
1.473954e-06
1.394199e-06
1.394199e-06
6.768994e-07
5.972489e-07
5.176051e-07
4.379674e-07
3.583353e-07
2.787071e-07
1.990855e-07
1.194564e-07
3.98775e-08
8.362492e-07
7.565818e-07
7.565818e-07
1.155028e-06
1.075321e-06
9.956251e-07
9.159391e-07
9.159391e-07
1.314475e-06
1.234746e-06
1.234746e-06
1.553724e-06
1.473954e-06
1.394199e-06
1.394199e-06
)
;
    }
    procBoundary2to1
    {
        type            processor;
        value           nonuniform List<scalar> 
85
(
2.787456e-07
1.99187e-07
1.193642e-07
4.025363e-08
6.769732e-07
5.973209e-07
5.176768e-07
4.380333e-07
3.584076e-07
2.787445e-07
1.991902e-07
1.193556e-07
4.028955e-08
9.159722e-07
8.362969e-07
7.566305e-07
6.769717e-07
5.973197e-07
5.176757e-07
4.380323e-07
3.584067e-07
2.787434e-07
1.991928e-07
1.193478e-07
4.032204e-08
1.07535e-06
9.956552e-07
9.159705e-07
8.362953e-07
7.566287e-07
6.769699e-07
5.973181e-07
5.176742e-07
4.380307e-07
3.584055e-07
2.787423e-07
1.991944e-07
1.193411e-07
4.034971e-08
1.075349e-06
9.956535e-07
9.159688e-07
8.362935e-07
7.566267e-07
6.769679e-07
5.973161e-07
5.176721e-07
4.380289e-07
3.584037e-07
2.787409e-07
1.991945e-07
1.19336e-07
4.0371e-08
6.76953e-07
5.97301e-07
5.176577e-07
4.380153e-07
3.583905e-07
2.787319e-07
1.991812e-07
1.193385e-07
4.034352e-08
9.15967e-07
8.362913e-07
8.362913e-07
7.566242e-07
7.566242e-07
6.769654e-07
6.769654e-07
5.973136e-07
5.973136e-07
5.176696e-07
5.176696e-07
4.380265e-07
4.380265e-07
3.584013e-07
3.584013e-07
2.787394e-07
2.787394e-07
1.991933e-07
1.991933e-07
1.193331e-07
1.193331e-07
4.038463e-08
4.038463e-08
)
;
    }
    procBoundary2to3
    {
        type            processor;
        value           nonuniform List<scalar> 
446
(
1.89206e-06
1.825565e-06
1.759079e-06
1.692603e-06
1.626136e-06
1.891943e-06
1.825452e-06
1.758971e-06
1.692499e-06
1.626036e-06
1.89184e-06
1.825354e-06
1.758877e-06
1.692409e-06
1.62595e-06
1.891756e-06
1.825274e-06
1.758799e-06
1.692335e-06
1.625879e-06
1.891682e-06
1.825202e-06
1.758731e-06
1.692269e-06
1.625816e-06
1.891618e-06
1.82514e-06
1.758672e-06
1.692212e-06
1.625761e-06
1.891528e-06
1.825054e-06
1.758589e-06
1.692132e-06
1.625685e-06
1.626833e-06
1.892801e-06
1.826275e-06
1.759762e-06
1.693259e-06
1.626768e-06
1.892704e-06
1.826182e-06
1.759672e-06
1.693173e-06
1.626685e-06
1.892589e-06
1.826072e-06
1.759566e-06
1.693071e-06
1.626587e-06
1.892461e-06
1.825948e-06
1.759447e-06
1.692957e-06
1.626477e-06
1.892325e-06
1.825818e-06
1.759322e-06
1.692837e-06
1.626361e-06
1.892188e-06
1.892188e-06
1.825687e-06
1.825687e-06
1.759196e-06
1.759196e-06
1.692716e-06
1.692716e-06
1.626244e-06
1.626244e-06
2.787462e-07
1.991829e-07
1.19373e-07
4.021579e-08
2.787385e-07
1.991716e-07
1.193758e-07
4.018609e-08
2.787236e-07
1.991497e-07
1.19381e-07
4.012924e-08
2.787017e-07
1.991187e-07
1.193875e-07
4.005041e-08
2.786738e-07
1.990803e-07
1.193941e-07
3.995695e-08
2.786408e-07
1.990372e-07
1.193991e-07
3.985764e-08
2.786045e-07
1.989921e-07
1.194013e-07
3.976184e-08
2.785665e-07
1.989481e-07
1.193996e-07
3.967827e-08
2.785294e-07
1.989083e-07
1.193938e-07
3.961393e-08
2.784949e-07
1.988748e-07
1.193841e-07
3.957292e-08
2.784654e-07
1.988495e-07
1.193717e-07
3.95561e-08
2.784413e-07
1.988323e-07
1.193579e-07
3.956085e-08
2.784229e-07
1.988221e-07
1.193436e-07
3.958157e-08
2.784069e-07
1.988152e-07
1.193286e-07
3.961072e-08
2.783912e-07
1.988073e-07
1.193106e-07
3.963672e-08
2.783655e-07
1.987882e-07
1.192853e-07
3.965062e-08
6.769739e-07
5.973215e-07
5.176774e-07
4.380336e-07
3.584076e-07
3.584076e-07
6.769605e-07
5.973088e-07
5.176654e-07
4.380226e-07
3.583968e-07
3.583968e-07
6.769342e-07
5.97284e-07
5.176419e-07
4.380013e-07
3.583761e-07
3.583761e-07
6.768961e-07
5.972481e-07
5.176079e-07
4.379703e-07
3.583458e-07
3.583458e-07
6.768472e-07
5.97202e-07
5.175644e-07
4.379308e-07
3.583077e-07
3.583077e-07
6.767898e-07
5.97148e-07
5.175135e-07
4.378844e-07
3.582631e-07
3.582631e-07
6.76726e-07
5.970882e-07
5.174573e-07
4.378335e-07
3.582149e-07
3.582149e-07
6.766596e-07
5.970259e-07
5.17399e-07
4.377804e-07
3.58165e-07
3.58165e-07
6.765935e-07
5.969642e-07
5.173415e-07
4.377285e-07
3.581172e-07
3.581172e-07
6.765317e-07
5.969066e-07
5.172882e-07
4.376803e-07
3.580734e-07
3.580734e-07
6.764769e-07
5.968559e-07
5.172416e-07
4.376386e-07
3.580367e-07
3.580367e-07
6.764309e-07
5.968135e-07
5.172032e-07
4.376044e-07
3.580072e-07
3.580072e-07
6.763943e-07
5.9678e-07
5.171731e-07
4.375779e-07
3.579852e-07
3.579852e-07
6.763634e-07
5.967516e-07
5.171476e-07
4.375553e-07
3.579667e-07
3.579667e-07
6.763374e-07
5.967275e-07
5.171256e-07
4.375352e-07
3.579496e-07
3.579496e-07
6.763006e-07
5.966924e-07
5.170926e-07
4.375039e-07
3.579208e-07
3.579208e-07
9.159729e-07
8.362977e-07
7.566316e-07
7.566316e-07
9.159576e-07
8.362831e-07
7.566176e-07
7.566176e-07
9.159273e-07
8.362541e-07
7.565899e-07
7.565899e-07
9.158834e-07
8.36212e-07
7.565498e-07
7.565498e-07
9.158269e-07
8.361581e-07
7.564982e-07
7.564982e-07
9.157604e-07
8.360945e-07
7.564376e-07
7.564376e-07
9.156864e-07
8.360238e-07
7.563702e-07
7.563702e-07
9.156086e-07
8.359497e-07
7.562997e-07
7.562997e-07
9.15531e-07
8.358759e-07
7.562295e-07
7.562295e-07
9.154577e-07
8.358062e-07
7.561635e-07
7.561635e-07
9.153922e-07
8.357441e-07
7.561048e-07
7.561048e-07
9.153361e-07
8.356913e-07
7.560553e-07
7.560553e-07
9.15291e-07
8.356489e-07
7.560157e-07
7.560157e-07
9.152523e-07
8.356126e-07
7.559819e-07
7.559819e-07
9.152194e-07
8.355816e-07
7.55953e-07
7.55953e-07
9.15173e-07
8.355375e-07
7.559112e-07
7.559112e-07
1.075351e-06
9.95656e-07
9.95656e-07
1.075334e-06
9.956402e-07
9.956402e-07
1.075301e-06
9.956086e-07
9.956086e-07
1.075253e-06
9.955627e-07
9.955627e-07
1.075192e-06
9.955038e-07
9.955038e-07
1.075119e-06
9.954342e-07
9.954342e-07
1.075038e-06
9.953568e-07
9.953568e-07
1.074953e-06
9.952751e-07
9.952751e-07
1.074868e-06
9.951937e-07
9.951937e-07
1.553034e-06
1.473299e-06
1.393574e-06
1.313861e-06
1.234159e-06
1.154468e-06
1.074787e-06
9.951163e-07
9.951163e-07
1.552939e-06
1.473208e-06
1.393487e-06
1.313777e-06
1.234079e-06
1.154392e-06
1.074715e-06
9.950475e-07
9.950475e-07
1.552856e-06
1.473129e-06
1.393411e-06
1.313705e-06
1.234011e-06
1.154326e-06
1.074652e-06
9.94988e-07
9.94988e-07
1.552788e-06
1.473063e-06
1.393349e-06
1.313646e-06
1.233954e-06
1.154273e-06
1.074602e-06
9.949402e-07
9.949402e-07
1.552728e-06
1.473006e-06
1.393295e-06
1.313595e-06
1.233905e-06
1.154226e-06
1.074558e-06
9.948986e-07
9.948986e-07
1.552675e-06
1.472956e-06
1.393247e-06
1.31355e-06
1.233863e-06
1.154186e-06
1.07452e-06
9.948626e-07
9.948626e-07
1.552602e-06
1.472886e-06
1.393181e-06
1.313486e-06
1.233803e-06
1.154129e-06
1.074465e-06
9.948106e-07
9.948106e-07
1.155055e-06
1.155055e-06
1.31448e-06
1.234752e-06
1.155037e-06
1.155037e-06
1.553699e-06
1.473931e-06
1.394181e-06
1.314443e-06
1.234717e-06
1.155003e-06
1.155003e-06
1.553637e-06
1.473872e-06
1.394125e-06
1.314389e-06
1.234665e-06
1.154953e-06
1.154953e-06
1.553558e-06
1.473797e-06
1.394052e-06
1.314319e-06
1.234598e-06
1.154889e-06
1.154889e-06
1.553464e-06
1.473708e-06
1.393966e-06
1.314237e-06
1.234519e-06
1.154813e-06
1.154813e-06
1.553359e-06
1.473608e-06
1.393871e-06
1.314145e-06
1.234431e-06
1.154729e-06
1.154729e-06
1.553249e-06
1.473503e-06
1.39377e-06
1.314048e-06
1.234338e-06
1.15464e-06
1.15464e-06
1.553138e-06
1.553138e-06
1.473398e-06
1.473398e-06
1.393668e-06
1.393668e-06
1.313951e-06
1.313951e-06
1.234245e-06
1.234245e-06
1.15455e-06
1.15455e-06
1.15455e-06
)
;
    }
    procBoundary2to6
    {
        type            processor;
        value           nonuniform List<scalar> 7(1.958563e-06 1.95844e-06 1.958332e-06 1.958244e-06 1.958166e-06 1.958098e-06 1.958e-06);
    }
    procBoundary2to7
    {
        type            processor;
        value           nonuniform List<scalar> 
156
(
1.959339e-06
1.959237e-06
1.959117e-06
1.958983e-06
1.95884e-06
1.958697e-06
1.95856e-06
1.958436e-06
1.958329e-06
1.958241e-06
1.958162e-06
1.958092e-06
1.95799e-06
1.959338e-06
1.959236e-06
1.959116e-06
1.958981e-06
1.958839e-06
1.958695e-06
1.958558e-06
1.958434e-06
1.958327e-06
1.958238e-06
1.958159e-06
1.958088e-06
1.957983e-06
1.959337e-06
1.959235e-06
1.959115e-06
1.95898e-06
1.958838e-06
1.958694e-06
1.958557e-06
1.958433e-06
1.958325e-06
1.958237e-06
1.958157e-06
1.958085e-06
1.957978e-06
1.959336e-06
1.959235e-06
1.959114e-06
1.95898e-06
1.958837e-06
1.958694e-06
1.958557e-06
1.958433e-06
1.958325e-06
1.958236e-06
1.958157e-06
1.958084e-06
1.957976e-06
1.959335e-06
1.959234e-06
1.959114e-06
1.95898e-06
1.958838e-06
1.958695e-06
1.958558e-06
1.958434e-06
1.958327e-06
1.958238e-06
1.958159e-06
1.958086e-06
1.957978e-06
1.959334e-06
1.959233e-06
1.959114e-06
1.95898e-06
1.958838e-06
1.958696e-06
1.958559e-06
1.958436e-06
1.958329e-06
1.95824e-06
1.958162e-06
1.958087e-06
1.957982e-06
1.959333e-06
1.959232e-06
1.959113e-06
1.95898e-06
1.958839e-06
1.958697e-06
1.958561e-06
1.958438e-06
1.958332e-06
1.958243e-06
1.958166e-06
1.958091e-06
1.957995e-06
1.959332e-06
1.959233e-06
1.959116e-06
1.958986e-06
1.958847e-06
1.958708e-06
1.958576e-06
1.958455e-06
1.95835e-06
1.958262e-06
1.958186e-06
1.958114e-06
1.958029e-06
1.959332e-06
1.959235e-06
1.959119e-06
1.958991e-06
1.958855e-06
1.958719e-06
1.958589e-06
1.95847e-06
1.958367e-06
1.958279e-06
1.958206e-06
1.95814e-06
1.95807e-06
1.959332e-06
1.959235e-06
1.959122e-06
1.958995e-06
1.958862e-06
1.958727e-06
1.958599e-06
1.958482e-06
1.958379e-06
1.958293e-06
1.958222e-06
1.958163e-06
1.95811e-06
1.959331e-06
1.959234e-06
1.95912e-06
1.958994e-06
1.958861e-06
1.958727e-06
1.958599e-06
1.958482e-06
1.958379e-06
1.958294e-06
1.958225e-06
1.958172e-06
1.958135e-06
1.959329e-06
1.959231e-06
1.959116e-06
1.958988e-06
1.958852e-06
1.958717e-06
1.958587e-06
1.958469e-06
1.958367e-06
1.958281e-06
1.958214e-06
1.958166e-06
1.958141e-06
)
;
    }
}


// ************************************************************************* //
