/*--------------------------------*- C++ -*----------------------------------*\
| =========                 |                                                 |
| \\      /  F ield         | OpenFOAM: The Open Source CFD Toolbox           |
|  \\    /   O peration     | Version:  2406                                  |
|   \\  /    A nd           | Website:  www.openfoam.com                      |
|    \\/     M anipulation  |                                                 |
\*---------------------------------------------------------------------------*/
FoamFile
{
    version     2.0;
    format      ascii;
    arch        "LSB;label=32;scalar=64";
    class       volScalarField;
    location    "320";
    object      p;
}
// * * * * * * * * * * * * * * * * * * * * * * * * * * * * * * * * * * * * * //

dimensions      [0 2 -2 0 0 0 0];

internalField   nonuniform List<scalar> 
5405
(
3.678921e-06
3.603675e-06
3.528458e-06
3.453269e-06
3.378108e-06
3.302972e-06
3.227861e-06
3.67899e-06
3.60374e-06
3.528521e-06
3.45333e-06
3.378166e-06
3.303028e-06
3.227915e-06
3.679135e-06
3.603877e-06
3.52865e-06
3.453452e-06
3.378281e-06
3.303137e-06
3.228019e-06
3.679375e-06
3.604102e-06
3.528861e-06
3.45365e-06
3.378468e-06
3.303313e-06
3.228184e-06
3.679698e-06
3.604403e-06
3.529142e-06
3.453913e-06
3.378713e-06
3.303543e-06
3.2284e-06
3.68011e-06
3.604787e-06
3.529499e-06
3.454246e-06
3.379024e-06
3.303833e-06
3.228672e-06
3.680595e-06
3.605238e-06
3.529919e-06
3.454637e-06
3.37939e-06
3.304174e-06
3.228991e-06
3.681132e-06
3.605738e-06
3.530386e-06
3.455072e-06
3.379795e-06
3.304553e-06
3.229345e-06
3.757171e-06
3.681692e-06
3.60626e-06
3.530872e-06
3.455526e-06
3.380219e-06
3.304949e-06
3.229715e-06
3.757762e-06
3.682243e-06
3.606774e-06
3.531352e-06
3.455974e-06
3.380638e-06
3.305342e-06
3.230082e-06
3.758311e-06
3.682756e-06
3.607253e-06
3.5318e-06
3.456393e-06
3.38103e-06
3.305709e-06
3.230427e-06
3.758795e-06
3.683208e-06
3.607677e-06
3.532196e-06
3.456765e-06
3.381379e-06
3.306036e-06
3.230733e-06
3.759196e-06
3.683584e-06
3.608029e-06
3.532527e-06
3.457074e-06
3.381669e-06
3.306308e-06
3.230989e-06
3.759504e-06
3.683873e-06
3.6083e-06
3.532781e-06
3.457313e-06
3.381893e-06
3.306519e-06
3.231187e-06
3.759712e-06
3.684068e-06
3.608483e-06
3.532953e-06
3.457474e-06
3.382045e-06
3.306662e-06
3.231321e-06
3.759817e-06
3.684167e-06
3.608575e-06
3.533039e-06
3.457556e-06
3.382121e-06
3.306734e-06
3.231389e-06
3.759817e-06
3.684167e-06
3.608575e-06
3.533039e-06
3.457556e-06
3.382121e-06
3.306734e-06
3.231389e-06
3.759712e-06
3.684068e-06
3.608483e-06
3.532953e-06
3.457474e-06
3.382045e-06
3.306662e-06
3.231321e-06
3.678939e-06
3.603692e-06
3.528474e-06
3.453284e-06
3.378122e-06
3.302985e-06
3.227874e-06
3.679017e-06
3.603766e-06
3.528545e-06
3.453353e-06
3.378187e-06
3.303048e-06
3.227934e-06
3.679168e-06
3.603908e-06
3.528679e-06
3.453479e-06
3.378307e-06
3.303161e-06
3.228041e-06
3.679411e-06
3.604135e-06
3.528892e-06
3.453679e-06
3.378495e-06
3.303338e-06
3.228208e-06
3.679734e-06
3.604437e-06
3.529173e-06
3.453942e-06
3.37874e-06
3.303568e-06
3.228424e-06
3.680143e-06
3.604818e-06
3.529529e-06
3.454273e-06
3.37905e-06
3.303858e-06
3.228695e-06
3.680624e-06
3.605265e-06
3.529945e-06
3.454661e-06
3.379412e-06
3.304196e-06
3.229011e-06
3.681156e-06
3.605761e-06
3.530407e-06
3.455092e-06
3.379814e-06
3.304571e-06
3.229362e-06
3.757189e-06
3.681709e-06
3.606276e-06
3.530887e-06
3.45554e-06
3.380233e-06
3.304963e-06
3.229728e-06
3.757773e-06
3.682254e-06
3.606784e-06
3.531362e-06
3.455984e-06
3.380647e-06
3.30535e-06
3.230091e-06
3.758317e-06
3.682761e-06
3.607259e-06
3.531805e-06
3.456399e-06
3.381036e-06
3.305714e-06
3.230432e-06
3.758796e-06
3.68321e-06
3.607678e-06
3.532198e-06
3.456767e-06
3.381381e-06
3.306038e-06
3.230735e-06
3.759195e-06
3.683583e-06
3.608028e-06
3.532526e-06
3.457074e-06
3.381669e-06
3.306308e-06
3.230989e-06
3.759501e-06
3.68387e-06
3.608297e-06
3.532778e-06
3.457311e-06
3.381891e-06
3.306517e-06
3.231186e-06
3.759708e-06
3.684064e-06
3.608479e-06
3.532949e-06
3.457471e-06
3.382042e-06
3.306659e-06
3.231319e-06
3.759812e-06
3.684162e-06
3.608571e-06
3.533036e-06
3.457552e-06
3.382118e-06
3.306731e-06
3.231387e-06
3.759812e-06
3.684162e-06
3.608571e-06
3.533036e-06
3.457552e-06
3.382118e-06
3.306731e-06
3.231387e-06
3.759708e-06
3.684064e-06
3.608479e-06
3.532949e-06
3.457471e-06
3.382042e-06
3.306659e-06
3.231319e-06
3.678949e-06
3.603701e-06
3.528482e-06
3.453292e-06
3.378129e-06
3.302992e-06
3.22788e-06
3.67904e-06
3.603788e-06
3.528565e-06
3.453372e-06
3.378205e-06
3.303065e-06
3.22795e-06
3.679197e-06
3.603935e-06
3.528704e-06
3.453502e-06
3.378329e-06
3.303181e-06
3.22806e-06
3.679442e-06
3.604165e-06
3.52892e-06
3.453705e-06
3.378519e-06
3.30336e-06
3.228229e-06
3.679765e-06
3.604466e-06
3.529201e-06
3.453968e-06
3.378765e-06
3.303591e-06
3.228445e-06
3.680174e-06
3.604846e-06
3.529555e-06
3.454298e-06
3.379073e-06
3.303879e-06
3.228715e-06
3.680651e-06
3.60529e-06
3.529968e-06
3.454683e-06
3.379433e-06
3.304215e-06
3.229029e-06
3.681177e-06
3.605781e-06
3.530426e-06
3.45511e-06
3.379831e-06
3.304587e-06
3.229377e-06
3.757206e-06
3.681725e-06
3.606291e-06
3.530902e-06
3.455554e-06
3.380246e-06
3.304975e-06
3.229739e-06
3.757784e-06
3.682264e-06
3.606794e-06
3.531371e-06
3.455993e-06
3.380656e-06
3.305359e-06
3.230099e-06
3.758322e-06
3.682767e-06
3.607264e-06
3.531811e-06
3.456404e-06
3.381041e-06
3.305719e-06
3.230436e-06
3.758798e-06
3.683212e-06
3.60768e-06
3.5322e-06
3.456769e-06
3.381383e-06
3.30604e-06
3.230737e-06
3.759194e-06
3.683582e-06
3.608027e-06
3.532525e-06
3.457074e-06
3.381669e-06
3.306308e-06
3.230989e-06
3.759498e-06
3.683868e-06
3.608295e-06
3.532776e-06
3.457309e-06
3.38189e-06
3.306516e-06
3.231185e-06
3.759704e-06
3.684061e-06
3.608476e-06
3.532946e-06
3.457469e-06
3.38204e-06
3.306657e-06
3.231317e-06
3.759808e-06
3.684158e-06
3.608567e-06
3.533032e-06
3.457549e-06
3.382115e-06
3.306728e-06
3.231384e-06
3.759808e-06
3.684158e-06
3.608567e-06
3.533032e-06
3.457549e-06
3.382115e-06
3.306728e-06
3.231384e-06
3.759704e-06
3.684061e-06
3.608476e-06
3.532946e-06
3.457469e-06
3.38204e-06
3.306657e-06
3.231317e-06
3.678946e-06
3.603698e-06
3.52848e-06
3.453289e-06
3.378126e-06
3.302989e-06
3.227877e-06
3.679052e-06
3.603799e-06
3.528575e-06
3.453381e-06
3.378214e-06
3.303073e-06
3.227957e-06
3.679214e-06
3.603951e-06
3.528719e-06
3.453516e-06
3.378341e-06
3.303193e-06
3.228071e-06
3.679462e-06
3.604183e-06
3.528937e-06
3.453721e-06
3.378534e-06
3.303374e-06
3.228242e-06
3.679786e-06
3.604485e-06
3.529218e-06
3.453984e-06
3.37878e-06
3.303605e-06
3.228458e-06
3.680193e-06
3.604864e-06
3.529572e-06
3.454314e-06
3.379088e-06
3.303893e-06
3.228728e-06
3.680668e-06
3.605306e-06
3.529983e-06
3.454697e-06
3.379446e-06
3.304227e-06
3.229041e-06
3.681191e-06
3.605794e-06
3.530438e-06
3.455121e-06
3.379842e-06
3.304597e-06
3.229386e-06
3.757217e-06
3.681735e-06
3.606301e-06
3.530911e-06
3.455563e-06
3.380254e-06
3.304983e-06
3.229747e-06
3.757791e-06
3.682271e-06
3.606801e-06
3.531378e-06
3.455999e-06
3.380662e-06
3.305364e-06
3.230104e-06
3.758326e-06
3.682771e-06
3.607268e-06
3.531814e-06
3.456407e-06
3.381044e-06
3.305722e-06
3.23044e-06
3.7588e-06
3.683213e-06
3.607682e-06
3.532202e-06
3.45677e-06
3.381384e-06
3.306041e-06
3.230739e-06
3.759193e-06
3.683582e-06
3.608027e-06
3.532525e-06
3.457074e-06
3.381669e-06
3.306308e-06
3.23099e-06
3.759497e-06
3.683866e-06
3.608294e-06
3.532775e-06
3.457308e-06
3.381889e-06
3.306515e-06
3.231184e-06
3.759702e-06
3.684059e-06
3.608474e-06
3.532945e-06
3.457467e-06
3.382038e-06
3.306656e-06
3.231316e-06
3.759805e-06
3.684156e-06
3.608565e-06
3.53303e-06
3.457547e-06
3.382114e-06
3.306727e-06
3.231383e-06
3.759805e-06
3.684156e-06
3.608565e-06
3.53303e-06
3.457547e-06
3.382114e-06
3.306726e-06
3.231383e-06
3.759702e-06
3.684059e-06
3.608474e-06
3.532945e-06
3.457467e-06
3.382038e-06
3.306655e-06
3.231316e-06
3.678932e-06
3.603684e-06
3.528466e-06
3.453277e-06
3.378114e-06
3.302978e-06
3.227866e-06
3.679054e-06
3.6038e-06
3.528577e-06
3.453382e-06
3.378215e-06
3.303074e-06
3.227958e-06
3.679221e-06
3.603958e-06
3.528725e-06
3.453522e-06
3.378347e-06
3.303199e-06
3.228076e-06
3.679472e-06
3.604193e-06
3.528946e-06
3.453729e-06
3.378541e-06
3.303381e-06
3.228248e-06
3.679796e-06
3.604495e-06
3.529228e-06
3.453993e-06
3.378788e-06
3.303612e-06
3.228465e-06
3.680203e-06
3.604874e-06
3.529581e-06
3.454322e-06
3.379096e-06
3.3039e-06
3.228735e-06
3.680677e-06
3.605315e-06
3.529992e-06
3.454705e-06
3.379453e-06
3.304234e-06
3.229047e-06
3.6812e-06
3.605802e-06
3.530445e-06
3.455128e-06
3.379848e-06
3.304603e-06
3.229392e-06
3.757224e-06
3.681742e-06
3.606307e-06
3.530917e-06
3.455568e-06
3.380259e-06
3.304987e-06
3.229751e-06
3.757796e-06
3.682276e-06
3.606805e-06
3.531382e-06
3.456003e-06
3.380665e-06
3.305368e-06
3.230107e-06
3.758329e-06
3.682774e-06
3.607271e-06
3.531817e-06
3.45641e-06
3.381046e-06
3.305725e-06
3.230442e-06
3.758801e-06
3.683215e-06
3.607683e-06
3.532203e-06
3.456771e-06
3.381385e-06
3.306043e-06
3.23074e-06
3.759194e-06
3.683582e-06
3.608027e-06
3.532526e-06
3.457074e-06
3.381669e-06
3.306309e-06
3.23099e-06
3.759496e-06
3.683866e-06
3.608293e-06
3.532775e-06
3.457308e-06
3.381888e-06
3.306515e-06
3.231183e-06
3.759701e-06
3.684058e-06
3.608473e-06
3.532944e-06
3.457466e-06
3.382037e-06
3.306655e-06
3.231315e-06
3.759804e-06
3.684154e-06
3.608564e-06
3.533029e-06
3.457546e-06
3.382113e-06
3.306726e-06
3.231382e-06
3.759804e-06
3.684154e-06
3.608564e-06
3.533029e-06
3.457546e-06
3.382113e-06
3.306726e-06
3.231382e-06
3.759701e-06
3.684057e-06
3.608473e-06
3.532944e-06
3.457466e-06
3.382037e-06
3.306655e-06
3.231315e-06
3.678908e-06
3.603662e-06
3.528445e-06
3.453256e-06
3.378095e-06
3.302959e-06
3.227849e-06
3.679048e-06
3.603794e-06
3.528571e-06
3.453377e-06
3.37821e-06
3.303069e-06
3.227953e-06
3.679221e-06
3.603957e-06
3.528725e-06
3.453522e-06
3.378346e-06
3.303198e-06
3.228076e-06
3.679475e-06
3.604195e-06
3.528948e-06
3.453731e-06
3.378543e-06
3.303383e-06
3.22825e-06
3.6798e-06
3.604498e-06
3.52923e-06
3.453995e-06
3.37879e-06
3.303614e-06
3.228467e-06
3.680207e-06
3.604877e-06
3.529584e-06
3.454325e-06
3.379098e-06
3.303902e-06
3.228737e-06
3.680681e-06
3.605318e-06
3.529995e-06
3.454708e-06
3.379456e-06
3.304236e-06
3.229049e-06
3.681203e-06
3.605805e-06
3.530448e-06
3.455131e-06
3.37985e-06
3.304605e-06
3.229394e-06
3.757227e-06
3.681745e-06
3.60631e-06
3.530919e-06
3.45557e-06
3.380261e-06
3.304989e-06
3.229753e-06
3.757799e-06
3.682278e-06
3.606807e-06
3.531384e-06
3.456005e-06
3.380667e-06
3.305369e-06
3.230109e-06
3.758331e-06
3.682775e-06
3.607272e-06
3.531818e-06
3.456411e-06
3.381048e-06
3.305726e-06
3.230443e-06
3.758802e-06
3.683216e-06
3.607684e-06
3.532204e-06
3.456772e-06
3.381386e-06
3.306043e-06
3.230741e-06
3.759194e-06
3.683583e-06
3.608028e-06
3.532526e-06
3.457074e-06
3.381669e-06
3.306309e-06
3.23099e-06
3.759496e-06
3.683866e-06
3.608293e-06
3.532775e-06
3.457308e-06
3.381888e-06
3.306515e-06
3.231183e-06
3.7597e-06
3.684057e-06
3.608473e-06
3.532943e-06
3.457466e-06
3.382037e-06
3.306655e-06
3.231315e-06
3.759803e-06
3.684154e-06
3.608564e-06
3.533029e-06
3.457546e-06
3.382112e-06
3.306725e-06
3.231381e-06
3.759803e-06
3.684154e-06
3.608563e-06
3.533029e-06
3.457546e-06
3.382112e-06
3.306725e-06
3.231381e-06
3.7597e-06
3.684057e-06
3.608473e-06
3.532943e-06
3.457466e-06
3.382037e-06
3.306655e-06
3.231315e-06
3.678875e-06
3.603631e-06
3.528415e-06
3.453228e-06
3.378068e-06
3.302934e-06
3.227825e-06
3.679034e-06
3.603782e-06
3.528559e-06
3.453365e-06
3.378199e-06
3.303058e-06
3.227943e-06
3.679214e-06
3.603951e-06
3.528718e-06
3.453515e-06
3.378341e-06
3.303192e-06
3.22807e-06
3.679471e-06
3.604191e-06
3.528944e-06
3.453727e-06
3.378539e-06
3.303379e-06
3.228247e-06
3.679796e-06
3.604495e-06
3.529227e-06
3.453992e-06
3.378787e-06
3.303612e-06
3.228465e-06
3.680204e-06
3.604875e-06
3.529582e-06
3.454323e-06
3.379096e-06
3.3039e-06
3.228735e-06
3.680679e-06
3.605317e-06
3.529993e-06
3.454706e-06
3.379454e-06
3.304235e-06
3.229048e-06
3.681202e-06
3.605804e-06
3.530447e-06
3.45513e-06
3.37985e-06
3.304605e-06
3.229393e-06
3.757227e-06
3.681745e-06
3.60631e-06
3.530919e-06
3.45557e-06
3.380261e-06
3.304989e-06
3.229753e-06
3.757799e-06
3.682279e-06
3.606808e-06
3.531384e-06
3.456005e-06
3.380667e-06
3.30537e-06
3.230109e-06
3.758332e-06
3.682776e-06
3.607273e-06
3.531819e-06
3.456412e-06
3.381048e-06
3.305726e-06
3.230443e-06
3.758803e-06
3.683216e-06
3.607685e-06
3.532205e-06
3.456773e-06
3.381387e-06
3.306044e-06
3.230741e-06
3.759195e-06
3.683583e-06
3.608028e-06
3.532527e-06
3.457075e-06
3.38167e-06
3.30631e-06
3.23099e-06
3.759496e-06
3.683866e-06
3.608293e-06
3.532775e-06
3.457308e-06
3.381889e-06
3.306515e-06
3.231183e-06
3.759701e-06
3.684058e-06
3.608473e-06
3.532944e-06
3.457466e-06
3.382037e-06
3.306655e-06
3.231315e-06
3.759804e-06
3.684154e-06
3.608564e-06
3.533029e-06
3.457546e-06
3.382112e-06
3.306725e-06
3.231381e-06
3.759804e-06
3.684154e-06
3.608564e-06
3.533029e-06
3.457546e-06
3.382112e-06
3.306725e-06
3.231381e-06
3.759701e-06
3.684057e-06
3.608473e-06
3.532944e-06
3.457466e-06
3.382037e-06
3.306655e-06
3.231315e-06
3.678835e-06
3.603593e-06
3.52838e-06
3.453195e-06
3.378037e-06
3.302904e-06
3.227796e-06
3.679015e-06
3.603763e-06
3.528542e-06
3.453349e-06
3.378183e-06
3.303044e-06
3.22793e-06
3.679201e-06
3.603939e-06
3.528707e-06
3.453505e-06
3.37833e-06
3.303183e-06
3.228061e-06
3.679461e-06
3.604182e-06
3.528935e-06
3.453719e-06
3.378532e-06
3.303372e-06
3.22824e-06
3.679788e-06
3.604487e-06
3.52922e-06
3.453985e-06
3.37878e-06
3.303605e-06
3.228459e-06
3.680197e-06
3.604868e-06
3.529575e-06
3.454316e-06
3.37909e-06
3.303895e-06
3.22873e-06
3.680673e-06
3.605311e-06
3.529988e-06
3.454701e-06
3.37945e-06
3.30423e-06
3.229044e-06
3.681198e-06
3.6058e-06
3.530444e-06
3.455126e-06
3.379846e-06
3.304601e-06
3.22939e-06
3.757225e-06
3.681743e-06
3.606308e-06
3.530917e-06
3.455568e-06
3.380259e-06
3.304987e-06
3.229751e-06
3.757799e-06
3.682278e-06
3.606807e-06
3.531383e-06
3.456004e-06
3.380666e-06
3.305369e-06
3.230108e-06
3.758332e-06
3.682776e-06
3.607273e-06
3.531819e-06
3.456412e-06
3.381048e-06
3.305726e-06
3.230443e-06
3.758804e-06
3.683217e-06
3.607685e-06
3.532205e-06
3.456773e-06
3.381387e-06
3.306044e-06
3.230741e-06
3.759196e-06
3.683584e-06
3.608029e-06
3.532527e-06
3.457075e-06
3.38167e-06
3.30631e-06
3.23099e-06
3.759497e-06
3.683867e-06
3.608294e-06
3.532776e-06
3.457308e-06
3.381889e-06
3.306516e-06
3.231184e-06
3.759702e-06
3.684058e-06
3.608474e-06
3.532944e-06
3.457467e-06
3.382038e-06
3.306655e-06
3.231315e-06
3.759805e-06
3.684155e-06
3.608564e-06
3.533029e-06
3.457547e-06
3.382113e-06
3.306726e-06
3.231381e-06
3.759805e-06
3.684155e-06
3.608564e-06
3.533029e-06
3.457547e-06
3.382113e-06
3.306726e-06
3.231381e-06
3.759702e-06
3.684058e-06
3.608474e-06
3.532944e-06
3.457467e-06
3.382038e-06
3.306655e-06
3.231315e-06
3.67879e-06
3.603551e-06
3.52834e-06
3.453157e-06
3.378001e-06
3.30287e-06
3.227764e-06
3.67899e-06
3.603741e-06
3.52852e-06
3.453329e-06
3.378164e-06
3.303026e-06
3.227913e-06
3.679183e-06
3.603922e-06
3.528691e-06
3.45349e-06
3.378317e-06
3.30317e-06
3.228049e-06
3.679446e-06
3.604168e-06
3.528922e-06
3.453707e-06
3.37852e-06
3.303361e-06
3.22823e-06
3.679774e-06
3.604474e-06
3.529208e-06
3.453974e-06
3.37877e-06
3.303595e-06
3.22845e-06
3.680186e-06
3.604857e-06
3.529565e-06
3.454307e-06
3.379081e-06
3.303886e-06
3.228722e-06
3.680664e-06
3.605303e-06
3.52998e-06
3.454694e-06
3.379442e-06
3.304223e-06
3.229037e-06
3.681192e-06
3.605794e-06
3.530438e-06
3.455121e-06
3.379841e-06
3.304596e-06
3.229385e-06
3.757221e-06
3.681739e-06
3.606304e-06
3.530913e-06
3.455564e-06
3.380255e-06
3.304984e-06
3.229747e-06
3.757796e-06
3.682276e-06
3.606805e-06
3.531381e-06
3.456002e-06
3.380664e-06
3.305366e-06
3.230106e-06
3.758332e-06
3.682776e-06
3.607272e-06
3.531818e-06
3.456411e-06
3.381047e-06
3.305725e-06
3.230442e-06
3.758804e-06
3.683217e-06
3.607685e-06
3.532205e-06
3.456773e-06
3.381387e-06
3.306044e-06
3.23074e-06
3.759197e-06
3.683585e-06
3.60803e-06
3.532528e-06
3.457076e-06
3.381671e-06
3.30631e-06
3.23099e-06
3.759499e-06
3.683868e-06
3.608295e-06
3.532777e-06
3.457309e-06
3.38189e-06
3.306516e-06
3.231184e-06
3.759703e-06
3.68406e-06
3.608475e-06
3.532945e-06
3.457468e-06
3.382039e-06
3.306656e-06
3.231315e-06
3.759806e-06
3.684156e-06
3.608566e-06
3.53303e-06
3.457548e-06
3.382114e-06
3.306727e-06
3.231382e-06
3.759806e-06
3.684156e-06
3.608566e-06
3.53303e-06
3.457548e-06
3.382114e-06
3.306727e-06
3.231382e-06
3.759703e-06
3.68406e-06
3.608475e-06
3.532945e-06
3.457468e-06
3.382038e-06
3.306656e-06
3.231315e-06
3.678742e-06
3.603505e-06
3.528297e-06
3.453117e-06
3.377963e-06
3.302834e-06
3.22773e-06
3.678963e-06
3.603715e-06
3.528496e-06
3.453306e-06
3.378143e-06
3.303005e-06
3.227893e-06
3.679163e-06
3.603903e-06
3.528673e-06
3.453473e-06
3.378301e-06
3.303155e-06
3.228035e-06
3.679428e-06
3.604152e-06
3.528907e-06
3.453692e-06
3.378507e-06
3.303348e-06
3.228218e-06
3.679758e-06
3.604459e-06
3.529194e-06
3.45396e-06
3.378758e-06
3.303584e-06
3.228439e-06
3.680172e-06
3.604844e-06
3.529552e-06
3.454295e-06
3.37907e-06
3.303876e-06
3.228712e-06
3.680653e-06
3.605292e-06
3.52997e-06
3.454684e-06
3.379433e-06
3.304215e-06
3.229029e-06
3.681184e-06
3.605786e-06
3.53043e-06
3.455113e-06
3.379834e-06
3.304589e-06
3.229379e-06
3.757215e-06
3.681733e-06
3.606298e-06
3.530908e-06
3.45556e-06
3.380251e-06
3.304979e-06
3.229743e-06
3.757794e-06
3.682273e-06
3.606802e-06
3.531378e-06
3.455999e-06
3.380662e-06
3.305364e-06
3.230103e-06
3.758331e-06
3.682775e-06
3.607271e-06
3.531817e-06
3.456409e-06
3.381046e-06
3.305724e-06
3.23044e-06
3.758804e-06
3.683217e-06
3.607685e-06
3.532205e-06
3.456773e-06
3.381386e-06
3.306043e-06
3.23074e-06
3.759198e-06
3.683586e-06
3.608031e-06
3.532528e-06
3.457076e-06
3.381671e-06
3.30631e-06
3.23099e-06
3.7595e-06
3.683869e-06
3.608296e-06
3.532778e-06
3.45731e-06
3.38189e-06
3.306517e-06
3.231184e-06
3.835411e-06
3.759705e-06
3.684061e-06
3.608476e-06
3.532946e-06
3.457469e-06
3.382039e-06
3.306657e-06
3.231316e-06
3.835521e-06
3.759808e-06
3.684158e-06
3.608567e-06
3.533032e-06
3.457549e-06
3.382115e-06
3.306727e-06
3.231382e-06
3.835521e-06
3.759808e-06
3.684158e-06
3.608567e-06
3.533032e-06
3.457549e-06
3.382115e-06
3.306727e-06
3.231382e-06
3.835411e-06
3.759705e-06
3.684061e-06
3.608476e-06
3.532946e-06
3.457469e-06
3.382039e-06
3.306657e-06
3.231316e-06
3.678692e-06
3.603458e-06
3.528253e-06
3.453075e-06
3.377924e-06
3.302797e-06
3.227695e-06
3.678934e-06
3.603687e-06
3.52847e-06
3.453281e-06
3.37812e-06
3.302984e-06
3.227873e-06
3.67914e-06
3.603882e-06
3.528653e-06
3.453454e-06
3.378283e-06
3.303138e-06
3.22802e-06
3.679409e-06
3.604133e-06
3.528889e-06
3.453676e-06
3.378491e-06
3.303334e-06
3.228205e-06
3.67974e-06
3.604442e-06
3.529178e-06
3.453945e-06
3.378744e-06
3.30357e-06
3.228426e-06
3.680156e-06
3.604829e-06
3.529538e-06
3.454282e-06
3.379058e-06
3.303864e-06
3.228701e-06
3.68064e-06
3.60528e-06
3.529958e-06
3.454673e-06
3.379423e-06
3.304205e-06
3.22902e-06
3.681174e-06
3.605777e-06
3.530421e-06
3.455105e-06
3.379826e-06
3.304582e-06
3.229372e-06
3.757209e-06
3.681727e-06
3.606292e-06
3.530902e-06
3.455554e-06
3.380245e-06
3.304974e-06
3.229738e-06
3.75779e-06
3.682269e-06
3.606798e-06
3.531375e-06
3.455996e-06
3.380658e-06
3.305361e-06
3.2301e-06
3.758329e-06
3.682773e-06
3.607269e-06
3.531815e-06
3.456408e-06
3.381044e-06
3.305722e-06
3.230438e-06
3.758805e-06
3.683218e-06
3.607685e-06
3.532205e-06
3.456773e-06
3.381386e-06
3.306043e-06
3.230739e-06
3.759199e-06
3.683587e-06
3.608031e-06
3.532529e-06
3.457077e-06
3.381671e-06
3.306311e-06
3.23099e-06
3.759502e-06
3.683871e-06
3.608297e-06
3.532779e-06
3.457311e-06
3.381891e-06
3.306517e-06
3.231184e-06
3.835413e-06
3.759707e-06
3.684063e-06
3.608478e-06
3.532948e-06
3.45747e-06
3.38204e-06
3.306658e-06
3.231316e-06
3.835523e-06
3.75981e-06
3.68416e-06
3.608569e-06
3.533033e-06
3.45755e-06
3.382116e-06
3.306728e-06
3.231383e-06
3.835523e-06
3.75981e-06
3.68416e-06
3.608569e-06
3.533033e-06
3.45755e-06
3.382116e-06
3.306728e-06
3.231383e-06
3.835413e-06
3.759706e-06
3.684063e-06
3.608478e-06
3.532948e-06
3.45747e-06
3.38204e-06
3.306657e-06
3.231316e-06
3.835525e-06
3.759812e-06
3.684161e-06
3.60857e-06
3.835415e-06
3.759708e-06
3.684064e-06
3.608479e-06
3.156945e-06
3.090219e-06
3.02351e-06
2.956819e-06
2.890143e-06
2.823483e-06
2.756839e-06
2.690209e-06
2.623593e-06
2.556991e-06
2.490402e-06
2.423826e-06
2.357262e-06
2.29071e-06
2.22417e-06
2.15764e-06
2.091122e-06
2.024614e-06
1.958117e-06
3.156997e-06
3.090269e-06
3.023559e-06
2.956865e-06
2.890188e-06
2.823527e-06
2.756881e-06
2.69025e-06
2.623632e-06
2.557029e-06
2.490439e-06
2.423861e-06
2.357296e-06
2.290743e-06
2.224202e-06
2.157671e-06
2.091152e-06
2.024643e-06
1.958144e-06
3.157096e-06
3.090363e-06
3.023649e-06
2.956951e-06
2.89027e-06
2.823606e-06
2.756956e-06
2.690322e-06
2.623702e-06
2.557095e-06
2.490502e-06
2.423922e-06
2.357355e-06
2.290799e-06
2.224256e-06
2.157723e-06
2.091202e-06
2.024691e-06
1.95819e-06
3.157252e-06
3.090511e-06
3.02379e-06
2.957085e-06
2.890398e-06
2.823728e-06
2.757073e-06
2.690433e-06
2.623808e-06
2.557197e-06
2.490599e-06
2.424015e-06
2.357444e-06
2.290884e-06
2.224337e-06
2.157801e-06
2.091277e-06
2.024763e-06
1.958259e-06
3.157455e-06
3.090704e-06
3.023972e-06
2.957258e-06
2.890562e-06
2.823883e-06
2.757221e-06
2.690574e-06
2.623942e-06
2.557324e-06
2.490721e-06
2.424131e-06
2.357555e-06
2.290991e-06
2.224439e-06
2.157898e-06
2.09137e-06
2.024852e-06
1.958345e-06
3.157711e-06
3.090945e-06
3.0242e-06
2.957474e-06
2.890767e-06
2.824077e-06
2.757405e-06
2.690748e-06
2.624108e-06
2.557483e-06
2.490872e-06
2.424275e-06
2.357692e-06
2.291121e-06
2.224564e-06
2.158018e-06
2.091484e-06
2.024961e-06
1.95845e-06
3.158011e-06
3.091228e-06
3.024467e-06
2.957727e-06
2.891006e-06
2.824304e-06
2.757619e-06
2.690952e-06
2.624301e-06
2.557666e-06
2.491046e-06
2.424441e-06
2.35785e-06
2.291272e-06
2.224708e-06
2.158156e-06
2.091616e-06
2.025088e-06
1.958571e-06
3.158344e-06
3.091542e-06
3.024764e-06
2.958007e-06
2.891271e-06
2.824555e-06
2.757857e-06
2.691178e-06
2.624515e-06
2.55787e-06
2.49124e-06
2.424625e-06
2.358026e-06
2.29144e-06
2.224868e-06
2.158308e-06
2.091762e-06
2.025227e-06
1.958704e-06
3.158692e-06
3.091871e-06
3.025075e-06
2.958301e-06
2.891549e-06
2.824818e-06
2.758107e-06
2.691414e-06
2.62474e-06
2.558083e-06
2.491443e-06
2.424819e-06
2.35821e-06
2.291615e-06
2.225035e-06
2.158469e-06
2.091915e-06
2.025374e-06
1.958845e-06
3.159037e-06
3.092198e-06
3.025384e-06
2.958593e-06
2.891826e-06
2.82508e-06
2.758355e-06
2.69165e-06
2.624964e-06
2.558296e-06
2.491645e-06
2.425011e-06
2.358393e-06
2.291791e-06
2.225202e-06
2.158628e-06
2.092068e-06
2.02552e-06
1.958985e-06
3.159362e-06
3.092505e-06
3.025674e-06
2.958868e-06
2.892086e-06
2.825327e-06
2.75859e-06
2.691873e-06
2.625175e-06
2.558497e-06
2.491837e-06
2.425194e-06
2.358567e-06
2.291957e-06
2.225361e-06
2.15878e-06
2.092213e-06
2.025659e-06
1.959118e-06
3.159651e-06
3.092779e-06
3.025933e-06
2.959114e-06
2.892319e-06
2.825548e-06
2.758799e-06
2.692072e-06
2.625365e-06
2.558677e-06
2.492009e-06
2.425357e-06
2.358723e-06
2.292106e-06
2.225503e-06
2.158916e-06
2.092343e-06
2.025784e-06
1.959238e-06
3.159893e-06
3.093008e-06
3.026151e-06
2.95932e-06
2.892515e-06
2.825734e-06
2.758976e-06
2.69224e-06
2.625524e-06
2.558829e-06
2.492153e-06
2.425495e-06
2.358855e-06
2.292231e-06
2.225624e-06
2.159031e-06
2.092453e-06
2.02589e-06
1.959339e-06
3.160079e-06
3.093185e-06
3.026319e-06
2.95948e-06
2.892666e-06
2.825878e-06
2.759112e-06
2.69237e-06
2.625648e-06
2.558947e-06
2.492266e-06
2.425603e-06
2.358958e-06
2.292329e-06
2.225717e-06
2.159121e-06
2.092539e-06
2.025972e-06
1.959418e-06
3.160206e-06
3.093305e-06
3.026433e-06
2.959588e-06
2.892769e-06
2.825976e-06
2.759206e-06
2.692458e-06
2.625733e-06
2.559028e-06
2.492342e-06
2.425676e-06
2.359028e-06
2.292396e-06
2.225781e-06
2.159182e-06
2.092598e-06
2.026028e-06
1.959472e-06
3.16027e-06
3.093366e-06
3.026491e-06
2.959643e-06
2.892821e-06
2.826025e-06
2.759253e-06
2.692503e-06
2.625775e-06
2.559069e-06
2.492381e-06
2.425713e-06
2.359063e-06
2.29243e-06
2.225814e-06
2.159213e-06
2.092628e-06
2.026057e-06
1.959499e-06
3.16027e-06
3.093366e-06
3.026491e-06
2.959643e-06
2.892821e-06
2.826025e-06
2.759253e-06
2.692503e-06
2.625775e-06
2.559068e-06
2.492381e-06
2.425713e-06
2.359063e-06
2.29243e-06
2.225814e-06
2.159213e-06
2.092628e-06
2.026057e-06
1.959499e-06
3.160206e-06
3.093305e-06
3.026433e-06
2.959588e-06
2.892769e-06
2.825976e-06
2.759206e-06
2.692458e-06
2.625733e-06
2.559028e-06
2.492342e-06
2.425676e-06
2.359028e-06
2.292396e-06
2.225781e-06
2.159182e-06
2.092598e-06
2.026028e-06
1.959472e-06
3.156957e-06
3.09023e-06
3.023521e-06
2.956829e-06
2.890153e-06
2.823493e-06
2.756848e-06
2.690217e-06
2.623601e-06
2.556999e-06
2.490409e-06
2.423833e-06
2.357269e-06
2.290716e-06
2.224176e-06
2.157646e-06
2.091128e-06
2.02462e-06
1.958122e-06
3.157015e-06
3.090286e-06
3.023575e-06
2.956881e-06
2.890203e-06
2.823541e-06
2.756894e-06
2.690262e-06
2.623644e-06
2.55704e-06
2.49045e-06
2.423872e-06
2.357306e-06
2.290753e-06
2.224211e-06
2.15768e-06
2.09116e-06
2.024651e-06
1.958152e-06
3.157117e-06
3.090383e-06
3.023667e-06
2.956969e-06
2.890287e-06
2.823622e-06
2.756971e-06
2.690336e-06
2.623715e-06
2.557108e-06
2.490515e-06
2.423934e-06
2.357366e-06
2.29081e-06
2.224266e-06
2.157733e-06
2.091211e-06
2.0247e-06
1.958199e-06
3.157274e-06
3.090532e-06
3.02381e-06
2.957104e-06
2.890416e-06
2.823744e-06
2.757089e-06
2.690448e-06
2.623822e-06
2.55721e-06
2.490612e-06
2.424027e-06
2.357455e-06
2.290896e-06
2.224348e-06
2.157811e-06
2.091286e-06
2.024772e-06
1.958268e-06
3.157478e-06
3.090725e-06
3.023992e-06
2.957277e-06
2.89058e-06
2.8239e-06
2.757237e-06
2.690589e-06
2.623956e-06
2.557338e-06
2.490734e-06
2.424144e-06
2.357566e-06
2.291002e-06
2.224449e-06
2.157909e-06
2.091379e-06
2.024861e-06
1.958354e-06
3.157733e-06
3.090966e-06
3.024219e-06
2.957492e-06
2.890784e-06
2.824094e-06
2.75742e-06
2.690763e-06
2.624122e-06
2.557496e-06
2.490884e-06
2.424287e-06
2.357703e-06
2.291132e-06
2.224574e-06
2.158028e-06
2.091493e-06
2.02497e-06
1.958458e-06
3.15803e-06
3.091246e-06
3.024484e-06
2.957743e-06
2.891021e-06
2.824318e-06
2.757633e-06
2.690965e-06
2.624314e-06
2.557678e-06
2.491058e-06
2.424452e-06
2.35786e-06
2.291282e-06
2.224717e-06
2.158165e-06
2.091624e-06
2.025096e-06
1.958578e-06
3.158359e-06
3.091557e-06
3.024778e-06
2.958021e-06
2.891284e-06
2.824567e-06
2.757869e-06
2.691189e-06
2.624526e-06
2.55788e-06
2.491249e-06
2.424635e-06
2.358034e-06
2.291448e-06
2.224876e-06
2.158316e-06
2.091769e-06
2.025234e-06
1.958711e-06
3.158704e-06
3.091883e-06
3.025086e-06
2.958312e-06
2.891559e-06
2.824827e-06
2.758116e-06
2.691423e-06
2.624748e-06
2.558091e-06
2.49145e-06
2.424826e-06
2.358217e-06
2.291622e-06
2.225042e-06
2.158475e-06
2.091921e-06
2.025379e-06
1.95885e-06
3.159045e-06
3.092206e-06
3.025391e-06
2.958601e-06
2.891833e-06
2.825087e-06
2.758361e-06
2.691656e-06
2.62497e-06
2.558302e-06
2.491651e-06
2.425017e-06
2.358398e-06
2.291795e-06
2.225207e-06
2.158633e-06
2.092072e-06
2.025524e-06
1.958989e-06
3.159367e-06
3.09251e-06
3.025679e-06
2.958873e-06
2.892091e-06
2.825331e-06
2.758594e-06
2.691876e-06
2.625179e-06
2.558501e-06
2.49184e-06
2.425197e-06
2.358571e-06
2.29196e-06
2.225364e-06
2.158783e-06
2.092216e-06
2.025662e-06
1.959121e-06
3.159653e-06
3.092781e-06
3.025935e-06
2.959116e-06
2.892321e-06
2.82555e-06
2.758801e-06
2.692074e-06
2.625367e-06
2.558679e-06
2.49201e-06
2.425359e-06
2.358725e-06
2.292107e-06
2.225505e-06
2.158918e-06
2.092345e-06
2.025786e-06
1.959239e-06
3.159893e-06
3.093008e-06
3.026151e-06
2.95932e-06
2.892515e-06
2.825734e-06
2.758976e-06
2.69224e-06
2.625525e-06
2.55883e-06
2.492154e-06
2.425496e-06
2.358856e-06
2.292232e-06
2.225624e-06
2.159032e-06
2.092454e-06
2.02589e-06
1.95934e-06
3.160078e-06
3.093184e-06
3.026318e-06
2.959479e-06
2.892665e-06
2.825877e-06
2.759112e-06
2.692369e-06
2.625648e-06
2.558947e-06
2.492265e-06
2.425603e-06
2.358957e-06
2.292329e-06
2.225717e-06
2.159121e-06
2.092539e-06
2.025972e-06
1.959418e-06
3.160204e-06
3.093303e-06
3.026431e-06
2.959586e-06
2.892768e-06
2.825974e-06
2.759204e-06
2.692457e-06
2.625732e-06
2.559027e-06
2.492342e-06
2.425675e-06
2.359027e-06
2.292396e-06
2.225781e-06
2.159182e-06
2.092598e-06
2.026028e-06
1.959472e-06
3.160268e-06
3.093364e-06
3.026488e-06
2.959641e-06
2.892819e-06
2.826023e-06
2.759251e-06
2.692502e-06
2.625774e-06
2.559067e-06
2.49238e-06
2.425712e-06
2.359062e-06
2.292429e-06
2.225813e-06
2.159212e-06
2.092627e-06
2.026056e-06
1.959499e-06
3.160268e-06
3.093364e-06
3.026488e-06
2.959641e-06
2.892819e-06
2.826023e-06
2.759251e-06
2.692502e-06
2.625774e-06
2.559067e-06
2.49238e-06
2.425712e-06
2.359062e-06
2.292429e-06
2.225813e-06
2.159212e-06
2.092627e-06
2.026056e-06
1.959499e-06
3.160204e-06
3.093303e-06
3.026431e-06
2.959586e-06
2.892768e-06
2.825974e-06
2.759204e-06
2.692457e-06
2.625732e-06
2.559027e-06
2.492342e-06
2.425675e-06
2.359027e-06
2.292396e-06
2.225781e-06
2.159182e-06
2.092597e-06
2.026028e-06
1.959472e-06
3.156963e-06
3.090236e-06
3.023526e-06
2.956834e-06
2.890158e-06
2.823497e-06
2.756852e-06
2.690221e-06
2.623605e-06
2.557002e-06
2.490413e-06
2.423836e-06
2.357272e-06
2.290719e-06
2.224179e-06
2.157649e-06
2.09113e-06
2.024622e-06
1.958124e-06
3.15703e-06
3.0903e-06
3.023588e-06
2.956893e-06
2.890215e-06
2.823552e-06
2.756905e-06
2.690272e-06
2.623654e-06
2.55705e-06
2.490458e-06
2.42388e-06
2.357314e-06
2.29076e-06
2.224218e-06
2.157687e-06
2.091167e-06
2.024657e-06
1.958158e-06
3.157135e-06
3.0904e-06
3.023684e-06
2.956984e-06
2.890302e-06
2.823635e-06
2.756985e-06
2.690349e-06
2.623727e-06
2.55712e-06
2.490525e-06
2.423944e-06
2.357376e-06
2.290819e-06
2.224275e-06
2.157741e-06
2.091219e-06
2.024708e-06
1.958206e-06
3.157294e-06
3.090551e-06
3.023827e-06
2.957121e-06
2.890432e-06
2.823759e-06
2.757103e-06
2.690461e-06
2.623835e-06
2.557222e-06
2.490624e-06
2.424038e-06
2.357466e-06
2.290905e-06
2.224357e-06
2.15782e-06
2.091295e-06
2.02478e-06
1.958276e-06
3.157498e-06
3.090744e-06
3.02401e-06
2.957294e-06
2.890596e-06
2.823915e-06
2.757251e-06
2.690602e-06
2.623969e-06
2.55735e-06
2.490746e-06
2.424155e-06
2.357577e-06
2.291012e-06
2.224459e-06
2.157918e-06
2.091388e-06
2.024869e-06
1.958361e-06
3.157752e-06
3.090984e-06
3.024236e-06
2.957509e-06
2.890799e-06
2.824108e-06
2.757434e-06
2.690776e-06
2.624134e-06
2.557507e-06
2.490895e-06
2.424297e-06
2.357713e-06
2.291142e-06
2.224583e-06
2.158036e-06
2.091502e-06
2.024978e-06
1.958466e-06
3.158047e-06
3.091262e-06
3.0245e-06
2.957758e-06
2.891035e-06
2.824331e-06
2.757645e-06
2.690977e-06
2.624325e-06
2.557689e-06
2.491068e-06
2.424461e-06
2.357869e-06
2.291291e-06
2.224725e-06
2.158173e-06
2.091632e-06
2.025103e-06
1.958585e-06
3.158374e-06
3.091571e-06
3.024791e-06
2.958033e-06
2.891296e-06
2.824578e-06
2.757879e-06
2.691199e-06
2.624535e-06
2.557889e-06
2.491258e-06
2.424643e-06
2.358042e-06
2.291456e-06
2.224883e-06
2.158323e-06
2.091776e-06
2.02524e-06
1.958717e-06
3.158715e-06
3.091893e-06
3.025096e-06
2.958321e-06
2.891568e-06
2.824836e-06
2.758124e-06
2.691431e-06
2.624756e-06
2.558098e-06
2.491457e-06
2.424832e-06
2.358223e-06
2.291628e-06
2.225047e-06
2.15848e-06
2.091926e-06
2.025384e-06
1.958855e-06
3.159053e-06
3.092213e-06
3.025398e-06
2.958607e-06
2.891839e-06
2.825093e-06
2.758367e-06
2.691662e-06
2.624975e-06
2.558307e-06
2.491656e-06
2.425021e-06
2.358403e-06
2.2918e-06
2.225211e-06
2.158637e-06
2.092076e-06
2.025528e-06
1.958993e-06
3.159371e-06
3.092514e-06
3.025683e-06
2.958877e-06
2.892095e-06
2.825335e-06
2.758597e-06
2.69188e-06
2.625183e-06
2.558504e-06
2.491844e-06
2.4252e-06
2.358574e-06
2.291963e-06
2.225367e-06
2.158786e-06
2.092218e-06
2.025664e-06
1.959123e-06
3.159655e-06
3.092783e-06
3.025937e-06
2.959118e-06
2.892323e-06
2.825552e-06
2.758803e-06
2.692076e-06
2.625369e-06
2.558681e-06
2.492012e-06
2.425361e-06
2.358727e-06
2.292109e-06
2.225507e-06
2.15892e-06
2.092346e-06
2.025787e-06
1.959241e-06
3.159893e-06
3.093008e-06
3.026151e-06
2.959321e-06
2.892516e-06
2.825735e-06
2.758977e-06
2.692241e-06
2.625526e-06
2.55883e-06
2.492154e-06
2.425497e-06
2.358856e-06
2.292233e-06
2.225625e-06
2.159033e-06
2.092455e-06
2.025891e-06
1.959341e-06
3.160077e-06
3.093183e-06
3.026317e-06
2.959478e-06
2.892665e-06
2.825876e-06
2.759111e-06
2.692369e-06
2.625648e-06
2.558947e-06
2.492265e-06
2.425602e-06
2.358957e-06
2.292329e-06
2.225717e-06
2.159121e-06
2.092539e-06
2.025972e-06
1.959418e-06
3.160202e-06
3.093302e-06
3.026429e-06
2.959585e-06
2.892766e-06
2.825973e-06
2.759203e-06
2.692456e-06
2.625731e-06
2.559026e-06
2.492341e-06
2.425675e-06
2.359026e-06
2.292395e-06
2.22578e-06
2.159181e-06
2.092597e-06
2.026028e-06
1.959472e-06
3.160266e-06
3.093362e-06
3.026487e-06
2.959639e-06
2.892818e-06
2.826022e-06
2.75925e-06
2.692501e-06
2.625773e-06
2.559066e-06
2.492379e-06
2.425711e-06
2.359061e-06
2.292429e-06
2.225812e-06
2.159212e-06
2.092627e-06
2.026056e-06
1.959499e-06
3.160266e-06
3.093362e-06
3.026486e-06
2.959639e-06
2.892818e-06
2.826022e-06
2.75925e-06
2.692501e-06
2.625773e-06
2.559066e-06
2.492379e-06
2.425711e-06
2.359061e-06
2.292429e-06
2.225812e-06
2.159212e-06
2.092627e-06
2.026056e-06
1.959499e-06
3.160202e-06
3.093302e-06
3.026429e-06
2.959585e-06
2.892766e-06
2.825973e-06
2.759203e-06
2.692456e-06
2.625731e-06
2.559026e-06
2.492341e-06
2.425675e-06
2.359026e-06
2.292395e-06
2.22578e-06
2.159181e-06
2.092597e-06
2.026027e-06
1.959471e-06
3.15696e-06
3.090233e-06
3.023524e-06
2.956831e-06
2.890155e-06
2.823494e-06
2.756849e-06
2.690219e-06
2.623602e-06
2.557e-06
2.49041e-06
2.423834e-06
2.357269e-06
2.290717e-06
2.224176e-06
2.157647e-06
2.091128e-06
2.02462e-06
1.958122e-06
3.157037e-06
3.090307e-06
3.023594e-06
2.956899e-06
2.89022e-06
2.823557e-06
2.75691e-06
2.690277e-06
2.623659e-06
2.557054e-06
2.490462e-06
2.423884e-06
2.357318e-06
2.290764e-06
2.224221e-06
2.15769e-06
2.09117e-06
2.02466e-06
1.958161e-06
3.157145e-06
3.09041e-06
3.023693e-06
2.956993e-06
2.89031e-06
2.823643e-06
2.756992e-06
2.690356e-06
2.623734e-06
2.557126e-06
2.490531e-06
2.42395e-06
2.357381e-06
2.290825e-06
2.22428e-06
2.157746e-06
2.091224e-06
2.024712e-06
1.95821e-06
3.157306e-06
3.090562e-06
3.023838e-06
2.957131e-06
2.890442e-06
2.823768e-06
2.757111e-06
2.690469e-06
2.623842e-06
2.55723e-06
2.490631e-06
2.424045e-06
2.357472e-06
2.290911e-06
2.224363e-06
2.157826e-06
2.0913e-06
2.024785e-06
1.95828e-06
3.15751e-06
3.090755e-06
3.024021e-06
2.957304e-06
2.890606e-06
2.823924e-06
2.75726e-06
2.690611e-06
2.623977e-06
2.557358e-06
2.490753e-06
2.424161e-06
2.357583e-06
2.291018e-06
2.224464e-06
2.157923e-06
2.091393e-06
2.024874e-06
1.958366e-06
3.157764e-06
3.090995e-06
3.024247e-06
2.957519e-06
2.890809e-06
2.824117e-06
2.757442e-06
2.690784e-06
2.624142e-06
2.557515e-06
2.490902e-06
2.424304e-06
2.357719e-06
2.291147e-06
2.224588e-06
2.158041e-06
2.091506e-06
2.024983e-06
1.95847e-06
3.158058e-06
3.091272e-06
3.024509e-06
2.957767e-06
2.891044e-06
2.824339e-06
2.757653e-06
2.690984e-06
2.624332e-06
2.557695e-06
2.491074e-06
2.424467e-06
2.357875e-06
2.291296e-06
2.22473e-06
2.158177e-06
2.091636e-06
2.025107e-06
1.958589e-06
3.158383e-06
3.091579e-06
3.024799e-06
2.958041e-06
2.891303e-06
2.824585e-06
2.757886e-06
2.691205e-06
2.624541e-06
2.557894e-06
2.491263e-06
2.424648e-06
2.358047e-06
2.29146e-06
2.224887e-06
2.158327e-06
2.09178e-06
2.025244e-06
1.95872e-06
3.158722e-06
3.0919e-06
3.025102e-06
2.958327e-06
2.891574e-06
2.824842e-06
2.758129e-06
2.691436e-06
2.62476e-06
2.558103e-06
2.491462e-06
2.424836e-06
2.358227e-06
2.291632e-06
2.225051e-06
2.158484e-06
2.091929e-06
2.025388e-06
1.958858e-06
3.159058e-06
3.092218e-06
3.025403e-06
2.958612e-06
2.891843e-06
2.825097e-06
2.758371e-06
2.691665e-06
2.624979e-06
2.55831e-06
2.491659e-06
2.425024e-06
2.358406e-06
2.291803e-06
2.225214e-06
2.15864e-06
2.092079e-06
2.02553e-06
1.958995e-06
3.159374e-06
3.092517e-06
3.025686e-06
2.95888e-06
2.892097e-06
2.825338e-06
2.7586e-06
2.691883e-06
2.625185e-06
2.558506e-06
2.491846e-06
2.425202e-06
2.358576e-06
2.291965e-06
2.225369e-06
2.158788e-06
2.09222e-06
2.025666e-06
1.959125e-06
3.159656e-06
3.092784e-06
3.025939e-06
2.95912e-06
2.892325e-06
2.825553e-06
2.758805e-06
2.692077e-06
2.62537e-06
2.558682e-06
2.492013e-06
2.425362e-06
2.358728e-06
2.29211e-06
2.225508e-06
2.158921e-06
2.092348e-06
2.025788e-06
1.959242e-06
3.159893e-06
3.093009e-06
3.026152e-06
2.959321e-06
2.892516e-06
2.825735e-06
2.758977e-06
2.692241e-06
2.625526e-06
2.558831e-06
2.492155e-06
2.425497e-06
2.358857e-06
2.292233e-06
2.225626e-06
2.159033e-06
2.092456e-06
2.025892e-06
1.959341e-06
3.160076e-06
3.093183e-06
3.026316e-06
2.959478e-06
2.892665e-06
2.825876e-06
2.759111e-06
2.692369e-06
2.625648e-06
2.558947e-06
2.492265e-06
2.425602e-06
2.358957e-06
2.292329e-06
2.225718e-06
2.159121e-06
2.09254e-06
2.025972e-06
1.959419e-06
3.160201e-06
3.093301e-06
3.026429e-06
2.959584e-06
2.892766e-06
2.825972e-06
2.759203e-06
2.692456e-06
2.62573e-06
2.559026e-06
2.492341e-06
2.425674e-06
2.359026e-06
2.292395e-06
2.22578e-06
2.159181e-06
2.092597e-06
2.026028e-06
1.959472e-06
3.160264e-06
3.093361e-06
3.026485e-06
2.959638e-06
2.892817e-06
2.826021e-06
2.759249e-06
2.6925e-06
2.625772e-06
2.559066e-06
2.492379e-06
2.425711e-06
2.359061e-06
2.292428e-06
2.225812e-06
2.159212e-06
2.092626e-06
2.026056e-06
1.959498e-06
3.160264e-06
3.093361e-06
3.026485e-06
2.959638e-06
2.892817e-06
2.826021e-06
2.759249e-06
2.6925e-06
2.625772e-06
2.559066e-06
2.492379e-06
2.425711e-06
2.359061e-06
2.292428e-06
2.225812e-06
2.159212e-06
2.092626e-06
2.026055e-06
1.959498e-06
3.160201e-06
3.093301e-06
3.026429e-06
2.959584e-06
2.892766e-06
2.825972e-06
2.759203e-06
2.692456e-06
2.62573e-06
2.559026e-06
2.492341e-06
2.425674e-06
2.359026e-06
2.292395e-06
2.22578e-06
2.159181e-06
2.092597e-06
2.026027e-06
1.959471e-06
3.15695e-06
3.090223e-06
3.023514e-06
2.956822e-06
2.890146e-06
2.823486e-06
2.756841e-06
2.690211e-06
2.623594e-06
2.556992e-06
2.490403e-06
2.423827e-06
2.357263e-06
2.290711e-06
2.22417e-06
2.157641e-06
2.091122e-06
2.024615e-06
1.958117e-06
3.157038e-06
3.090307e-06
3.023595e-06
2.9569e-06
2.890221e-06
2.823558e-06
2.75691e-06
2.690277e-06
2.623659e-06
2.557054e-06
2.490462e-06
2.423884e-06
2.357318e-06
2.290764e-06
2.224221e-06
2.15769e-06
2.09117e-06
2.02466e-06
1.958161e-06
3.15715e-06
3.090414e-06
3.023697e-06
2.956997e-06
2.890313e-06
2.823646e-06
2.756995e-06
2.690358e-06
2.623736e-06
2.557128e-06
2.490534e-06
2.423952e-06
2.357383e-06
2.290826e-06
2.224281e-06
2.157748e-06
2.091225e-06
2.024713e-06
1.958211e-06
3.157312e-06
3.090568e-06
3.023843e-06
2.957136e-06
2.890446e-06
2.823773e-06
2.757116e-06
2.690473e-06
2.623846e-06
2.557233e-06
2.490634e-06
2.424048e-06
2.357475e-06
2.290914e-06
2.224365e-06
2.157828e-06
2.091302e-06
2.024787e-06
1.958282e-06
3.157517e-06
3.090761e-06
3.024026e-06
2.95731e-06
2.890611e-06
2.823929e-06
2.757264e-06
2.690615e-06
2.623981e-06
2.557361e-06
2.490756e-06
2.424164e-06
2.357586e-06
2.29102e-06
2.224467e-06
2.157925e-06
2.091395e-06
2.024876e-06
1.958368e-06
3.15777e-06
3.091001e-06
3.024253e-06
2.957524e-06
2.890814e-06
2.824122e-06
2.757447e-06
2.690788e-06
2.624146e-06
2.557518e-06
2.490905e-06
2.424307e-06
2.357722e-06
2.29115e-06
2.224591e-06
2.158044e-06
2.091509e-06
2.024985e-06
1.958472e-06
3.158064e-06
3.091278e-06
3.024515e-06
2.957772e-06
2.891048e-06
2.824344e-06
2.757657e-06
2.690988e-06
2.624335e-06
2.557698e-06
2.491077e-06
2.42447e-06
2.357878e-06
2.291299e-06
2.224733e-06
2.15818e-06
2.091639e-06
2.025109e-06
1.958591e-06
3.158388e-06
3.091584e-06
3.024804e-06
2.958045e-06
2.891307e-06
2.824589e-06
2.757889e-06
2.691208e-06
2.624544e-06
2.557897e-06
2.491266e-06
2.42465e-06
2.358049e-06
2.291463e-06
2.224889e-06
2.158329e-06
2.091782e-06
2.025246e-06
1.958722e-06
3.158726e-06
3.091904e-06
3.025106e-06
2.958331e-06
2.891577e-06
2.824845e-06
2.758132e-06
2.691439e-06
2.624763e-06
2.558105e-06
2.491464e-06
2.424839e-06
2.358229e-06
2.291634e-06
2.225053e-06
2.158485e-06
2.091931e-06
2.025389e-06
1.958859e-06
3.159061e-06
3.092221e-06
3.025406e-06
2.958614e-06
2.891846e-06
2.825099e-06
2.758374e-06
2.691668e-06
2.624981e-06
2.558312e-06
2.491661e-06
2.425026e-06
2.358408e-06
2.291804e-06
2.225216e-06
2.158641e-06
2.09208e-06
2.025532e-06
1.958996e-06
3.159376e-06
3.092519e-06
3.025688e-06
2.958882e-06
2.892099e-06
2.825339e-06
2.758601e-06
2.691884e-06
2.625186e-06
2.558508e-06
2.491847e-06
2.425204e-06
2.358577e-06
2.291966e-06
2.22537e-06
2.158789e-06
2.092221e-06
2.025667e-06
1.959126e-06
3.159658e-06
3.092786e-06
3.02594e-06
2.959121e-06
2.892326e-06
2.825554e-06
2.758806e-06
2.692078e-06
2.625371e-06
2.558683e-06
2.492014e-06
2.425363e-06
2.358729e-06
2.292111e-06
2.225509e-06
2.158921e-06
2.092348e-06
2.025789e-06
1.959243e-06
3.159894e-06
3.093009e-06
3.026152e-06
2.959322e-06
2.892516e-06
2.825736e-06
2.758978e-06
2.692242e-06
2.625527e-06
2.558831e-06
2.492156e-06
2.425498e-06
2.358857e-06
2.292234e-06
2.225626e-06
2.159034e-06
2.092456e-06
2.025892e-06
1.959342e-06
3.160076e-06
3.093183e-06
3.026316e-06
2.959477e-06
2.892665e-06
2.825876e-06
2.759111e-06
2.692369e-06
2.625648e-06
2.558947e-06
2.492265e-06
2.425603e-06
2.358958e-06
2.29233e-06
2.225718e-06
2.159121e-06
2.09254e-06
2.025973e-06
1.959419e-06
3.160201e-06
3.093301e-06
3.026428e-06
2.959584e-06
2.892765e-06
2.825972e-06
2.759202e-06
2.692456e-06
2.62573e-06
2.559026e-06
2.492341e-06
2.425674e-06
2.359026e-06
2.292395e-06
2.22578e-06
2.159181e-06
2.092597e-06
2.026028e-06
1.959472e-06
3.160264e-06
3.09336e-06
3.026485e-06
2.959637e-06
2.892817e-06
2.826021e-06
2.759249e-06
2.6925e-06
2.625772e-06
2.559065e-06
2.492379e-06
2.425711e-06
2.359061e-06
2.292428e-06
2.225812e-06
2.159212e-06
2.092626e-06
2.026056e-06
1.959499e-06
3.160264e-06
3.09336e-06
3.026485e-06
2.959637e-06
2.892817e-06
2.826021e-06
2.759249e-06
2.692499e-06
2.625772e-06
2.559065e-06
2.492379e-06
2.425711e-06
2.359061e-06
2.292428e-06
2.225812e-06
2.159212e-06
2.092626e-06
2.026056e-06
1.959499e-06
3.160201e-06
3.093301e-06
3.026428e-06
2.959584e-06
2.892765e-06
2.825972e-06
2.759202e-06
2.692456e-06
2.62573e-06
2.559026e-06
2.492341e-06
2.425674e-06
2.359026e-06
2.292395e-06
2.22578e-06
2.159181e-06
2.092597e-06
2.026028e-06
1.959472e-06
3.156933e-06
3.090207e-06
3.023498e-06
2.956807e-06
2.890131e-06
2.823472e-06
2.756827e-06
2.690198e-06
2.623582e-06
2.55698e-06
2.490392e-06
2.423816e-06
2.357252e-06
2.2907e-06
2.22416e-06
2.157631e-06
2.091113e-06
2.024606e-06
1.958108e-06
3.157033e-06
3.090303e-06
3.023591e-06
2.956895e-06
2.890217e-06
2.823554e-06
2.756906e-06
2.690274e-06
2.623655e-06
2.55705e-06
2.490459e-06
2.423881e-06
2.357315e-06
2.290761e-06
2.224218e-06
2.157687e-06
2.091167e-06
2.024657e-06
1.958158e-06
3.157149e-06
3.090413e-06
3.023696e-06
2.956996e-06
2.890313e-06
2.823646e-06
2.756994e-06
2.690358e-06
2.623736e-06
2.557127e-06
2.490533e-06
2.423951e-06
2.357382e-06
2.290825e-06
2.22428e-06
2.157747e-06
2.091224e-06
2.024712e-06
1.958211e-06
3.157314e-06
3.090569e-06
3.023844e-06
2.957137e-06
2.890447e-06
2.823774e-06
2.757116e-06
2.690474e-06
2.623847e-06
2.557233e-06
2.490634e-06
2.424048e-06
2.357475e-06
2.290914e-06
2.224365e-06
2.157828e-06
2.091302e-06
2.024787e-06
1.958282e-06
3.157518e-06
3.090762e-06
3.024028e-06
2.957311e-06
2.890612e-06
2.82393e-06
2.757265e-06
2.690615e-06
2.623981e-06
2.557362e-06
2.490757e-06
2.424165e-06
2.357586e-06
2.291021e-06
2.224467e-06
2.157926e-06
2.091395e-06
2.024876e-06
1.958368e-06
3.157772e-06
3.091002e-06
3.024254e-06
2.957525e-06
2.890815e-06
2.824123e-06
2.757448e-06
2.690789e-06
2.624146e-06
2.557519e-06
2.490906e-06
2.424307e-06
2.357722e-06
2.291151e-06
2.224591e-06
2.158044e-06
2.091509e-06
2.024985e-06
1.958472e-06
3.158065e-06
3.091279e-06
3.024516e-06
2.957773e-06
2.89105e-06
2.824345e-06
2.757658e-06
2.690989e-06
2.624336e-06
2.557699e-06
2.491078e-06
2.424471e-06
2.357878e-06
2.291299e-06
2.224733e-06
2.15818e-06
2.091639e-06
2.025109e-06
1.958591e-06
3.15839e-06
3.091586e-06
3.024805e-06
2.958047e-06
2.891308e-06
2.82459e-06
2.757891e-06
2.691209e-06
2.624545e-06
2.557898e-06
2.491267e-06
2.424651e-06
2.35805e-06
2.291463e-06
2.22489e-06
2.15833e-06
2.091782e-06
2.025246e-06
1.958723e-06
3.158728e-06
3.091905e-06
3.025107e-06
2.958332e-06
2.891579e-06
2.824846e-06
2.758133e-06
2.69144e-06
2.624764e-06
2.558106e-06
2.491465e-06
2.42484e-06
2.35823e-06
2.291634e-06
2.225053e-06
2.158486e-06
2.091931e-06
2.02539e-06
1.95886e-06
3.159063e-06
3.092222e-06
3.025407e-06
2.958616e-06
2.891847e-06
2.8251e-06
2.758375e-06
2.691669e-06
2.624982e-06
2.558313e-06
2.491662e-06
2.425027e-06
2.358408e-06
2.291805e-06
2.225216e-06
2.158642e-06
2.092081e-06
2.025532e-06
1.958997e-06
3.159378e-06
3.09252e-06
3.025689e-06
2.958883e-06
2.8921e-06
2.82534e-06
2.758602e-06
2.691885e-06
2.625187e-06
2.558508e-06
2.491848e-06
2.425204e-06
2.358577e-06
2.291966e-06
2.225371e-06
2.158789e-06
2.092222e-06
2.025668e-06
1.959126e-06
3.159658e-06
3.092787e-06
3.025941e-06
2.959121e-06
2.892326e-06
2.825555e-06
2.758806e-06
2.692079e-06
2.625372e-06
2.558684e-06
2.492015e-06
2.425364e-06
2.358729e-06
2.292112e-06
2.225509e-06
2.158922e-06
2.092349e-06
2.025789e-06
1.959243e-06
3.159894e-06
3.09301e-06
3.026152e-06
2.959322e-06
2.892517e-06
2.825736e-06
2.758978e-06
2.692242e-06
2.625527e-06
2.558832e-06
2.492156e-06
2.425498e-06
2.358858e-06
2.292234e-06
2.225627e-06
2.159034e-06
2.092456e-06
2.025893e-06
1.959342e-06
3.160076e-06
3.093183e-06
3.026317e-06
2.959478e-06
2.892665e-06
2.825876e-06
2.759111e-06
2.692369e-06
2.625648e-06
2.558947e-06
2.492266e-06
2.425603e-06
2.358958e-06
2.29233e-06
2.225718e-06
2.159122e-06
2.09254e-06
2.025973e-06
1.959419e-06
3.160201e-06
3.093301e-06
3.026428e-06
2.959584e-06
2.892765e-06
2.825972e-06
2.759202e-06
2.692456e-06
2.62573e-06
2.559026e-06
2.492341e-06
2.425674e-06
2.359026e-06
2.292395e-06
2.225781e-06
2.159182e-06
2.092598e-06
2.026028e-06
1.959473e-06
3.160263e-06
3.09336e-06
3.026485e-06
2.959637e-06
2.892816e-06
2.826021e-06
2.759249e-06
2.692499e-06
2.625772e-06
2.559065e-06
2.492379e-06
2.425711e-06
2.359061e-06
2.292428e-06
2.225812e-06
2.159212e-06
2.092627e-06
2.026056e-06
1.959499e-06
3.160263e-06
3.09336e-06
3.026485e-06
2.959637e-06
2.892816e-06
2.826021e-06
2.759249e-06
2.692499e-06
2.625772e-06
2.559065e-06
2.492379e-06
2.425711e-06
2.359061e-06
2.292428e-06
2.225812e-06
2.159212e-06
2.092627e-06
2.026056e-06
1.959499e-06
3.160201e-06
3.093301e-06
3.026428e-06
2.959584e-06
2.892765e-06
2.825972e-06
2.759202e-06
2.692456e-06
2.62573e-06
2.559026e-06
2.492341e-06
2.425674e-06
2.359026e-06
2.292395e-06
2.22578e-06
2.159181e-06
2.092597e-06
2.026028e-06
1.959472e-06
3.15691e-06
3.090185e-06
3.023478e-06
2.956787e-06
2.890112e-06
2.823454e-06
2.75681e-06
2.690181e-06
2.623566e-06
2.556965e-06
2.490377e-06
2.423801e-06
2.357238e-06
2.290687e-06
2.224148e-06
2.157619e-06
2.091102e-06
2.024594e-06
1.958098e-06
3.157024e-06
3.090294e-06
3.023582e-06
2.956887e-06
2.890209e-06
2.823546e-06
2.756899e-06
2.690267e-06
2.623648e-06
2.557044e-06
2.490453e-06
2.423875e-06
2.357309e-06
2.290755e-06
2.224213e-06
2.157682e-06
2.091162e-06
2.024652e-06
1.958153e-06
3.157144e-06
3.090408e-06
3.023691e-06
2.956991e-06
2.890308e-06
2.823642e-06
2.75699e-06
2.690354e-06
2.623732e-06
2.557124e-06
2.490529e-06
2.423948e-06
2.357379e-06
2.290822e-06
2.224277e-06
2.157744e-06
2.091221e-06
2.024709e-06
1.958208e-06
3.15731e-06
3.090566e-06
3.023841e-06
2.957134e-06
2.890444e-06
2.823771e-06
2.757114e-06
2.690471e-06
2.623844e-06
2.557231e-06
2.490632e-06
2.424046e-06
2.357473e-06
2.290912e-06
2.224363e-06
2.157826e-06
2.0913e-06
2.024785e-06
1.95828e-06
3.157516e-06
3.09076e-06
3.024025e-06
2.957308e-06
2.89061e-06
2.823928e-06
2.757263e-06
2.690613e-06
2.623979e-06
2.55736e-06
2.490755e-06
2.424163e-06
2.357585e-06
2.291019e-06
2.224465e-06
2.157924e-06
2.091394e-06
2.024874e-06
1.958366e-06
3.15777e-06
3.091e-06
3.024252e-06
2.957523e-06
2.890813e-06
2.824121e-06
2.757446e-06
2.690787e-06
2.624145e-06
2.557517e-06
2.490904e-06
2.424306e-06
2.357721e-06
2.291149e-06
2.22459e-06
2.158043e-06
2.091507e-06
2.024983e-06
1.95847e-06
3.158064e-06
3.091278e-06
3.024515e-06
2.957772e-06
2.891048e-06
2.824343e-06
2.757657e-06
2.690988e-06
2.624335e-06
2.557698e-06
2.491076e-06
2.42447e-06
2.357877e-06
2.291298e-06
2.224732e-06
2.158179e-06
2.091638e-06
2.025108e-06
1.95859e-06
3.158389e-06
3.091585e-06
3.024805e-06
2.958046e-06
2.891308e-06
2.824589e-06
2.75789e-06
2.691208e-06
2.624545e-06
2.557897e-06
2.491266e-06
2.42465e-06
2.358049e-06
2.291462e-06
2.224889e-06
2.158329e-06
2.091781e-06
2.025245e-06
1.958722e-06
3.158727e-06
3.091905e-06
3.025107e-06
2.958332e-06
2.891578e-06
2.824846e-06
2.758133e-06
2.691439e-06
2.624764e-06
2.558106e-06
2.491464e-06
2.424839e-06
2.358229e-06
2.291634e-06
2.225053e-06
2.158485e-06
2.091931e-06
2.025389e-06
1.958859e-06
3.159063e-06
3.092222e-06
3.025407e-06
2.958616e-06
2.891847e-06
2.8251e-06
2.758374e-06
2.691668e-06
2.624982e-06
2.558313e-06
2.491661e-06
2.425027e-06
2.358408e-06
2.291805e-06
2.225216e-06
2.158641e-06
2.09208e-06
2.025532e-06
1.958996e-06
3.159378e-06
3.092521e-06
3.025689e-06
2.958883e-06
2.8921e-06
2.82534e-06
2.758602e-06
2.691885e-06
2.625187e-06
2.558509e-06
2.491848e-06
2.425204e-06
2.358577e-06
2.291966e-06
2.225371e-06
2.158789e-06
2.092222e-06
2.025668e-06
1.959126e-06
3.159659e-06
3.092787e-06
3.025941e-06
2.959122e-06
2.892327e-06
2.825555e-06
2.758806e-06
2.692079e-06
2.625372e-06
2.558684e-06
2.492015e-06
2.425364e-06
2.35873e-06
2.292112e-06
2.225509e-06
2.158922e-06
2.092349e-06
2.02579e-06
1.959243e-06
3.159894e-06
3.09301e-06
3.026153e-06
2.959322e-06
2.892517e-06
2.825736e-06
2.758978e-06
2.692242e-06
2.625527e-06
2.558832e-06
2.492156e-06
2.425498e-06
2.358858e-06
2.292234e-06
2.225627e-06
2.159034e-06
2.092457e-06
2.025893e-06
1.959342e-06
3.160077e-06
3.093184e-06
3.026317e-06
2.959478e-06
2.892665e-06
2.825877e-06
2.759112e-06
2.692369e-06
2.625648e-06
2.558947e-06
2.492266e-06
2.425603e-06
2.358958e-06
2.29233e-06
2.225718e-06
2.159122e-06
2.09254e-06
2.025973e-06
1.95942e-06
3.160201e-06
3.093301e-06
3.026429e-06
2.959584e-06
2.892766e-06
2.825972e-06
2.759203e-06
2.692456e-06
2.62573e-06
2.559026e-06
2.492341e-06
2.425675e-06
2.359026e-06
2.292395e-06
2.225781e-06
2.159182e-06
2.092598e-06
2.026028e-06
1.959473e-06
3.160264e-06
3.093361e-06
3.026485e-06
2.959638e-06
2.892817e-06
2.826021e-06
2.759249e-06
2.6925e-06
2.625772e-06
2.559066e-06
2.492379e-06
2.425711e-06
2.359061e-06
2.292428e-06
2.225812e-06
2.159212e-06
2.092627e-06
2.026056e-06
1.959499e-06
3.160264e-06
3.093361e-06
3.026485e-06
2.959638e-06
2.892817e-06
2.826021e-06
2.759249e-06
2.6925e-06
2.625772e-06
2.559066e-06
2.492379e-06
2.425711e-06
2.359061e-06
2.292428e-06
2.225812e-06
2.159212e-06
2.092627e-06
2.026056e-06
1.959499e-06
3.160201e-06
3.093301e-06
3.026429e-06
2.959584e-06
2.892766e-06
2.825972e-06
2.759203e-06
2.692456e-06
2.62573e-06
2.559026e-06
2.492341e-06
2.425675e-06
2.359026e-06
2.292395e-06
2.225781e-06
2.159182e-06
2.092598e-06
2.026028e-06
1.959472e-06
3.156883e-06
3.090159e-06
3.023453e-06
2.956763e-06
2.89009e-06
2.823432e-06
2.756789e-06
2.690161e-06
2.623547e-06
2.556946e-06
2.490359e-06
2.423784e-06
2.357222e-06
2.290672e-06
2.224133e-06
2.157605e-06
2.091088e-06
2.024581e-06
1.958085e-06
3.15701e-06
3.090281e-06
3.02357e-06
2.956876e-06
2.890198e-06
2.823536e-06
2.756889e-06
2.690257e-06
2.623639e-06
2.557035e-06
2.490444e-06
2.423866e-06
2.357301e-06
2.290747e-06
2.224206e-06
2.157675e-06
2.091155e-06
2.024646e-06
1.958147e-06
3.157135e-06
3.0904e-06
3.023683e-06
2.956984e-06
2.890301e-06
2.823635e-06
2.756983e-06
2.690347e-06
2.623726e-06
2.557118e-06
2.490524e-06
2.423942e-06
2.357374e-06
2.290817e-06
2.224272e-06
2.157739e-06
2.091217e-06
2.024705e-06
1.958204e-06
3.157304e-06
3.090559e-06
3.023835e-06
2.957128e-06
2.890439e-06
2.823766e-06
2.757108e-06
2.690466e-06
2.623839e-06
2.557227e-06
2.490627e-06
2.424042e-06
2.357469e-06
2.290908e-06
2.224359e-06
2.157822e-06
2.091296e-06
2.024781e-06
1.958277e-06
3.15751e-06
3.090754e-06
3.02402e-06
2.957303e-06
2.890605e-06
2.823923e-06
2.757258e-06
2.690609e-06
2.623975e-06
2.557356e-06
2.490751e-06
2.424159e-06
2.357581e-06
2.291015e-06
2.224462e-06
2.15792e-06
2.09139e-06
2.024871e-06
1.958363e-06
3.157765e-06
3.090995e-06
3.024247e-06
2.957519e-06
2.890809e-06
2.824117e-06
2.757442e-06
2.690783e-06
2.624141e-06
2.557513e-06
2.490901e-06
2.424302e-06
2.357717e-06
2.291146e-06
2.224586e-06
2.158039e-06
2.091504e-06
2.02498e-06
1.958468e-06
3.15806e-06
3.091274e-06
3.024511e-06
2.957768e-06
2.891044e-06
2.82434e-06
2.757653e-06
2.690984e-06
2.624332e-06
2.557695e-06
2.491073e-06
2.424467e-06
2.357874e-06
2.291295e-06
2.224729e-06
2.158176e-06
2.091635e-06
2.025106e-06
1.958587e-06
3.158386e-06
3.091582e-06
3.024802e-06
2.958043e-06
2.891305e-06
2.824586e-06
2.757887e-06
2.691206e-06
2.624542e-06
2.557895e-06
2.491264e-06
2.424648e-06
2.358047e-06
2.29146e-06
2.224887e-06
2.158327e-06
2.091779e-06
2.025243e-06
1.95872e-06
3.158725e-06
3.091903e-06
3.025105e-06
2.95833e-06
2.891576e-06
2.824844e-06
2.758131e-06
2.691437e-06
2.624762e-06
2.558104e-06
2.491463e-06
2.424837e-06
2.358227e-06
2.291632e-06
2.225051e-06
2.158484e-06
2.091929e-06
2.025388e-06
1.958858e-06
3.159062e-06
3.092221e-06
3.025406e-06
2.958614e-06
2.891846e-06
2.825099e-06
2.758373e-06
2.691667e-06
2.62498e-06
2.558312e-06
2.49166e-06
2.425026e-06
2.358407e-06
2.291804e-06
2.225215e-06
2.15864e-06
2.092079e-06
2.025531e-06
1.958995e-06
3.159377e-06
3.092521e-06
3.025689e-06
2.958882e-06
2.8921e-06
2.82534e-06
2.758602e-06
2.691884e-06
2.625187e-06
2.558508e-06
2.491847e-06
2.425204e-06
2.358577e-06
2.291966e-06
2.22537e-06
2.158789e-06
2.092221e-06
2.025667e-06
1.959126e-06
3.159659e-06
3.092787e-06
3.025941e-06
2.959122e-06
2.892327e-06
2.825555e-06
2.758806e-06
2.692079e-06
2.625372e-06
2.558684e-06
2.492015e-06
2.425364e-06
2.358729e-06
2.292112e-06
2.225509e-06
2.158922e-06
2.092349e-06
2.025789e-06
1.959243e-06
3.159895e-06
3.093011e-06
3.026153e-06
2.959323e-06
2.892517e-06
2.825736e-06
2.758978e-06
2.692242e-06
2.625527e-06
2.558832e-06
2.492156e-06
2.425498e-06
2.358858e-06
2.292234e-06
2.225627e-06
2.159034e-06
2.092457e-06
2.025893e-06
1.959342e-06
3.160077e-06
3.093184e-06
3.026317e-06
2.959478e-06
2.892665e-06
2.825877e-06
2.759112e-06
2.692369e-06
2.625648e-06
2.558947e-06
2.492266e-06
2.425603e-06
2.358958e-06
2.29233e-06
2.225718e-06
2.159122e-06
2.092541e-06
2.025973e-06
1.95942e-06
3.160201e-06
3.093302e-06
3.026429e-06
2.959584e-06
2.892766e-06
2.825973e-06
2.759203e-06
2.692456e-06
2.625731e-06
2.559026e-06
2.492341e-06
2.425675e-06
2.359027e-06
2.292396e-06
2.225781e-06
2.159182e-06
2.092598e-06
2.026028e-06
1.959473e-06
3.160264e-06
3.093362e-06
3.026486e-06
2.959638e-06
2.892817e-06
2.826021e-06
2.759249e-06
2.6925e-06
2.625773e-06
2.559066e-06
2.492379e-06
2.425711e-06
2.359061e-06
2.292429e-06
2.225813e-06
2.159212e-06
2.092627e-06
2.026056e-06
1.959499e-06
3.160264e-06
3.093362e-06
3.026486e-06
2.959638e-06
2.892817e-06
2.826021e-06
2.759249e-06
2.6925e-06
2.625773e-06
2.559066e-06
2.492379e-06
2.425711e-06
2.359061e-06
2.292429e-06
2.225813e-06
2.159212e-06
2.092627e-06
2.026056e-06
1.959499e-06
3.160201e-06
3.093302e-06
3.026429e-06
2.959584e-06
2.892766e-06
2.825973e-06
2.759203e-06
2.692456e-06
2.625731e-06
2.559026e-06
2.492341e-06
2.425675e-06
2.359027e-06
2.292396e-06
2.225781e-06
2.159182e-06
2.092598e-06
2.026028e-06
1.959472e-06
3.156853e-06
3.09013e-06
3.023425e-06
2.956737e-06
2.890064e-06
2.823408e-06
2.756766e-06
2.690139e-06
2.623526e-06
2.556926e-06
2.49034e-06
2.423766e-06
2.357204e-06
2.290654e-06
2.224116e-06
2.157589e-06
2.091073e-06
2.024567e-06
1.958071e-06
3.156994e-06
3.090266e-06
3.023555e-06
2.956862e-06
2.890184e-06
2.823523e-06
2.756877e-06
2.690245e-06
2.623628e-06
2.557024e-06
2.490434e-06
2.423857e-06
2.357291e-06
2.290738e-06
2.224197e-06
2.157666e-06
2.091147e-06
2.024638e-06
1.95814e-06
3.157124e-06
3.090389e-06
3.023673e-06
2.956974e-06
2.890292e-06
2.823625e-06
2.756975e-06
2.690339e-06
2.623718e-06
2.55711e-06
2.490516e-06
2.423935e-06
2.357367e-06
2.290811e-06
2.224266e-06
2.157733e-06
2.091211e-06
2.024699e-06
1.958198e-06
3.157294e-06
3.09055e-06
3.023826e-06
2.95712e-06
2.890431e-06
2.823758e-06
2.757101e-06
2.69046e-06
2.623833e-06
2.55722e-06
2.490621e-06
2.424036e-06
2.357463e-06
2.290903e-06
2.224354e-06
2.157817e-06
2.091292e-06
2.024777e-06
1.958272e-06
3.157501e-06
3.090745e-06
3.024012e-06
2.957296e-06
2.890597e-06
2.823916e-06
2.757251e-06
2.690602e-06
2.623969e-06
2.55735e-06
2.490745e-06
2.424154e-06
2.357576e-06
2.29101e-06
2.224457e-06
2.157916e-06
2.091386e-06
2.024867e-06
1.958359e-06
3.157757e-06
3.090987e-06
3.02424e-06
2.957512e-06
2.890802e-06
2.82411e-06
2.757436e-06
2.690778e-06
2.624135e-06
2.557508e-06
2.490896e-06
2.424297e-06
2.357713e-06
2.291141e-06
2.224582e-06
2.158035e-06
2.0915e-06
2.024977e-06
1.958464e-06
3.158053e-06
3.091267e-06
3.024505e-06
2.957762e-06
2.891039e-06
2.824335e-06
2.757648e-06
2.690979e-06
2.624327e-06
2.55769e-06
2.491069e-06
2.424462e-06
2.35787e-06
2.291291e-06
2.224725e-06
2.158172e-06
2.091631e-06
2.025102e-06
1.958584e-06
3.158381e-06
3.091577e-06
3.024797e-06
2.958039e-06
2.891301e-06
2.824582e-06
2.757883e-06
2.691202e-06
2.624538e-06
2.557891e-06
2.49126e-06
2.424645e-06
2.358044e-06
2.291457e-06
2.224884e-06
2.158324e-06
2.091776e-06
2.025241e-06
1.958717e-06
3.158722e-06
3.0919e-06
3.025102e-06
2.958327e-06
2.891573e-06
2.824841e-06
2.758128e-06
2.691435e-06
2.624759e-06
2.558101e-06
2.49146e-06
2.424835e-06
2.358225e-06
2.29163e-06
2.225049e-06
2.158482e-06
2.091927e-06
2.025385e-06
1.958856e-06
3.15906e-06
3.09222e-06
3.025404e-06
2.958613e-06
2.891844e-06
2.825097e-06
2.758372e-06
2.691666e-06
2.624979e-06
2.55831e-06
2.491659e-06
2.425024e-06
2.358406e-06
2.291802e-06
2.225214e-06
2.158639e-06
2.092078e-06
2.02553e-06
1.958994e-06
3.159377e-06
3.09252e-06
3.025688e-06
2.958882e-06
2.892099e-06
2.825339e-06
2.758601e-06
2.691884e-06
2.625186e-06
2.558507e-06
2.491846e-06
2.425203e-06
2.358576e-06
2.291965e-06
2.225369e-06
2.158788e-06
2.09222e-06
2.025666e-06
1.959125e-06
3.159659e-06
3.092787e-06
3.025941e-06
2.959121e-06
2.892326e-06
2.825555e-06
2.758806e-06
2.692078e-06
2.625371e-06
2.558683e-06
2.492014e-06
2.425363e-06
2.358729e-06
2.292111e-06
2.225509e-06
2.158921e-06
2.092348e-06
2.025789e-06
1.959243e-06
3.159895e-06
3.093012e-06
3.026154e-06
2.959323e-06
2.892518e-06
2.825736e-06
2.758978e-06
2.692242e-06
2.625527e-06
2.558832e-06
2.492156e-06
2.425498e-06
2.358858e-06
2.292234e-06
2.225627e-06
2.159034e-06
2.092456e-06
2.025893e-06
1.959342e-06
3.160078e-06
3.093185e-06
3.026318e-06
2.959479e-06
2.892666e-06
2.825877e-06
2.759112e-06
2.69237e-06
2.625648e-06
2.558948e-06
2.492266e-06
2.425603e-06
2.358958e-06
2.29233e-06
2.225718e-06
2.159122e-06
2.092541e-06
2.025973e-06
1.95942e-06
3.160202e-06
3.093303e-06
3.02643e-06
2.959585e-06
2.892767e-06
2.825973e-06
2.759203e-06
2.692456e-06
2.625731e-06
2.559026e-06
2.492341e-06
2.425675e-06
2.359027e-06
2.292396e-06
2.225781e-06
2.159182e-06
2.092598e-06
2.026029e-06
1.959473e-06
3.160265e-06
3.093363e-06
3.026486e-06
2.959639e-06
2.892818e-06
2.826022e-06
2.75925e-06
2.6925e-06
2.625773e-06
2.559066e-06
2.492379e-06
2.425711e-06
2.359062e-06
2.292429e-06
2.225813e-06
2.159213e-06
2.092627e-06
2.026056e-06
1.9595e-06
3.160265e-06
3.093363e-06
3.026486e-06
2.959639e-06
2.892818e-06
2.826022e-06
2.75925e-06
2.6925e-06
2.625773e-06
2.559066e-06
2.492379e-06
2.425711e-06
2.359062e-06
2.292429e-06
2.225813e-06
2.159212e-06
2.092627e-06
2.026056e-06
1.9595e-06
3.160202e-06
3.093303e-06
3.02643e-06
2.959585e-06
2.892767e-06
2.825973e-06
2.759203e-06
2.692456e-06
2.625731e-06
2.559026e-06
2.492341e-06
2.425675e-06
2.359027e-06
2.292396e-06
2.225781e-06
2.159182e-06
2.092598e-06
2.026028e-06
1.959472e-06
3.15682e-06
3.090099e-06
3.023395e-06
2.956708e-06
2.890037e-06
2.823382e-06
2.756741e-06
2.690115e-06
2.623503e-06
2.556905e-06
2.490319e-06
2.423746e-06
2.357185e-06
2.290636e-06
2.224099e-06
2.157572e-06
2.091056e-06
2.024551e-06
1.958056e-06
3.156976e-06
3.090248e-06
3.023539e-06
2.956846e-06
2.890169e-06
2.823509e-06
2.756863e-06
2.690232e-06
2.623615e-06
2.557012e-06
2.490423e-06
2.423846e-06
2.357281e-06
2.290728e-06
2.224187e-06
2.157657e-06
2.091138e-06
2.02463e-06
1.958131e-06
3.15711e-06
3.090375e-06
3.02366e-06
2.956962e-06
2.89028e-06
2.823615e-06
2.756965e-06
2.690329e-06
2.623708e-06
2.557101e-06
2.490508e-06
2.423927e-06
2.357359e-06
2.290803e-06
2.224259e-06
2.157726e-06
2.091204e-06
2.024693e-06
1.958192e-06
3.157283e-06
3.090539e-06
3.023816e-06
2.95711e-06
2.890421e-06
2.823749e-06
2.757093e-06
2.690451e-06
2.623825e-06
2.557213e-06
2.490614e-06
2.424029e-06
2.357456e-06
2.290896e-06
2.224348e-06
2.157811e-06
2.091286e-06
2.024771e-06
1.958267e-06
3.15749e-06
3.090735e-06
3.024002e-06
2.957286e-06
2.890589e-06
2.823908e-06
2.757243e-06
2.690595e-06
2.623961e-06
2.557343e-06
2.490738e-06
2.424147e-06
2.357569e-06
2.291004e-06
2.224451e-06
2.15791e-06
2.09138e-06
2.024862e-06
1.958354e-06
3.157747e-06
3.090978e-06
3.024231e-06
2.957504e-06
2.890794e-06
2.824103e-06
2.757429e-06
2.690771e-06
2.624129e-06
2.557502e-06
2.49089e-06
2.424292e-06
2.357707e-06
2.291136e-06
2.224577e-06
2.15803e-06
2.091495e-06
2.024972e-06
1.958459e-06
3.158045e-06
3.091259e-06
3.024497e-06
2.957755e-06
2.891032e-06
2.824328e-06
2.757642e-06
2.690973e-06
2.624321e-06
2.557685e-06
2.491064e-06
2.424457e-06
2.357865e-06
2.291287e-06
2.224721e-06
2.158168e-06
2.091627e-06
2.025098e-06
1.95858e-06
3.158375e-06
3.091571e-06
3.024791e-06
2.958033e-06
2.891295e-06
2.824577e-06
2.757878e-06
2.691197e-06
2.624534e-06
2.557887e-06
2.491256e-06
2.424641e-06
2.35804e-06
2.291453e-06
2.22488e-06
2.15832e-06
2.091773e-06
2.025237e-06
1.958714e-06
3.158718e-06
3.091896e-06
3.025098e-06
2.958323e-06
2.89157e-06
2.824837e-06
2.758125e-06
2.691431e-06
2.624756e-06
2.558098e-06
2.491457e-06
2.424832e-06
2.358222e-06
2.291627e-06
2.225046e-06
2.158479e-06
2.091925e-06
2.025383e-06
1.958853e-06
3.159057e-06
3.092217e-06
3.025402e-06
2.95861e-06
2.891842e-06
2.825095e-06
2.758369e-06
2.691664e-06
2.624977e-06
2.558308e-06
2.491657e-06
2.425022e-06
2.358404e-06
2.2918e-06
2.225212e-06
2.158637e-06
2.092076e-06
2.025528e-06
1.958992e-06
3.159375e-06
3.092519e-06
3.025687e-06
2.95888e-06
2.892098e-06
2.825338e-06
2.7586e-06
2.691882e-06
2.625185e-06
2.558506e-06
2.491845e-06
2.425202e-06
2.358575e-06
2.291964e-06
2.225368e-06
2.158787e-06
2.092219e-06
2.025665e-06
1.959124e-06
3.159658e-06
3.092787e-06
3.025941e-06
2.959121e-06
2.892326e-06
2.825554e-06
2.758805e-06
2.692078e-06
2.625371e-06
2.558683e-06
2.492014e-06
2.425362e-06
2.358728e-06
2.292111e-06
2.225508e-06
2.158921e-06
2.092348e-06
2.025788e-06
1.959242e-06
3.159895e-06
3.093012e-06
3.026154e-06
2.959323e-06
2.892518e-06
2.825736e-06
2.758978e-06
2.692242e-06
2.625527e-06
2.558832e-06
2.492156e-06
2.425498e-06
2.358858e-06
2.292234e-06
2.225626e-06
2.159034e-06
2.092456e-06
2.025892e-06
1.959342e-06
3.160078e-06
3.093186e-06
3.026319e-06
2.959479e-06
2.892666e-06
2.825877e-06
2.759112e-06
2.69237e-06
2.625649e-06
2.558948e-06
2.492266e-06
2.425603e-06
2.358958e-06
2.29233e-06
2.225718e-06
2.159122e-06
2.092541e-06
2.025973e-06
1.95942e-06
3.160203e-06
3.093304e-06
3.026431e-06
2.959586e-06
2.892767e-06
2.825974e-06
2.759204e-06
2.692457e-06
2.625731e-06
2.559027e-06
2.492342e-06
2.425675e-06
2.359027e-06
2.292396e-06
2.225781e-06
2.159182e-06
2.092598e-06
2.026029e-06
1.959473e-06
3.160265e-06
3.093364e-06
3.026487e-06
2.959639e-06
2.892818e-06
2.826022e-06
2.75925e-06
2.692501e-06
2.625773e-06
2.559067e-06
2.49238e-06
2.425712e-06
2.359062e-06
2.292429e-06
2.225813e-06
2.159213e-06
2.092627e-06
2.026057e-06
1.9595e-06
3.160265e-06
3.093364e-06
3.026487e-06
2.959639e-06
2.892818e-06
2.826022e-06
2.75925e-06
2.692501e-06
2.625773e-06
2.559067e-06
2.49238e-06
2.425712e-06
2.359062e-06
2.292429e-06
2.225813e-06
2.159213e-06
2.092627e-06
2.026056e-06
1.9595e-06
3.160203e-06
3.093304e-06
3.026431e-06
2.959586e-06
2.892767e-06
2.825974e-06
2.759204e-06
2.692457e-06
2.625731e-06
2.559027e-06
2.492342e-06
2.425675e-06
2.359027e-06
2.292396e-06
2.225781e-06
2.159182e-06
2.092598e-06
2.026028e-06
1.959472e-06
3.156787e-06
3.090067e-06
3.023365e-06
2.95668e-06
2.89001e-06
2.823356e-06
2.756717e-06
2.690092e-06
2.62348e-06
2.556883e-06
2.490298e-06
2.423726e-06
2.357166e-06
2.290618e-06
2.224081e-06
2.157555e-06
2.09104e-06
2.024536e-06
1.958041e-06
3.156957e-06
3.09023e-06
3.023521e-06
2.956829e-06
2.890153e-06
2.823493e-06
2.756849e-06
2.690218e-06
2.623602e-06
2.557e-06
2.490411e-06
2.423834e-06
2.35727e-06
2.290718e-06
2.224177e-06
2.157648e-06
2.091129e-06
2.024621e-06
1.958123e-06
3.157095e-06
3.090361e-06
3.023647e-06
2.956949e-06
2.890268e-06
2.823603e-06
2.756954e-06
2.690319e-06
2.623698e-06
2.557092e-06
2.490499e-06
2.423919e-06
2.357351e-06
2.290795e-06
2.224251e-06
2.157719e-06
2.091197e-06
2.024686e-06
1.958186e-06
3.15727e-06
3.090527e-06
3.023804e-06
2.957099e-06
2.890411e-06
2.823739e-06
2.757083e-06
2.690442e-06
2.623816e-06
2.557204e-06
2.490606e-06
2.424021e-06
2.357449e-06
2.290889e-06
2.224341e-06
2.157805e-06
2.09128e-06
2.024766e-06
1.958262e-06
3.157478e-06
3.090723e-06
3.023991e-06
2.957276e-06
2.890579e-06
2.823898e-06
2.757235e-06
2.690586e-06
2.623953e-06
2.557335e-06
2.490731e-06
2.42414e-06
2.357563e-06
2.290998e-06
2.224445e-06
2.157904e-06
2.091375e-06
2.024856e-06
1.958348e-06
3.157737e-06
3.090968e-06
3.024222e-06
2.957495e-06
2.890786e-06
2.824095e-06
2.757421e-06
2.690763e-06
2.624121e-06
2.557495e-06
2.490883e-06
2.424285e-06
2.357701e-06
2.29113e-06
2.224571e-06
2.158025e-06
2.09149e-06
2.024967e-06
1.958454e-06
3.158037e-06
3.091251e-06
3.024489e-06
2.957747e-06
2.891025e-06
2.824321e-06
2.757635e-06
2.690967e-06
2.624315e-06
2.557679e-06
2.491058e-06
2.424452e-06
2.35786e-06
2.291281e-06
2.224716e-06
2.158163e-06
2.091623e-06
2.025094e-06
1.958576e-06
3.158368e-06
3.091564e-06
3.024785e-06
2.958027e-06
2.89129e-06
2.824572e-06
2.757873e-06
2.691192e-06
2.624529e-06
2.557882e-06
2.491252e-06
2.424636e-06
2.358036e-06
2.291449e-06
2.224876e-06
2.158316e-06
2.091769e-06
2.025234e-06
1.95871e-06
3.158713e-06
3.091891e-06
3.025094e-06
2.958319e-06
2.891566e-06
2.824833e-06
2.758121e-06
2.691428e-06
2.624752e-06
2.558095e-06
2.491454e-06
2.424829e-06
2.358219e-06
2.291624e-06
2.225043e-06
2.158476e-06
2.091922e-06
2.02538e-06
1.958851e-06
3.159054e-06
3.092215e-06
3.025399e-06
2.958608e-06
2.891839e-06
2.825093e-06
2.758367e-06
2.691661e-06
2.624974e-06
2.558306e-06
2.491654e-06
2.42502e-06
2.358401e-06
2.291798e-06
2.22521e-06
2.158635e-06
2.092074e-06
2.025526e-06
1.95899e-06
3.159374e-06
3.092518e-06
3.025685e-06
2.958879e-06
2.892096e-06
2.825336e-06
2.758598e-06
2.691881e-06
2.625183e-06
2.558504e-06
2.491844e-06
2.4252e-06
2.358574e-06
2.291963e-06
2.225367e-06
2.158785e-06
2.092218e-06
2.025664e-06
1.959123e-06
3.159658e-06
3.092787e-06
3.02594e-06
2.95912e-06
2.892325e-06
2.825554e-06
2.758805e-06
2.692077e-06
2.62537e-06
2.558682e-06
2.492013e-06
2.425362e-06
2.358728e-06
2.29211e-06
2.225507e-06
2.15892e-06
2.092347e-06
2.025787e-06
1.959241e-06
3.159895e-06
3.093013e-06
3.026154e-06
2.959323e-06
2.892518e-06
2.825736e-06
2.758978e-06
2.692242e-06
2.625527e-06
2.558832e-06
2.492156e-06
2.425498e-06
2.358857e-06
2.292234e-06
2.225626e-06
2.159034e-06
2.092456e-06
2.025892e-06
1.959341e-06
3.160079e-06
3.093187e-06
3.026319e-06
2.95948e-06
2.892666e-06
2.825878e-06
2.759113e-06
2.69237e-06
2.625649e-06
2.558948e-06
2.492266e-06
2.425603e-06
2.358958e-06
2.29233e-06
2.225718e-06
2.159122e-06
2.09254e-06
2.025973e-06
1.959419e-06
3.160203e-06
3.093305e-06
3.026432e-06
2.959586e-06
2.892768e-06
2.825974e-06
2.759204e-06
2.692457e-06
2.625732e-06
2.559027e-06
2.492342e-06
2.425675e-06
2.359027e-06
2.292396e-06
2.225781e-06
2.159182e-06
2.092598e-06
2.026029e-06
1.959473e-06
3.160266e-06
3.093365e-06
3.026488e-06
2.95964e-06
2.892819e-06
2.826023e-06
2.759251e-06
2.692501e-06
2.625774e-06
2.559067e-06
2.49238e-06
2.425712e-06
2.359062e-06
2.292429e-06
2.225813e-06
2.159213e-06
2.092627e-06
2.026057e-06
1.9595e-06
3.160266e-06
3.093365e-06
3.026488e-06
2.95964e-06
2.892819e-06
2.826023e-06
2.759251e-06
2.692501e-06
2.625774e-06
2.559067e-06
2.49238e-06
2.425712e-06
2.359062e-06
2.292429e-06
2.225813e-06
2.159213e-06
2.092627e-06
2.026056e-06
1.959499e-06
3.160203e-06
3.093305e-06
3.026431e-06
2.959586e-06
2.892768e-06
2.825974e-06
2.759204e-06
2.692457e-06
2.625732e-06
2.559027e-06
2.492342e-06
2.425676e-06
2.359027e-06
2.292396e-06
2.225781e-06
2.159182e-06
2.092598e-06
2.026028e-06
1.959472e-06
2.423707e-06
2.357147e-06
2.2906e-06
2.224064e-06
2.157539e-06
2.091025e-06
2.024521e-06
1.958027e-06
2.423823e-06
2.357259e-06
2.290707e-06
2.224167e-06
2.157638e-06
2.09112e-06
2.024612e-06
1.958115e-06
2.42391e-06
2.357343e-06
2.290787e-06
2.224244e-06
2.157711e-06
2.09119e-06
2.02468e-06
1.958179e-06
2.424014e-06
2.357442e-06
2.290882e-06
2.224335e-06
2.157799e-06
2.091274e-06
2.02476e-06
1.958256e-06
2.424133e-06
2.357556e-06
2.290991e-06
2.224439e-06
2.157898e-06
2.091369e-06
2.024851e-06
1.958343e-06
2.424279e-06
2.357695e-06
2.291124e-06
2.224565e-06
2.158019e-06
2.091485e-06
2.024962e-06
1.95845e-06
2.424446e-06
2.357854e-06
2.291276e-06
2.224711e-06
2.158158e-06
2.091618e-06
2.025089e-06
1.958572e-06
2.424632e-06
2.358031e-06
2.291445e-06
2.224872e-06
2.158312e-06
2.091765e-06
2.02523e-06
1.958707e-06
2.424825e-06
2.358216e-06
2.291621e-06
2.22504e-06
2.158473e-06
2.091919e-06
2.025377e-06
1.958848e-06
2.425017e-06
2.358399e-06
2.291796e-06
2.225207e-06
2.158633e-06
2.092072e-06
2.025524e-06
1.958988e-06
2.425199e-06
2.358572e-06
2.291961e-06
2.225365e-06
2.158784e-06
2.092216e-06
2.025662e-06
1.959121e-06
2.425361e-06
2.358727e-06
2.292109e-06
2.225507e-06
2.158919e-06
2.092346e-06
2.025786e-06
1.95924e-06
2.425497e-06
2.358857e-06
2.292233e-06
2.225626e-06
2.159033e-06
2.092455e-06
2.025891e-06
1.959341e-06
2.425603e-06
2.358958e-06
2.29233e-06
2.225718e-06
2.159122e-06
2.09254e-06
2.025973e-06
1.959419e-06
2.425676e-06
2.359027e-06
2.292396e-06
2.225781e-06
2.159182e-06
2.092598e-06
2.026028e-06
1.959473e-06
2.425712e-06
2.359062e-06
2.292429e-06
2.225813e-06
2.159213e-06
2.092627e-06
2.026056e-06
1.959499e-06
2.092627e-06
2.026056e-06
1.959499e-06
)
;

boundaryField
{
    inlet
    {
        type            zeroGradient;
    }
    outlet
    {
        type            fixedValue;
        value           nonuniform List<scalar> 0();
    }
    chip_bases
    {
        type            zeroGradient;
    }
    walls
    {
        type            zeroGradient;
    }
    procBoundary4to0
    {
        type            processor;
        value           nonuniform List<scalar> 
51
(
2.09101e-06
2.024507e-06
1.958013e-06
2.091111e-06
2.024604e-06
1.958107e-06
2.091184e-06
2.024674e-06
1.958173e-06
2.091268e-06
2.024754e-06
1.958251e-06
2.091364e-06
2.024846e-06
1.958338e-06
2.09148e-06
2.024957e-06
1.958445e-06
2.091614e-06
2.025085e-06
1.958568e-06
2.091762e-06
2.025227e-06
1.958703e-06
2.091916e-06
2.025375e-06
1.958845e-06
2.09207e-06
2.025522e-06
1.958986e-06
2.092215e-06
2.025661e-06
1.95912e-06
2.092345e-06
2.025785e-06
1.959239e-06
2.092455e-06
2.02589e-06
1.95934e-06
2.09254e-06
2.025972e-06
1.959418e-06
2.092598e-06
2.026028e-06
1.959472e-06
2.092627e-06
2.026056e-06
1.959499e-06
2.092627e-06
2.026056e-06
1.959499e-06
)
;
    }
    procBoundary4to1
    {
        type            processor;
        value           nonuniform List<scalar> 
174
(
1.891629e-06
1.891656e-06
1.8917e-06
1.891766e-06
1.891848e-06
1.891949e-06
1.892065e-06
1.892193e-06
1.892327e-06
1.892462e-06
1.892589e-06
1.892704e-06
1.892801e-06
1.892877e-06
1.891634e-06
1.891663e-06
1.891708e-06
1.891775e-06
1.891857e-06
1.891957e-06
1.892072e-06
1.892199e-06
1.892332e-06
1.892465e-06
1.892592e-06
1.892706e-06
1.892802e-06
1.892877e-06
1.891636e-06
1.891669e-06
1.891715e-06
1.891782e-06
1.891864e-06
1.891964e-06
1.892079e-06
1.892205e-06
1.892337e-06
1.892469e-06
1.892594e-06
1.892707e-06
1.892803e-06
1.892877e-06
1.891635e-06
1.891672e-06
1.891719e-06
1.891786e-06
1.891868e-06
1.891968e-06
1.892082e-06
1.892208e-06
1.89234e-06
1.892471e-06
1.892596e-06
1.892708e-06
1.892803e-06
1.892878e-06
1.891629e-06
1.891671e-06
1.89172e-06
1.891788e-06
1.89187e-06
1.89197e-06
1.892084e-06
1.89221e-06
1.892341e-06
1.892472e-06
1.892597e-06
1.892709e-06
1.892804e-06
1.892878e-06
1.891621e-06
1.891669e-06
1.891719e-06
1.891788e-06
1.89187e-06
1.89197e-06
1.892084e-06
1.89221e-06
1.892342e-06
1.892473e-06
1.892597e-06
1.892709e-06
1.892804e-06
1.892878e-06
1.891611e-06
1.891664e-06
1.891717e-06
1.891786e-06
1.891869e-06
1.891969e-06
1.892083e-06
1.892209e-06
1.892341e-06
1.892472e-06
1.892597e-06
1.892709e-06
1.892804e-06
1.892879e-06
1.89293e-06
1.891598e-06
1.891658e-06
1.891713e-06
1.891783e-06
1.891865e-06
1.891966e-06
1.892081e-06
1.892207e-06
1.89234e-06
1.892472e-06
1.892597e-06
1.892709e-06
1.892804e-06
1.892879e-06
1.89293e-06
1.891585e-06
1.891651e-06
1.891708e-06
1.891779e-06
1.891861e-06
1.891962e-06
1.892077e-06
1.892205e-06
1.892338e-06
1.89247e-06
1.892596e-06
1.892709e-06
1.892804e-06
1.892879e-06
1.89293e-06
1.891571e-06
1.891643e-06
1.891702e-06
1.891774e-06
1.891857e-06
1.891958e-06
1.892074e-06
1.892202e-06
1.892335e-06
1.892469e-06
1.892595e-06
1.892708e-06
1.892804e-06
1.892879e-06
1.89293e-06
1.891556e-06
1.891635e-06
1.891695e-06
1.891768e-06
1.891852e-06
1.891953e-06
1.892069e-06
1.892198e-06
1.892333e-06
1.892467e-06
1.892593e-06
1.892707e-06
1.892803e-06
1.892878e-06
1.89293e-06
1.891542e-06
1.891627e-06
1.891689e-06
1.891763e-06
1.891846e-06
1.891948e-06
1.892065e-06
1.892195e-06
1.89233e-06
1.892465e-06
1.892592e-06
1.892706e-06
1.892803e-06
1.892878e-06
1.892929e-06
)
;
    }
    procBoundary4to3
    {
        type            processor;
        value           nonuniform List<scalar> 
41
(
1.892929e-06
1.892955e-06
1.892955e-06
1.892929e-06
1.892929e-06
1.892955e-06
1.892955e-06
1.892928e-06
1.892929e-06
1.892954e-06
1.892954e-06
1.892928e-06
1.892929e-06
1.892954e-06
1.892954e-06
1.892928e-06
1.892929e-06
1.892954e-06
1.892954e-06
1.892928e-06
1.89293e-06
1.892955e-06
1.892955e-06
1.892929e-06
1.892955e-06
1.892955e-06
1.892929e-06
1.892955e-06
1.892955e-06
1.892929e-06
1.892955e-06
1.892955e-06
1.892929e-06
1.892955e-06
1.892955e-06
1.892929e-06
1.892955e-06
1.892955e-06
1.892929e-06
1.892955e-06
1.892955e-06
)
;
    }
    procBoundary4to5
    {
        type            processor;
        value           nonuniform List<scalar> 
406
(
3.678643e-06
3.603412e-06
3.52821e-06
3.453034e-06
3.377885e-06
3.302761e-06
3.227661e-06
3.678904e-06
3.60366e-06
3.528444e-06
3.453257e-06
3.378097e-06
3.302962e-06
3.227853e-06
3.679117e-06
3.60386e-06
3.528633e-06
3.453435e-06
3.378265e-06
3.303121e-06
3.228004e-06
3.679388e-06
3.604114e-06
3.528872e-06
3.453659e-06
3.378476e-06
3.303319e-06
3.228191e-06
3.679722e-06
3.604425e-06
3.529161e-06
3.45393e-06
3.378729e-06
3.303557e-06
3.228414e-06
3.680139e-06
3.604814e-06
3.529524e-06
3.454268e-06
3.379045e-06
3.303852e-06
3.22869e-06
3.680627e-06
3.605267e-06
3.529946e-06
3.454662e-06
3.379412e-06
3.304195e-06
3.22901e-06
3.681164e-06
3.605768e-06
3.530413e-06
3.455097e-06
3.379818e-06
3.304574e-06
3.229364e-06
3.757202e-06
3.681721e-06
3.606286e-06
3.530896e-06
3.455548e-06
3.38024e-06
3.304969e-06
3.229733e-06
3.757786e-06
3.682266e-06
3.606795e-06
3.531371e-06
3.455992e-06
3.380655e-06
3.305357e-06
3.230096e-06
3.758328e-06
3.682772e-06
3.607268e-06
3.531814e-06
3.456406e-06
3.381042e-06
3.30572e-06
3.230436e-06
3.758805e-06
3.683218e-06
3.607685e-06
3.532204e-06
3.456772e-06
3.381385e-06
3.306042e-06
3.230738e-06
3.7592e-06
3.683588e-06
3.608032e-06
3.53253e-06
3.457077e-06
3.381671e-06
3.306311e-06
3.23099e-06
3.759503e-06
3.683872e-06
3.608299e-06
3.53278e-06
3.457312e-06
3.381892e-06
3.306518e-06
3.231185e-06
3.835415e-06
3.759709e-06
3.684064e-06
3.608479e-06
3.532949e-06
3.457471e-06
3.382041e-06
3.306658e-06
3.231317e-06
3.835525e-06
3.759812e-06
3.684161e-06
3.60857e-06
3.533035e-06
3.457551e-06
3.382117e-06
3.306729e-06
3.231383e-06
3.835525e-06
3.759812e-06
3.684161e-06
3.60857e-06
3.835528e-06
3.759814e-06
3.684163e-06
3.608572e-06
3.835417e-06
3.75971e-06
3.684066e-06
3.608481e-06
3.156755e-06
3.090037e-06
3.023336e-06
2.956652e-06
2.889983e-06
2.82333e-06
2.756692e-06
2.690068e-06
2.623458e-06
2.556862e-06
2.490278e-06
3.156937e-06
3.090211e-06
3.023504e-06
2.956813e-06
2.890138e-06
2.823478e-06
2.756834e-06
2.690205e-06
2.623589e-06
2.556987e-06
2.490399e-06
3.15708e-06
3.090347e-06
3.023633e-06
2.956937e-06
2.890256e-06
2.823592e-06
2.756943e-06
2.690308e-06
2.623688e-06
2.557082e-06
2.49049e-06
3.157257e-06
3.090514e-06
3.023792e-06
2.957088e-06
2.8904e-06
2.823729e-06
2.757073e-06
2.690433e-06
2.623807e-06
2.557196e-06
2.490598e-06
3.157466e-06
3.090712e-06
3.02398e-06
2.957266e-06
2.890569e-06
2.823889e-06
2.757226e-06
2.690578e-06
2.623945e-06
2.557327e-06
2.490723e-06
3.157726e-06
3.090957e-06
3.024212e-06
2.957485e-06
2.890777e-06
2.824086e-06
2.757413e-06
2.690755e-06
2.624114e-06
2.557488e-06
2.490876e-06
3.158027e-06
3.091242e-06
3.024481e-06
2.957739e-06
2.891017e-06
2.824314e-06
2.757629e-06
2.69096e-06
2.624309e-06
2.557673e-06
2.491052e-06
3.158361e-06
3.091558e-06
3.024779e-06
2.958021e-06
2.891284e-06
2.824566e-06
2.757868e-06
2.691187e-06
2.624524e-06
2.557877e-06
2.491247e-06
3.158708e-06
3.091886e-06
3.025089e-06
2.958314e-06
2.891561e-06
2.824829e-06
2.758117e-06
2.691424e-06
2.624749e-06
2.558091e-06
2.49145e-06
3.159051e-06
3.092212e-06
3.025396e-06
2.958605e-06
2.891836e-06
2.82509e-06
2.758364e-06
2.691658e-06
2.624972e-06
2.558303e-06
2.491652e-06
3.159372e-06
3.092516e-06
3.025684e-06
2.958877e-06
2.892095e-06
2.825335e-06
2.758597e-06
2.691879e-06
2.625182e-06
2.558503e-06
2.491842e-06
3.159657e-06
3.092787e-06
3.02594e-06
2.95912e-06
2.892325e-06
2.825553e-06
2.758804e-06
2.692076e-06
2.625369e-06
2.558681e-06
2.492012e-06
3.159895e-06
3.093013e-06
3.026154e-06
2.959323e-06
2.892518e-06
2.825736e-06
2.758978e-06
2.692242e-06
2.625527e-06
2.558831e-06
2.492155e-06
3.160079e-06
3.093188e-06
3.02632e-06
2.95948e-06
2.892667e-06
2.825878e-06
2.759113e-06
2.69237e-06
2.625649e-06
2.558948e-06
2.492266e-06
3.160204e-06
3.093306e-06
3.026432e-06
2.959587e-06
2.892768e-06
2.825974e-06
2.759205e-06
2.692457e-06
2.625732e-06
2.559027e-06
2.492342e-06
3.160267e-06
3.093366e-06
3.026489e-06
2.959641e-06
2.892819e-06
2.826023e-06
2.759251e-06
2.692502e-06
2.625774e-06
2.559067e-06
2.49238e-06
2.490278e-06
2.423688e-06
2.35713e-06
2.290583e-06
2.224048e-06
2.157524e-06
2.490399e-06
2.423812e-06
2.357249e-06
2.290697e-06
2.224158e-06
2.157629e-06
2.49049e-06
2.423901e-06
2.357335e-06
2.29078e-06
2.224236e-06
2.157705e-06
2.490598e-06
2.424006e-06
2.357435e-06
2.290876e-06
2.224328e-06
2.157792e-06
2.490723e-06
2.424126e-06
2.357549e-06
2.290985e-06
2.224433e-06
2.157892e-06
2.490876e-06
2.424272e-06
2.357689e-06
2.291118e-06
2.22456e-06
2.158014e-06
2.491052e-06
2.424441e-06
2.357849e-06
2.291271e-06
2.224706e-06
2.158154e-06
2.491247e-06
2.424627e-06
2.358027e-06
2.291441e-06
2.224868e-06
2.158308e-06
2.49145e-06
2.424822e-06
2.358213e-06
2.291618e-06
2.225037e-06
2.15847e-06
2.491652e-06
2.425015e-06
2.358397e-06
2.291794e-06
2.225205e-06
2.158631e-06
2.491842e-06
2.425197e-06
2.358571e-06
2.29196e-06
2.225364e-06
2.158782e-06
2.492012e-06
2.42536e-06
2.358726e-06
2.292108e-06
2.225506e-06
2.158918e-06
2.492155e-06
2.425497e-06
2.358857e-06
2.292233e-06
2.225625e-06
2.159033e-06
2.492266e-06
2.425603e-06
2.358958e-06
2.29233e-06
2.225718e-06
2.159121e-06
2.492342e-06
2.425676e-06
2.359027e-06
2.292396e-06
2.225781e-06
2.159182e-06
2.49238e-06
2.425712e-06
2.359062e-06
2.292429e-06
2.225813e-06
2.159213e-06
)
;
    }
    procBoundary4to6
    {
        type            processor;
        value           nonuniform List<scalar> 
351
(
3.683873e-06
3.608299e-06
3.53278e-06
3.457313e-06
3.381893e-06
3.306519e-06
3.231187e-06
3.68387e-06
3.608297e-06
3.532778e-06
3.457311e-06
3.381891e-06
3.306517e-06
3.231186e-06
3.683867e-06
3.608295e-06
3.532776e-06
3.457309e-06
3.381889e-06
3.306516e-06
3.231184e-06
3.683866e-06
3.608293e-06
3.532775e-06
3.457308e-06
3.381889e-06
3.306515e-06
3.231184e-06
3.683865e-06
3.608293e-06
3.532775e-06
3.457307e-06
3.381888e-06
3.306515e-06
3.231183e-06
3.683865e-06
3.608293e-06
3.532775e-06
3.457307e-06
3.381888e-06
3.306515e-06
3.231183e-06
3.683866e-06
3.608293e-06
3.532775e-06
3.457308e-06
3.381889e-06
3.306515e-06
3.231183e-06
3.683867e-06
3.608294e-06
3.532776e-06
3.457308e-06
3.381889e-06
3.306515e-06
3.231184e-06
3.759498e-06
3.683868e-06
3.608295e-06
3.532776e-06
3.457309e-06
3.38189e-06
3.306516e-06
3.231184e-06
3.835192e-06
3.7595e-06
3.683869e-06
3.608296e-06
3.532777e-06
3.45731e-06
3.38189e-06
3.306517e-06
3.231184e-06
3.533035e-06
3.457551e-06
3.382117e-06
3.306729e-06
3.231383e-06
3.835194e-06
3.759502e-06
3.68387e-06
3.608297e-06
3.532778e-06
3.532949e-06
3.457311e-06
3.457471e-06
3.381891e-06
3.382041e-06
3.306517e-06
3.306658e-06
3.231184e-06
3.231317e-06
3.533035e-06
3.835196e-06
3.759503e-06
3.683872e-06
3.532949e-06
3.608299e-06
3.160079e-06
3.093185e-06
3.026319e-06
2.959479e-06
2.892666e-06
2.825878e-06
2.759112e-06
2.69237e-06
2.625648e-06
2.558947e-06
2.492266e-06
2.425603e-06
2.358958e-06
2.292329e-06
2.225717e-06
2.159121e-06
2.092539e-06
2.025972e-06
1.959418e-06
3.160078e-06
3.093184e-06
3.026318e-06
2.959479e-06
2.892665e-06
2.825877e-06
2.759112e-06
2.692369e-06
2.625648e-06
2.558947e-06
2.492265e-06
2.425603e-06
2.358957e-06
2.292329e-06
2.225717e-06
2.159121e-06
2.092539e-06
2.025972e-06
1.959418e-06
3.160077e-06
3.093183e-06
3.026317e-06
2.959478e-06
2.892665e-06
2.825876e-06
2.759111e-06
2.692369e-06
2.625648e-06
2.558947e-06
2.492265e-06
2.425602e-06
2.358957e-06
2.292329e-06
2.225717e-06
2.159121e-06
2.092539e-06
2.025972e-06
1.959418e-06
3.160076e-06
3.093182e-06
3.026316e-06
2.959477e-06
2.892664e-06
2.825876e-06
2.759111e-06
2.692369e-06
2.625647e-06
2.558947e-06
2.492265e-06
2.425602e-06
2.358957e-06
2.292329e-06
2.225717e-06
2.159121e-06
2.092539e-06
2.025972e-06
1.959418e-06
3.160076e-06
3.093183e-06
3.026316e-06
2.959477e-06
2.892664e-06
2.825876e-06
2.759111e-06
2.692369e-06
2.625648e-06
2.558947e-06
2.492265e-06
2.425603e-06
2.358958e-06
2.292329e-06
2.225718e-06
2.159121e-06
2.09254e-06
2.025972e-06
1.959419e-06
3.160076e-06
3.093183e-06
3.026316e-06
2.959478e-06
2.892665e-06
2.825876e-06
2.759111e-06
2.692369e-06
2.625648e-06
2.558947e-06
2.492266e-06
2.425603e-06
2.358958e-06
2.29233e-06
2.225718e-06
2.159121e-06
2.09254e-06
2.025973e-06
1.959419e-06
3.160077e-06
3.093183e-06
3.026317e-06
2.959478e-06
2.892665e-06
2.825877e-06
2.759112e-06
2.692369e-06
2.625648e-06
2.558947e-06
2.492266e-06
2.425603e-06
2.358958e-06
2.29233e-06
2.225718e-06
2.159122e-06
2.09254e-06
2.025973e-06
1.959419e-06
3.160077e-06
3.093184e-06
3.026317e-06
2.959478e-06
2.892665e-06
2.825877e-06
2.759112e-06
2.692369e-06
2.625648e-06
2.558947e-06
2.492266e-06
2.425603e-06
2.358958e-06
2.29233e-06
2.225718e-06
2.159122e-06
2.09254e-06
2.025973e-06
1.95942e-06
3.160077e-06
3.093185e-06
3.026318e-06
2.959479e-06
2.892666e-06
2.825877e-06
2.759112e-06
2.69237e-06
2.625648e-06
2.558948e-06
2.492266e-06
2.425603e-06
2.358958e-06
2.29233e-06
2.225718e-06
2.159122e-06
2.09254e-06
2.025973e-06
1.95942e-06
3.160078e-06
3.093186e-06
3.026319e-06
2.959479e-06
2.892666e-06
2.825877e-06
2.759112e-06
2.69237e-06
2.625649e-06
2.558948e-06
2.492266e-06
2.425603e-06
2.358958e-06
2.29233e-06
2.225718e-06
2.159122e-06
2.09254e-06
2.025973e-06
1.95942e-06
3.160267e-06
3.093366e-06
3.026489e-06
2.959641e-06
2.892819e-06
2.826023e-06
2.759251e-06
2.692502e-06
2.625774e-06
2.559067e-06
2.49238e-06
2.425712e-06
2.359062e-06
2.292429e-06
2.225813e-06
2.159213e-06
3.160079e-06
3.160204e-06
3.093187e-06
3.093306e-06
3.026319e-06
3.026432e-06
2.95948e-06
2.959587e-06
2.892666e-06
2.892768e-06
2.825878e-06
2.825974e-06
2.759113e-06
2.759205e-06
2.69237e-06
2.692457e-06
2.625649e-06
2.625732e-06
2.558948e-06
2.559027e-06
2.492266e-06
2.492342e-06
2.425603e-06
2.425676e-06
2.358958e-06
2.359027e-06
2.29233e-06
2.292396e-06
2.225718e-06
2.225781e-06
2.159122e-06
2.159182e-06
2.09254e-06
2.092598e-06
2.025973e-06
2.026028e-06
1.959419e-06
1.959472e-06
2.425712e-06
2.359062e-06
2.292429e-06
2.225813e-06
2.159213e-06
2.159213e-06
2.092598e-06
2.026028e-06
1.959472e-06
)
;
    }
    procBoundary4to9
    {
        type            processor;
        value           nonuniform List<scalar> 
167
(
3.754199e-06
3.75427e-06
3.754424e-06
3.754681e-06
3.755027e-06
3.75547e-06
3.755992e-06
3.75657e-06
3.75657e-06
3.8327e-06
3.833334e-06
3.833922e-06
3.834439e-06
3.834868e-06
3.835197e-06
3.754218e-06
3.7543e-06
3.754459e-06
3.754719e-06
3.755066e-06
3.755506e-06
3.756023e-06
3.756595e-06
3.756595e-06
3.832719e-06
3.833346e-06
3.833928e-06
3.834441e-06
3.834867e-06
3.835193e-06
3.754229e-06
3.754324e-06
3.75449e-06
3.754753e-06
3.7551e-06
3.755539e-06
3.756052e-06
3.756618e-06
3.756618e-06
3.832737e-06
3.833357e-06
3.833934e-06
3.834442e-06
3.834865e-06
3.83519e-06
3.754226e-06
3.754337e-06
3.754509e-06
3.754774e-06
3.755122e-06
3.755559e-06
3.75607e-06
3.756633e-06
3.756633e-06
3.832749e-06
3.833365e-06
3.833938e-06
3.834444e-06
3.834865e-06
3.835189e-06
3.754211e-06
3.754339e-06
3.754517e-06
3.754785e-06
3.755133e-06
3.755571e-06
3.75608e-06
3.756642e-06
3.756642e-06
3.832756e-06
3.83337e-06
3.833941e-06
3.834445e-06
3.834865e-06
3.835188e-06
3.754185e-06
3.754332e-06
3.754517e-06
3.754788e-06
3.755137e-06
3.755575e-06
3.756084e-06
3.756645e-06
3.756645e-06
3.832759e-06
3.833373e-06
3.833943e-06
3.834447e-06
3.834865e-06
3.835188e-06
3.754151e-06
3.754318e-06
3.754509e-06
3.754784e-06
3.755133e-06
3.755572e-06
3.756083e-06
3.756645e-06
3.756645e-06
3.83276e-06
3.833373e-06
3.833944e-06
3.834448e-06
3.834866e-06
3.835188e-06
3.754108e-06
3.754297e-06
3.754495e-06
3.754773e-06
3.755124e-06
3.755564e-06
3.756076e-06
3.756641e-06
3.756641e-06
3.832758e-06
3.833373e-06
3.833944e-06
3.834448e-06
3.834867e-06
3.835189e-06
3.75406e-06
3.754272e-06
3.754477e-06
3.754758e-06
3.75511e-06
3.755552e-06
3.756067e-06
3.756634e-06
3.756634e-06
3.832753e-06
3.833371e-06
3.833944e-06
3.834449e-06
3.834868e-06
3.835191e-06
3.754009e-06
3.754242e-06
3.754455e-06
3.754739e-06
3.755093e-06
3.755537e-06
3.756055e-06
3.756625e-06
3.756625e-06
3.832747e-06
3.833368e-06
3.833943e-06
3.834449e-06
3.83487e-06
3.835192e-06
3.835192e-06
3.753956e-06
3.754211e-06
3.75443e-06
3.754718e-06
3.755074e-06
3.75552e-06
3.756041e-06
3.756615e-06
3.756615e-06
3.832741e-06
3.833364e-06
3.833942e-06
3.83445e-06
3.834871e-06
3.835194e-06
3.835194e-06
)
;
    }
    procBoundary4to10
    {
        type            processor;
        value           nonuniform List<scalar> 
58
(
3.835419e-06
3.835531e-06
3.835531e-06
3.835419e-06
3.759504e-06
3.835414e-06
3.835525e-06
3.835525e-06
3.835414e-06
3.759501e-06
3.83541e-06
3.835521e-06
3.835521e-06
3.83541e-06
3.759498e-06
3.835408e-06
3.835518e-06
3.835518e-06
3.835407e-06
3.759496e-06
3.835406e-06
3.835516e-06
3.835516e-06
3.835406e-06
3.759496e-06
3.835406e-06
3.835516e-06
3.835516e-06
3.835406e-06
3.759496e-06
3.835406e-06
3.835516e-06
3.835516e-06
3.835406e-06
3.759496e-06
3.835407e-06
3.835517e-06
3.835517e-06
3.835407e-06
3.759497e-06
3.835409e-06
3.835409e-06
3.835519e-06
3.835519e-06
3.835519e-06
3.835519e-06
3.835409e-06
3.835409e-06
3.911183e-06
3.911301e-06
3.911301e-06
3.911183e-06
3.911186e-06
3.911303e-06
3.911303e-06
3.911186e-06
3.911306e-06
3.911188e-06
)
;
    }
}


// ************************************************************************* //
