/*--------------------------------*- C++ -*----------------------------------*\
| =========                 |                                                 |
| \\      /  F ield         | OpenFOAM: The Open Source CFD Toolbox           |
|  \\    /   O peration     | Version:  2406                                  |
|   \\  /    A nd           | Website:  www.openfoam.com                      |
|    \\/     M anipulation  |                                                 |
\*---------------------------------------------------------------------------*/
FoamFile
{
    version     2.0;
    format      ascii;
    arch        "LSB;label=32;scalar=64";
    class       volScalarField;
    location    "320";
    object      p;
}
// * * * * * * * * * * * * * * * * * * * * * * * * * * * * * * * * * * * * * //

dimensions      [0 2 -2 0 0 0 0];

internalField   nonuniform List<scalar> 
5360
(
3.835532e-06
3.759818e-06
3.684167e-06
3.608575e-06
3.533039e-06
3.457555e-06
3.38212e-06
3.306732e-06
3.231385e-06
3.835422e-06
3.759714e-06
3.684069e-06
3.608483e-06
3.532953e-06
3.457474e-06
3.382044e-06
3.30666e-06
3.231318e-06
3.835202e-06
3.759508e-06
3.683876e-06
3.608302e-06
3.532783e-06
3.457314e-06
3.381894e-06
3.306519e-06
3.231185e-06
3.834876e-06
3.759203e-06
3.68359e-06
3.608034e-06
3.532531e-06
3.457078e-06
3.381672e-06
3.306311e-06
3.230989e-06
3.834451e-06
3.758805e-06
3.683217e-06
3.607685e-06
3.532204e-06
3.456771e-06
3.381384e-06
3.30604e-06
3.230736e-06
3.833937e-06
3.758324e-06
3.682768e-06
3.607264e-06
3.531809e-06
3.456402e-06
3.381038e-06
3.305715e-06
3.230431e-06
3.833351e-06
3.757777e-06
3.682256e-06
3.606785e-06
3.531362e-06
3.455983e-06
3.380646e-06
3.305348e-06
3.230087e-06
3.832716e-06
3.757185e-06
3.681703e-06
3.60627e-06
3.53088e-06
3.455533e-06
3.380225e-06
3.304954e-06
3.229719e-06
3.832064e-06
3.756578e-06
3.681138e-06
3.605743e-06
3.530389e-06
3.455074e-06
3.379796e-06
3.304554e-06
3.229345e-06
3.831432e-06
3.75599e-06
3.680592e-06
3.605234e-06
3.529915e-06
3.454632e-06
3.379384e-06
3.304168e-06
3.228985e-06
3.830858e-06
3.755457e-06
3.680096e-06
3.604773e-06
3.529485e-06
3.454232e-06
3.379011e-06
3.30382e-06
3.228659e-06
3.830367e-06
3.755001e-06
3.679672e-06
3.604378e-06
3.529118e-06
3.453889e-06
3.37869e-06
3.30352e-06
3.22838e-06
3.829976e-06
3.754638e-06
3.679334e-06
3.604063e-06
3.528824e-06
3.453614e-06
3.378433e-06
3.30328e-06
3.228154e-06
3.829658e-06
3.754341e-06
3.679056e-06
3.603803e-06
3.528579e-06
3.453385e-06
3.378218e-06
3.303077e-06
3.227962e-06
3.8294e-06
3.754098e-06
3.678827e-06
3.603587e-06
3.528376e-06
3.453193e-06
3.378037e-06
3.302906e-06
3.2278e-06
3.829056e-06
3.753773e-06
3.67852e-06
3.603297e-06
3.528101e-06
3.452932e-06
3.377789e-06
3.30267e-06
3.227576e-06
3.835534e-06
3.75982e-06
3.684168e-06
3.608576e-06
3.835534e-06
3.75982e-06
3.684168e-06
3.608576e-06
3.53304e-06
3.457556e-06
3.38212e-06
3.306732e-06
3.231385e-06
3.835423e-06
3.759716e-06
3.684071e-06
3.608485e-06
3.532954e-06
3.457475e-06
3.382045e-06
3.306661e-06
3.231318e-06
3.835204e-06
3.75951e-06
3.683877e-06
3.608303e-06
3.532783e-06
3.457315e-06
3.381894e-06
3.30652e-06
3.231185e-06
3.834878e-06
3.759204e-06
3.683591e-06
3.608035e-06
3.532531e-06
3.457078e-06
3.381672e-06
3.306311e-06
3.230989e-06
3.834452e-06
3.758806e-06
3.683218e-06
3.607685e-06
3.532204e-06
3.456771e-06
3.381384e-06
3.30604e-06
3.230735e-06
3.833937e-06
3.758324e-06
3.682767e-06
3.607263e-06
3.531808e-06
3.456401e-06
3.381037e-06
3.305715e-06
3.23043e-06
3.833349e-06
3.757775e-06
3.682254e-06
3.606783e-06
3.53136e-06
3.455981e-06
3.380644e-06
3.305346e-06
3.230085e-06
3.832712e-06
3.757181e-06
3.6817e-06
3.606266e-06
3.530877e-06
3.455529e-06
3.380222e-06
3.304951e-06
3.229716e-06
3.832058e-06
3.756572e-06
3.681133e-06
3.605738e-06
3.530384e-06
3.455069e-06
3.379792e-06
3.304549e-06
3.229341e-06
3.831424e-06
3.755982e-06
3.680584e-06
3.605227e-06
3.529908e-06
3.454625e-06
3.379378e-06
3.304162e-06
3.22898e-06
3.830847e-06
3.755447e-06
3.680086e-06
3.604764e-06
3.529477e-06
3.454224e-06
3.379003e-06
3.303812e-06
3.228653e-06
3.830354e-06
3.754989e-06
3.679661e-06
3.604368e-06
3.529108e-06
3.45388e-06
3.378682e-06
3.303512e-06
3.228372e-06
3.829962e-06
3.754625e-06
3.679322e-06
3.604051e-06
3.528813e-06
3.453604e-06
3.378424e-06
3.303271e-06
3.228145e-06
3.829643e-06
3.754326e-06
3.679042e-06
3.60379e-06
3.528568e-06
3.453374e-06
3.378208e-06
3.303067e-06
3.227953e-06
3.82938e-06
3.754079e-06
3.67881e-06
3.603571e-06
3.528361e-06
3.453179e-06
3.378023e-06
3.302893e-06
3.227788e-06
3.829026e-06
3.753744e-06
3.678493e-06
3.603271e-06
3.528077e-06
3.45291e-06
3.377768e-06
3.30265e-06
3.227557e-06
3.835536e-06
3.759821e-06
3.684169e-06
3.608577e-06
3.835536e-06
3.759821e-06
3.684169e-06
3.608577e-06
3.53304e-06
3.457556e-06
3.382121e-06
3.306733e-06
3.231386e-06
3.835425e-06
3.759717e-06
3.684072e-06
3.608486e-06
3.532954e-06
3.457475e-06
3.382045e-06
3.306661e-06
3.231318e-06
3.835205e-06
3.759511e-06
3.683878e-06
3.608304e-06
3.532784e-06
3.457315e-06
3.381895e-06
3.30652e-06
3.231185e-06
3.834879e-06
3.759205e-06
3.683592e-06
3.608035e-06
3.532532e-06
3.457079e-06
3.381672e-06
3.306311e-06
3.230989e-06
3.834453e-06
3.758806e-06
3.683218e-06
3.607685e-06
3.532204e-06
3.456771e-06
3.381384e-06
3.30604e-06
3.230735e-06
3.833937e-06
3.758324e-06
3.682767e-06
3.607263e-06
3.531808e-06
3.4564e-06
3.381036e-06
3.305714e-06
3.230429e-06
3.833348e-06
3.757774e-06
3.682253e-06
3.606782e-06
3.531359e-06
3.45598e-06
3.380643e-06
3.305345e-06
3.230084e-06
3.83271e-06
3.757179e-06
3.681698e-06
3.606264e-06
3.530875e-06
3.455527e-06
3.38022e-06
3.304949e-06
3.229714e-06
3.832055e-06
3.756569e-06
3.681129e-06
3.605734e-06
3.530381e-06
3.455066e-06
3.379789e-06
3.304546e-06
3.229338e-06
3.831418e-06
3.755977e-06
3.680579e-06
3.605222e-06
3.529903e-06
3.454621e-06
3.379374e-06
3.304159e-06
3.228976e-06
3.83084e-06
3.75544e-06
3.68008e-06
3.604758e-06
3.529471e-06
3.454218e-06
3.378998e-06
3.303808e-06
3.228648e-06
3.830346e-06
3.754981e-06
3.679654e-06
3.604361e-06
3.529102e-06
3.453874e-06
3.378676e-06
3.303507e-06
3.228367e-06
3.829953e-06
3.754616e-06
3.679313e-06
3.604044e-06
3.528806e-06
3.453597e-06
3.378418e-06
3.303265e-06
3.22814e-06
3.829633e-06
3.754317e-06
3.679034e-06
3.603782e-06
3.52856e-06
3.453367e-06
3.378201e-06
3.303061e-06
3.227947e-06
3.829367e-06
3.754067e-06
3.678798e-06
3.60356e-06
3.528351e-06
3.453169e-06
3.378014e-06
3.302885e-06
3.22778e-06
3.829005e-06
3.753725e-06
3.678475e-06
3.603255e-06
3.528061e-06
3.452895e-06
3.377754e-06
3.302637e-06
3.227544e-06
3.835537e-06
3.759822e-06
3.68417e-06
3.608578e-06
3.835537e-06
3.759822e-06
3.68417e-06
3.608578e-06
3.533041e-06
3.457557e-06
3.382121e-06
3.306733e-06
3.231386e-06
3.835426e-06
3.759718e-06
3.684073e-06
3.608486e-06
3.532955e-06
3.457476e-06
3.382045e-06
3.306662e-06
3.231319e-06
3.835206e-06
3.759512e-06
3.683879e-06
3.608305e-06
3.532785e-06
3.457316e-06
3.381895e-06
3.30652e-06
3.231186e-06
3.83488e-06
3.759206e-06
3.683593e-06
3.608036e-06
3.532532e-06
3.457079e-06
3.381673e-06
3.306311e-06
3.230989e-06
3.834454e-06
3.758807e-06
3.683219e-06
3.607686e-06
3.532204e-06
3.456771e-06
3.381384e-06
3.30604e-06
3.230735e-06
3.833938e-06
3.758324e-06
3.682767e-06
3.607263e-06
3.531808e-06
3.4564e-06
3.381036e-06
3.305714e-06
3.230429e-06
3.833349e-06
3.757774e-06
3.682253e-06
3.606782e-06
3.531359e-06
3.45598e-06
3.380642e-06
3.305345e-06
3.230084e-06
3.83271e-06
3.757179e-06
3.681697e-06
3.606264e-06
3.530874e-06
3.455527e-06
3.380219e-06
3.304949e-06
3.229714e-06
3.832054e-06
3.756568e-06
3.681128e-06
3.605733e-06
3.53038e-06
3.455065e-06
3.379788e-06
3.304546e-06
3.229337e-06
3.831417e-06
3.755975e-06
3.680578e-06
3.60522e-06
3.529902e-06
3.45462e-06
3.379372e-06
3.304157e-06
3.228975e-06
3.830838e-06
3.755438e-06
3.680078e-06
3.604756e-06
3.529469e-06
3.454216e-06
3.378996e-06
3.303806e-06
3.228647e-06
3.830343e-06
3.754978e-06
3.679651e-06
3.604358e-06
3.529099e-06
3.453871e-06
3.378674e-06
3.303505e-06
3.228365e-06
3.829949e-06
3.754612e-06
3.67931e-06
3.60404e-06
3.528802e-06
3.453594e-06
3.378415e-06
3.303262e-06
3.228137e-06
3.829629e-06
3.754313e-06
3.67903e-06
3.603778e-06
3.528557e-06
3.453364e-06
3.378198e-06
3.303058e-06
3.227945e-06
3.829361e-06
3.754061e-06
3.678793e-06
3.603555e-06
3.528346e-06
3.453165e-06
3.37801e-06
3.302881e-06
3.227776e-06
3.828995e-06
3.753716e-06
3.678467e-06
3.603247e-06
3.528054e-06
3.452888e-06
3.377747e-06
3.302631e-06
3.227539e-06
3.835538e-06
3.759822e-06
3.684171e-06
3.608578e-06
3.835538e-06
3.759822e-06
3.684171e-06
3.608578e-06
3.533041e-06
3.457557e-06
3.382121e-06
3.306733e-06
3.231386e-06
3.835427e-06
3.759719e-06
3.684073e-06
3.608487e-06
3.532955e-06
3.457476e-06
3.382045e-06
3.306662e-06
3.231319e-06
3.835207e-06
3.759512e-06
3.68388e-06
3.608305e-06
3.532785e-06
3.457316e-06
3.381895e-06
3.30652e-06
3.231186e-06
3.834881e-06
3.759207e-06
3.683593e-06
3.608036e-06
3.532533e-06
3.457079e-06
3.381673e-06
3.306312e-06
3.23099e-06
3.834455e-06
3.758808e-06
3.68322e-06
3.607686e-06
3.532205e-06
3.456772e-06
3.381384e-06
3.30604e-06
3.230735e-06
3.833939e-06
3.758326e-06
3.682768e-06
3.607264e-06
3.531809e-06
3.456401e-06
3.381037e-06
3.305714e-06
3.23043e-06
3.83335e-06
3.757775e-06
3.682254e-06
3.606783e-06
3.53136e-06
3.455981e-06
3.380643e-06
3.305346e-06
3.230085e-06
3.832712e-06
3.75718e-06
3.681699e-06
3.606265e-06
3.530875e-06
3.455528e-06
3.38022e-06
3.30495e-06
3.229714e-06
3.832056e-06
3.756569e-06
3.68113e-06
3.605735e-06
3.530381e-06
3.455066e-06
3.379789e-06
3.304547e-06
3.229338e-06
3.831419e-06
3.755977e-06
3.680579e-06
3.605222e-06
3.529903e-06
3.454621e-06
3.379374e-06
3.304158e-06
3.228976e-06
3.83084e-06
3.75544e-06
3.68008e-06
3.604757e-06
3.529471e-06
3.454218e-06
3.378997e-06
3.303807e-06
3.228648e-06
3.830345e-06
3.75498e-06
3.679653e-06
3.60436e-06
3.529101e-06
3.453873e-06
3.378675e-06
3.303506e-06
3.228366e-06
3.829951e-06
3.754614e-06
3.679311e-06
3.604042e-06
3.528804e-06
3.453595e-06
3.378416e-06
3.303263e-06
3.228138e-06
3.829631e-06
3.754315e-06
3.679032e-06
3.60378e-06
3.528558e-06
3.453365e-06
3.378199e-06
3.30306e-06
3.227946e-06
3.829361e-06
3.754062e-06
3.678793e-06
3.603556e-06
3.528347e-06
3.453165e-06
3.37801e-06
3.302881e-06
3.227777e-06
3.828997e-06
3.753718e-06
3.678468e-06
3.603248e-06
3.528055e-06
3.452889e-06
3.377748e-06
3.302632e-06
3.22754e-06
3.835538e-06
3.759823e-06
3.684171e-06
3.608578e-06
3.835538e-06
3.759823e-06
3.684171e-06
3.608578e-06
3.533041e-06
3.457557e-06
3.382121e-06
3.306733e-06
3.231386e-06
3.835427e-06
3.759719e-06
3.684073e-06
3.608487e-06
3.532955e-06
3.457476e-06
3.382046e-06
3.306662e-06
3.231319e-06
3.835208e-06
3.759513e-06
3.68388e-06
3.608305e-06
3.532785e-06
3.457316e-06
3.381895e-06
3.30652e-06
3.231186e-06
3.834882e-06
3.759207e-06
3.683594e-06
3.608037e-06
3.532533e-06
3.45708e-06
3.381673e-06
3.306312e-06
3.23099e-06
3.834456e-06
3.758809e-06
3.68322e-06
3.607687e-06
3.532205e-06
3.456772e-06
3.381385e-06
3.306041e-06
3.230736e-06
3.83394e-06
3.758327e-06
3.682769e-06
3.607265e-06
3.53181e-06
3.456402e-06
3.381038e-06
3.305715e-06
3.23043e-06
3.833352e-06
3.757777e-06
3.682256e-06
3.606785e-06
3.531361e-06
3.455982e-06
3.380644e-06
3.305347e-06
3.230085e-06
3.832714e-06
3.757182e-06
3.681701e-06
3.606267e-06
3.530877e-06
3.45553e-06
3.380222e-06
3.304951e-06
3.229716e-06
3.832058e-06
3.756572e-06
3.681132e-06
3.605737e-06
3.530383e-06
3.455068e-06
3.379791e-06
3.304548e-06
3.22934e-06
3.831422e-06
3.755981e-06
3.680582e-06
3.605225e-06
3.529906e-06
3.454624e-06
3.379376e-06
3.304161e-06
3.228978e-06
3.830844e-06
3.755443e-06
3.680083e-06
3.60476e-06
3.529474e-06
3.454221e-06
3.379e-06
3.30381e-06
3.22865e-06
3.83035e-06
3.754985e-06
3.679657e-06
3.604364e-06
3.529104e-06
3.453876e-06
3.378679e-06
3.303509e-06
3.228369e-06
3.829955e-06
3.754618e-06
3.679315e-06
3.604045e-06
3.528807e-06
3.453599e-06
3.378419e-06
3.303266e-06
3.228141e-06
3.829637e-06
3.754321e-06
3.679037e-06
3.603785e-06
3.528563e-06
3.45337e-06
3.378204e-06
3.303064e-06
3.22795e-06
3.829366e-06
3.754066e-06
3.678797e-06
3.603559e-06
3.52835e-06
3.453168e-06
3.378013e-06
3.302884e-06
3.227779e-06
3.82901e-06
3.75373e-06
3.67848e-06
3.603258e-06
3.528065e-06
3.452898e-06
3.377757e-06
3.30264e-06
3.227548e-06
3.160269e-06
3.093369e-06
3.026491e-06
2.959642e-06
2.892821e-06
2.826024e-06
2.759252e-06
2.692502e-06
2.625774e-06
2.559067e-06
2.49238e-06
2.425712e-06
2.359062e-06
2.292429e-06
2.225812e-06
2.159212e-06
3.160206e-06
3.093309e-06
3.026434e-06
2.959588e-06
2.892769e-06
2.825975e-06
2.759205e-06
2.692458e-06
2.625732e-06
2.559027e-06
2.492342e-06
2.425675e-06
2.359027e-06
2.292395e-06
2.22578e-06
2.159181e-06
2.092597e-06
3.16008e-06
3.09319e-06
3.026321e-06
2.959481e-06
2.892667e-06
2.825878e-06
2.759113e-06
2.69237e-06
2.625648e-06
2.558947e-06
2.492266e-06
2.425603e-06
2.358957e-06
2.292329e-06
2.225717e-06
2.15912e-06
2.092539e-06
2.025971e-06
1.959417e-06
3.159895e-06
3.093014e-06
3.026154e-06
2.959323e-06
2.892517e-06
2.825736e-06
2.758977e-06
2.692241e-06
2.625525e-06
2.55883e-06
2.492154e-06
2.425496e-06
2.358855e-06
2.292232e-06
2.225624e-06
2.159031e-06
2.092453e-06
2.025889e-06
1.959339e-06
3.159655e-06
3.092786e-06
3.025938e-06
2.959118e-06
2.892323e-06
2.825551e-06
2.758802e-06
2.692074e-06
2.625367e-06
2.558679e-06
2.49201e-06
2.425358e-06
2.358724e-06
2.292106e-06
2.225504e-06
2.158916e-06
2.092343e-06
2.025783e-06
1.959237e-06
3.159367e-06
3.092512e-06
3.02568e-06
2.958873e-06
2.89209e-06
2.82533e-06
2.758592e-06
2.691875e-06
2.625177e-06
2.558499e-06
2.491838e-06
2.425194e-06
2.358568e-06
2.291957e-06
2.225361e-06
2.158779e-06
2.092212e-06
2.025658e-06
1.959117e-06
3.159042e-06
3.092204e-06
3.025388e-06
2.958597e-06
2.891829e-06
2.825082e-06
2.758357e-06
2.691651e-06
2.624965e-06
2.558296e-06
2.491645e-06
2.425011e-06
2.358393e-06
2.29179e-06
2.225201e-06
2.158627e-06
2.092066e-06
2.025518e-06
1.958983e-06
3.158695e-06
3.091874e-06
3.025077e-06
2.958302e-06
2.89155e-06
2.824818e-06
2.758106e-06
2.691413e-06
2.624739e-06
2.558081e-06
2.491441e-06
2.424816e-06
2.358207e-06
2.291612e-06
2.225032e-06
2.158465e-06
2.091911e-06
2.025369e-06
1.95884e-06
3.158342e-06
3.091539e-06
3.024761e-06
2.958004e-06
2.891268e-06
2.824551e-06
2.757853e-06
2.691173e-06
2.62451e-06
2.557864e-06
2.491234e-06
2.424619e-06
2.358019e-06
2.291433e-06
2.224861e-06
2.158302e-06
2.091755e-06
2.02522e-06
1.958697e-06
3.158003e-06
3.091218e-06
3.024458e-06
2.957718e-06
2.890997e-06
2.824295e-06
2.75761e-06
2.690943e-06
2.624292e-06
2.557657e-06
2.491037e-06
2.424431e-06
2.35784e-06
2.291262e-06
2.224698e-06
2.158146e-06
2.091606e-06
2.025077e-06
1.95856e-06
3.157697e-06
3.090929e-06
3.024185e-06
2.95746e-06
2.890753e-06
2.824063e-06
2.757391e-06
2.690735e-06
2.624094e-06
2.557469e-06
2.490858e-06
2.424261e-06
2.357678e-06
2.291108e-06
2.22455e-06
2.158005e-06
2.091471e-06
2.024948e-06
1.958436e-06
3.157434e-06
3.09068e-06
3.02395e-06
2.957238e-06
2.890542e-06
2.823864e-06
2.757202e-06
2.690555e-06
2.623923e-06
2.557306e-06
2.490703e-06
2.424114e-06
2.357538e-06
2.290974e-06
2.224422e-06
2.157882e-06
2.091354e-06
2.024836e-06
1.958329e-06
3.157221e-06
3.09048e-06
3.02376e-06
2.957058e-06
2.890371e-06
2.823702e-06
2.757047e-06
2.690408e-06
2.623784e-06
2.557174e-06
2.490577e-06
2.423993e-06
2.357422e-06
2.290864e-06
2.224317e-06
2.157782e-06
2.091257e-06
2.024744e-06
1.958241e-06
3.157041e-06
3.090309e-06
3.023598e-06
2.956903e-06
2.890224e-06
2.823561e-06
2.756913e-06
2.690281e-06
2.623662e-06
2.557057e-06
2.490466e-06
2.423887e-06
2.357321e-06
2.290766e-06
2.224224e-06
2.157692e-06
2.091172e-06
2.024662e-06
1.958162e-06
3.156887e-06
3.090163e-06
3.023458e-06
2.956769e-06
2.890096e-06
2.823439e-06
2.756797e-06
2.690169e-06
2.623555e-06
2.556955e-06
2.490368e-06
2.423793e-06
2.357231e-06
2.29068e-06
2.224141e-06
2.157613e-06
2.091096e-06
2.024589e-06
1.958092e-06
3.156673e-06
3.089959e-06
3.023262e-06
2.956582e-06
2.889917e-06
2.823267e-06
2.756631e-06
2.69001e-06
2.623403e-06
2.556809e-06
2.490227e-06
2.423658e-06
2.357101e-06
2.290556e-06
2.224021e-06
2.157498e-06
2.090985e-06
2.024483e-06
1.95799e-06
3.16027e-06
3.09337e-06
3.026492e-06
2.959643e-06
2.892821e-06
2.826024e-06
2.759252e-06
2.692502e-06
2.625774e-06
2.559067e-06
2.49238e-06
2.425712e-06
2.359061e-06
2.292429e-06
2.225812e-06
2.159211e-06
3.160206e-06
3.09331e-06
3.026435e-06
2.959588e-06
2.892769e-06
2.825975e-06
2.759205e-06
2.692458e-06
2.625732e-06
2.559027e-06
2.492342e-06
2.425675e-06
2.359026e-06
2.292395e-06
2.22578e-06
2.159181e-06
2.092596e-06
3.160081e-06
3.09319e-06
3.026321e-06
2.959481e-06
2.892667e-06
2.825878e-06
2.759113e-06
2.69237e-06
2.625648e-06
2.558947e-06
2.492265e-06
2.425602e-06
2.358957e-06
2.292328e-06
2.225716e-06
2.15912e-06
2.092538e-06
2.02597e-06
1.959417e-06
3.159895e-06
3.093014e-06
3.026154e-06
2.959322e-06
2.892517e-06
2.825735e-06
2.758977e-06
2.69224e-06
2.625525e-06
2.55883e-06
2.492153e-06
2.425495e-06
2.358855e-06
2.292231e-06
2.225623e-06
2.15903e-06
2.092452e-06
2.025888e-06
1.959338e-06
3.159655e-06
3.092785e-06
3.025938e-06
2.959117e-06
2.892322e-06
2.82555e-06
2.758801e-06
2.692073e-06
2.625366e-06
2.558678e-06
2.492009e-06
2.425358e-06
2.358723e-06
2.292105e-06
2.225503e-06
2.158915e-06
2.092342e-06
2.025783e-06
1.959236e-06
3.159366e-06
3.092511e-06
3.025679e-06
2.958872e-06
2.892089e-06
2.825329e-06
2.758591e-06
2.691874e-06
2.625176e-06
2.558498e-06
2.491837e-06
2.425193e-06
2.358567e-06
2.291956e-06
2.22536e-06
2.158778e-06
2.092211e-06
2.025657e-06
1.959116e-06
3.159041e-06
3.092202e-06
3.025386e-06
2.958595e-06
2.891827e-06
2.825081e-06
2.758355e-06
2.69165e-06
2.624963e-06
2.558295e-06
2.491644e-06
2.42501e-06
2.358391e-06
2.291788e-06
2.2252e-06
2.158625e-06
2.092065e-06
2.025517e-06
1.958981e-06
3.158692e-06
3.091871e-06
3.025074e-06
2.9583e-06
2.891547e-06
2.824816e-06
2.758104e-06
2.691411e-06
2.624736e-06
2.558079e-06
2.491439e-06
2.424814e-06
2.358205e-06
2.29161e-06
2.22503e-06
2.158463e-06
2.091909e-06
2.025368e-06
1.958839e-06
3.158338e-06
3.091535e-06
3.024757e-06
2.958001e-06
2.891264e-06
2.824548e-06
2.75785e-06
2.69117e-06
2.624507e-06
2.557862e-06
2.491232e-06
2.424617e-06
2.358017e-06
2.291431e-06
2.224859e-06
2.1583e-06
2.091753e-06
2.025218e-06
1.958695e-06
3.157998e-06
3.091213e-06
3.024454e-06
2.957714e-06
2.890993e-06
2.82429e-06
2.757606e-06
2.690939e-06
2.624288e-06
2.557653e-06
2.491033e-06
2.424428e-06
2.357837e-06
2.29126e-06
2.224695e-06
2.158143e-06
2.091603e-06
2.025075e-06
1.958558e-06
3.157691e-06
3.090923e-06
3.024179e-06
2.957455e-06
2.890748e-06
2.824058e-06
2.757386e-06
2.69073e-06
2.62409e-06
2.557465e-06
2.490854e-06
2.424258e-06
2.357675e-06
2.291105e-06
2.224547e-06
2.158002e-06
2.091468e-06
2.024946e-06
1.958434e-06
3.157427e-06
3.090673e-06
3.023944e-06
2.957232e-06
2.890537e-06
2.823858e-06
2.757196e-06
2.69055e-06
2.623919e-06
2.557302e-06
2.490699e-06
2.42411e-06
2.357534e-06
2.29097e-06
2.224419e-06
2.157879e-06
2.091351e-06
2.024833e-06
1.958327e-06
3.157213e-06
3.090472e-06
3.023753e-06
2.957051e-06
2.890365e-06
2.823696e-06
2.757042e-06
2.690403e-06
2.623779e-06
2.557169e-06
2.490572e-06
2.423989e-06
2.357418e-06
2.29086e-06
2.224313e-06
2.157778e-06
2.091254e-06
2.024741e-06
1.958238e-06
3.157032e-06
3.090301e-06
3.02359e-06
2.956895e-06
2.890217e-06
2.823554e-06
2.756907e-06
2.690275e-06
2.623656e-06
2.557052e-06
2.490461e-06
2.423882e-06
2.357316e-06
2.290762e-06
2.22422e-06
2.157689e-06
2.091168e-06
2.024659e-06
1.958159e-06
3.156876e-06
3.090153e-06
3.023448e-06
2.95676e-06
2.890087e-06
2.823431e-06
2.756789e-06
2.690161e-06
2.623548e-06
2.556948e-06
2.490361e-06
2.423787e-06
2.357225e-06
2.290674e-06
2.224136e-06
2.157608e-06
2.091091e-06
2.024584e-06
1.958088e-06
3.156656e-06
3.089943e-06
3.023246e-06
2.956566e-06
2.889902e-06
2.823253e-06
2.756618e-06
2.689998e-06
2.623391e-06
2.556797e-06
2.490216e-06
2.423648e-06
2.357091e-06
2.290546e-06
2.224013e-06
2.15749e-06
2.090977e-06
2.024475e-06
1.957983e-06
3.16027e-06
3.09337e-06
3.026492e-06
2.959643e-06
2.892821e-06
2.826024e-06
2.759252e-06
2.692502e-06
2.625774e-06
2.559067e-06
2.49238e-06
2.425711e-06
2.359061e-06
2.292428e-06
2.225811e-06
2.159211e-06
3.160206e-06
3.09331e-06
3.026435e-06
2.959588e-06
2.892769e-06
2.825975e-06
2.759205e-06
2.692458e-06
2.625732e-06
2.559027e-06
2.492341e-06
2.425675e-06
2.359026e-06
2.292394e-06
2.225779e-06
2.15918e-06
2.092596e-06
3.160081e-06
3.09319e-06
3.026321e-06
2.959481e-06
2.892667e-06
2.825878e-06
2.759113e-06
2.69237e-06
2.625648e-06
2.558947e-06
2.492265e-06
2.425602e-06
2.358956e-06
2.292328e-06
2.225716e-06
2.159119e-06
2.092537e-06
2.025969e-06
1.959416e-06
3.159895e-06
3.093014e-06
3.026154e-06
2.959322e-06
2.892517e-06
2.825735e-06
2.758977e-06
2.69224e-06
2.625525e-06
2.558829e-06
2.492153e-06
2.425495e-06
2.358854e-06
2.29223e-06
2.225622e-06
2.15903e-06
2.092452e-06
2.025887e-06
1.959337e-06
3.159654e-06
3.092785e-06
3.025938e-06
2.959117e-06
2.892322e-06
2.82555e-06
2.758801e-06
2.692073e-06
2.625366e-06
2.558678e-06
2.492008e-06
2.425357e-06
2.358723e-06
2.292105e-06
2.225502e-06
2.158915e-06
2.092341e-06
2.025782e-06
1.959235e-06
3.159366e-06
3.092511e-06
3.025678e-06
2.958871e-06
2.892089e-06
2.825329e-06
2.758591e-06
2.691873e-06
2.625176e-06
2.558497e-06
2.491836e-06
2.425193e-06
2.358566e-06
2.291955e-06
2.225359e-06
2.158778e-06
2.09221e-06
2.025656e-06
1.959115e-06
3.15904e-06
3.092201e-06
3.025385e-06
2.958594e-06
2.891826e-06
2.82508e-06
2.758354e-06
2.691649e-06
2.624962e-06
2.558294e-06
2.491643e-06
2.425009e-06
2.35839e-06
2.291787e-06
2.225199e-06
2.158625e-06
2.092064e-06
2.025516e-06
1.95898e-06
3.15869e-06
3.091869e-06
3.025072e-06
2.958298e-06
2.891546e-06
2.824814e-06
2.758102e-06
2.69141e-06
2.624735e-06
2.558078e-06
2.491437e-06
2.424813e-06
2.358204e-06
2.291609e-06
2.225029e-06
2.158462e-06
2.091908e-06
2.025367e-06
1.958838e-06
3.158336e-06
3.091533e-06
3.024755e-06
2.957998e-06
2.891262e-06
2.824546e-06
2.757848e-06
2.691168e-06
2.624506e-06
2.55786e-06
2.49123e-06
2.424615e-06
2.358016e-06
2.29143e-06
2.224858e-06
2.158298e-06
2.091752e-06
2.025217e-06
1.958694e-06
3.157995e-06
3.09121e-06
3.024451e-06
2.957711e-06
2.89099e-06
2.824288e-06
2.757604e-06
2.690937e-06
2.624286e-06
2.557651e-06
2.491031e-06
2.424426e-06
2.357835e-06
2.291258e-06
2.224694e-06
2.158142e-06
2.091602e-06
2.025074e-06
1.958557e-06
3.157686e-06
3.090919e-06
3.024176e-06
2.957451e-06
2.890744e-06
2.824055e-06
2.757383e-06
2.690727e-06
2.624087e-06
2.557462e-06
2.490852e-06
2.424256e-06
2.357673e-06
2.291103e-06
2.224545e-06
2.158e-06
2.091467e-06
2.024944e-06
1.958433e-06
3.157422e-06
3.090669e-06
3.02394e-06
2.957228e-06
2.890533e-06
2.823855e-06
2.757193e-06
2.690547e-06
2.623916e-06
2.557299e-06
2.490697e-06
2.424108e-06
2.357532e-06
2.290968e-06
2.224417e-06
2.157877e-06
2.091349e-06
2.024832e-06
1.958325e-06
3.157208e-06
3.090467e-06
3.023749e-06
2.957047e-06
2.890361e-06
2.823692e-06
2.757038e-06
2.6904e-06
2.623776e-06
2.557166e-06
2.49057e-06
2.423986e-06
2.357416e-06
2.290858e-06
2.224311e-06
2.157776e-06
2.091253e-06
2.024739e-06
1.958237e-06
3.157027e-06
3.090296e-06
3.023585e-06
2.956891e-06
2.890212e-06
2.82355e-06
2.756903e-06
2.690271e-06
2.623653e-06
2.557049e-06
2.490458e-06
2.423879e-06
2.357314e-06
2.29076e-06
2.224217e-06
2.157687e-06
2.091166e-06
2.024657e-06
1.958157e-06
3.156868e-06
3.090146e-06
3.023441e-06
2.956753e-06
2.890081e-06
2.823425e-06
2.756783e-06
2.690156e-06
2.623543e-06
2.556943e-06
2.490357e-06
2.423783e-06
2.357221e-06
2.290671e-06
2.224132e-06
2.157605e-06
2.091088e-06
2.024582e-06
1.958085e-06
3.156644e-06
3.089931e-06
3.023236e-06
2.956556e-06
2.889893e-06
2.823244e-06
2.75661e-06
2.68999e-06
2.623383e-06
2.55679e-06
2.490209e-06
2.423641e-06
2.357085e-06
2.29054e-06
2.224007e-06
2.157484e-06
2.090972e-06
2.02447e-06
1.957978e-06
3.16027e-06
3.09337e-06
3.026492e-06
2.959643e-06
2.892821e-06
2.826024e-06
2.759252e-06
2.692502e-06
2.625774e-06
2.559067e-06
2.492379e-06
2.425711e-06
2.35906e-06
2.292427e-06
2.225811e-06
2.15921e-06
3.160207e-06
3.09331e-06
3.026435e-06
2.959588e-06
2.892769e-06
2.825975e-06
2.759205e-06
2.692457e-06
2.625731e-06
2.559026e-06
2.492341e-06
2.425674e-06
2.359025e-06
2.292394e-06
2.225778e-06
2.159179e-06
2.092595e-06
3.160081e-06
3.093191e-06
3.026322e-06
2.959481e-06
2.892667e-06
2.825878e-06
2.759112e-06
2.692369e-06
2.625648e-06
2.558946e-06
2.492264e-06
2.425601e-06
2.358956e-06
2.292327e-06
2.225715e-06
2.159118e-06
2.092536e-06
2.025969e-06
1.959415e-06
3.159895e-06
3.093014e-06
3.026154e-06
2.959322e-06
2.892517e-06
2.825735e-06
2.758976e-06
2.69224e-06
2.625524e-06
2.558829e-06
2.492153e-06
2.425494e-06
2.358854e-06
2.29223e-06
2.225622e-06
2.159029e-06
2.092451e-06
2.025887e-06
1.959336e-06
3.159654e-06
3.092785e-06
3.025938e-06
2.959117e-06
2.892322e-06
2.82555e-06
2.7588e-06
2.692073e-06
2.625365e-06
2.558677e-06
2.492008e-06
2.425357e-06
2.358722e-06
2.292104e-06
2.225502e-06
2.158914e-06
2.092341e-06
2.025781e-06
1.959235e-06
3.159366e-06
3.092511e-06
3.025678e-06
2.958871e-06
2.892088e-06
2.825328e-06
2.75859e-06
2.691873e-06
2.625175e-06
2.558496e-06
2.491836e-06
2.425192e-06
2.358565e-06
2.291954e-06
2.225359e-06
2.158777e-06
2.09221e-06
2.025656e-06
1.959114e-06
3.159039e-06
3.092201e-06
3.025385e-06
2.958594e-06
2.891826e-06
2.825079e-06
2.758354e-06
2.691648e-06
2.624962e-06
2.558294e-06
2.491643e-06
2.425008e-06
2.35839e-06
2.291787e-06
2.225198e-06
2.158624e-06
2.092063e-06
2.025515e-06
1.95898e-06
3.15869e-06
3.091869e-06
3.025072e-06
2.958298e-06
2.891545e-06
2.824814e-06
2.758102e-06
2.691409e-06
2.624735e-06
2.558077e-06
2.491437e-06
2.424812e-06
2.358203e-06
2.291609e-06
2.225028e-06
2.158462e-06
2.091908e-06
2.025367e-06
1.958837e-06
3.158335e-06
3.091532e-06
3.024754e-06
2.957998e-06
2.891261e-06
2.824545e-06
2.757847e-06
2.691167e-06
2.624505e-06
2.557859e-06
2.49123e-06
2.424615e-06
2.358015e-06
2.291429e-06
2.224857e-06
2.158298e-06
2.091751e-06
2.025217e-06
1.958694e-06
3.157993e-06
3.091209e-06
3.024449e-06
2.95771e-06
2.890989e-06
2.824287e-06
2.757603e-06
2.690936e-06
2.624285e-06
2.55765e-06
2.491031e-06
2.424426e-06
2.357835e-06
2.291258e-06
2.224693e-06
2.158141e-06
2.091602e-06
2.025074e-06
1.958557e-06
3.157685e-06
3.090917e-06
3.024174e-06
2.95745e-06
2.890743e-06
2.824054e-06
2.757382e-06
2.690727e-06
2.624087e-06
2.557462e-06
2.490851e-06
2.424255e-06
2.357672e-06
2.291102e-06
2.224545e-06
2.158e-06
2.091466e-06
2.024944e-06
1.958433e-06
3.15742e-06
3.090667e-06
3.023938e-06
2.957226e-06
2.890531e-06
2.823854e-06
2.757192e-06
2.690546e-06
2.623915e-06
2.557299e-06
2.490696e-06
2.424107e-06
2.357531e-06
2.290968e-06
2.224417e-06
2.157877e-06
2.091349e-06
2.024832e-06
1.958325e-06
3.157206e-06
3.090465e-06
3.023747e-06
2.957045e-06
2.890359e-06
2.82369e-06
2.757037e-06
2.690398e-06
2.623775e-06
2.557165e-06
2.490569e-06
2.423986e-06
2.357415e-06
2.290857e-06
2.224311e-06
2.157776e-06
2.091252e-06
2.024739e-06
1.958236e-06
3.157024e-06
3.090294e-06
3.023583e-06
2.956889e-06
2.890211e-06
2.823549e-06
2.756902e-06
2.69027e-06
2.623652e-06
2.557048e-06
2.490457e-06
2.423879e-06
2.357313e-06
2.290759e-06
2.224217e-06
2.157686e-06
2.091166e-06
2.024657e-06
1.958157e-06
3.156865e-06
3.090142e-06
3.023438e-06
2.95675e-06
2.890079e-06
2.823422e-06
2.756781e-06
2.690154e-06
2.623541e-06
2.556941e-06
2.490355e-06
2.423781e-06
2.357219e-06
2.290669e-06
2.224131e-06
2.157604e-06
2.091087e-06
2.024581e-06
1.958084e-06
3.156639e-06
3.089926e-06
3.023231e-06
2.956552e-06
2.889888e-06
2.82324e-06
2.756606e-06
2.689986e-06
2.62338e-06
2.556787e-06
2.490206e-06
2.423638e-06
2.357082e-06
2.290538e-06
2.224004e-06
2.157482e-06
2.09097e-06
2.024468e-06
1.957976e-06
3.16027e-06
3.09337e-06
3.026492e-06
2.959643e-06
2.892821e-06
2.826024e-06
2.759251e-06
2.692501e-06
2.625773e-06
2.559066e-06
2.492379e-06
2.42571e-06
2.35906e-06
2.292426e-06
2.22581e-06
2.159209e-06
3.160206e-06
3.09331e-06
3.026435e-06
2.959588e-06
2.892769e-06
2.825975e-06
2.759204e-06
2.692457e-06
2.625731e-06
2.559026e-06
2.49234e-06
2.425673e-06
2.359024e-06
2.292393e-06
2.225778e-06
2.159178e-06
2.092594e-06
3.160081e-06
3.09319e-06
3.026321e-06
2.959481e-06
2.892667e-06
2.825878e-06
2.759112e-06
2.692369e-06
2.625647e-06
2.558946e-06
2.492264e-06
2.425601e-06
2.358955e-06
2.292327e-06
2.225714e-06
2.159117e-06
2.092535e-06
2.025968e-06
1.959413e-06
3.159895e-06
3.093014e-06
3.026154e-06
2.959322e-06
2.892516e-06
2.825735e-06
2.758976e-06
2.69224e-06
2.625524e-06
2.558829e-06
2.492152e-06
2.425494e-06
2.358853e-06
2.292229e-06
2.225621e-06
2.159028e-06
2.09245e-06
2.025886e-06
1.959335e-06
3.159655e-06
3.092785e-06
3.025938e-06
2.959117e-06
2.892322e-06
2.82555e-06
2.7588e-06
2.692073e-06
2.625365e-06
2.558677e-06
2.492008e-06
2.425356e-06
2.358722e-06
2.292104e-06
2.225501e-06
2.158913e-06
2.09234e-06
2.02578e-06
1.959234e-06
3.159366e-06
3.092511e-06
3.025678e-06
2.958871e-06
2.892089e-06
2.825329e-06
2.75859e-06
2.691873e-06
2.625175e-06
2.558496e-06
2.491836e-06
2.425192e-06
2.358565e-06
2.291954e-06
2.225358e-06
2.158777e-06
2.092209e-06
2.025655e-06
1.959114e-06
3.15904e-06
3.092201e-06
3.025386e-06
2.958594e-06
2.891826e-06
2.82508e-06
2.758354e-06
2.691649e-06
2.624962e-06
2.558294e-06
2.491643e-06
2.425008e-06
2.35839e-06
2.291787e-06
2.225199e-06
2.158624e-06
2.092063e-06
2.025515e-06
1.95898e-06
3.15869e-06
3.09187e-06
3.025072e-06
2.958298e-06
2.891546e-06
2.824814e-06
2.758102e-06
2.69141e-06
2.624735e-06
2.558078e-06
2.491437e-06
2.424813e-06
2.358204e-06
2.291609e-06
2.225029e-06
2.158462e-06
2.091908e-06
2.025367e-06
1.958838e-06
3.158336e-06
3.091533e-06
3.024755e-06
2.957998e-06
2.891262e-06
2.824546e-06
2.757848e-06
2.691168e-06
2.624506e-06
2.55786e-06
2.49123e-06
2.424616e-06
2.358016e-06
2.29143e-06
2.224858e-06
2.158299e-06
2.091752e-06
2.025218e-06
1.958695e-06
3.157994e-06
3.09121e-06
3.02445e-06
2.957711e-06
2.89099e-06
2.824288e-06
2.757604e-06
2.690937e-06
2.624286e-06
2.557651e-06
2.491032e-06
2.424427e-06
2.357836e-06
2.291259e-06
2.224694e-06
2.158142e-06
2.091603e-06
2.025075e-06
1.958558e-06
3.157686e-06
3.090918e-06
3.024175e-06
2.957451e-06
2.890744e-06
2.824055e-06
2.757383e-06
2.690728e-06
2.624088e-06
2.557463e-06
2.490852e-06
2.424256e-06
2.357673e-06
2.291104e-06
2.224546e-06
2.158001e-06
2.091468e-06
2.024945e-06
1.958434e-06
3.157421e-06
3.090668e-06
3.023939e-06
2.957227e-06
2.890533e-06
2.823855e-06
2.757193e-06
2.690547e-06
2.623916e-06
2.5573e-06
2.490697e-06
2.424108e-06
2.357533e-06
2.290969e-06
2.224418e-06
2.157879e-06
2.091351e-06
2.024833e-06
1.958327e-06
3.157207e-06
3.090466e-06
3.023748e-06
2.957046e-06
2.89036e-06
2.823691e-06
2.757038e-06
2.690399e-06
2.623776e-06
2.557166e-06
2.49057e-06
2.423987e-06
2.357416e-06
2.290858e-06
2.224312e-06
2.157777e-06
2.091254e-06
2.024741e-06
1.958238e-06
3.157026e-06
3.090295e-06
3.023584e-06
2.95689e-06
2.890212e-06
2.82355e-06
2.756903e-06
2.690271e-06
2.623653e-06
2.557049e-06
2.490458e-06
2.42388e-06
2.357314e-06
2.29076e-06
2.224218e-06
2.157688e-06
2.091168e-06
2.024658e-06
1.958159e-06
3.156865e-06
3.090143e-06
3.023439e-06
2.956751e-06
2.890079e-06
2.823423e-06
2.756781e-06
2.690154e-06
2.623541e-06
2.556942e-06
2.490356e-06
2.423782e-06
2.35722e-06
2.29067e-06
2.224132e-06
2.157604e-06
2.091088e-06
2.024582e-06
1.958086e-06
3.15664e-06
3.089927e-06
3.023232e-06
2.956553e-06
2.889889e-06
2.823241e-06
2.756607e-06
2.689987e-06
2.623381e-06
2.556788e-06
2.490207e-06
2.423639e-06
2.357083e-06
2.290539e-06
2.224005e-06
2.157483e-06
2.090971e-06
2.024469e-06
1.957978e-06
3.16027e-06
3.09337e-06
3.026492e-06
2.959642e-06
2.89282e-06
2.826023e-06
2.759251e-06
2.692501e-06
2.625773e-06
2.559065e-06
2.492378e-06
2.425709e-06
2.359059e-06
2.292426e-06
2.225809e-06
2.159208e-06
3.160206e-06
3.09331e-06
3.026435e-06
2.959588e-06
2.892769e-06
2.825974e-06
2.759204e-06
2.692456e-06
2.62573e-06
2.559025e-06
2.492339e-06
2.425673e-06
2.359024e-06
2.292392e-06
2.225777e-06
2.159177e-06
2.092593e-06
3.160081e-06
3.09319e-06
3.026321e-06
2.95948e-06
2.892667e-06
2.825877e-06
2.759112e-06
2.692369e-06
2.625647e-06
2.558945e-06
2.492263e-06
2.4256e-06
2.358954e-06
2.292326e-06
2.225713e-06
2.159116e-06
2.092534e-06
2.025966e-06
1.959412e-06
3.159895e-06
3.093014e-06
3.026154e-06
2.959322e-06
2.892516e-06
2.825735e-06
2.758976e-06
2.692239e-06
2.625524e-06
2.558828e-06
2.492152e-06
2.425494e-06
2.358853e-06
2.292229e-06
2.22562e-06
2.159028e-06
2.092449e-06
2.025885e-06
1.959334e-06
3.159655e-06
3.092786e-06
3.025938e-06
2.959117e-06
2.892322e-06
2.82555e-06
2.7588e-06
2.692073e-06
2.625365e-06
2.558677e-06
2.492008e-06
2.425356e-06
2.358722e-06
2.292103e-06
2.225501e-06
2.158913e-06
2.09234e-06
2.02578e-06
1.959233e-06
3.159366e-06
3.092511e-06
3.025679e-06
2.958872e-06
2.892089e-06
2.825329e-06
2.758591e-06
2.691873e-06
2.625175e-06
2.558497e-06
2.491836e-06
2.425192e-06
2.358565e-06
2.291954e-06
2.225358e-06
2.158777e-06
2.092209e-06
2.025655e-06
1.959114e-06
3.159041e-06
3.092202e-06
3.025386e-06
2.958595e-06
2.891827e-06
2.82508e-06
2.758355e-06
2.691649e-06
2.624963e-06
2.558294e-06
2.491643e-06
2.425009e-06
2.35839e-06
2.291787e-06
2.225199e-06
2.158624e-06
2.092064e-06
2.025516e-06
1.95898e-06
3.158692e-06
3.091871e-06
3.025074e-06
2.958299e-06
2.891547e-06
2.824815e-06
2.758103e-06
2.691411e-06
2.624736e-06
2.558079e-06
2.491438e-06
2.424814e-06
2.358205e-06
2.29161e-06
2.22503e-06
2.158463e-06
2.091909e-06
2.025368e-06
1.958838e-06
3.158337e-06
3.091535e-06
3.024757e-06
2.958e-06
2.891264e-06
2.824547e-06
2.757849e-06
2.69117e-06
2.624507e-06
2.557861e-06
2.491232e-06
2.424617e-06
2.358017e-06
2.291431e-06
2.224859e-06
2.1583e-06
2.091753e-06
2.025219e-06
1.958696e-06
3.157997e-06
3.091212e-06
3.024452e-06
2.957713e-06
2.890992e-06
2.82429e-06
2.757606e-06
2.690938e-06
2.624288e-06
2.557653e-06
2.491033e-06
2.424429e-06
2.357838e-06
2.29126e-06
2.224696e-06
2.158144e-06
2.091604e-06
2.025076e-06
1.958559e-06
3.157688e-06
3.090921e-06
3.024178e-06
2.957453e-06
2.890746e-06
2.824057e-06
2.757385e-06
2.69073e-06
2.62409e-06
2.557465e-06
2.490854e-06
2.424258e-06
2.357675e-06
2.291105e-06
2.224548e-06
2.158003e-06
2.09147e-06
2.024947e-06
1.958436e-06
3.157424e-06
3.090671e-06
3.023942e-06
2.95723e-06
2.890535e-06
2.823857e-06
2.757196e-06
2.690549e-06
2.623918e-06
2.557302e-06
2.4907e-06
2.424111e-06
2.357535e-06
2.290971e-06
2.22442e-06
2.157881e-06
2.091353e-06
2.024836e-06
1.958329e-06
3.15721e-06
3.090469e-06
3.02375e-06
2.957048e-06
2.890363e-06
2.823693e-06
2.75704e-06
2.690402e-06
2.623778e-06
2.557168e-06
2.490572e-06
2.423989e-06
2.357419e-06
2.29086e-06
2.224314e-06
2.157779e-06
2.091256e-06
2.024743e-06
1.95824e-06
3.157029e-06
3.090299e-06
3.023588e-06
2.956893e-06
2.890215e-06
2.823553e-06
2.756906e-06
2.690274e-06
2.623656e-06
2.557052e-06
2.490461e-06
2.423883e-06
2.357317e-06
2.290763e-06
2.224221e-06
2.15769e-06
2.09117e-06
2.024661e-06
1.958162e-06
3.156868e-06
3.090145e-06
3.023441e-06
2.956753e-06
2.890081e-06
2.823425e-06
2.756784e-06
2.690157e-06
2.623544e-06
2.556944e-06
2.490358e-06
2.423784e-06
2.357222e-06
2.290672e-06
2.224134e-06
2.157606e-06
2.09109e-06
2.024584e-06
1.958087e-06
3.156647e-06
3.089934e-06
3.023239e-06
2.956559e-06
2.889896e-06
2.823247e-06
2.756613e-06
2.689993e-06
2.623386e-06
2.556793e-06
2.490212e-06
2.423644e-06
2.357088e-06
2.290543e-06
2.22401e-06
2.157487e-06
2.090975e-06
2.024473e-06
1.957982e-06
3.835541e-06
3.759825e-06
3.684173e-06
3.60858e-06
3.835541e-06
3.759825e-06
3.684173e-06
3.60858e-06
3.533043e-06
3.457558e-06
3.382123e-06
3.306734e-06
3.231387e-06
3.83543e-06
3.759721e-06
3.684075e-06
3.608488e-06
3.532957e-06
3.457477e-06
3.382047e-06
3.306662e-06
3.23132e-06
3.83521e-06
3.759515e-06
3.683882e-06
3.608307e-06
3.532786e-06
3.457317e-06
3.381896e-06
3.306521e-06
3.231187e-06
3.834883e-06
3.759209e-06
3.683595e-06
3.608038e-06
3.532534e-06
3.457081e-06
3.381674e-06
3.306312e-06
3.230991e-06
3.834457e-06
3.75881e-06
3.683221e-06
3.607688e-06
3.532206e-06
3.456773e-06
3.381385e-06
3.306041e-06
3.230736e-06
3.833941e-06
3.758327e-06
3.68277e-06
3.607265e-06
3.53181e-06
3.456402e-06
3.381037e-06
3.305715e-06
3.23043e-06
3.833352e-06
3.757777e-06
3.682255e-06
3.606784e-06
3.53136e-06
3.455981e-06
3.380644e-06
3.305346e-06
3.230085e-06
3.832713e-06
3.757181e-06
3.6817e-06
3.606266e-06
3.530876e-06
3.455529e-06
3.380221e-06
3.30495e-06
3.229715e-06
3.832057e-06
3.756571e-06
3.681131e-06
3.605736e-06
3.530382e-06
3.455067e-06
3.37979e-06
3.304548e-06
3.229339e-06
3.831421e-06
3.75598e-06
3.680582e-06
3.605224e-06
3.529905e-06
3.454623e-06
3.379375e-06
3.30416e-06
3.228977e-06
3.830843e-06
3.755443e-06
3.680083e-06
3.60476e-06
3.529474e-06
3.454221e-06
3.379e-06
3.30381e-06
3.22865e-06
3.830351e-06
3.754986e-06
3.679658e-06
3.604365e-06
3.529106e-06
3.453878e-06
3.37868e-06
3.303511e-06
3.22837e-06
3.829959e-06
3.754621e-06
3.679318e-06
3.604048e-06
3.52881e-06
3.453601e-06
3.378422e-06
3.303269e-06
3.228143e-06
3.829648e-06
3.754331e-06
3.679047e-06
3.603794e-06
3.528571e-06
3.453378e-06
3.378211e-06
3.303071e-06
3.227957e-06
3.829377e-06
3.754076e-06
3.678807e-06
3.603568e-06
3.528358e-06
3.453176e-06
3.378021e-06
3.302891e-06
3.227785e-06
3.829056e-06
3.753773e-06
3.67852e-06
3.603297e-06
3.528101e-06
3.452932e-06
3.377789e-06
3.302671e-06
3.227576e-06
3.835537e-06
3.759821e-06
3.684169e-06
3.608577e-06
3.835537e-06
3.759821e-06
3.684169e-06
3.608577e-06
3.53304e-06
3.457555e-06
3.38212e-06
3.306731e-06
3.231385e-06
3.835426e-06
3.759718e-06
3.684072e-06
3.608486e-06
3.532954e-06
3.457475e-06
3.382045e-06
3.30666e-06
3.231319e-06
3.835208e-06
3.759513e-06
3.68388e-06
3.608305e-06
3.532785e-06
3.457316e-06
3.381895e-06
3.30652e-06
3.231187e-06
3.834883e-06
3.759209e-06
3.683595e-06
3.608038e-06
3.532535e-06
3.457081e-06
3.381675e-06
3.306313e-06
3.230992e-06
3.834461e-06
3.758814e-06
3.683225e-06
3.607691e-06
3.532209e-06
3.456776e-06
3.381389e-06
3.306044e-06
3.23074e-06
3.83395e-06
3.758336e-06
3.682778e-06
3.607273e-06
3.531818e-06
3.45641e-06
3.381045e-06
3.305722e-06
3.230438e-06
3.833369e-06
3.757793e-06
3.682271e-06
3.606799e-06
3.531375e-06
3.455995e-06
3.380657e-06
3.305359e-06
3.230098e-06
3.83274e-06
3.757207e-06
3.681724e-06
3.606289e-06
3.530898e-06
3.45555e-06
3.380241e-06
3.304969e-06
3.229733e-06
3.832096e-06
3.756607e-06
3.681166e-06
3.605768e-06
3.530413e-06
3.455096e-06
3.379817e-06
3.304574e-06
3.229363e-06
3.831471e-06
3.756027e-06
3.680626e-06
3.605265e-06
3.529944e-06
3.45466e-06
3.37941e-06
3.304193e-06
3.229008e-06
3.830903e-06
3.755499e-06
3.680135e-06
3.604809e-06
3.529519e-06
3.454263e-06
3.37904e-06
3.303848e-06
3.228686e-06
3.830417e-06
3.755048e-06
3.679716e-06
3.604419e-06
3.529156e-06
3.453925e-06
3.378724e-06
3.303553e-06
3.228409e-06
3.830028e-06
3.754686e-06
3.679379e-06
3.604105e-06
3.528863e-06
3.453651e-06
3.378468e-06
3.303312e-06
3.228184e-06
3.829723e-06
3.7544e-06
3.679112e-06
3.603855e-06
3.528629e-06
3.453431e-06
3.378261e-06
3.303118e-06
3.228001e-06
3.829464e-06
3.754157e-06
3.678883e-06
3.603639e-06
3.528425e-06
3.453239e-06
3.378079e-06
3.302946e-06
3.227838e-06
3.829186e-06
3.753894e-06
3.678634e-06
3.603403e-06
3.528201e-06
3.453027e-06
3.377878e-06
3.302754e-06
3.227655e-06
3.835533e-06
3.759818e-06
3.684166e-06
3.608574e-06
3.835533e-06
3.759818e-06
3.684166e-06
3.608574e-06
3.533037e-06
3.457553e-06
3.382118e-06
3.306729e-06
3.231384e-06
3.835423e-06
3.759715e-06
3.68407e-06
3.608483e-06
3.532952e-06
3.457473e-06
3.382043e-06
3.306659e-06
3.231317e-06
3.835205e-06
3.759511e-06
3.683878e-06
3.608303e-06
3.532783e-06
3.457315e-06
3.381894e-06
3.306519e-06
3.231186e-06
3.834883e-06
3.759209e-06
3.683595e-06
3.608038e-06
3.532535e-06
3.457081e-06
3.381675e-06
3.306313e-06
3.230993e-06
3.834463e-06
3.758816e-06
3.683228e-06
3.607694e-06
3.532212e-06
3.456779e-06
3.381391e-06
3.306047e-06
3.230743e-06
3.833958e-06
3.758343e-06
3.682785e-06
3.60728e-06
3.531825e-06
3.456416e-06
3.381052e-06
3.305729e-06
3.230444e-06
3.833383e-06
3.757807e-06
3.682284e-06
3.606812e-06
3.531387e-06
3.456007e-06
3.380668e-06
3.30537e-06
3.230108e-06
3.832764e-06
3.757229e-06
3.681746e-06
3.606309e-06
3.530917e-06
3.455568e-06
3.380258e-06
3.304986e-06
3.229749e-06
3.83213e-06
3.756639e-06
3.681196e-06
3.605797e-06
3.53044e-06
3.455122e-06
3.379842e-06
3.304597e-06
3.229385e-06
3.831516e-06
3.756069e-06
3.680665e-06
3.605303e-06
3.529979e-06
3.454693e-06
3.379441e-06
3.304223e-06
3.229036e-06
3.830957e-06
3.75555e-06
3.680183e-06
3.604854e-06
3.529561e-06
3.454303e-06
3.379078e-06
3.303883e-06
3.228719e-06
3.83048e-06
3.755106e-06
3.67977e-06
3.60447e-06
3.529204e-06
3.45397e-06
3.378766e-06
3.303592e-06
3.228446e-06
3.830096e-06
3.754749e-06
3.679438e-06
3.60416e-06
3.528914e-06
3.453699e-06
3.378513e-06
3.303355e-06
3.228224e-06
3.829799e-06
3.754472e-06
3.679178e-06
3.603917e-06
3.528687e-06
3.453486e-06
3.378313e-06
3.303167e-06
3.228046e-06
3.829562e-06
3.754249e-06
3.678969e-06
3.60372e-06
3.528501e-06
3.45331e-06
3.378147e-06
3.30301e-06
3.227898e-06
3.829341e-06
3.75404e-06
3.678771e-06
3.603532e-06
3.528322e-06
3.45314e-06
3.377985e-06
3.302855e-06
3.22775e-06
3.835531e-06
3.759816e-06
3.684164e-06
3.608572e-06
3.83553e-06
3.759816e-06
3.684164e-06
3.608572e-06
3.533035e-06
3.457551e-06
3.382116e-06
3.306728e-06
3.231383e-06
3.835421e-06
3.759713e-06
3.684067e-06
3.608481e-06
3.53295e-06
3.457471e-06
3.382041e-06
3.306657e-06
3.231317e-06
3.835203e-06
3.759509e-06
3.683876e-06
3.608302e-06
3.532782e-06
3.457313e-06
3.381893e-06
3.306518e-06
3.231186e-06
3.834882e-06
3.759208e-06
3.683595e-06
3.608038e-06
3.532534e-06
3.457081e-06
3.381675e-06
3.306314e-06
3.230994e-06
3.834465e-06
3.758817e-06
3.683229e-06
3.607695e-06
3.532214e-06
3.45678e-06
3.381393e-06
3.306049e-06
3.230745e-06
3.833962e-06
3.758348e-06
3.68279e-06
3.607285e-06
3.531829e-06
3.45642e-06
3.381056e-06
3.305733e-06
3.230449e-06
3.833393e-06
3.757816e-06
3.682293e-06
3.606821e-06
3.531395e-06
3.456015e-06
3.380676e-06
3.305377e-06
3.230116e-06
3.83278e-06
3.757245e-06
3.68176e-06
3.606323e-06
3.530931e-06
3.455581e-06
3.380271e-06
3.304998e-06
3.229761e-06
3.832154e-06
3.756662e-06
3.681218e-06
3.605818e-06
3.530459e-06
3.455141e-06
3.379859e-06
3.304613e-06
3.229401e-06
3.831549e-06
3.7561e-06
3.680694e-06
3.60533e-06
3.530005e-06
3.454717e-06
3.379464e-06
3.304244e-06
3.229056e-06
3.830997e-06
3.755587e-06
3.680218e-06
3.604887e-06
3.529592e-06
3.454332e-06
3.379105e-06
3.303909e-06
3.228743e-06
3.830525e-06
3.755148e-06
3.67981e-06
3.604507e-06
3.529238e-06
3.454002e-06
3.378797e-06
3.303621e-06
3.228473e-06
3.830145e-06
3.754795e-06
3.679481e-06
3.6042e-06
3.528952e-06
3.453735e-06
3.378547e-06
3.303387e-06
3.228254e-06
3.829856e-06
3.754526e-06
3.679229e-06
3.603965e-06
3.528731e-06
3.453528e-06
3.378352e-06
3.303204e-06
3.228081e-06
3.829644e-06
3.754326e-06
3.679041e-06
3.603787e-06
3.528564e-06
3.45337e-06
3.378203e-06
3.303063e-06
3.227948e-06
3.82948e-06
3.754171e-06
3.678894e-06
3.603648e-06
3.528432e-06
3.453244e-06
3.378083e-06
3.302948e-06
3.227838e-06
3.835533e-06
3.759818e-06
3.684166e-06
3.608573e-06
3.835533e-06
3.759818e-06
3.684166e-06
3.608573e-06
3.533036e-06
3.457552e-06
3.382117e-06
3.306729e-06
3.231384e-06
3.835423e-06
3.759715e-06
3.684069e-06
3.608482e-06
3.532951e-06
3.457472e-06
3.382042e-06
3.306658e-06
3.231318e-06
3.835205e-06
3.75951e-06
3.683877e-06
3.608303e-06
3.532783e-06
3.457314e-06
3.381893e-06
3.306519e-06
3.231186e-06
3.834882e-06
3.759208e-06
3.683595e-06
3.608038e-06
3.532534e-06
3.457081e-06
3.381675e-06
3.306313e-06
3.230993e-06
3.834463e-06
3.758816e-06
3.683227e-06
3.607694e-06
3.532212e-06
3.456779e-06
3.381392e-06
3.306048e-06
3.230744e-06
3.833959e-06
3.758345e-06
3.682787e-06
3.607282e-06
3.531826e-06
3.456418e-06
3.381053e-06
3.30573e-06
3.230447e-06
3.833388e-06
3.757811e-06
3.682289e-06
3.606816e-06
3.531391e-06
3.456011e-06
3.380672e-06
3.305374e-06
3.230112e-06
3.832773e-06
3.757239e-06
3.681755e-06
3.606318e-06
3.530926e-06
3.455576e-06
3.380266e-06
3.304994e-06
3.229757e-06
3.832146e-06
3.756655e-06
3.681211e-06
3.605811e-06
3.530453e-06
3.455135e-06
3.379854e-06
3.304609e-06
3.229397e-06
3.83154e-06
3.756092e-06
3.680687e-06
3.605323e-06
3.529999e-06
3.454711e-06
3.379459e-06
3.304239e-06
3.229052e-06
3.830989e-06
3.755579e-06
3.68021e-06
3.60488e-06
3.529586e-06
3.454327e-06
3.3791e-06
3.303904e-06
3.228738e-06
3.830517e-06
3.755141e-06
3.679803e-06
3.604501e-06
3.529233e-06
3.453997e-06
3.378792e-06
3.303617e-06
3.228469e-06
3.83014e-06
3.75479e-06
3.679476e-06
3.604196e-06
3.528949e-06
3.453732e-06
3.378544e-06
3.303384e-06
3.228251e-06
3.829859e-06
3.754529e-06
3.679232e-06
3.603968e-06
3.528734e-06
3.453531e-06
3.378355e-06
3.303207e-06
3.228084e-06
3.82967e-06
3.75435e-06
3.679064e-06
3.60381e-06
3.528586e-06
3.45339e-06
3.378223e-06
3.303081e-06
3.227965e-06
3.82956e-06
3.754246e-06
3.678965e-06
3.603715e-06
3.528495e-06
3.453304e-06
3.37814e-06
3.303003e-06
3.22789e-06
3.835541e-06
3.759825e-06
3.684172e-06
3.608579e-06
3.835541e-06
3.759825e-06
3.684172e-06
3.608579e-06
3.533042e-06
3.457557e-06
3.382122e-06
3.306733e-06
3.231388e-06
3.83543e-06
3.759721e-06
3.684075e-06
3.608488e-06
3.532956e-06
3.457476e-06
3.382046e-06
3.306662e-06
3.231321e-06
3.83521e-06
3.759514e-06
3.683881e-06
3.608306e-06
3.532786e-06
3.457317e-06
3.381896e-06
3.30652e-06
3.231188e-06
3.834884e-06
3.759209e-06
3.683595e-06
3.608038e-06
3.532534e-06
3.457081e-06
3.381674e-06
3.306313e-06
3.230993e-06
3.83446e-06
3.758813e-06
3.683224e-06
3.60769e-06
3.532208e-06
3.456775e-06
3.381388e-06
3.306044e-06
3.23074e-06
3.833949e-06
3.758335e-06
3.682777e-06
3.607272e-06
3.531817e-06
3.456409e-06
3.381045e-06
3.305722e-06
3.230438e-06
3.833369e-06
3.757793e-06
3.682271e-06
3.6068e-06
3.531375e-06
3.455996e-06
3.380658e-06
3.30536e-06
3.230099e-06
3.832744e-06
3.757211e-06
3.681728e-06
3.606293e-06
3.530902e-06
3.455554e-06
3.380245e-06
3.304974e-06
3.229738e-06
3.832106e-06
3.756618e-06
3.681176e-06
3.605778e-06
3.530422e-06
3.455106e-06
3.379827e-06
3.304583e-06
3.229372e-06
3.831491e-06
3.756045e-06
3.680644e-06
3.605283e-06
3.529961e-06
3.454676e-06
3.379425e-06
3.304208e-06
3.229022e-06
3.830932e-06
3.755526e-06
3.680161e-06
3.604834e-06
3.529543e-06
3.454286e-06
3.379062e-06
3.303869e-06
3.228705e-06
3.830456e-06
3.755085e-06
3.67975e-06
3.604452e-06
3.529187e-06
3.453955e-06
3.378752e-06
3.30358e-06
3.228434e-06
3.83008e-06
3.754735e-06
3.679425e-06
3.604149e-06
3.528904e-06
3.45369e-06
3.378505e-06
3.303348e-06
3.228217e-06
3.829808e-06
3.75448e-06
3.679187e-06
3.603926e-06
3.528696e-06
3.453495e-06
3.378322e-06
3.303175e-06
3.228055e-06
3.829637e-06
3.75432e-06
3.679036e-06
3.603784e-06
3.528562e-06
3.453368e-06
3.378202e-06
3.303062e-06
3.227947e-06
3.829567e-06
3.754253e-06
3.678972e-06
3.603723e-06
3.528503e-06
3.453312e-06
3.378148e-06
3.303011e-06
3.227898e-06
3.16027e-06
3.09337e-06
3.026492e-06
2.959642e-06
2.89282e-06
2.826023e-06
2.75925e-06
2.6925e-06
2.625772e-06
2.559065e-06
2.492377e-06
2.425709e-06
2.359058e-06
2.292424e-06
2.225808e-06
2.159206e-06
3.160207e-06
3.093309e-06
3.026435e-06
2.959588e-06
2.892769e-06
2.825974e-06
2.759204e-06
2.692456e-06
2.62573e-06
2.559025e-06
2.492339e-06
2.425672e-06
2.359023e-06
2.292391e-06
2.225776e-06
2.159176e-06
2.092591e-06
3.160081e-06
3.09319e-06
3.026322e-06
2.95948e-06
2.892666e-06
2.825877e-06
2.759111e-06
2.692368e-06
2.625646e-06
2.558945e-06
2.492263e-06
2.425599e-06
2.358954e-06
2.292325e-06
2.225712e-06
2.159115e-06
2.092533e-06
2.025965e-06
1.959411e-06
3.159895e-06
3.093013e-06
3.026154e-06
2.959322e-06
2.892516e-06
2.825734e-06
2.758976e-06
2.692239e-06
2.625523e-06
2.558828e-06
2.492151e-06
2.425493e-06
2.358852e-06
2.292228e-06
2.225619e-06
2.159026e-06
2.092448e-06
2.025884e-06
1.959333e-06
3.159655e-06
3.092785e-06
3.025938e-06
2.959117e-06
2.892321e-06
2.825549e-06
2.7588e-06
2.692072e-06
2.625364e-06
2.558676e-06
2.492007e-06
2.425355e-06
2.358721e-06
2.292103e-06
2.2255e-06
2.158912e-06
2.092339e-06
2.025779e-06
1.959232e-06
3.159366e-06
3.092511e-06
3.025678e-06
2.958871e-06
2.892088e-06
2.825328e-06
2.75859e-06
2.691873e-06
2.625175e-06
2.558496e-06
2.491835e-06
2.425192e-06
2.358565e-06
2.291954e-06
2.225358e-06
2.158776e-06
2.092209e-06
2.025654e-06
1.959113e-06
3.15904e-06
3.092201e-06
3.025386e-06
2.958594e-06
2.891826e-06
2.82508e-06
2.758354e-06
2.691649e-06
2.624962e-06
2.558294e-06
2.491643e-06
2.425008e-06
2.35839e-06
2.291787e-06
2.225199e-06
2.158624e-06
2.092063e-06
2.025515e-06
1.95898e-06
3.158691e-06
3.09187e-06
3.025073e-06
2.958299e-06
2.891546e-06
2.824815e-06
2.758103e-06
2.69141e-06
2.624736e-06
2.558079e-06
2.491438e-06
2.424814e-06
2.358204e-06
2.29161e-06
2.22503e-06
2.158463e-06
2.091909e-06
2.025368e-06
1.958839e-06
3.158336e-06
3.091534e-06
3.024756e-06
2.957999e-06
2.891263e-06
2.824547e-06
2.757849e-06
2.691169e-06
2.624507e-06
2.557861e-06
2.491232e-06
2.424617e-06
2.358017e-06
2.291432e-06
2.22486e-06
2.158301e-06
2.091754e-06
2.02522e-06
1.958697e-06
3.157996e-06
3.091212e-06
3.024452e-06
2.957713e-06
2.890992e-06
2.82429e-06
2.757606e-06
2.690939e-06
2.624288e-06
2.557654e-06
2.491034e-06
2.424429e-06
2.357839e-06
2.291261e-06
2.224697e-06
2.158145e-06
2.091606e-06
2.025078e-06
1.958561e-06
3.157688e-06
3.090921e-06
3.024178e-06
2.957453e-06
2.890747e-06
2.824058e-06
2.757386e-06
2.69073e-06
2.624091e-06
2.557466e-06
2.490856e-06
2.424259e-06
2.357677e-06
2.291107e-06
2.22455e-06
2.158005e-06
2.091472e-06
2.024949e-06
1.958438e-06
3.157425e-06
3.090673e-06
3.023943e-06
2.957231e-06
2.890537e-06
2.823859e-06
2.757197e-06
2.690551e-06
2.62392e-06
2.557304e-06
2.490702e-06
2.424113e-06
2.357537e-06
2.290974e-06
2.224423e-06
2.157883e-06
2.091355e-06
2.024838e-06
1.958332e-06
3.157212e-06
3.090472e-06
3.023752e-06
2.95705e-06
2.890365e-06
2.823696e-06
2.757042e-06
2.690404e-06
2.62378e-06
2.557171e-06
2.490574e-06
2.423992e-06
2.357421e-06
2.290863e-06
2.224317e-06
2.157782e-06
2.091259e-06
2.024746e-06
1.958243e-06
3.157036e-06
3.090305e-06
3.023593e-06
2.956899e-06
2.890221e-06
2.823559e-06
2.756911e-06
2.690279e-06
2.623661e-06
2.557057e-06
2.490466e-06
2.423887e-06
2.357322e-06
2.290768e-06
2.224226e-06
2.157695e-06
2.091175e-06
2.024666e-06
1.958166e-06
3.156874e-06
3.090151e-06
3.023447e-06
2.956759e-06
2.890087e-06
2.82343e-06
2.756788e-06
2.690161e-06
2.623548e-06
2.556948e-06
2.490362e-06
2.423788e-06
2.357226e-06
2.290676e-06
2.224138e-06
2.15761e-06
2.091094e-06
2.024588e-06
1.958091e-06
3.156674e-06
3.08996e-06
3.023263e-06
2.956582e-06
2.889918e-06
2.823268e-06
2.756633e-06
2.690012e-06
2.623405e-06
2.556811e-06
2.49023e-06
2.423661e-06
2.357104e-06
2.290559e-06
2.224025e-06
2.157502e-06
2.090989e-06
2.024487e-06
1.957995e-06
3.160268e-06
3.093366e-06
3.026489e-06
2.95964e-06
2.892818e-06
2.826021e-06
2.759248e-06
2.692498e-06
2.62577e-06
2.559063e-06
2.492375e-06
2.425706e-06
2.359056e-06
2.292422e-06
2.225805e-06
2.159204e-06
3.160205e-06
3.093306e-06
3.026433e-06
2.959586e-06
2.892767e-06
2.825972e-06
2.759202e-06
2.692454e-06
2.625728e-06
2.559023e-06
2.492337e-06
2.42567e-06
2.359021e-06
2.292389e-06
2.225774e-06
2.159174e-06
2.092589e-06
3.16008e-06
3.093188e-06
3.02632e-06
2.959479e-06
2.892665e-06
2.825876e-06
2.759111e-06
2.692367e-06
2.625645e-06
2.558944e-06
2.492262e-06
2.425598e-06
2.358953e-06
2.292324e-06
2.225711e-06
2.159114e-06
2.092532e-06
2.025964e-06
1.959409e-06
3.159896e-06
3.093013e-06
3.026155e-06
2.959322e-06
2.892517e-06
2.825735e-06
2.758976e-06
2.69224e-06
2.625524e-06
2.558828e-06
2.492152e-06
2.425493e-06
2.358852e-06
2.292228e-06
2.22562e-06
2.159026e-06
2.092448e-06
2.025883e-06
1.959332e-06
3.159658e-06
3.092787e-06
3.025941e-06
2.95912e-06
2.892324e-06
2.825552e-06
2.758803e-06
2.692075e-06
2.625367e-06
2.558679e-06
2.492009e-06
2.425358e-06
2.358723e-06
2.292105e-06
2.225502e-06
2.158914e-06
2.09234e-06
2.02578e-06
1.959233e-06
3.159373e-06
3.092517e-06
3.025685e-06
2.958877e-06
2.892094e-06
2.825334e-06
2.758596e-06
2.691878e-06
2.62518e-06
2.558501e-06
2.49184e-06
2.425197e-06
2.358569e-06
2.291958e-06
2.225362e-06
2.15878e-06
2.092212e-06
2.025658e-06
1.959116e-06
3.159052e-06
3.092212e-06
3.025396e-06
2.958605e-06
2.891836e-06
2.82509e-06
2.758364e-06
2.691658e-06
2.624971e-06
2.558302e-06
2.491651e-06
2.425016e-06
2.358398e-06
2.291794e-06
2.225206e-06
2.158631e-06
2.09207e-06
2.025521e-06
1.958986e-06
3.158708e-06
3.091887e-06
3.025089e-06
2.958314e-06
2.891561e-06
2.824829e-06
2.758117e-06
2.691423e-06
2.624748e-06
2.558091e-06
2.49145e-06
2.424825e-06
2.358215e-06
2.291621e-06
2.22504e-06
2.158473e-06
2.091919e-06
2.025377e-06
1.958847e-06
3.15836e-06
3.091557e-06
3.024778e-06
2.95802e-06
2.891283e-06
2.824566e-06
2.757867e-06
2.691187e-06
2.624524e-06
2.557878e-06
2.491247e-06
2.424632e-06
2.358032e-06
2.291446e-06
2.224873e-06
2.158314e-06
2.091767e-06
2.025232e-06
1.958708e-06
3.158026e-06
3.091241e-06
3.024479e-06
2.957738e-06
2.891016e-06
2.824313e-06
2.757628e-06
2.69096e-06
2.624309e-06
2.557673e-06
2.491053e-06
2.424448e-06
2.357856e-06
2.291278e-06
2.224714e-06
2.158161e-06
2.091621e-06
2.025093e-06
1.958576e-06
3.157723e-06
3.090954e-06
3.024209e-06
2.957483e-06
2.890775e-06
2.824085e-06
2.757412e-06
2.690755e-06
2.624114e-06
2.557488e-06
2.490877e-06
2.42428e-06
2.357697e-06
2.291126e-06
2.224569e-06
2.158023e-06
2.091489e-06
2.024966e-06
1.958455e-06
3.157463e-06
3.090709e-06
3.023977e-06
2.957264e-06
2.890567e-06
2.823888e-06
2.757225e-06
2.690578e-06
2.623946e-06
2.557329e-06
2.490725e-06
2.424135e-06
2.357559e-06
2.290995e-06
2.224443e-06
2.157903e-06
2.091374e-06
2.024857e-06
1.95835e-06
3.157251e-06
3.090509e-06
3.023788e-06
2.957084e-06
2.890397e-06
2.823726e-06
2.757071e-06
2.690432e-06
2.623807e-06
2.557196e-06
2.490599e-06
2.424015e-06
2.357444e-06
2.290885e-06
2.224338e-06
2.157803e-06
2.091278e-06
2.024765e-06
1.958262e-06
3.157078e-06
3.090345e-06
3.023632e-06
2.956936e-06
2.890256e-06
2.823592e-06
2.756943e-06
2.690309e-06
2.62369e-06
2.557084e-06
2.490492e-06
2.423913e-06
2.357346e-06
2.290792e-06
2.224249e-06
2.157717e-06
2.091196e-06
2.024686e-06
1.958186e-06
3.156924e-06
3.090199e-06
3.023492e-06
2.956801e-06
2.890127e-06
2.823469e-06
2.756826e-06
2.690197e-06
2.623582e-06
2.556981e-06
2.490393e-06
2.423818e-06
2.357255e-06
2.290704e-06
2.224164e-06
2.157636e-06
2.091118e-06
2.024611e-06
1.958114e-06
3.156749e-06
3.090031e-06
3.023331e-06
2.956647e-06
2.889979e-06
2.823327e-06
2.756689e-06
2.690066e-06
2.623456e-06
2.55686e-06
2.490277e-06
2.423706e-06
2.357147e-06
2.2906e-06
2.224065e-06
2.15754e-06
2.091026e-06
2.024522e-06
1.958029e-06
3.160265e-06
3.093363e-06
3.026487e-06
2.959638e-06
2.892816e-06
2.826019e-06
2.759246e-06
2.692496e-06
2.625768e-06
2.559061e-06
2.492373e-06
2.425705e-06
2.359054e-06
2.29242e-06
2.225803e-06
2.159202e-06
3.160203e-06
3.093303e-06
3.02643e-06
2.959584e-06
2.892765e-06
2.825971e-06
2.7592e-06
2.692453e-06
2.625727e-06
2.559021e-06
2.492336e-06
2.425669e-06
2.359019e-06
2.292388e-06
2.225772e-06
2.159172e-06
2.092587e-06
3.160079e-06
3.093186e-06
3.026319e-06
2.959478e-06
2.892664e-06
2.825875e-06
2.75911e-06
2.692366e-06
2.625645e-06
2.558943e-06
2.492261e-06
2.425598e-06
2.358952e-06
2.292323e-06
2.22571e-06
2.159113e-06
2.092531e-06
2.025962e-06
1.959408e-06
3.159896e-06
3.093013e-06
3.026154e-06
2.959323e-06
2.892517e-06
2.825735e-06
2.758977e-06
2.69224e-06
2.625524e-06
2.558828e-06
2.492152e-06
2.425493e-06
2.358852e-06
2.292228e-06
2.22562e-06
2.159026e-06
2.092448e-06
2.025883e-06
1.959332e-06
3.15966e-06
3.092789e-06
3.025942e-06
2.959122e-06
2.892326e-06
2.825554e-06
2.758805e-06
2.692077e-06
2.625369e-06
2.558681e-06
2.492011e-06
2.425359e-06
2.358725e-06
2.292106e-06
2.225503e-06
2.158915e-06
2.092342e-06
2.025781e-06
1.959235e-06
3.159379e-06
3.092522e-06
3.02569e-06
2.958882e-06
2.892099e-06
2.825339e-06
2.7586e-06
2.691883e-06
2.625185e-06
2.558505e-06
2.491844e-06
2.425201e-06
2.358573e-06
2.291962e-06
2.225365e-06
2.158784e-06
2.092216e-06
2.025661e-06
1.959119e-06
3.159061e-06
3.092221e-06
3.025405e-06
2.958614e-06
2.891845e-06
2.825098e-06
2.758372e-06
2.691665e-06
2.624978e-06
2.558309e-06
2.491658e-06
2.425023e-06
2.358404e-06
2.291801e-06
2.225212e-06
2.158637e-06
2.092075e-06
2.025527e-06
1.958991e-06
3.158723e-06
3.091901e-06
3.025103e-06
2.958327e-06
2.891574e-06
2.824841e-06
2.758129e-06
2.691435e-06
2.62476e-06
2.558102e-06
2.49146e-06
2.424835e-06
2.358225e-06
2.29163e-06
2.225049e-06
2.158482e-06
2.091927e-06
2.025385e-06
1.958855e-06
3.158381e-06
3.091577e-06
3.024797e-06
2.958039e-06
2.891301e-06
2.824583e-06
2.757883e-06
2.691203e-06
2.624539e-06
2.557892e-06
2.491261e-06
2.424646e-06
2.358045e-06
2.291458e-06
2.224885e-06
2.158325e-06
2.091778e-06
2.025243e-06
1.958719e-06
3.158052e-06
3.091266e-06
3.024504e-06
2.957762e-06
2.891039e-06
2.824335e-06
2.757649e-06
2.69098e-06
2.624328e-06
2.557692e-06
2.491071e-06
2.424464e-06
2.357872e-06
2.291294e-06
2.224729e-06
2.158176e-06
2.091635e-06
2.025106e-06
1.958589e-06
3.157754e-06
3.090985e-06
3.024238e-06
2.95751e-06
2.890801e-06
2.82411e-06
2.757436e-06
2.690778e-06
2.624136e-06
2.557509e-06
2.490898e-06
2.4243e-06
2.357716e-06
2.291145e-06
2.224586e-06
2.15804e-06
2.091505e-06
2.024982e-06
1.95847e-06
3.157498e-06
3.090743e-06
3.024009e-06
2.957294e-06
2.890596e-06
2.823916e-06
2.757252e-06
2.690603e-06
2.62397e-06
2.557352e-06
2.490748e-06
2.424157e-06
2.357579e-06
2.291015e-06
2.224462e-06
2.157922e-06
2.091392e-06
2.024874e-06
1.958367e-06
3.157289e-06
3.090545e-06
3.023822e-06
2.957117e-06
2.890428e-06
2.823756e-06
2.7571e-06
2.690459e-06
2.623833e-06
2.557221e-06
2.490623e-06
2.424038e-06
2.357466e-06
2.290906e-06
2.224359e-06
2.157822e-06
2.091297e-06
2.024783e-06
1.958279e-06
3.157121e-06
3.090387e-06
3.023671e-06
2.956973e-06
2.890291e-06
2.823626e-06
2.756975e-06
2.69034e-06
2.62372e-06
2.557113e-06
2.490519e-06
2.423939e-06
2.357371e-06
2.290816e-06
2.224272e-06
2.157739e-06
2.091218e-06
2.024707e-06
1.958206e-06
3.15698e-06
3.090253e-06
3.023543e-06
2.95685e-06
2.890174e-06
2.823513e-06
2.756868e-06
2.690237e-06
2.623621e-06
2.557018e-06
2.490429e-06
2.423852e-06
2.357288e-06
2.290736e-06
2.224195e-06
2.157665e-06
2.091147e-06
2.024638e-06
1.95814e-06
3.156839e-06
3.090118e-06
3.023413e-06
2.956726e-06
2.890054e-06
2.823399e-06
2.756758e-06
2.690131e-06
2.623519e-06
2.55692e-06
2.490334e-06
2.423761e-06
2.3572e-06
2.290651e-06
2.224114e-06
2.157587e-06
2.091071e-06
2.024566e-06
1.95807e-06
3.160264e-06
3.09336e-06
3.026484e-06
2.959636e-06
2.892814e-06
2.826017e-06
2.759245e-06
2.692495e-06
2.625767e-06
2.559059e-06
2.492372e-06
2.425703e-06
2.359052e-06
2.292419e-06
2.225802e-06
2.1592e-06
3.160201e-06
3.093301e-06
3.026428e-06
2.959582e-06
2.892763e-06
2.825969e-06
2.759199e-06
2.692451e-06
2.625725e-06
2.55902e-06
2.492334e-06
2.425667e-06
2.359018e-06
2.292386e-06
2.225771e-06
2.159171e-06
2.092586e-06
3.160078e-06
3.093184e-06
3.026317e-06
2.959477e-06
2.892663e-06
2.825874e-06
2.759109e-06
2.692366e-06
2.625644e-06
2.558942e-06
2.49226e-06
2.425597e-06
2.358951e-06
2.292322e-06
2.225709e-06
2.159112e-06
2.09253e-06
2.025961e-06
1.959407e-06
3.159896e-06
3.093012e-06
3.026154e-06
2.959322e-06
2.892517e-06
2.825735e-06
2.758977e-06
2.69224e-06
2.625524e-06
2.558828e-06
2.492152e-06
2.425493e-06
2.358852e-06
2.292228e-06
2.225619e-06
2.159026e-06
2.092448e-06
2.025883e-06
1.959332e-06
3.159662e-06
3.09279e-06
3.025943e-06
2.959123e-06
2.892328e-06
2.825556e-06
2.758806e-06
2.692078e-06
2.62537e-06
2.558682e-06
2.492012e-06
2.425361e-06
2.358726e-06
2.292107e-06
2.225504e-06
2.158916e-06
2.092342e-06
2.025782e-06
1.959235e-06
3.159382e-06
3.092525e-06
3.025693e-06
2.958886e-06
2.892103e-06
2.825342e-06
2.758604e-06
2.691886e-06
2.625188e-06
2.558508e-06
2.491847e-06
2.425203e-06
2.358576e-06
2.291964e-06
2.225368e-06
2.158786e-06
2.092218e-06
2.025663e-06
1.959122e-06
3.159069e-06
3.092228e-06
3.025412e-06
2.95862e-06
2.891851e-06
2.825104e-06
2.758377e-06
2.691671e-06
2.624984e-06
2.558315e-06
2.491663e-06
2.425028e-06
2.358409e-06
2.291805e-06
2.225216e-06
2.158641e-06
2.09208e-06
2.025531e-06
1.958995e-06
3.158734e-06
3.091912e-06
3.025113e-06
2.958337e-06
2.891583e-06
2.824851e-06
2.758138e-06
2.691444e-06
2.624768e-06
2.55811e-06
2.491468e-06
2.424843e-06
2.358232e-06
2.291637e-06
2.225056e-06
2.158488e-06
2.091934e-06
2.025392e-06
1.958862e-06
3.158396e-06
3.091592e-06
3.024811e-06
2.958052e-06
2.891314e-06
2.824595e-06
2.757896e-06
2.691214e-06
2.62455e-06
2.557903e-06
2.491272e-06
2.424656e-06
2.358055e-06
2.291468e-06
2.224895e-06
2.158334e-06
2.091787e-06
2.025251e-06
1.958727e-06
3.158072e-06
3.091286e-06
3.024522e-06
2.957779e-06
2.891055e-06
2.824351e-06
2.757664e-06
2.690995e-06
2.624342e-06
2.557705e-06
2.491084e-06
2.424477e-06
2.357885e-06
2.291306e-06
2.22474e-06
2.158187e-06
2.091646e-06
2.025117e-06
1.958599e-06
3.157778e-06
3.091008e-06
3.02426e-06
2.957531e-06
2.890821e-06
2.824128e-06
2.757454e-06
2.690795e-06
2.624153e-06
2.557525e-06
2.490913e-06
2.424315e-06
2.35773e-06
2.291158e-06
2.224599e-06
2.158053e-06
2.091518e-06
2.024994e-06
1.958482e-06
3.157524e-06
3.090769e-06
3.024033e-06
2.957317e-06
2.890618e-06
2.823937e-06
2.757272e-06
2.690622e-06
2.623988e-06
2.557369e-06
2.490764e-06
2.424173e-06
2.357595e-06
2.29103e-06
2.224477e-06
2.157936e-06
2.091406e-06
2.024887e-06
1.958379e-06
3.157317e-06
3.090573e-06
3.023848e-06
2.957141e-06
2.890452e-06
2.823779e-06
2.757121e-06
2.69048e-06
2.623853e-06
2.55724e-06
2.490641e-06
2.424056e-06
2.357483e-06
2.290923e-06
2.224374e-06
2.157838e-06
2.091312e-06
2.024797e-06
1.958293e-06
3.157155e-06
3.090419e-06
3.023702e-06
2.957002e-06
2.890319e-06
2.823652e-06
2.757001e-06
2.690365e-06
2.623743e-06
2.557135e-06
2.490541e-06
2.42396e-06
2.357391e-06
2.290835e-06
2.22429e-06
2.157757e-06
2.091235e-06
2.024723e-06
1.958222e-06
3.157028e-06
3.090298e-06
3.023587e-06
2.956892e-06
2.890214e-06
2.823552e-06
2.756905e-06
2.690272e-06
2.623655e-06
2.55705e-06
2.49046e-06
2.423882e-06
2.357316e-06
2.290763e-06
2.224221e-06
2.157691e-06
2.091171e-06
2.024662e-06
1.958163e-06
3.156923e-06
3.090197e-06
3.02349e-06
2.956799e-06
2.890124e-06
2.823465e-06
2.756822e-06
2.690192e-06
2.623578e-06
2.556976e-06
2.490388e-06
2.423813e-06
2.35725e-06
2.290699e-06
2.22416e-06
2.157631e-06
2.091114e-06
2.024607e-06
1.95811e-06
3.160264e-06
3.09336e-06
3.026484e-06
2.959636e-06
2.892814e-06
2.826018e-06
2.759245e-06
2.692495e-06
2.625767e-06
2.559059e-06
2.492372e-06
2.425703e-06
2.359052e-06
2.292418e-06
2.225801e-06
2.1592e-06
3.160202e-06
3.093301e-06
3.026428e-06
2.959582e-06
2.892763e-06
2.825969e-06
2.759199e-06
2.692451e-06
2.625725e-06
2.55902e-06
2.492334e-06
2.425667e-06
2.359018e-06
2.292386e-06
2.22577e-06
2.15917e-06
2.092585e-06
3.160078e-06
3.093183e-06
3.026316e-06
2.959477e-06
2.892663e-06
2.825874e-06
2.759108e-06
2.692365e-06
2.625643e-06
2.558942e-06
2.49226e-06
2.425596e-06
2.35895e-06
2.292321e-06
2.225709e-06
2.159111e-06
2.092529e-06
2.025961e-06
1.959406e-06
3.159896e-06
3.093011e-06
3.026153e-06
2.959322e-06
2.892516e-06
2.825734e-06
2.758976e-06
2.692239e-06
2.625523e-06
2.558828e-06
2.492151e-06
2.425493e-06
2.358852e-06
2.292227e-06
2.225619e-06
2.159025e-06
2.092447e-06
2.025882e-06
1.959331e-06
3.159661e-06
3.092788e-06
3.025942e-06
2.959122e-06
2.892326e-06
2.825554e-06
2.758805e-06
2.692077e-06
2.625369e-06
2.558681e-06
2.492011e-06
2.42536e-06
2.358725e-06
2.292106e-06
2.225503e-06
2.158915e-06
2.092341e-06
2.025781e-06
1.959234e-06
3.15938e-06
3.092522e-06
3.025691e-06
2.958884e-06
2.892101e-06
2.825341e-06
2.758602e-06
2.691884e-06
2.625186e-06
2.558507e-06
2.491846e-06
2.425202e-06
2.358575e-06
2.291963e-06
2.225367e-06
2.158785e-06
2.092217e-06
2.025662e-06
1.95912e-06
3.159066e-06
3.092225e-06
3.025409e-06
2.958617e-06
2.891849e-06
2.825102e-06
2.758375e-06
2.691669e-06
2.624982e-06
2.558313e-06
2.491661e-06
2.425027e-06
2.358408e-06
2.291804e-06
2.225215e-06
2.15864e-06
2.092079e-06
2.02553e-06
1.958994e-06
3.158731e-06
3.091908e-06
3.02511e-06
2.958335e-06
2.891581e-06
2.824848e-06
2.758135e-06
2.691441e-06
2.624766e-06
2.558108e-06
2.491466e-06
2.424841e-06
2.358231e-06
2.291636e-06
2.225055e-06
2.158487e-06
2.091933e-06
2.025391e-06
1.958861e-06
3.158393e-06
3.091589e-06
3.024808e-06
2.958049e-06
2.891311e-06
2.824593e-06
2.757893e-06
2.691212e-06
2.624548e-06
2.557901e-06
2.49127e-06
2.424655e-06
2.358054e-06
2.291467e-06
2.224894e-06
2.158333e-06
2.091786e-06
2.02525e-06
1.958727e-06
3.158068e-06
3.091283e-06
3.024519e-06
2.957776e-06
2.891053e-06
2.824348e-06
2.757662e-06
2.690993e-06
2.62434e-06
2.557704e-06
2.491083e-06
2.424476e-06
2.357884e-06
2.291305e-06
2.224739e-06
2.158186e-06
2.091646e-06
2.025116e-06
1.958599e-06
3.157774e-06
3.091005e-06
3.024257e-06
2.957528e-06
2.890818e-06
2.824126e-06
2.757452e-06
2.690793e-06
2.624151e-06
2.557524e-06
2.490912e-06
2.424314e-06
2.357729e-06
2.291158e-06
2.224599e-06
2.158052e-06
2.091517e-06
2.024994e-06
1.958482e-06
3.157521e-06
3.090766e-06
3.024031e-06
2.957315e-06
2.890616e-06
2.823935e-06
2.75727e-06
2.690621e-06
2.623987e-06
2.557368e-06
2.490764e-06
2.424173e-06
2.357595e-06
2.291029e-06
2.224477e-06
2.157935e-06
2.091406e-06
2.024887e-06
1.958379e-06
3.157316e-06
3.090572e-06
3.023847e-06
2.957141e-06
2.890451e-06
2.823778e-06
2.757121e-06
2.690479e-06
2.623853e-06
2.55724e-06
2.490641e-06
2.424056e-06
2.357483e-06
2.290923e-06
2.224375e-06
2.157838e-06
2.091313e-06
2.024798e-06
1.958294e-06
3.157158e-06
3.090422e-06
3.023705e-06
2.957005e-06
2.890322e-06
2.823656e-06
2.757004e-06
2.690368e-06
2.623746e-06
2.557138e-06
2.490544e-06
2.423963e-06
2.357394e-06
2.290838e-06
2.224293e-06
2.15776e-06
2.091238e-06
2.024726e-06
1.958225e-06
3.157045e-06
3.090315e-06
3.023603e-06
2.956907e-06
2.890229e-06
2.823566e-06
2.756918e-06
2.690286e-06
2.623667e-06
2.557063e-06
2.490472e-06
2.423893e-06
2.357328e-06
2.290774e-06
2.224232e-06
2.157701e-06
2.091181e-06
2.024672e-06
1.958172e-06
3.156973e-06
3.090246e-06
3.023536e-06
2.956843e-06
2.890167e-06
2.823506e-06
2.756861e-06
2.69023e-06
2.623614e-06
2.557011e-06
2.490422e-06
2.423846e-06
2.357281e-06
2.290729e-06
2.224189e-06
2.157659e-06
2.091141e-06
2.024633e-06
1.958135e-06
3.160268e-06
3.093363e-06
3.026487e-06
2.959639e-06
2.892817e-06
2.82602e-06
2.759247e-06
2.692497e-06
2.625768e-06
2.559061e-06
2.492373e-06
2.425704e-06
2.359053e-06
2.292419e-06
2.225802e-06
2.159201e-06
3.160204e-06
3.093303e-06
3.02643e-06
2.959585e-06
2.892765e-06
2.825971e-06
2.7592e-06
2.692453e-06
2.625726e-06
2.559021e-06
2.492335e-06
2.425668e-06
2.359018e-06
2.292386e-06
2.225771e-06
2.159171e-06
2.092585e-06
3.160079e-06
3.093184e-06
3.026317e-06
2.959478e-06
2.892664e-06
2.825875e-06
2.759109e-06
2.692366e-06
2.625644e-06
2.558942e-06
2.49226e-06
2.425596e-06
2.35895e-06
2.292321e-06
2.225708e-06
2.159111e-06
2.092528e-06
2.02596e-06
1.959405e-06
3.159895e-06
3.093009e-06
3.026152e-06
2.959321e-06
2.892515e-06
2.825733e-06
2.758974e-06
2.692238e-06
2.625522e-06
2.558826e-06
2.49215e-06
2.425491e-06
2.35885e-06
2.292226e-06
2.225617e-06
2.159024e-06
2.092445e-06
2.025881e-06
1.959329e-06
3.159657e-06
3.092784e-06
3.025938e-06
2.959118e-06
2.892323e-06
2.825551e-06
2.758801e-06
2.692073e-06
2.625366e-06
2.558678e-06
2.492008e-06
2.425356e-06
2.358722e-06
2.292103e-06
2.2255e-06
2.158912e-06
2.092338e-06
2.025778e-06
1.959231e-06
3.159372e-06
3.092515e-06
3.025683e-06
2.958876e-06
2.892094e-06
2.825334e-06
2.758595e-06
2.691878e-06
2.62518e-06
2.558501e-06
2.49184e-06
2.425196e-06
2.358569e-06
2.291958e-06
2.225362e-06
2.15878e-06
2.092212e-06
2.025658e-06
1.959116e-06
3.159053e-06
3.092212e-06
3.025397e-06
2.958606e-06
2.891838e-06
2.825091e-06
2.758365e-06
2.69166e-06
2.624973e-06
2.558304e-06
2.491653e-06
2.425018e-06
2.3584e-06
2.291796e-06
2.225208e-06
2.158633e-06
2.092072e-06
2.025524e-06
1.958988e-06
3.158713e-06
3.091891e-06
3.025093e-06
2.958319e-06
2.891566e-06
2.824834e-06
2.758121e-06
2.691428e-06
2.624753e-06
2.558096e-06
2.491455e-06
2.42483e-06
2.358221e-06
2.291626e-06
2.225045e-06
2.158478e-06
2.091924e-06
2.025382e-06
1.958852e-06
3.158369e-06
3.091567e-06
3.024787e-06
2.958029e-06
2.891292e-06
2.824574e-06
2.757876e-06
2.691196e-06
2.624533e-06
2.557886e-06
2.491256e-06
2.424641e-06
2.358041e-06
2.291454e-06
2.224882e-06
2.158322e-06
2.091775e-06
2.02524e-06
1.958717e-06
3.15804e-06
3.091256e-06
3.024494e-06
2.957752e-06
2.89103e-06
2.824327e-06
2.757641e-06
2.690973e-06
2.624322e-06
2.557686e-06
2.491066e-06
2.42446e-06
2.357869e-06
2.291291e-06
2.224726e-06
2.158173e-06
2.091633e-06
2.025104e-06
1.958587e-06
3.157742e-06
3.090975e-06
3.024229e-06
2.957502e-06
2.890793e-06
2.824102e-06
2.757429e-06
2.690772e-06
2.624131e-06
2.557505e-06
2.490893e-06
2.424296e-06
2.357712e-06
2.291142e-06
2.224584e-06
2.158038e-06
2.091504e-06
2.024981e-06
1.958469e-06
3.157488e-06
3.090735e-06
3.024002e-06
2.957287e-06
2.89059e-06
2.82391e-06
2.757246e-06
2.690599e-06
2.623966e-06
2.557348e-06
2.490745e-06
2.424155e-06
2.357578e-06
2.291013e-06
2.224461e-06
2.157921e-06
2.091392e-06
2.024874e-06
1.958367e-06
3.157284e-06
3.090542e-06
3.023819e-06
2.957113e-06
2.890425e-06
2.823754e-06
2.757098e-06
2.690458e-06
2.623832e-06
2.55722e-06
2.490623e-06
2.424038e-06
2.357466e-06
2.290907e-06
2.22436e-06
2.157824e-06
2.091299e-06
2.024785e-06
1.958281e-06
3.15713e-06
3.090396e-06
3.02368e-06
2.956982e-06
2.8903e-06
2.823634e-06
2.756984e-06
2.690349e-06
2.623728e-06
2.557121e-06
2.490528e-06
2.423948e-06
2.35738e-06
2.290824e-06
2.22428e-06
2.157748e-06
2.091226e-06
2.024715e-06
1.958214e-06
3.157028e-06
3.090299e-06
3.023587e-06
2.956893e-06
2.890215e-06
2.823553e-06
2.756906e-06
2.690275e-06
2.623657e-06
2.557053e-06
2.490462e-06
2.423884e-06
2.357319e-06
2.290766e-06
2.224224e-06
2.157694e-06
2.091174e-06
2.024665e-06
1.958166e-06
3.156981e-06
3.090253e-06
3.023543e-06
2.95685e-06
2.890174e-06
2.823513e-06
2.756868e-06
2.690237e-06
2.623621e-06
2.557018e-06
2.490429e-06
2.423852e-06
2.357288e-06
2.290736e-06
2.224195e-06
2.157666e-06
2.091147e-06
2.024639e-06
1.958141e-06
)
;

boundaryField
{
    inlet
    {
        type            zeroGradient;
    }
    outlet
    {
        type            fixedValue;
        value           nonuniform List<scalar> 0();
    }
    chip_bases
    {
        type            zeroGradient;
    }
    walls
    {
        type            zeroGradient;
    }
    procBoundary7to0
    {
        type            processor;
        value           nonuniform List<scalar> 
80
(
2.092626e-06
2.092626e-06
2.026027e-06
2.026027e-06
1.959471e-06
1.892876e-06
2.092625e-06
2.092625e-06
2.026026e-06
2.026026e-06
1.95947e-06
1.892875e-06
2.092625e-06
2.092625e-06
2.026025e-06
2.026025e-06
1.959469e-06
1.892874e-06
2.092624e-06
2.092624e-06
2.026024e-06
2.026024e-06
1.959468e-06
1.892873e-06
2.159209e-06
2.092623e-06
2.092623e-06
2.026023e-06
2.026023e-06
1.959466e-06
1.892872e-06
2.159208e-06
2.092622e-06
2.092622e-06
2.026022e-06
2.026022e-06
1.959465e-06
1.892871e-06
2.159206e-06
2.09262e-06
2.09262e-06
2.02602e-06
2.02602e-06
1.959463e-06
1.892869e-06
2.159204e-06
2.092618e-06
2.092618e-06
2.026018e-06
2.026018e-06
1.959461e-06
1.892867e-06
2.159202e-06
2.092616e-06
2.092616e-06
2.026016e-06
2.026016e-06
1.95946e-06
1.892866e-06
2.1592e-06
2.092614e-06
2.092614e-06
2.026015e-06
2.026015e-06
1.959458e-06
1.892865e-06
2.1592e-06
2.092614e-06
2.092614e-06
2.026014e-06
2.026014e-06
1.959457e-06
1.892864e-06
2.159201e-06
2.092614e-06
2.092614e-06
2.026015e-06
2.026015e-06
1.959458e-06
1.892864e-06
)
;
    }
    procBoundary7to2
    {
        type            processor;
        value           nonuniform List<scalar> 
156
(
1.8928e-06
1.892703e-06
1.892588e-06
1.892459e-06
1.892323e-06
1.892185e-06
1.892054e-06
1.891936e-06
1.891833e-06
1.891748e-06
1.891673e-06
1.891606e-06
1.891507e-06
1.8928e-06
1.892702e-06
1.892587e-06
1.892458e-06
1.892321e-06
1.892184e-06
1.892052e-06
1.891934e-06
1.891831e-06
1.891746e-06
1.89167e-06
1.891602e-06
1.8915e-06
1.892799e-06
1.892701e-06
1.892586e-06
1.892457e-06
1.89232e-06
1.892183e-06
1.892051e-06
1.891932e-06
1.89183e-06
1.891745e-06
1.891669e-06
1.891599e-06
1.891496e-06
1.892798e-06
1.892701e-06
1.892585e-06
1.892456e-06
1.89232e-06
1.892182e-06
1.892051e-06
1.891932e-06
1.89183e-06
1.891744e-06
1.891669e-06
1.891598e-06
1.891494e-06
1.892797e-06
1.8927e-06
1.892585e-06
1.892456e-06
1.89232e-06
1.892183e-06
1.892052e-06
1.891934e-06
1.891831e-06
1.891746e-06
1.89167e-06
1.891599e-06
1.891496e-06
1.892796e-06
1.892699e-06
1.892584e-06
1.892456e-06
1.892321e-06
1.892184e-06
1.892054e-06
1.891936e-06
1.891833e-06
1.891748e-06
1.891673e-06
1.891601e-06
1.891499e-06
1.892794e-06
1.892698e-06
1.892584e-06
1.892456e-06
1.892321e-06
1.892185e-06
1.892055e-06
1.891938e-06
1.891836e-06
1.891751e-06
1.891677e-06
1.891605e-06
1.891512e-06
1.892794e-06
1.892699e-06
1.892587e-06
1.892462e-06
1.892329e-06
1.892196e-06
1.892069e-06
1.891954e-06
1.891853e-06
1.891769e-06
1.891696e-06
1.891627e-06
1.891545e-06
1.892793e-06
1.8927e-06
1.89259e-06
1.892467e-06
1.892337e-06
1.892207e-06
1.892082e-06
1.891968e-06
1.891869e-06
1.891786e-06
1.891716e-06
1.891652e-06
1.891585e-06
1.892793e-06
1.892701e-06
1.892592e-06
1.892471e-06
1.892343e-06
1.892215e-06
1.892092e-06
1.89198e-06
1.891882e-06
1.891799e-06
1.891731e-06
1.891674e-06
1.891623e-06
1.892792e-06
1.8927e-06
1.892591e-06
1.89247e-06
1.892342e-06
1.892214e-06
1.892092e-06
1.89198e-06
1.891882e-06
1.8918e-06
1.891734e-06
1.891683e-06
1.891647e-06
1.892791e-06
1.892697e-06
1.892586e-06
1.892464e-06
1.892334e-06
1.892205e-06
1.892081e-06
1.891968e-06
1.89187e-06
1.891788e-06
1.891723e-06
1.891677e-06
1.891653e-06
)
;
    }
    procBoundary7to5
    {
        type            processor;
        value           nonuniform List<scalar> 
301
(
3.83553e-06
3.759816e-06
3.684165e-06
3.608573e-06
3.83542e-06
3.759712e-06
3.684068e-06
3.608482e-06
3.835532e-06
3.835532e-06
3.759818e-06
3.759818e-06
3.684167e-06
3.684167e-06
3.608575e-06
3.608575e-06
3.533039e-06
3.457555e-06
3.38212e-06
3.306732e-06
3.231385e-06
3.759716e-06
3.684071e-06
3.608485e-06
3.53304e-06
3.53304e-06
3.457556e-06
3.38212e-06
3.306732e-06
3.231385e-06
3.759717e-06
3.684072e-06
3.608486e-06
3.53304e-06
3.53304e-06
3.457556e-06
3.382121e-06
3.306733e-06
3.231386e-06
3.759718e-06
3.684073e-06
3.608486e-06
3.533041e-06
3.533041e-06
3.457557e-06
3.382121e-06
3.306733e-06
3.231386e-06
3.759719e-06
3.684073e-06
3.608487e-06
3.533041e-06
3.533041e-06
3.457557e-06
3.382121e-06
3.306733e-06
3.231386e-06
3.759719e-06
3.684074e-06
3.608487e-06
3.533041e-06
3.533041e-06
3.457557e-06
3.382121e-06
3.306733e-06
3.231386e-06
3.160269e-06
3.093369e-06
3.026491e-06
2.959642e-06
2.892821e-06
2.826024e-06
2.759252e-06
2.692502e-06
2.625774e-06
2.559067e-06
2.49238e-06
2.425712e-06
2.359062e-06
2.292429e-06
2.225813e-06
2.159212e-06
3.16027e-06
3.09337e-06
3.026492e-06
2.959643e-06
2.892821e-06
2.826024e-06
2.759252e-06
2.692502e-06
2.625774e-06
2.559067e-06
2.49238e-06
2.425712e-06
2.359062e-06
2.292429e-06
2.225812e-06
2.159211e-06
3.16027e-06
3.09337e-06
3.026492e-06
2.959643e-06
2.892821e-06
2.826024e-06
2.759252e-06
2.692502e-06
2.625774e-06
2.559067e-06
2.49238e-06
2.425711e-06
2.359061e-06
2.292428e-06
2.225812e-06
2.159211e-06
3.16027e-06
3.09337e-06
3.026492e-06
2.959643e-06
2.892821e-06
2.826024e-06
2.759252e-06
2.692502e-06
2.625774e-06
2.559067e-06
2.492379e-06
2.425711e-06
2.35906e-06
2.292427e-06
2.225811e-06
2.15921e-06
3.16027e-06
3.09337e-06
3.026492e-06
2.959643e-06
2.892821e-06
2.826024e-06
2.759251e-06
2.692501e-06
2.625773e-06
2.559066e-06
2.492379e-06
2.42571e-06
2.35906e-06
2.292426e-06
2.22581e-06
3.16027e-06
3.09337e-06
3.026492e-06
2.959642e-06
2.89282e-06
2.826024e-06
2.759251e-06
2.692501e-06
2.625773e-06
2.559065e-06
2.492378e-06
2.425709e-06
2.359059e-06
2.292426e-06
2.225809e-06
3.759721e-06
3.684075e-06
3.608488e-06
3.533043e-06
3.533043e-06
3.457558e-06
3.382123e-06
3.306734e-06
3.231387e-06
3.759718e-06
3.684072e-06
3.608486e-06
3.53304e-06
3.53304e-06
3.457555e-06
3.38212e-06
3.306731e-06
3.231385e-06
3.759715e-06
3.68407e-06
3.608483e-06
3.533037e-06
3.533037e-06
3.457553e-06
3.382118e-06
3.306729e-06
3.231384e-06
3.684068e-06
3.608481e-06
3.533035e-06
3.533035e-06
3.457551e-06
3.382116e-06
3.306728e-06
3.231383e-06
3.684069e-06
3.608482e-06
3.533036e-06
3.533036e-06
3.457552e-06
3.382117e-06
3.306729e-06
3.231384e-06
3.684075e-06
3.608488e-06
3.533042e-06
3.533042e-06
3.457557e-06
3.382122e-06
3.306733e-06
3.231388e-06
3.16027e-06
3.09337e-06
3.026492e-06
2.959642e-06
2.89282e-06
2.826023e-06
2.75925e-06
2.6925e-06
2.625772e-06
2.559065e-06
2.492377e-06
2.425709e-06
2.359058e-06
2.292425e-06
2.225808e-06
3.160268e-06
3.093366e-06
3.026489e-06
2.95964e-06
2.892818e-06
2.826021e-06
2.759248e-06
2.692498e-06
2.62577e-06
2.559063e-06
2.492375e-06
2.425706e-06
2.359056e-06
2.292422e-06
2.225805e-06
3.160265e-06
3.093363e-06
3.026487e-06
2.959638e-06
2.892816e-06
2.826019e-06
2.759246e-06
2.692497e-06
2.625768e-06
2.559061e-06
2.492373e-06
2.425705e-06
2.359054e-06
2.29242e-06
2.225803e-06
3.160264e-06
3.09336e-06
3.026484e-06
2.959636e-06
2.892814e-06
2.826017e-06
2.759245e-06
2.692495e-06
2.625767e-06
2.559059e-06
2.492372e-06
2.425703e-06
2.359052e-06
2.292419e-06
2.225802e-06
3.160264e-06
3.09336e-06
3.026484e-06
2.959636e-06
2.892814e-06
2.826018e-06
2.759245e-06
2.692495e-06
2.625767e-06
2.559059e-06
2.492372e-06
2.425703e-06
2.359052e-06
2.292418e-06
2.225801e-06
3.160268e-06
3.093363e-06
3.026487e-06
2.959639e-06
2.892817e-06
2.82602e-06
2.759247e-06
2.692497e-06
2.625768e-06
2.559061e-06
2.492373e-06
2.425704e-06
2.359053e-06
2.292419e-06
2.225802e-06
)
;
    }
    procBoundary7to6
    {
        type            processor;
        value           nonuniform List<scalar> 
435
(
3.533037e-06
3.457554e-06
3.382119e-06
3.306731e-06
3.231384e-06
3.532952e-06
3.457473e-06
3.382043e-06
3.30666e-06
3.231318e-06
3.8352e-06
3.759507e-06
3.683875e-06
3.608301e-06
3.532782e-06
3.457313e-06
3.381893e-06
3.306519e-06
3.231185e-06
3.834875e-06
3.759202e-06
3.683589e-06
3.608033e-06
3.53253e-06
3.457078e-06
3.381672e-06
3.306311e-06
3.23099e-06
3.834451e-06
3.758805e-06
3.683217e-06
3.607685e-06
3.532204e-06
3.456771e-06
3.381384e-06
3.306041e-06
3.230736e-06
3.833938e-06
3.758325e-06
3.682769e-06
3.607265e-06
3.53181e-06
3.456403e-06
3.381039e-06
3.305717e-06
3.230432e-06
3.833353e-06
3.757779e-06
3.682258e-06
3.606788e-06
3.531364e-06
3.455985e-06
3.380648e-06
3.305351e-06
3.23009e-06
3.832721e-06
3.757189e-06
3.681708e-06
3.606274e-06
3.530885e-06
3.455537e-06
3.380229e-06
3.304958e-06
3.229723e-06
3.832072e-06
3.756585e-06
3.681146e-06
3.60575e-06
3.530395e-06
3.45508e-06
3.379802e-06
3.304559e-06
3.22935e-06
3.831443e-06
3.756001e-06
3.680602e-06
3.605243e-06
3.529924e-06
3.45464e-06
3.379392e-06
3.304176e-06
3.228992e-06
3.830872e-06
3.75547e-06
3.680108e-06
3.604784e-06
3.529496e-06
3.454242e-06
3.37902e-06
3.303829e-06
3.228668e-06
3.830383e-06
3.755016e-06
3.679686e-06
3.604391e-06
3.52913e-06
3.453901e-06
3.378701e-06
3.303531e-06
3.228389e-06
3.829994e-06
3.754655e-06
3.67935e-06
3.604078e-06
3.528837e-06
3.453627e-06
3.378446e-06
3.303291e-06
3.228164e-06
3.829678e-06
3.754359e-06
3.679073e-06
3.603819e-06
3.528595e-06
3.453399e-06
3.378231e-06
3.30309e-06
3.227974e-06
3.829425e-06
3.754121e-06
3.67885e-06
3.603608e-06
3.528396e-06
3.453212e-06
3.378054e-06
3.302922e-06
3.227815e-06
3.829096e-06
3.75381e-06
3.678555e-06
3.60333e-06
3.528132e-06
3.452961e-06
3.377816e-06
3.302696e-06
3.2276e-06
3.160269e-06
3.093369e-06
3.026491e-06
2.959642e-06
2.89282e-06
2.826024e-06
2.759252e-06
2.692502e-06
2.625774e-06
2.559067e-06
2.49238e-06
2.425712e-06
2.359062e-06
2.292429e-06
2.225813e-06
2.159212e-06
3.160205e-06
3.093308e-06
3.026434e-06
2.959588e-06
2.892769e-06
2.825975e-06
2.759205e-06
2.692458e-06
2.625732e-06
2.559027e-06
2.492342e-06
2.425676e-06
2.359027e-06
2.292396e-06
2.225781e-06
2.159182e-06
2.092598e-06
3.16008e-06
3.093189e-06
3.026321e-06
2.959481e-06
2.892667e-06
2.825878e-06
2.759113e-06
2.69237e-06
2.625649e-06
2.558948e-06
2.492266e-06
2.425603e-06
2.358958e-06
2.292329e-06
2.225717e-06
2.159121e-06
2.092539e-06
2.025972e-06
1.959418e-06
3.159895e-06
3.093014e-06
3.026154e-06
2.959323e-06
2.892517e-06
2.825736e-06
2.758977e-06
2.692241e-06
2.625526e-06
2.558831e-06
2.492154e-06
2.425496e-06
2.358856e-06
2.292232e-06
2.225624e-06
2.159032e-06
2.092454e-06
2.02589e-06
1.959339e-06
3.159656e-06
3.092786e-06
3.025939e-06
2.959118e-06
2.892323e-06
2.825552e-06
2.758802e-06
2.692075e-06
2.625367e-06
2.55868e-06
2.49201e-06
2.425359e-06
2.358725e-06
2.292107e-06
2.225504e-06
2.158917e-06
2.092344e-06
2.025784e-06
1.959238e-06
3.159369e-06
3.092513e-06
3.025681e-06
2.958874e-06
2.892091e-06
2.825332e-06
2.758593e-06
2.691876e-06
2.625178e-06
2.5585e-06
2.491839e-06
2.425196e-06
2.358569e-06
2.291958e-06
2.225362e-06
2.158781e-06
2.092213e-06
2.025659e-06
1.959118e-06
3.159045e-06
3.092206e-06
3.02539e-06
2.958599e-06
2.891831e-06
2.825084e-06
2.758359e-06
2.691653e-06
2.624967e-06
2.558298e-06
2.491647e-06
2.425013e-06
2.358394e-06
2.291791e-06
2.225203e-06
2.158628e-06
2.092068e-06
2.02552e-06
1.958984e-06
3.158698e-06
3.091877e-06
3.02508e-06
2.958306e-06
2.891553e-06
2.824821e-06
2.758109e-06
2.691416e-06
2.624741e-06
2.558084e-06
2.491443e-06
2.424818e-06
2.358209e-06
2.291614e-06
2.225034e-06
2.158467e-06
2.091913e-06
2.025372e-06
1.958842e-06
3.158347e-06
3.091544e-06
3.024766e-06
2.958009e-06
2.891272e-06
2.824555e-06
2.757857e-06
2.691177e-06
2.624514e-06
2.557868e-06
2.491238e-06
2.424623e-06
2.358023e-06
2.291436e-06
2.224864e-06
2.158304e-06
2.091758e-06
2.025223e-06
1.9587e-06
3.15801e-06
3.091225e-06
3.024465e-06
2.957724e-06
2.891003e-06
2.8243e-06
2.757615e-06
2.690947e-06
2.624296e-06
2.557661e-06
2.491041e-06
2.424435e-06
2.357844e-06
2.291266e-06
2.224701e-06
2.158149e-06
2.091609e-06
2.02508e-06
1.958563e-06
3.157705e-06
3.090937e-06
3.024193e-06
2.957467e-06
2.890759e-06
2.82407e-06
2.757397e-06
2.69074e-06
2.6241e-06
2.557474e-06
2.490863e-06
2.424266e-06
2.357683e-06
2.291112e-06
2.224554e-06
2.158008e-06
2.091474e-06
2.024952e-06
1.95844e-06
3.157443e-06
3.090689e-06
3.023959e-06
2.957246e-06
2.89055e-06
2.823871e-06
2.757208e-06
2.690561e-06
2.623929e-06
2.557312e-06
2.490709e-06
2.424119e-06
2.357542e-06
2.290978e-06
2.224427e-06
2.157886e-06
2.091358e-06
2.02484e-06
1.958332e-06
3.157231e-06
3.09049e-06
3.02377e-06
2.957066e-06
2.89038e-06
2.823709e-06
2.757055e-06
2.690415e-06
2.62379e-06
2.55718e-06
2.490583e-06
2.423999e-06
2.357428e-06
2.290869e-06
2.224322e-06
2.157786e-06
2.091262e-06
2.024748e-06
1.958244e-06
3.157052e-06
3.09032e-06
3.023608e-06
2.956912e-06
2.890233e-06
2.82357e-06
2.756921e-06
2.690288e-06
2.623669e-06
2.557064e-06
2.490472e-06
2.423893e-06
2.357326e-06
2.290772e-06
2.224229e-06
2.157697e-06
2.091177e-06
2.024666e-06
1.958166e-06
3.156901e-06
3.090177e-06
3.023471e-06
2.956782e-06
2.890108e-06
2.82345e-06
2.756807e-06
2.690179e-06
2.623565e-06
2.556964e-06
2.490376e-06
2.423801e-06
2.357238e-06
2.290688e-06
2.224148e-06
2.15762e-06
2.091102e-06
2.024595e-06
1.958098e-06
3.156696e-06
3.089981e-06
3.023283e-06
2.956601e-06
2.889935e-06
2.823285e-06
2.756648e-06
2.690026e-06
2.623418e-06
2.556823e-06
2.490241e-06
2.423672e-06
2.357114e-06
2.290568e-06
2.224033e-06
2.157509e-06
2.090996e-06
2.024493e-06
1.958e-06
)
;
    }
    procBoundary7to8
    {
        type            processor;
        value           nonuniform List<scalar> 
14
(
3.835423e-06
3.835425e-06
3.835426e-06
3.835427e-06
3.835428e-06
3.83543e-06
3.835426e-06
3.835423e-06
3.835421e-06
3.759713e-06
3.835423e-06
3.759715e-06
3.83543e-06
3.759721e-06
)
;
    }
    procBoundary7to11
    {
        type            processor;
        value           nonuniform List<scalar> 
203
(
3.911314e-06
3.911196e-06
3.910961e-06
3.910614e-06
3.91016e-06
3.90961e-06
3.908982e-06
3.9083e-06
3.9076e-06
3.90692e-06
3.906301e-06
3.905771e-06
3.905351e-06
3.905011e-06
3.904735e-06
3.904371e-06
3.911316e-06
3.911316e-06
3.911198e-06
3.910963e-06
3.910615e-06
3.910161e-06
3.90961e-06
3.90898e-06
3.908297e-06
3.907594e-06
3.906911e-06
3.906289e-06
3.905758e-06
3.905336e-06
3.904994e-06
3.904714e-06
3.904338e-06
3.911318e-06
3.911318e-06
3.9112e-06
3.910965e-06
3.910617e-06
3.910162e-06
3.90961e-06
3.908979e-06
3.908295e-06
3.90759e-06
3.906905e-06
3.906282e-06
3.905749e-06
3.905326e-06
3.904983e-06
3.9047e-06
3.904316e-06
3.911319e-06
3.911319e-06
3.911201e-06
3.910966e-06
3.910618e-06
3.910163e-06
3.909611e-06
3.90898e-06
3.908295e-06
3.907589e-06
3.906903e-06
3.906279e-06
3.905746e-06
3.905322e-06
3.904979e-06
3.904693e-06
3.904306e-06
3.91132e-06
3.91132e-06
3.911202e-06
3.910967e-06
3.910619e-06
3.910164e-06
3.909612e-06
3.908981e-06
3.908296e-06
3.907591e-06
3.906906e-06
3.906282e-06
3.905748e-06
3.905324e-06
3.904981e-06
3.904694e-06
3.904308e-06
3.911321e-06
3.911321e-06
3.911203e-06
3.910968e-06
3.91062e-06
3.910165e-06
3.909614e-06
3.908983e-06
3.908299e-06
3.907595e-06
3.90691e-06
3.906286e-06
3.905753e-06
3.905329e-06
3.904988e-06
3.904699e-06
3.904322e-06
3.911323e-06
3.911323e-06
3.911205e-06
3.91097e-06
3.910622e-06
3.910167e-06
3.909615e-06
3.908983e-06
3.908298e-06
3.907593e-06
3.906909e-06
3.906286e-06
3.905755e-06
3.905333e-06
3.904999e-06
3.904711e-06
3.904371e-06
3.911319e-06
3.911319e-06
3.911202e-06
3.910968e-06
3.910622e-06
3.91017e-06
3.909624e-06
3.909001e-06
3.908327e-06
3.907634e-06
3.906962e-06
3.906349e-06
3.905826e-06
3.905407e-06
3.90508e-06
3.904804e-06
3.90451e-06
3.911316e-06
3.911316e-06
3.911198e-06
3.910966e-06
3.910622e-06
3.910173e-06
3.909632e-06
3.909016e-06
3.908351e-06
3.90767e-06
3.90701e-06
3.906408e-06
3.905893e-06
3.90548e-06
3.905161e-06
3.90491e-06
3.904676e-06
3.911313e-06
3.911313e-06
3.911196e-06
3.910964e-06
3.910621e-06
3.910174e-06
3.909637e-06
3.909026e-06
3.908369e-06
3.907696e-06
3.907044e-06
3.90645e-06
3.905941e-06
3.905533e-06
3.905223e-06
3.904997e-06
3.904824e-06
3.911315e-06
3.911315e-06
3.911198e-06
3.910965e-06
3.910621e-06
3.910173e-06
3.909633e-06
3.909021e-06
3.908361e-06
3.907687e-06
3.907035e-06
3.906441e-06
3.905933e-06
3.905527e-06
3.905226e-06
3.905024e-06
3.904908e-06
3.911324e-06
3.911324e-06
3.911206e-06
3.910971e-06
3.910623e-06
3.91017e-06
3.909623e-06
3.909001e-06
3.908331e-06
3.907645e-06
3.906983e-06
3.90638e-06
3.905868e-06
3.905463e-06
3.90517e-06
3.904988e-06
3.904915e-06
)
;
    }
}


// ************************************************************************* //
