/*--------------------------------*- C++ -*----------------------------------*\
| =========                 |                                                 |
| \\      /  F ield         | OpenFOAM: The Open Source CFD Toolbox           |
|  \\    /   O peration     | Version:  2406                                  |
|   \\  /    A nd           | Website:  www.openfoam.com                      |
|    \\/     M anipulation  |                                                 |
\*---------------------------------------------------------------------------*/
FoamFile
{
    version     2.0;
    format      ascii;
    arch        "LSB;label=32;scalar=64";
    note        "nPoints:6412  nCells:5384  nFaces:17123  nInternalFaces:15181";
    class       labelList;
    location    "constant/polyMesh";
    object      neighbour;
}
// * * * * * * * * * * * * * * * * * * * * * * * * * * * * * * * * * * * * * //


15181
(
1
20
300
2
21
301
3
22
302
4
23
303
5
24
304
6
25
305
7
26
306
8
27
307
9
28
308
10
29
309
11
30
310
12
31
311
13
32
312
14
33
313
15
34
314
16
35
315
17
36
316
18
37
317
19
38
318
39
319
4220
21
40
320
22
41
321
23
42
322
24
43
323
25
44
324
26
45
325
27
46
326
28
47
327
29
48
328
30
49
329
31
50
330
32
51
331
33
52
332
34
53
333
35
54
334
36
55
335
37
56
336
38
57
337
39
58
338
59
339
4225
41
60
340
42
61
341
43
62
342
44
63
343
45
64
344
46
65
345
47
66
346
48
67
347
49
68
348
50
69
349
51
70
350
52
71
351
53
72
352
54
73
353
55
74
354
56
75
355
57
76
356
58
77
357
59
78
358
79
359
4230
61
80
360
62
81
361
63
82
362
64
83
363
65
84
364
66
85
365
67
86
366
68
87
367
69
88
368
70
89
369
71
90
370
72
91
371
73
92
372
74
93
373
75
94
374
76
95
375
77
96
376
78
97
377
79
98
378
99
379
4235
81
100
380
82
101
381
83
102
382
84
103
383
85
104
384
86
105
385
87
106
386
88
107
387
89
108
388
90
109
389
91
110
390
92
111
391
93
112
392
94
113
393
95
114
394
96
115
395
97
116
396
98
117
397
99
118
398
119
399
4240
101
120
400
102
121
401
103
122
402
104
123
403
105
124
404
106
125
405
107
126
406
108
127
407
109
128
408
110
129
409
111
130
410
112
131
411
113
132
412
114
133
413
115
134
414
116
135
415
117
136
416
118
137
417
119
138
418
139
419
4245
121
140
420
122
141
421
123
142
422
124
143
423
125
144
424
126
145
425
127
146
426
128
147
427
129
148
428
130
149
429
131
150
430
132
151
431
133
152
432
134
153
433
135
154
434
136
155
435
137
156
436
138
157
437
139
158
438
159
439
4250
141
160
440
142
161
441
143
162
442
144
163
443
145
164
444
146
165
445
147
166
446
148
167
447
149
168
448
150
169
449
151
170
450
152
171
451
153
172
452
154
173
453
155
174
454
156
175
455
157
176
456
158
177
457
159
178
458
179
459
4255
161
180
460
162
181
461
163
182
462
164
183
463
165
184
464
166
185
465
167
186
466
168
187
467
169
188
468
170
189
469
171
190
470
172
191
471
173
192
472
174
193
473
175
194
474
176
195
475
177
196
476
178
197
477
179
198
478
199
479
4260
181
200
480
182
201
481
183
202
482
184
203
483
185
204
484
186
205
485
187
206
486
188
207
487
189
208
488
190
209
489
191
210
490
192
211
491
193
212
492
194
213
493
195
214
494
196
215
495
197
216
496
198
217
497
199
218
498
219
499
4265
201
220
500
202
221
501
203
222
502
204
223
503
205
224
504
206
225
505
207
226
506
208
227
507
209
228
508
210
229
509
211
230
510
212
231
511
213
232
512
214
233
513
215
234
514
216
235
515
217
236
516
218
237
517
219
238
518
239
519
4270
221
240
520
222
241
521
223
242
522
224
243
523
225
244
524
226
245
525
227
246
526
228
247
527
229
248
528
230
249
529
231
250
530
232
251
531
233
252
532
234
253
533
235
254
534
236
255
535
237
256
536
238
257
537
239
258
538
259
539
4275
241
260
540
242
261
541
243
262
542
244
263
543
245
264
544
246
265
545
247
266
546
248
267
547
249
268
548
250
269
549
251
270
550
252
271
551
253
272
552
254
273
553
255
274
554
256
275
555
257
276
556
258
277
557
259
278
558
279
559
4280
261
280
560
262
281
561
263
282
562
264
283
563
265
284
564
266
285
565
267
286
566
268
287
567
269
288
568
270
289
569
271
290
570
272
291
571
273
292
572
274
293
573
275
294
574
276
295
575
277
296
576
278
297
577
279
298
578
299
579
4285
281
580
282
581
283
582
284
583
285
584
286
585
287
586
288
587
289
588
290
589
291
590
292
591
293
592
294
593
295
594
296
595
297
596
298
597
299
598
599
4290
301
320
600
302
321
601
303
322
602
304
323
603
305
324
604
306
325
605
307
326
606
308
327
607
309
328
608
310
329
609
311
330
610
312
331
611
313
332
612
314
333
613
315
334
614
316
335
615
317
336
616
318
337
617
319
338
618
339
619
4295
321
340
620
322
341
621
323
342
622
324
343
623
325
344
624
326
345
625
327
346
626
328
347
627
329
348
628
330
349
629
331
350
630
332
351
631
333
352
632
334
353
633
335
354
634
336
355
635
337
356
636
338
357
637
339
358
638
359
639
4300
341
360
640
342
361
641
343
362
642
344
363
643
345
364
644
346
365
645
347
366
646
348
367
647
349
368
648
350
369
649
351
370
650
352
371
651
353
372
652
354
373
653
355
374
654
356
375
655
357
376
656
358
377
657
359
378
658
379
659
4305
361
380
660
362
381
661
363
382
662
364
383
663
365
384
664
366
385
665
367
386
666
368
387
667
369
388
668
370
389
669
371
390
670
372
391
671
373
392
672
374
393
673
375
394
674
376
395
675
377
396
676
378
397
677
379
398
678
399
679
4310
381
400
680
382
401
681
383
402
682
384
403
683
385
404
684
386
405
685
387
406
686
388
407
687
389
408
688
390
409
689
391
410
690
392
411
691
393
412
692
394
413
693
395
414
694
396
415
695
397
416
696
398
417
697
399
418
698
419
699
4315
401
420
700
402
421
701
403
422
702
404
423
703
405
424
704
406
425
705
407
426
706
408
427
707
409
428
708
410
429
709
411
430
710
412
431
711
413
432
712
414
433
713
415
434
714
416
435
715
417
436
716
418
437
717
419
438
718
439
719
4320
421
440
720
422
441
721
423
442
722
424
443
723
425
444
724
426
445
725
427
446
726
428
447
727
429
448
728
430
449
729
431
450
730
432
451
731
433
452
732
434
453
733
435
454
734
436
455
735
437
456
736
438
457
737
439
458
738
459
739
4325
441
460
740
442
461
741
443
462
742
444
463
743
445
464
744
446
465
745
447
466
746
448
467
747
449
468
748
450
469
749
451
470
750
452
471
751
453
472
752
454
473
753
455
474
754
456
475
755
457
476
756
458
477
757
459
478
758
479
759
4330
461
480
760
462
481
761
463
482
762
464
483
763
465
484
764
466
485
765
467
486
766
468
487
767
469
488
768
470
489
769
471
490
770
472
491
771
473
492
772
474
493
773
475
494
774
476
495
775
477
496
776
478
497
777
479
498
778
499
779
4335
481
500
780
482
501
781
483
502
782
484
503
783
485
504
784
486
505
785
487
506
786
488
507
787
489
508
788
490
509
789
491
510
790
492
511
791
493
512
792
494
513
793
495
514
794
496
515
795
497
516
796
498
517
797
499
518
798
519
799
4340
501
520
800
502
521
801
503
522
802
504
523
803
505
524
804
506
525
805
507
526
806
508
527
807
509
528
808
510
529
809
511
530
810
512
531
811
513
532
812
514
533
813
515
534
814
516
535
815
517
536
816
518
537
817
519
538
818
539
819
4345
521
540
820
522
541
821
523
542
822
524
543
823
525
544
824
526
545
825
527
546
826
528
547
827
529
548
828
530
549
829
531
550
830
532
551
831
533
552
832
534
553
833
535
554
834
536
555
835
537
556
836
538
557
837
539
558
838
559
839
4350
541
560
840
542
561
841
543
562
842
544
563
843
545
564
844
546
565
845
547
566
846
548
567
847
549
568
848
550
569
849
551
570
850
552
571
851
553
572
852
554
573
853
555
574
854
556
575
855
557
576
856
558
577
857
559
578
858
579
859
4355
561
580
860
562
581
861
563
582
862
564
583
863
565
584
864
566
585
865
567
586
866
568
587
867
569
588
868
570
589
869
571
590
870
572
591
871
573
592
872
574
593
873
575
594
874
576
595
875
577
596
876
578
597
877
579
598
878
599
879
4360
581
880
582
881
583
882
584
883
585
884
586
885
587
886
588
887
589
888
590
889
591
890
592
891
593
892
594
893
595
894
596
895
597
896
598
897
599
898
899
4365
601
620
900
602
621
901
603
622
902
604
623
903
605
624
904
606
625
905
607
626
906
608
627
907
609
628
908
610
629
909
611
630
910
612
631
911
613
632
912
614
633
913
615
634
914
616
635
915
617
636
916
618
637
917
619
638
918
639
919
4370
621
640
920
622
641
921
623
642
922
624
643
923
625
644
924
626
645
925
627
646
926
628
647
927
629
648
928
630
649
929
631
650
930
632
651
931
633
652
932
634
653
933
635
654
934
636
655
935
637
656
936
638
657
937
639
658
938
659
939
4375
641
660
940
642
661
941
643
662
942
644
663
943
645
664
944
646
665
945
647
666
946
648
667
947
649
668
948
650
669
949
651
670
950
652
671
951
653
672
952
654
673
953
655
674
954
656
675
955
657
676
956
658
677
957
659
678
958
679
959
4380
661
680
960
662
681
961
663
682
962
664
683
963
665
684
964
666
685
965
667
686
966
668
687
967
669
688
968
670
689
969
671
690
970
672
691
971
673
692
972
674
693
973
675
694
974
676
695
975
677
696
976
678
697
977
679
698
978
699
979
4385
681
700
980
682
701
981
683
702
982
684
703
983
685
704
984
686
705
985
687
706
986
688
707
987
689
708
988
690
709
989
691
710
990
692
711
991
693
712
992
694
713
993
695
714
994
696
715
995
697
716
996
698
717
997
699
718
998
719
999
4390
701
720
1000
702
721
1001
703
722
1002
704
723
1003
705
724
1004
706
725
1005
707
726
1006
708
727
1007
709
728
1008
710
729
1009
711
730
1010
712
731
1011
713
732
1012
714
733
1013
715
734
1014
716
735
1015
717
736
1016
718
737
1017
719
738
1018
739
1019
4395
721
740
1020
722
741
1021
723
742
1022
724
743
1023
725
744
1024
726
745
1025
727
746
1026
728
747
1027
729
748
1028
730
749
1029
731
750
1030
732
751
1031
733
752
1032
734
753
1033
735
754
1034
736
755
1035
737
756
1036
738
757
1037
739
758
1038
759
1039
4400
741
760
1040
742
761
1041
743
762
1042
744
763
1043
745
764
1044
746
765
1045
747
766
1046
748
767
1047
749
768
1048
750
769
1049
751
770
1050
752
771
1051
753
772
1052
754
773
1053
755
774
1054
756
775
1055
757
776
1056
758
777
1057
759
778
1058
779
1059
4405
761
780
1060
762
781
1061
763
782
1062
764
783
1063
765
784
1064
766
785
1065
767
786
1066
768
787
1067
769
788
1068
770
789
1069
771
790
1070
772
791
1071
773
792
1072
774
793
1073
775
794
1074
776
795
1075
777
796
1076
778
797
1077
779
798
1078
799
1079
4410
781
800
1080
782
801
1081
783
802
1082
784
803
1083
785
804
1084
786
805
1085
787
806
1086
788
807
1087
789
808
1088
790
809
1089
791
810
1090
792
811
1091
793
812
1092
794
813
1093
795
814
1094
796
815
1095
797
816
1096
798
817
1097
799
818
1098
819
1099
4415
801
820
1100
802
821
1101
803
822
1102
804
823
1103
805
824
1104
806
825
1105
807
826
1106
808
827
1107
809
828
1108
810
829
1109
811
830
1110
812
831
1111
813
832
1112
814
833
1113
815
834
1114
816
835
1115
817
836
1116
818
837
1117
819
838
1118
839
1119
4420
821
840
1120
822
841
1121
823
842
1122
824
843
1123
825
844
1124
826
845
1125
827
846
1126
828
847
1127
829
848
1128
830
849
1129
831
850
1130
832
851
1131
833
852
1132
834
853
1133
835
854
1134
836
855
1135
837
856
1136
838
857
1137
839
858
1138
859
1139
4425
841
860
1140
842
861
1141
843
862
1142
844
863
1143
845
864
1144
846
865
1145
847
866
1146
848
867
1147
849
868
1148
850
869
1149
851
870
1150
852
871
1151
853
872
1152
854
873
1153
855
874
1154
856
875
1155
857
876
1156
858
877
1157
859
878
1158
879
1159
4430
861
880
1160
862
881
1161
863
882
1162
864
883
1163
865
884
1164
866
885
1165
867
886
1166
868
887
1167
869
888
1168
870
889
1169
871
890
1170
872
891
1171
873
892
1172
874
893
1173
875
894
1174
876
895
1175
877
896
1176
878
897
1177
879
898
1178
899
1179
4435
881
1180
882
1181
883
1182
884
1183
885
1184
886
1185
887
1186
888
1187
889
1188
890
1189
891
1190
892
1191
893
1192
894
1193
895
1194
896
1195
897
1196
898
1197
899
1198
1199
4440
901
920
1200
902
921
1201
903
922
1202
904
923
1203
905
924
1204
906
925
1205
907
926
1206
908
927
1207
909
928
1208
910
929
1209
911
930
1210
912
931
1211
913
932
1212
914
933
1213
915
934
1214
916
935
1215
917
936
1216
918
937
1217
919
938
1218
939
1219
4445
921
940
1220
922
941
1221
923
942
1222
924
943
1223
925
944
1224
926
945
1225
927
946
1226
928
947
1227
929
948
1228
930
949
1229
931
950
1230
932
951
1231
933
952
1232
934
953
1233
935
954
1234
936
955
1235
937
956
1236
938
957
1237
939
958
1238
959
1239
4450
941
960
1240
942
961
1241
943
962
1242
944
963
1243
945
964
1244
946
965
1245
947
966
1246
948
967
1247
949
968
1248
950
969
1249
951
970
1250
952
971
1251
953
972
1252
954
973
1253
955
974
1254
956
975
1255
957
976
1256
958
977
1257
959
978
1258
979
1259
4455
961
980
1260
962
981
1261
963
982
1262
964
983
1263
965
984
1264
966
985
1265
967
986
1266
968
987
1267
969
988
1268
970
989
1269
971
990
1270
972
991
1271
973
992
1272
974
993
1273
975
994
1274
976
995
1275
977
996
1276
978
997
1277
979
998
1278
999
1279
4460
981
1000
1280
982
1001
1281
983
1002
1282
984
1003
1283
985
1004
1284
986
1005
1285
987
1006
1286
988
1007
1287
989
1008
1288
990
1009
1289
991
1010
1290
992
1011
1291
993
1012
1292
994
1013
1293
995
1014
1294
996
1015
1295
997
1016
1296
998
1017
1297
999
1018
1298
1019
1299
4465
1001
1020
1300
1002
1021
1301
1003
1022
1302
1004
1023
1303
1005
1024
1304
1006
1025
1305
1007
1026
1306
1008
1027
1307
1009
1028
1308
1010
1029
1309
1011
1030
1310
1012
1031
1311
1013
1032
1312
1014
1033
1313
1015
1034
1314
1016
1035
1315
1017
1036
1316
1018
1037
1317
1019
1038
1318
1039
1319
4470
1021
1040
1320
1022
1041
1321
1023
1042
1322
1024
1043
1323
1025
1044
1324
1026
1045
1325
1027
1046
1326
1028
1047
1327
1029
1048
1328
1030
1049
1329
1031
1050
1330
1032
1051
1331
1033
1052
1332
1034
1053
1333
1035
1054
1334
1036
1055
1335
1037
1056
1336
1038
1057
1337
1039
1058
1338
1059
1339
4475
1041
1060
1340
1042
1061
1341
1043
1062
1342
1044
1063
1343
1045
1064
1344
1046
1065
1345
1047
1066
1346
1048
1067
1347
1049
1068
1348
1050
1069
1349
1051
1070
1350
1052
1071
1351
1053
1072
1352
1054
1073
1353
1055
1074
1354
1056
1075
1355
1057
1076
1356
1058
1077
1357
1059
1078
1358
1079
1359
4480
1061
1080
1360
1062
1081
1361
1063
1082
1362
1064
1083
1363
1065
1084
1364
1066
1085
1365
1067
1086
1366
1068
1087
1367
1069
1088
1368
1070
1089
1369
1071
1090
1370
1072
1091
1371
1073
1092
1372
1074
1093
1373
1075
1094
1374
1076
1095
1375
1077
1096
1376
1078
1097
1377
1079
1098
1378
1099
1379
4485
1081
1100
1380
1082
1101
1381
1083
1102
1382
1084
1103
1383
1085
1104
1384
1086
1105
1385
1087
1106
1386
1088
1107
1387
1089
1108
1388
1090
1109
1389
1091
1110
1390
1092
1111
1391
1093
1112
1392
1094
1113
1393
1095
1114
1394
1096
1115
1395
1097
1116
1396
1098
1117
1397
1099
1118
1398
1119
1399
4490
1101
1120
1400
1102
1121
1401
1103
1122
1402
1104
1123
1403
1105
1124
1404
1106
1125
1405
1107
1126
1406
1108
1127
1407
1109
1128
1408
1110
1129
1409
1111
1130
1410
1112
1131
1411
1113
1132
1412
1114
1133
1413
1115
1134
1414
1116
1135
1415
1117
1136
1416
1118
1137
1417
1119
1138
1418
1139
1419
4495
1121
1140
1420
1122
1141
1421
1123
1142
1422
1124
1143
1423
1125
1144
1424
1126
1145
1425
1127
1146
1426
1128
1147
1427
1129
1148
1428
1130
1149
1429
1131
1150
1430
1132
1151
1431
1133
1152
1432
1134
1153
1433
1135
1154
1434
1136
1155
1435
1137
1156
1436
1138
1157
1437
1139
1158
1438
1159
1439
4500
1141
1160
1440
1142
1161
1441
1143
1162
1442
1144
1163
1443
1145
1164
1444
1146
1165
1445
1147
1166
1446
1148
1167
1447
1149
1168
1448
1150
1169
1449
1151
1170
1450
1152
1171
1451
1153
1172
1452
1154
1173
1453
1155
1174
1454
1156
1175
1455
1157
1176
1456
1158
1177
1457
1159
1178
1458
1179
1459
4505
1161
1180
1460
1162
1181
1461
1163
1182
1462
1164
1183
1463
1165
1184
1464
1166
1185
1465
1167
1186
1466
1168
1187
1467
1169
1188
1468
1170
1189
1469
1171
1190
1470
1172
1191
1471
1173
1192
1472
1174
1193
1473
1175
1194
1474
1176
1195
1475
1177
1196
1476
1178
1197
1477
1179
1198
1478
1199
1479
4510
1181
1480
1182
1481
1183
1482
1184
1483
1185
1484
1186
1485
1187
1486
1188
1487
1189
1488
1190
1489
1191
1490
1192
1491
1193
1492
1194
1493
1195
1494
1196
1495
1197
1496
1198
1497
1199
1498
1499
4515
1201
1220
1500
1202
1221
1501
1203
1222
1502
1204
1223
1503
1205
1224
1504
1206
1225
1505
1207
1226
1506
1208
1227
1507
1209
1228
1508
1210
1229
1509
1211
1230
1510
1212
1231
1511
1213
1232
1512
1214
1233
1513
1215
1234
1514
1216
1235
1515
1217
1236
1516
1218
1237
1517
1219
1238
1518
1239
1519
4520
1221
1240
1520
1222
1241
1521
1223
1242
1522
1224
1243
1523
1225
1244
1524
1226
1245
1525
1227
1246
1526
1228
1247
1527
1229
1248
1528
1230
1249
1529
1231
1250
1530
1232
1251
1531
1233
1252
1532
1234
1253
1533
1235
1254
1534
1236
1255
1535
1237
1256
1536
1238
1257
1537
1239
1258
1538
1259
1539
4525
1241
1260
1540
1242
1261
1541
1243
1262
1542
1244
1263
1543
1245
1264
1544
1246
1265
1545
1247
1266
1546
1248
1267
1547
1249
1268
1548
1250
1269
1549
1251
1270
1550
1252
1271
1551
1253
1272
1552
1254
1273
1553
1255
1274
1554
1256
1275
1555
1257
1276
1556
1258
1277
1557
1259
1278
1558
1279
1559
4530
1261
1280
1560
1262
1281
1561
1263
1282
1562
1264
1283
1563
1265
1284
1564
1266
1285
1565
1267
1286
1566
1268
1287
1567
1269
1288
1568
1270
1289
1569
1271
1290
1570
1272
1291
1571
1273
1292
1572
1274
1293
1573
1275
1294
1574
1276
1295
1575
1277
1296
1576
1278
1297
1577
1279
1298
1578
1299
1579
4535
1281
1300
1580
1282
1301
1581
1283
1302
1582
1284
1303
1583
1285
1304
1584
1286
1305
1585
1287
1306
1586
1288
1307
1587
1289
1308
1588
1290
1309
1589
1291
1310
1590
1292
1311
1591
1293
1312
1592
1294
1313
1593
1295
1314
1594
1296
1315
1595
1297
1316
1596
1298
1317
1597
1299
1318
1598
1319
1599
4540
1301
1320
1600
1302
1321
1601
1303
1322
1602
1304
1323
1603
1305
1324
1604
1306
1325
1605
1307
1326
1606
1308
1327
1607
1309
1328
1608
1310
1329
1609
1311
1330
1610
1312
1331
1611
1313
1332
1612
1314
1333
1613
1315
1334
1614
1316
1335
1615
1317
1336
1616
1318
1337
1617
1319
1338
1618
1339
1619
4545
1321
1340
1620
1322
1341
1621
1323
1342
1622
1324
1343
1623
1325
1344
1624
1326
1345
1625
1327
1346
1626
1328
1347
1627
1329
1348
1628
1330
1349
1629
1331
1350
1630
1332
1351
1631
1333
1352
1632
1334
1353
1633
1335
1354
1634
1336
1355
1635
1337
1356
1636
1338
1357
1637
1339
1358
1638
1359
1639
4550
1341
1360
1640
1342
1361
1641
1343
1362
1642
1344
1363
1643
1345
1364
1644
1346
1365
1645
1347
1366
1646
1348
1367
1647
1349
1368
1648
1350
1369
1649
1351
1370
1650
1352
1371
1651
1353
1372
1652
1354
1373
1653
1355
1374
1654
1356
1375
1655
1357
1376
1656
1358
1377
1657
1359
1378
1658
1379
1659
4555
1361
1380
1660
1362
1381
1661
1363
1382
1662
1364
1383
1663
1365
1384
1664
1366
1385
1665
1367
1386
1666
1368
1387
1667
1369
1388
1668
1370
1389
1669
1371
1390
1670
1372
1391
1671
1373
1392
1672
1374
1393
1673
1375
1394
1674
1376
1395
1675
1377
1396
1676
1378
1397
1677
1379
1398
1678
1399
1679
4560
1381
1400
1680
1382
1401
1681
1383
1402
1682
1384
1403
1683
1385
1404
1684
1386
1405
1685
1387
1406
1686
1388
1407
1687
1389
1408
1688
1390
1409
1689
1391
1410
1690
1392
1411
1691
1393
1412
1692
1394
1413
1693
1395
1414
1694
1396
1415
1695
1397
1416
1696
1398
1417
1697
1399
1418
1698
1419
1699
4565
1401
1420
1700
1402
1421
1701
1403
1422
1702
1404
1423
1703
1405
1424
1704
1406
1425
1705
1407
1426
1706
1408
1427
1707
1409
1428
1708
1410
1429
1709
1411
1430
1710
1412
1431
1711
1413
1432
1712
1414
1433
1713
1415
1434
1714
1416
1435
1715
1417
1436
1716
1418
1437
1717
1419
1438
1718
1439
1719
4570
1421
1440
1720
1422
1441
1721
1423
1442
1722
1424
1443
1723
1425
1444
1724
1426
1445
1725
1427
1446
1726
1428
1447
1727
1429
1448
1728
1430
1449
1729
1431
1450
1730
1432
1451
1731
1433
1452
1732
1434
1453
1733
1435
1454
1734
1436
1455
1735
1437
1456
1736
1438
1457
1737
1439
1458
1738
1459
1739
4575
1441
1460
1740
1442
1461
1741
1443
1462
1742
1444
1463
1743
1445
1464
1744
1446
1465
1745
1447
1466
1746
1448
1467
1747
1449
1468
1748
1450
1469
1749
1451
1470
1750
1452
1471
1751
1453
1472
1752
1454
1473
1753
1455
1474
1754
1456
1475
1755
1457
1476
1756
1458
1477
1757
1459
1478
1758
1479
1759
4580
1461
1480
1760
1462
1481
1761
1463
1482
1762
1464
1483
1763
1465
1484
1764
1466
1485
1765
1467
1486
1766
1468
1487
1767
1469
1488
1768
1470
1489
1769
1471
1490
1770
1472
1491
1771
1473
1492
1772
1474
1493
1773
1475
1494
1774
1476
1495
1775
1477
1496
1776
1478
1497
1777
1479
1498
1778
1499
1779
4585
1481
1780
1482
1781
1483
1782
1484
1783
1485
1784
1486
1785
1487
1786
1488
1787
1489
1788
1490
1789
1491
1790
1492
1791
1493
1792
1494
1793
1495
1794
1496
1795
1497
1796
1498
1797
1499
1798
1799
4590
1501
1520
1800
1502
1521
1801
1503
1522
1802
1504
1523
1803
1505
1524
1804
1506
1525
1805
1507
1526
1806
1508
1527
1807
1509
1528
1808
1510
1529
1809
1511
1530
1810
1512
1531
1811
1513
1532
1812
1514
1533
1813
1515
1534
1814
1516
1535
1815
1517
1536
1816
1518
1537
1817
1519
1538
1818
1539
1819
4595
1521
1540
1820
1522
1541
1821
1523
1542
1822
1524
1543
1823
1525
1544
1824
1526
1545
1825
1527
1546
1826
1528
1547
1827
1529
1548
1828
1530
1549
1829
1531
1550
1830
1532
1551
1831
1533
1552
1832
1534
1553
1833
1535
1554
1834
1536
1555
1835
1537
1556
1836
1538
1557
1837
1539
1558
1838
1559
1839
4600
1541
1560
1840
1542
1561
1841
1543
1562
1842
1544
1563
1843
1545
1564
1844
1546
1565
1845
1547
1566
1846
1548
1567
1847
1549
1568
1848
1550
1569
1849
1551
1570
1850
1552
1571
1851
1553
1572
1852
1554
1573
1853
1555
1574
1854
1556
1575
1855
1557
1576
1856
1558
1577
1857
1559
1578
1858
1579
1859
4605
1561
1580
1860
1562
1581
1861
1563
1582
1862
1564
1583
1863
1565
1584
1864
1566
1585
1865
1567
1586
1866
1568
1587
1867
1569
1588
1868
1570
1589
1869
1571
1590
1870
1572
1591
1871
1573
1592
1872
1574
1593
1873
1575
1594
1874
1576
1595
1875
1577
1596
1876
1578
1597
1877
1579
1598
1878
1599
1879
4610
1581
1600
1880
1582
1601
1881
1583
1602
1882
1584
1603
1883
1585
1604
1884
1586
1605
1885
1587
1606
1886
1588
1607
1887
1589
1608
1888
1590
1609
1889
1591
1610
1890
1592
1611
1891
1593
1612
1892
1594
1613
1893
1595
1614
1894
1596
1615
1895
1597
1616
1896
1598
1617
1897
1599
1618
1898
1619
1899
4615
1601
1620
1900
1602
1621
1901
1603
1622
1902
1604
1623
1903
1605
1624
1904
1606
1625
1905
1607
1626
1906
1608
1627
1907
1609
1628
1908
1610
1629
1909
1611
1630
1910
1612
1631
1911
1613
1632
1912
1614
1633
1913
1615
1634
1914
1616
1635
1915
1617
1636
1916
1618
1637
1917
1619
1638
1918
1639
1919
4620
1621
1640
1920
1622
1641
1921
1623
1642
1922
1624
1643
1923
1625
1644
1924
1626
1645
1925
1627
1646
1926
1628
1647
1927
1629
1648
1928
1630
1649
1929
1631
1650
1930
1632
1651
1931
1633
1652
1932
1634
1653
1933
1635
1654
1934
1636
1655
1935
1637
1656
1936
1638
1657
1937
1639
1658
1938
1659
1939
4625
1641
1660
1940
1642
1661
1941
1643
1662
1942
1644
1663
1943
1645
1664
1944
1646
1665
1945
1647
1666
1946
1648
1667
1947
1649
1668
1948
1650
1669
1949
1651
1670
1950
1652
1671
1951
1653
1672
1952
1654
1673
1953
1655
1674
1954
1656
1675
1955
1657
1676
1956
1658
1677
1957
1659
1678
1958
1679
1959
4630
1661
1680
1960
1662
1681
1961
1663
1682
1962
1664
1683
1963
1665
1684
1964
1666
1685
1965
1667
1686
1966
1668
1687
1967
1669
1688
1968
1670
1689
1969
1671
1690
1970
1672
1691
1971
1673
1692
1972
1674
1693
1973
1675
1694
1974
1676
1695
1975
1677
1696
1976
1678
1697
1977
1679
1698
1978
1699
1979
4635
1681
1700
1980
1682
1701
1981
1683
1702
1982
1684
1703
1983
1685
1704
1984
1686
1705
1985
1687
1706
1986
1688
1707
1987
1689
1708
1988
1690
1709
1989
1691
1710
1990
1692
1711
1991
1693
1712
1992
1694
1713
1993
1695
1714
1994
1696
1715
1995
1697
1716
1996
1698
1717
1997
1699
1718
1998
1719
1999
4640
1701
1720
2000
1702
1721
2001
1703
1722
2002
1704
1723
2003
1705
1724
2004
1706
1725
2005
1707
1726
2006
1708
1727
2007
1709
1728
2008
1710
1729
2009
1711
1730
2010
1712
1731
2011
1713
1732
2012
1714
1733
2013
1715
1734
2014
1716
1735
2015
1717
1736
2016
1718
1737
2017
1719
1738
2018
1739
2019
4645
1721
1740
2020
1722
1741
2021
1723
1742
2022
1724
1743
2023
1725
1744
2024
1726
1745
2025
1727
1746
2026
1728
1747
2027
1729
1748
2028
1730
1749
2029
1731
1750
2030
1732
1751
2031
1733
1752
2032
1734
1753
2033
1735
1754
2034
1736
1755
2035
1737
1756
2036
1738
1757
2037
1739
1758
2038
1759
2039
4650
1741
1760
2040
1742
1761
2041
1743
1762
2042
1744
1763
2043
1745
1764
2044
1746
1765
2045
1747
1766
2046
1748
1767
2047
1749
1768
2048
1750
1769
2049
1751
1770
2050
1752
1771
2051
1753
1772
2052
1754
1773
2053
1755
1774
2054
1756
1775
2055
1757
1776
2056
1758
1777
2057
1759
1778
2058
1779
2059
4655
1761
1780
2060
1762
1781
2061
1763
1782
2062
1764
1783
2063
1765
1784
2064
1766
1785
2065
1767
1786
2066
1768
1787
2067
1769
1788
2068
1770
1789
2069
1771
1790
2070
1772
1791
2071
1773
1792
2072
1774
1793
2073
1775
1794
2074
1776
1795
2075
1777
1796
2076
1778
1797
2077
1779
1798
2078
1799
2079
4660
1781
2080
1782
2081
1783
2082
1784
2083
1785
2084
1786
2085
1787
2086
1788
2087
1789
2088
1790
2089
1791
2090
1792
2091
1793
2092
1794
2093
1795
2094
1796
2095
1797
2096
1798
2097
1799
2098
2099
4665
1801
1820
2100
1802
1821
2101
1803
1822
2102
1804
1823
2103
1805
1824
2104
1806
1825
2105
1807
1826
2106
1808
1827
2107
1809
1828
2108
1810
1829
2109
1811
1830
2110
1812
1831
2111
1813
1832
2112
1814
1833
2113
1815
1834
2114
1816
1835
2115
1817
1836
2116
1818
1837
2117
1819
1838
2118
1839
2119
4670
1821
1840
2120
1822
1841
2121
1823
1842
2122
1824
1843
2123
1825
1844
2124
1826
1845
2125
1827
1846
2126
1828
1847
2127
1829
1848
2128
1830
1849
2129
1831
1850
2130
1832
1851
2131
1833
1852
2132
1834
1853
2133
1835
1854
2134
1836
1855
2135
1837
1856
2136
1838
1857
2137
1839
1858
2138
1859
2139
4675
1841
1860
2140
1842
1861
2141
1843
1862
2142
1844
1863
2143
1845
1864
2144
1846
1865
2145
1847
1866
2146
1848
1867
2147
1849
1868
2148
1850
1869
2149
1851
1870
2150
1852
1871
2151
1853
1872
2152
1854
1873
2153
1855
1874
2154
1856
1875
2155
1857
1876
2156
1858
1877
2157
1859
1878
2158
1879
2159
4680
1861
1880
2160
1862
1881
2161
1863
1882
2162
1864
1883
2163
1865
1884
2164
1866
1885
2165
1867
1886
2166
1868
1887
2167
1869
1888
2168
1870
1889
2169
1871
1890
2170
1872
1891
2171
1873
1892
2172
1874
1893
2173
1875
1894
2174
1876
1895
2175
1877
1896
2176
1878
1897
2177
1879
1898
2178
1899
2179
4685
1881
1900
2180
1882
1901
2181
1883
1902
2182
1884
1903
2183
1885
1904
2184
1886
1905
2185
1887
1906
2186
1888
1907
2187
1889
1908
2188
1890
1909
2189
1891
1910
2190
1892
1911
2191
1893
1912
2192
1894
1913
2193
1895
1914
2194
1896
1915
2195
1897
1916
2196
1898
1917
2197
1899
1918
2198
1919
2199
4690
1901
1920
2200
1902
1921
2201
1903
1922
2202
1904
1923
2203
1905
1924
2204
1906
1925
2205
1907
1926
2206
1908
1927
2207
1909
1928
2208
1910
1929
2209
1911
1930
2210
1912
1931
2211
1913
1932
2212
1914
1933
2213
1915
1934
2214
1916
1935
2215
1917
1936
2216
1918
1937
2217
1919
1938
2218
1939
2219
4695
1921
1940
2220
1922
1941
2221
1923
1942
2222
1924
1943
2223
1925
1944
2224
1926
1945
2225
1927
1946
2226
1928
1947
2227
1929
1948
2228
1930
1949
2229
1931
1950
2230
1932
1951
2231
1933
1952
2232
1934
1953
2233
1935
1954
2234
1936
1955
2235
1937
1956
2236
1938
1957
2237
1939
1958
2238
1959
2239
4700
1941
1960
2240
1942
1961
2241
1943
1962
2242
1944
1963
2243
1945
1964
2244
1946
1965
2245
1947
1966
2246
1948
1967
2247
1949
1968
2248
1950
1969
2249
1951
1970
2250
1952
1971
2251
1953
1972
2252
1954
1973
2253
1955
1974
2254
1956
1975
2255
1957
1976
2256
1958
1977
2257
1959
1978
2258
1979
2259
4705
1961
1980
2260
1962
1981
2261
1963
1982
2262
1964
1983
2263
1965
1984
2264
1966
1985
2265
1967
1986
2266
1968
1987
2267
1969
1988
2268
1970
1989
2269
1971
1990
2270
1972
1991
2271
1973
1992
2272
1974
1993
2273
1975
1994
2274
1976
1995
2275
1977
1996
2276
1978
1997
2277
1979
1998
2278
1999
2279
4710
1981
2000
2280
1982
2001
2281
1983
2002
2282
1984
2003
2283
1985
2004
2284
1986
2005
2285
1987
2006
2286
1988
2007
2287
1989
2008
2288
1990
2009
2289
1991
2010
2290
1992
2011
2291
1993
2012
2292
1994
2013
2293
1995
2014
2294
1996
2015
2295
1997
2016
2296
1998
2017
2297
1999
2018
2298
2019
2299
4715
2001
2020
2300
2002
2021
2301
2003
2022
2302
2004
2023
2303
2005
2024
2304
2006
2025
2305
2007
2026
2306
2008
2027
2307
2009
2028
2308
2010
2029
2309
2011
2030
2310
2012
2031
2311
2013
2032
2312
2014
2033
2313
2015
2034
2314
2016
2035
2315
2017
2036
2316
2018
2037
2317
2019
2038
2318
2039
2319
4720
2021
2040
2320
2022
2041
2321
2023
2042
2322
2024
2043
2323
2025
2044
2324
2026
2045
2325
2027
2046
2326
2028
2047
2327
2029
2048
2328
2030
2049
2329
2031
2050
2330
2032
2051
2331
2033
2052
2332
2034
2053
2333
2035
2054
2334
2036
2055
2335
2037
2056
2336
2038
2057
2337
2039
2058
2338
2059
2339
4725
2041
2060
2340
2042
2061
2341
2043
2062
2342
2044
2063
2343
2045
2064
2344
2046
2065
2345
2047
2066
2346
2048
2067
2347
2049
2068
2348
2050
2069
2349
2051
2070
2350
2052
2071
2351
2053
2072
2352
2054
2073
2353
2055
2074
2354
2056
2075
2355
2057
2076
2356
2058
2077
2357
2059
2078
2358
2079
2359
4730
2061
2080
2360
2062
2081
2361
2063
2082
2362
2064
2083
2363
2065
2084
2364
2066
2085
2365
2067
2086
2366
2068
2087
2367
2069
2088
2368
2070
2089
2369
2071
2090
2370
2072
2091
2371
2073
2092
2372
2074
2093
2373
2075
2094
2374
2076
2095
2375
2077
2096
2376
2078
2097
2377
2079
2098
2378
2099
2379
4735
2081
2380
2082
2381
2083
2382
2084
2383
2085
2384
2086
2385
2087
2386
2088
2387
2089
2388
2090
2389
2091
2390
2092
2391
2093
2392
2094
2393
2095
2394
2096
2395
2097
2396
2098
2397
2099
2398
2399
4740
2101
2120
2400
2102
2121
2401
2103
2122
2402
2104
2123
2403
2105
2124
2404
2106
2125
2405
2107
2126
2406
2108
2127
2407
2109
2128
2408
2110
2129
2409
2111
2130
2410
2112
2131
2411
2113
2132
2412
2114
2133
2413
2115
2134
2414
2116
2135
2415
2117
2136
2416
2118
2137
2417
2119
2138
2418
2139
2419
4745
2121
2140
2420
2122
2141
2421
2123
2142
2422
2124
2143
2423
2125
2144
2424
2126
2145
2425
2127
2146
2426
2128
2147
2427
2129
2148
2428
2130
2149
2429
2131
2150
2430
2132
2151
2431
2133
2152
2432
2134
2153
2433
2135
2154
2434
2136
2155
2435
2137
2156
2436
2138
2157
2437
2139
2158
2438
2159
2439
4750
2141
2160
2440
2142
2161
2441
2143
2162
2442
2144
2163
2443
2145
2164
2444
2146
2165
2445
2147
2166
2446
2148
2167
2447
2149
2168
2448
2150
2169
2449
2151
2170
2450
2152
2171
2451
2153
2172
2452
2154
2173
2453
2155
2174
2454
2156
2175
2455
2157
2176
2456
2158
2177
2457
2159
2178
2458
2179
2459
4755
2161
2180
2460
2162
2181
2461
2163
2182
2462
2164
2183
2463
2165
2184
2464
2166
2185
2465
2167
2186
2466
2168
2187
2467
2169
2188
2468
2170
2189
2469
2171
2190
2470
2172
2191
2471
2173
2192
2472
2174
2193
2473
2175
2194
2474
2176
2195
2475
2177
2196
2476
2178
2197
2477
2179
2198
2478
2199
2479
4760
2181
2200
2480
2182
2201
2481
2183
2202
2482
2184
2203
2483
2185
2204
2484
2186
2205
2485
2187
2206
2486
2188
2207
2487
2189
2208
2488
2190
2209
2489
2191
2210
2490
2192
2211
2491
2193
2212
2492
2194
2213
2493
2195
2214
2494
2196
2215
2495
2197
2216
2496
2198
2217
2497
2199
2218
2498
2219
2499
4765
2201
2220
2500
2202
2221
2501
2203
2222
2502
2204
2223
2503
2205
2224
2504
2206
2225
2505
2207
2226
2506
2208
2227
2507
2209
2228
2508
2210
2229
2509
2211
2230
2510
2212
2231
2511
2213
2232
2512
2214
2233
2513
2215
2234
2514
2216
2235
2515
2217
2236
2516
2218
2237
2517
2219
2238
2518
2239
2519
4770
2221
2240
2520
2222
2241
2521
2223
2242
2522
2224
2243
2523
2225
2244
2524
2226
2245
2525
2227
2246
2526
2228
2247
2527
2229
2248
2528
2230
2249
2529
2231
2250
2530
2232
2251
2531
2233
2252
2532
2234
2253
2533
2235
2254
2534
2236
2255
2535
2237
2256
2536
2238
2257
2537
2239
2258
2538
2259
2539
4775
2241
2260
2540
2242
2261
2541
2243
2262
2542
2244
2263
2543
2245
2264
2544
2246
2265
2545
2247
2266
2546
2248
2267
2547
2249
2268
2548
2250
2269
2549
2251
2270
2550
2252
2271
2551
2253
2272
2552
2254
2273
2553
2255
2274
2554
2256
2275
2555
2257
2276
2556
2258
2277
2557
2259
2278
2558
2279
2559
4780
2261
2280
2560
2262
2281
2561
2263
2282
2562
2264
2283
2563
2265
2284
2564
2266
2285
2565
2267
2286
2566
2268
2287
2567
2269
2288
2568
2270
2289
2569
2271
2290
2570
2272
2291
2571
2273
2292
2572
2274
2293
2573
2275
2294
2574
2276
2295
2575
2277
2296
2576
2278
2297
2577
2279
2298
2578
2299
2579
4785
2281
2300
2580
2282
2301
2581
2283
2302
2582
2284
2303
2583
2285
2304
2584
2286
2305
2585
2287
2306
2586
2288
2307
2587
2289
2308
2588
2290
2309
2589
2291
2310
2590
2292
2311
2591
2293
2312
2592
2294
2313
2593
2295
2314
2594
2296
2315
2595
2297
2316
2596
2298
2317
2597
2299
2318
2598
2319
2599
4790
2301
2320
2600
2302
2321
2601
2303
2322
2602
2304
2323
2603
2305
2324
2604
2306
2325
2605
2307
2326
2606
2308
2327
2607
2309
2328
2608
2310
2329
2609
2311
2330
2610
2312
2331
2611
2313
2332
2612
2314
2333
2613
2315
2334
2614
2316
2335
2615
2317
2336
2616
2318
2337
2617
2319
2338
2618
2339
2619
4795
2321
2340
2620
2322
2341
2621
2323
2342
2622
2324
2343
2623
2325
2344
2624
2326
2345
2625
2327
2346
2626
2328
2347
2627
2329
2348
2628
2330
2349
2629
2331
2350
2630
2332
2351
2631
2333
2352
2632
2334
2353
2633
2335
2354
2634
2336
2355
2635
2337
2356
2636
2338
2357
2637
2339
2358
2638
2359
2639
4800
2341
2360
2640
2342
2361
2641
2343
2362
2642
2344
2363
2643
2345
2364
2644
2346
2365
2645
2347
2366
2646
2348
2367
2647
2349
2368
2648
2350
2369
2649
2351
2370
2650
2352
2371
2651
2353
2372
2652
2354
2373
2653
2355
2374
2654
2356
2375
2655
2357
2376
2656
2358
2377
2657
2359
2378
2658
2379
2659
4805
2361
2380
2660
2362
2381
2661
2363
2382
2662
2364
2383
2663
2365
2384
2664
2366
2385
2665
2367
2386
2666
2368
2387
2667
2369
2388
2668
2370
2389
2669
2371
2390
2670
2372
2391
2671
2373
2392
2672
2374
2393
2673
2375
2394
2674
2376
2395
2675
2377
2396
2676
2378
2397
2677
2379
2398
2678
2399
2679
4810
2381
2680
2382
2681
2383
2682
2384
2683
2385
2684
2386
2685
2387
2686
2388
2687
2389
2688
2390
2689
2391
2690
2392
2691
2393
2692
2394
2693
2395
2694
2396
2695
2397
2696
2398
2697
2399
2698
2699
4815
2401
2420
2700
2402
2421
2701
2403
2422
2702
2404
2423
2703
2405
2424
2704
2406
2425
2705
2407
2426
2706
2408
2427
2707
2409
2428
2708
2410
2429
2709
2411
2430
2710
2412
2431
2711
2413
2432
2712
2414
2433
2713
2415
2434
2714
2416
2435
2715
2417
2436
2716
2418
2437
2717
2419
2438
2718
2439
2719
4820
2421
2440
2720
2422
2441
2721
2423
2442
2722
2424
2443
2723
2425
2444
2724
2426
2445
2725
2427
2446
2726
2428
2447
2727
2429
2448
2728
2430
2449
2729
2431
2450
2730
2432
2451
2731
2433
2452
2732
2434
2453
2733
2435
2454
2734
2436
2455
2735
2437
2456
2736
2438
2457
2737
2439
2458
2738
2459
2739
4826
2441
2460
2740
2442
2461
2741
2443
2462
2742
2444
2463
2743
2445
2464
2744
2446
2465
2745
2447
2466
2746
2448
2467
2747
2449
2468
2748
2450
2469
2749
2451
2470
2750
2452
2471
2751
2453
2472
2752
2454
2473
2753
2455
2474
2754
2456
2475
2755
2457
2476
2756
2458
2477
2757
2459
2478
2758
2479
2759
4832
2461
2480
2760
2462
2481
2761
2463
2482
2762
2464
2483
2763
2465
2484
2764
2466
2485
2765
2467
2486
2766
2468
2487
2767
2469
2488
2768
2470
2489
2769
2471
2490
2770
2472
2491
2771
2473
2492
2772
2474
2493
2773
2475
2494
2774
2476
2495
2775
2477
2496
2776
2478
2497
2777
2479
2498
2778
2499
2779
4838
2481
2500
2780
2482
2501
2781
2483
2502
2782
2484
2503
2783
2485
2504
2784
2486
2505
2785
2487
2506
2786
2488
2507
2787
2489
2508
2788
2490
2509
2789
2491
2510
2790
2492
2511
2791
2493
2512
2792
2494
2513
2793
2495
2514
2794
2496
2515
2795
2497
2516
2796
2498
2517
2797
2499
2518
2798
2519
2799
4844
2501
2520
2800
2502
2521
2801
2503
2522
2802
2504
2523
2803
2505
2524
2804
2506
2525
2805
2507
2526
2806
2508
2527
2807
2509
2528
2808
2510
2529
2809
2511
2530
2810
2512
2531
2811
2513
2532
2812
2514
2533
2813
2515
2534
2814
2516
2535
2815
2517
2536
2816
2518
2537
2817
2519
2538
2818
2539
2819
4850
2521
2540
2820
2522
2541
2821
2523
2542
2822
2524
2543
2823
2525
2544
2824
2526
2545
2825
2527
2546
2826
2528
2547
2827
2529
2548
2828
2530
2549
2829
2531
2550
2830
2532
2551
2831
2533
2552
2832
2534
2553
2833
2535
2554
2834
2536
2555
2835
2537
2556
2836
2538
2557
2837
2539
2558
2838
2559
2839
4856
2541
2560
2840
2542
2561
2841
2543
2562
2842
2544
2563
2843
2545
2564
2844
2546
2565
2845
2547
2566
2846
2548
2567
2847
2549
2568
2848
2550
2569
2849
2551
2570
2850
2552
2571
2851
2553
2572
2852
2554
2573
2853
2555
2574
2854
2556
2575
2855
2557
2576
2856
2558
2577
2857
2559
2578
2858
2579
2859
4862
2561
2580
2860
2562
2581
2861
2563
2582
2862
2564
2583
2863
2565
2584
2864
2566
2585
2865
2567
2586
2866
2568
2587
2867
2569
2588
2868
2570
2589
2869
2571
2590
2870
2572
2591
2871
2573
2592
2872
2574
2593
2873
2575
2594
2874
2576
2595
2875
2577
2596
2876
2578
2597
2877
2579
2598
2878
2599
2879
4868
2581
2600
2880
2582
2601
2881
2583
2602
2882
2584
2603
2883
2585
2604
2884
2586
2605
2885
2587
2606
2886
2588
2607
2887
2589
2608
2888
2590
2609
2889
2591
2610
2890
2592
2611
2891
2593
2612
2892
2594
2613
2893
2595
2614
2894
2596
2615
2895
2597
2616
2896
2598
2617
2897
2599
2618
2898
2619
2899
4874
2601
2620
2900
2602
2621
2901
2603
2622
2902
2604
2623
2903
2605
2624
2904
2606
2625
2905
2607
2626
2906
2608
2627
2907
2609
2628
2908
2610
2629
2909
2611
2630
2910
2612
2631
2911
2613
2632
2912
2614
2633
2913
2615
2634
2914
2616
2635
2915
2617
2636
2916
2618
2637
2917
2619
2638
2918
2639
2919
4880
2621
2640
2920
2622
2641
2921
2623
2642
2922
2624
2643
2923
2625
2644
2924
2626
2645
2925
2627
2646
2926
2628
2647
2927
2629
2648
2928
2630
2649
2929
2631
2650
2930
2632
2651
2931
2633
2652
2932
2634
2653
2933
2635
2654
2934
2636
2655
2935
2637
2656
2936
2638
2657
2937
2639
2658
2938
2659
2939
4886
2641
2660
2940
2642
2661
2941
2643
2662
2942
2644
2663
2943
2645
2664
2944
2646
2665
2945
2647
2666
2946
2648
2667
2947
2649
2668
2948
2650
2669
2949
2651
2670
2950
2652
2671
2951
2653
2672
2952
2654
2673
2953
2655
2674
2954
2656
2675
2955
2657
2676
2956
2658
2677
2957
2659
2678
2958
2679
2959
4892
2661
2680
2960
2662
2681
2961
2663
2682
2962
2664
2683
2963
2665
2684
2964
2666
2685
2965
2667
2686
2966
2668
2687
2967
2669
2688
2968
2670
2689
2969
2671
2690
2970
2672
2691
2971
2673
2692
2972
2674
2693
2973
2675
2694
2974
2676
2695
2975
2677
2696
2976
2678
2697
2977
2679
2698
2978
2699
2979
4898
2681
2980
2682
2981
2683
2982
2684
2983
2685
2984
2686
2985
2687
2986
2688
2987
2689
2988
2690
2989
2691
2990
2692
2991
2693
2992
2694
2993
2695
2994
2696
2995
2697
2996
2698
2997
2699
2998
2999
4904
2701
2720
3000
2702
2721
3001
2703
2722
3002
2704
2723
3003
2705
2724
3004
2706
2725
3005
2707
2726
3006
2708
2727
3007
2709
2728
3008
2710
2729
3009
2711
2730
3010
2712
2731
3011
2713
2732
3012
2714
2733
3013
2715
2734
3014
2716
2735
3015
2717
2736
3016
2718
2737
3017
2719
2738
3018
2739
3019
4910
2721
2740
3020
2722
2741
3021
2723
2742
3022
2724
2743
3023
2725
2744
3024
2726
2745
3025
2727
2746
3026
2728
2747
3027
2729
2748
3028
2730
2749
3029
2731
2750
3030
2732
2751
3031
2733
2752
3032
2734
2753
3033
2735
2754
3034
2736
2755
3035
2737
2756
3036
2738
2757
3037
2739
2758
3038
2759
3039
4916
2741
2760
3040
2742
2761
3041
2743
2762
3042
2744
2763
3043
2745
2764
3044
2746
2765
3045
2747
2766
3046
2748
2767
3047
2749
2768
3048
2750
2769
3049
2751
2770
3050
2752
2771
3051
2753
2772
3052
2754
2773
3053
2755
2774
3054
2756
2775
3055
2757
2776
3056
2758
2777
3057
2759
2778
3058
2779
3059
4922
2761
2780
3060
2762
2781
3061
2763
2782
3062
2764
2783
3063
2765
2784
3064
2766
2785
3065
2767
2786
3066
2768
2787
3067
2769
2788
3068
2770
2789
3069
2771
2790
3070
2772
2791
3071
2773
2792
3072
2774
2793
3073
2775
2794
3074
2776
2795
3075
2777
2796
3076
2778
2797
3077
2779
2798
3078
2799
3079
4928
2781
2800
3080
2782
2801
3081
2783
2802
3082
2784
2803
3083
2785
2804
3084
2786
2805
3085
2787
2806
3086
2788
2807
3087
2789
2808
3088
2790
2809
3089
2791
2810
3090
2792
2811
3091
2793
2812
3092
2794
2813
3093
2795
2814
3094
2796
2815
3095
2797
2816
3096
2798
2817
3097
2799
2818
3098
2819
3099
4934
2801
2820
3100
2802
2821
3101
2803
2822
3102
2804
2823
3103
2805
2824
3104
2806
2825
3105
2807
2826
3106
2808
2827
3107
2809
2828
3108
2810
2829
3109
2811
2830
3110
2812
2831
3111
2813
2832
3112
2814
2833
3113
2815
2834
3114
2816
2835
3115
2817
2836
3116
2818
2837
3117
2819
2838
3118
2839
3119
4940
2821
2840
3120
2822
2841
3121
2823
2842
3122
2824
2843
3123
2825
2844
3124
2826
2845
3125
2827
2846
3126
2828
2847
3127
2829
2848
3128
2830
2849
3129
2831
2850
3130
2832
2851
3131
2833
2852
3132
2834
2853
3133
2835
2854
3134
2836
2855
3135
2837
2856
3136
2838
2857
3137
2839
2858
3138
2859
3139
4946
2841
2860
3140
2842
2861
3141
2843
2862
3142
2844
2863
3143
2845
2864
3144
2846
2865
3145
2847
2866
3146
2848
2867
3147
2849
2868
3148
2850
2869
3149
2851
2870
3150
2852
2871
3151
2853
2872
3152
2854
2873
3153
2855
2874
3154
2856
2875
3155
2857
2876
3156
2858
2877
3157
2859
2878
3158
2879
3159
4952
2861
2880
3160
2862
2881
3161
2863
2882
3162
2864
2883
3163
2865
2884
3164
2866
2885
3165
2867
2886
3166
2868
2887
3167
2869
2888
3168
2870
2889
3169
2871
2890
3170
2872
2891
3171
2873
2892
3172
2874
2893
3173
2875
2894
3174
2876
2895
3175
2877
2896
3176
2878
2897
3177
2879
2898
3178
2899
3179
4958
2881
2900
3180
2882
2901
3181
2883
2902
3182
2884
2903
3183
2885
2904
3184
2886
2905
3185
2887
2906
3186
2888
2907
3187
2889
2908
3188
2890
2909
3189
2891
2910
3190
2892
2911
3191
2893
2912
3192
2894
2913
3193
2895
2914
3194
2896
2915
3195
2897
2916
3196
2898
2917
3197
2899
2918
3198
2919
3199
4964
2901
2920
3200
2902
2921
3201
2903
2922
3202
2904
2923
3203
2905
2924
3204
2906
2925
3205
2907
2926
3206
2908
2927
3207
2909
2928
3208
2910
2929
3209
2911
2930
3210
2912
2931
3211
2913
2932
3212
2914
2933
3213
2915
2934
3214
2916
2935
3215
2917
2936
3216
2918
2937
3217
2919
2938
3218
2939
3219
4970
2921
2940
3220
2922
2941
3221
2923
2942
3222
2924
2943
3223
2925
2944
3224
2926
2945
3225
2927
2946
3226
2928
2947
3227
2929
2948
3228
2930
2949
3229
2931
2950
3230
2932
2951
3231
2933
2952
3232
2934
2953
3233
2935
2954
3234
2936
2955
3235
2937
2956
3236
2938
2957
3237
2939
2958
3238
2959
3239
4976
2941
2960
3240
2942
2961
3241
2943
2962
3242
2944
2963
3243
2945
2964
3244
2946
2965
3245
2947
2966
3246
2948
2967
3247
2949
2968
3248
2950
2969
3249
2951
2970
3250
2952
2971
3251
2953
2972
3252
2954
2973
3253
2955
2974
3254
2956
2975
3255
2957
2976
3256
2958
2977
3257
2959
2978
3258
2979
3259
4982
2961
2980
3260
2962
2981
3261
2963
2982
3262
2964
2983
3263
2965
2984
3264
2966
2985
3265
2967
2986
3266
2968
2987
3267
2969
2988
3268
2970
2989
3269
2971
2990
3270
2972
2991
3271
2973
2992
3272
2974
2993
3273
2975
2994
3274
2976
2995
3275
2977
2996
3276
2978
2997
3277
2979
2998
3278
2999
3279
4988
2981
3280
2982
3281
2983
3282
2984
3283
2985
3284
2986
3285
2987
3286
2988
3287
2989
3288
2990
3289
2991
3290
2992
3291
2993
3292
2994
3293
2995
3294
2996
3295
2997
3296
2998
3297
2999
3298
3299
4994
3001
3020
3305
3002
3021
3306
3003
3022
3307
3004
3023
3308
3005
3024
3309
3006
3025
3310
3007
3026
3311
3008
3027
3312
3009
3028
3313
3010
3029
3314
3011
3030
3315
3012
3031
3316
3013
3032
3317
3014
3033
3318
3015
3034
3319
3016
3035
3320
3017
3036
3321
3018
3037
3322
3019
3038
3323
3039
3324
5000
3021
3040
3325
3022
3041
3326
3023
3042
3327
3024
3043
3328
3025
3044
3329
3026
3045
3330
3027
3046
3331
3028
3047
3332
3029
3048
3333
3030
3049
3334
3031
3050
3335
3032
3051
3336
3033
3052
3337
3034
3053
3338
3035
3054
3339
3036
3055
3340
3037
3056
3341
3038
3057
3342
3039
3058
3343
3059
3344
5006
3041
3060
3345
3042
3061
3346
3043
3062
3347
3044
3063
3348
3045
3064
3349
3046
3065
3350
3047
3066
3351
3048
3067
3352
3049
3068
3353
3050
3069
3354
3051
3070
3355
3052
3071
3356
3053
3072
3357
3054
3073
3358
3055
3074
3359
3056
3075
3360
3057
3076
3361
3058
3077
3362
3059
3078
3363
3079
3364
5012
3061
3080
3365
3062
3081
3366
3063
3082
3367
3064
3083
3368
3065
3084
3369
3066
3085
3370
3067
3086
3371
3068
3087
3372
3069
3088
3373
3070
3089
3374
3071
3090
3375
3072
3091
3376
3073
3092
3377
3074
3093
3378
3075
3094
3379
3076
3095
3380
3077
3096
3381
3078
3097
3382
3079
3098
3383
3099
3384
5018
3081
3100
3385
3082
3101
3386
3083
3102
3387
3084
3103
3388
3085
3104
3389
3086
3105
3390
3087
3106
3391
3088
3107
3392
3089
3108
3393
3090
3109
3394
3091
3110
3395
3092
3111
3396
3093
3112
3397
3094
3113
3398
3095
3114
3399
3096
3115
3400
3097
3116
3401
3098
3117
3402
3099
3118
3403
3119
3404
5024
3101
3120
3405
3102
3121
3406
3103
3122
3407
3104
3123
3408
3105
3124
3409
3106
3125
3410
3107
3126
3411
3108
3127
3412
3109
3128
3413
3110
3129
3414
3111
3130
3415
3112
3131
3416
3113
3132
3417
3114
3133
3418
3115
3134
3419
3116
3135
3420
3117
3136
3421
3118
3137
3422
3119
3138
3423
3139
3424
5030
3121
3140
3425
3122
3141
3426
3123
3142
3427
3124
3143
3428
3125
3144
3429
3126
3145
3430
3127
3146
3431
3128
3147
3432
3129
3148
3433
3130
3149
3434
3131
3150
3435
3132
3151
3436
3133
3152
3437
3134
3153
3438
3135
3154
3439
3136
3155
3440
3137
3156
3441
3138
3157
3442
3139
3158
3443
3159
3444
5036
3141
3160
3445
3142
3161
3446
3143
3162
3447
3144
3163
3448
3145
3164
3449
3146
3165
3450
3147
3166
3451
3148
3167
3452
3149
3168
3453
3150
3169
3454
3151
3170
3455
3152
3171
3456
3153
3172
3457
3154
3173
3458
3155
3174
3459
3156
3175
3460
3157
3176
3461
3158
3177
3462
3159
3178
3463
3179
3464
5042
3161
3180
3465
3162
3181
3466
3163
3182
3467
3164
3183
3468
3165
3184
3469
3166
3185
3470
3167
3186
3471
3168
3187
3472
3169
3188
3473
3170
3189
3474
3171
3190
3475
3172
3191
3476
3173
3192
3477
3174
3193
3478
3175
3194
3479
3176
3195
3480
3177
3196
3481
3178
3197
3482
3179
3198
3483
3199
3484
5048
3181
3200
3485
3182
3201
3486
3183
3202
3487
3184
3203
3488
3185
3204
3489
3186
3205
3490
3187
3206
3491
3188
3207
3492
3189
3208
3493
3190
3209
3494
3191
3210
3495
3192
3211
3496
3193
3212
3497
3194
3213
3498
3195
3214
3499
3196
3215
3500
3197
3216
3501
3198
3217
3502
3199
3218
3503
3219
3504
5054
3201
3220
3505
3202
3221
3506
3203
3222
3507
3204
3223
3508
3205
3224
3509
3206
3225
3510
3207
3226
3511
3208
3227
3512
3209
3228
3513
3210
3229
3514
3211
3230
3515
3212
3231
3516
3213
3232
3517
3214
3233
3518
3215
3234
3519
3216
3235
3520
3217
3236
3521
3218
3237
3522
3219
3238
3523
3239
3524
5060
3221
3240
3525
3222
3241
3526
3223
3242
3527
3224
3243
3528
3225
3244
3529
3226
3245
3530
3227
3246
3531
3228
3247
3532
3229
3248
3533
3230
3249
3534
3231
3250
3535
3232
3251
3536
3233
3252
3537
3234
3253
3538
3235
3254
3539
3236
3255
3540
3237
3256
3541
3238
3257
3542
3239
3258
3543
3259
3544
5066
3241
3260
3545
3242
3261
3546
3243
3262
3547
3244
3263
3548
3245
3264
3549
3246
3265
3550
3247
3266
3551
3248
3267
3552
3249
3268
3553
3250
3269
3554
3251
3270
3555
3252
3271
3556
3253
3272
3557
3254
3273
3558
3255
3274
3559
3256
3275
3560
3257
3276
3561
3258
3277
3562
3259
3278
3563
3279
3564
5072
3261
3280
3565
3262
3281
3566
3263
3282
3567
3264
3283
3568
3265
3284
3569
3266
3285
3570
3267
3286
3571
3268
3287
3572
3269
3288
3573
3270
3289
3574
3271
3290
3575
3272
3291
3576
3273
3292
3577
3274
3293
3578
3275
3294
3579
3276
3295
3580
3277
3296
3581
3278
3297
3582
3279
3298
3583
3299
3584
5078
3281
3585
3282
3586
3283
3587
3284
3588
3285
3589
3286
3590
3287
3591
3288
3592
3289
3593
3290
3594
3291
3595
3292
3596
3293
3597
3294
3598
3295
3599
3296
3300
3600
3297
3301
3601
3298
3302
3602
3299
3303
3603
3304
3604
5084
3301
3605
3302
3606
3303
3607
3304
3608
3609
5090
3306
3325
3610
3307
3326
3611
3308
3327
3612
3309
3328
3613
3310
3329
3614
3311
3330
3615
3312
3331
3616
3313
3332
3617
3314
3333
3618
3315
3334
3619
3316
3335
3620
3317
3336
3621
3318
3337
3622
3319
3338
3623
3320
3339
3624
3321
3340
3625
3322
3341
3626
3323
3342
3627
3324
3343
3628
3344
3629
5096
3326
3345
3630
3327
3346
3631
3328
3347
3632
3329
3348
3633
3330
3349
3634
3331
3350
3635
3332
3351
3636
3333
3352
3637
3334
3353
3638
3335
3354
3639
3336
3355
3640
3337
3356
3641
3338
3357
3642
3339
3358
3643
3340
3359
3644
3341
3360
3645
3342
3361
3646
3343
3362
3647
3344
3363
3648
3364
3649
5102
3346
3365
3650
3347
3366
3651
3348
3367
3652
3349
3368
3653
3350
3369
3654
3351
3370
3655
3352
3371
3656
3353
3372
3657
3354
3373
3658
3355
3374
3659
3356
3375
3660
3357
3376
3661
3358
3377
3662
3359
3378
3663
3360
3379
3664
3361
3380
3665
3362
3381
3666
3363
3382
3667
3364
3383
3668
3384
3669
5108
3366
3385
3670
3367
3386
3671
3368
3387
3672
3369
3388
3673
3370
3389
3674
3371
3390
3675
3372
3391
3676
3373
3392
3677
3374
3393
3678
3375
3394
3679
3376
3395
3680
3377
3396
3681
3378
3397
3682
3379
3398
3683
3380
3399
3684
3381
3400
3685
3382
3401
3686
3383
3402
3687
3384
3403
3688
3404
3689
5114
3386
3405
3690
3387
3406
3691
3388
3407
3692
3389
3408
3693
3390
3409
3694
3391
3410
3695
3392
3411
3696
3393
3412
3697
3394
3413
3698
3395
3414
3699
3396
3415
3700
3397
3416
3701
3398
3417
3702
3399
3418
3703
3400
3419
3704
3401
3420
3705
3402
3421
3706
3403
3422
3707
3404
3423
3708
3424
3709
5120
3406
3425
3710
3407
3426
3711
3408
3427
3712
3409
3428
3713
3410
3429
3714
3411
3430
3715
3412
3431
3716
3413
3432
3717
3414
3433
3718
3415
3434
3719
3416
3435
3720
3417
3436
3721
3418
3437
3722
3419
3438
3723
3420
3439
3724
3421
3440
3725
3422
3441
3726
3423
3442
3727
3424
3443
3728
3444
3729
5126
3426
3445
3730
3427
3446
3731
3428
3447
3732
3429
3448
3733
3430
3449
3734
3431
3450
3735
3432
3451
3736
3433
3452
3737
3434
3453
3738
3435
3454
3739
3436
3455
3740
3437
3456
3741
3438
3457
3742
3439
3458
3743
3440
3459
3744
3441
3460
3745
3442
3461
3746
3443
3462
3747
3444
3463
3748
3464
3749
5132
3446
3465
3750
3447
3466
3751
3448
3467
3752
3449
3468
3753
3450
3469
3754
3451
3470
3755
3452
3471
3756
3453
3472
3757
3454
3473
3758
3455
3474
3759
3456
3475
3760
3457
3476
3761
3458
3477
3762
3459
3478
3763
3460
3479
3764
3461
3480
3765
3462
3481
3766
3463
3482
3767
3464
3483
3768
3484
3769
5138
3466
3485
3770
3467
3486
3771
3468
3487
3772
3469
3488
3773
3470
3489
3774
3471
3490
3775
3472
3491
3776
3473
3492
3777
3474
3493
3778
3475
3494
3779
3476
3495
3780
3477
3496
3781
3478
3497
3782
3479
3498
3783
3480
3499
3784
3481
3500
3785
3482
3501
3786
3483
3502
3787
3484
3503
3788
3504
3789
5144
3486
3505
3790
3487
3506
3791
3488
3507
3792
3489
3508
3793
3490
3509
3794
3491
3510
3795
3492
3511
3796
3493
3512
3797
3494
3513
3798
3495
3514
3799
3496
3515
3800
3497
3516
3801
3498
3517
3802
3499
3518
3803
3500
3519
3804
3501
3520
3805
3502
3521
3806
3503
3522
3807
3504
3523
3808
3524
3809
5150
3506
3525
3810
3507
3526
3811
3508
3527
3812
3509
3528
3813
3510
3529
3814
3511
3530
3815
3512
3531
3816
3513
3532
3817
3514
3533
3818
3515
3534
3819
3516
3535
3820
3517
3536
3821
3518
3537
3822
3519
3538
3823
3520
3539
3824
3521
3540
3825
3522
3541
3826
3523
3542
3827
3524
3543
3828
3544
3829
5156
3526
3545
3830
3527
3546
3831
3528
3547
3832
3529
3548
3833
3530
3549
3834
3531
3550
3835
3532
3551
3836
3533
3552
3837
3534
3553
3838
3535
3554
3839
3536
3555
3840
3537
3556
3841
3538
3557
3842
3539
3558
3843
3540
3559
3844
3541
3560
3845
3542
3561
3846
3543
3562
3847
3544
3563
3848
3564
3849
5162
3546
3565
3850
3547
3566
3851
3548
3567
3852
3549
3568
3853
3550
3569
3854
3551
3570
3855
3552
3571
3856
3553
3572
3857
3554
3573
3858
3555
3574
3859
3556
3575
3860
3557
3576
3861
3558
3577
3862
3559
3578
3863
3560
3579
3864
3561
3580
3865
3562
3581
3866
3563
3582
3867
3564
3583
3868
3584
3869
5168
3566
3585
3870
3567
3586
3871
3568
3587
3872
3569
3588
3873
3570
3589
3874
3571
3590
3875
3572
3591
3876
3573
3592
3877
3574
3593
3878
3575
3594
3879
3576
3595
3880
3577
3596
3881
3578
3597
3882
3579
3598
3883
3580
3599
3884
3581
3600
3885
3582
3601
3886
3583
3602
3887
3584
3603
3888
3604
3889
5174
3586
3890
3587
3891
3588
3892
3589
3893
3590
3894
3591
3895
3592
3896
3593
3897
3594
3898
3595
3899
3596
3900
3597
3901
3598
3902
3599
3903
3600
3904
3601
3605
3905
3602
3606
3906
3603
3607
3907
3604
3608
3908
3609
3909
5180
3606
3910
3607
3911
3608
3912
3609
3913
3914
5186
3611
3630
3915
3612
3631
3916
3613
3632
3917
3614
3633
3918
3615
3634
3919
3616
3635
3920
3617
3636
3921
3618
3637
3922
3619
3638
3923
3620
3639
3924
3621
3640
3925
3622
3641
3926
3623
3642
3927
3624
3643
3928
3625
3644
3929
3626
3645
3930
3627
3646
3931
3628
3647
3932
3629
3648
3933
3649
3934
5192
3631
3650
3935
3632
3651
3936
3633
3652
3937
3634
3653
3938
3635
3654
3939
3636
3655
3940
3637
3656
3941
3638
3657
3942
3639
3658
3943
3640
3659
3944
3641
3660
3945
3642
3661
3946
3643
3662
3947
3644
3663
3948
3645
3664
3949
3646
3665
3950
3647
3666
3951
3648
3667
3952
3649
3668
3953
3669
3954
5198
3651
3670
3955
3652
3671
3956
3653
3672
3957
3654
3673
3958
3655
3674
3959
3656
3675
3960
3657
3676
3961
3658
3677
3962
3659
3678
3963
3660
3679
3964
3661
3680
3965
3662
3681
3966
3663
3682
3967
3664
3683
3968
3665
3684
3969
3666
3685
3970
3667
3686
3971
3668
3687
3972
3669
3688
3973
3689
3974
5204
3671
3690
3975
3672
3691
3976
3673
3692
3977
3674
3693
3978
3675
3694
3979
3676
3695
3980
3677
3696
3981
3678
3697
3982
3679
3698
3983
3680
3699
3984
3681
3700
3985
3682
3701
3986
3683
3702
3987
3684
3703
3988
3685
3704
3989
3686
3705
3990
3687
3706
3991
3688
3707
3992
3689
3708
3993
3709
3994
5210
3691
3710
3995
3692
3711
3996
3693
3712
3997
3694
3713
3998
3695
3714
3999
3696
3715
4000
3697
3716
4001
3698
3717
4002
3699
3718
4003
3700
3719
4004
3701
3720
4005
3702
3721
4006
3703
3722
4007
3704
3723
4008
3705
3724
4009
3706
3725
4010
3707
3726
4011
3708
3727
4012
3709
3728
4013
3729
4014
5216
3711
3730
4015
3712
3731
4016
3713
3732
4017
3714
3733
4018
3715
3734
4019
3716
3735
4020
3717
3736
4021
3718
3737
4022
3719
3738
4023
3720
3739
4024
3721
3740
4025
3722
3741
4026
3723
3742
4027
3724
3743
4028
3725
3744
4029
3726
3745
4030
3727
3746
4031
3728
3747
4032
3729
3748
4033
3749
4034
5222
3731
3750
4035
3732
3751
4036
3733
3752
4037
3734
3753
4038
3735
3754
4039
3736
3755
4040
3737
3756
4041
3738
3757
4042
3739
3758
4043
3740
3759
4044
3741
3760
4045
3742
3761
4046
3743
3762
4047
3744
3763
4048
3745
3764
4049
3746
3765
4050
3747
3766
4051
3748
3767
4052
3749
3768
4053
3769
4054
5228
3751
3770
4055
3752
3771
4056
3753
3772
4057
3754
3773
4058
3755
3774
4059
3756
3775
4060
3757
3776
4061
3758
3777
4062
3759
3778
4063
3760
3779
4064
3761
3780
4065
3762
3781
4066
3763
3782
4067
3764
3783
4068
3765
3784
4069
3766
3785
4070
3767
3786
4071
3768
3787
4072
3769
3788
4073
3789
4074
5234
3771
3790
4075
3772
3791
4076
3773
3792
4077
3774
3793
4078
3775
3794
4079
3776
3795
4080
3777
3796
4081
3778
3797
4082
3779
3798
4083
3780
3799
4084
3781
3800
4085
3782
3801
4086
3783
3802
4087
3784
3803
4088
3785
3804
4089
3786
3805
4090
3787
3806
4091
3788
3807
4092
3789
3808
4093
3809
4094
5240
3791
3810
4095
3792
3811
4096
3793
3812
4097
3794
3813
4098
3795
3814
4099
3796
3815
4100
3797
3816
4101
3798
3817
4102
3799
3818
4103
3800
3819
4104
3801
3820
4105
3802
3821
4106
3803
3822
4107
3804
3823
4108
3805
3824
4109
3806
3825
4110
3807
3826
4111
3808
3827
4112
3809
3828
4113
3829
4114
5246
3811
3830
4115
3812
3831
4116
3813
3832
4117
3814
3833
4118
3815
3834
4119
3816
3835
4120
3817
3836
4121
3818
3837
4122
3819
3838
4123
3820
3839
4124
3821
3840
4125
3822
3841
4126
3823
3842
4127
3824
3843
4128
3825
3844
4129
3826
3845
4130
3827
3846
4131
3828
3847
4132
3829
3848
4133
3849
4134
5252
3831
3850
4135
3832
3851
4136
3833
3852
4137
3834
3853
4138
3835
3854
4139
3836
3855
4140
3837
3856
4141
3838
3857
4142
3839
3858
4143
3840
3859
4144
3841
3860
4145
3842
3861
4146
3843
3862
4147
3844
3863
4148
3845
3864
4149
3846
3865
4150
3847
3866
4151
3848
3867
4152
3849
3868
4153
3869
4154
5258
3851
3870
4155
3852
3871
4156
3853
3872
4157
3854
3873
4158
3855
3874
4159
3856
3875
4160
3857
3876
4161
3858
3877
4162
3859
3878
4163
3860
3879
4164
3861
3880
4165
3862
3881
4166
3863
3882
4167
3864
3883
4168
3865
3884
4169
3866
3885
4170
3867
3886
4171
3868
3887
4172
3869
3888
4173
3889
4174
5264
3871
3890
4175
3872
3891
4176
3873
3892
4177
3874
3893
4178
3875
3894
4179
3876
3895
4180
3877
3896
4181
3878
3897
4182
3879
3898
4183
3880
3899
4184
3881
3900
4185
3882
3901
4186
3883
3902
4187
3884
3903
4188
3885
3904
4189
3886
3905
4190
3887
3906
4191
3888
3907
4192
3889
3908
4193
3909
4194
5270
3891
4195
3892
4196
3893
4197
3894
4198
3895
4199
3896
4200
3897
4201
3898
4202
3899
4203
3900
4204
3901
4205
3902
4206
3903
4207
3904
4208
3905
4209
3906
3910
4210
3907
3911
4211
3908
3912
4212
3909
3913
4213
3914
4214
5276
3911
4215
3912
4216
3913
4217
3914
4218
4219
5282
3916
3935
3917
3936
3918
3937
3919
3938
3920
3939
3921
3940
3922
3941
3923
3942
3924
3943
3925
3944
3926
3945
3927
3946
3928
3947
3929
3948
3930
3949
3931
3950
3932
3951
3933
3952
3934
3953
3954
5288
3936
3955
3937
3956
3938
3957
3939
3958
3940
3959
3941
3960
3942
3961
3943
3962
3944
3963
3945
3964
3946
3965
3947
3966
3948
3967
3949
3968
3950
3969
3951
3970
3952
3971
3953
3972
3954
3973
3974
5294
3956
3975
3957
3976
3958
3977
3959
3978
3960
3979
3961
3980
3962
3981
3963
3982
3964
3983
3965
3984
3966
3985
3967
3986
3968
3987
3969
3988
3970
3989
3971
3990
3972
3991
3973
3992
3974
3993
3994
5300
3976
3995
3977
3996
3978
3997
3979
3998
3980
3999
3981
4000
3982
4001
3983
4002
3984
4003
3985
4004
3986
4005
3987
4006
3988
4007
3989
4008
3990
4009
3991
4010
3992
4011
3993
4012
3994
4013
4014
5306
3996
4015
3997
4016
3998
4017
3999
4018
4000
4019
4001
4020
4002
4021
4003
4022
4004
4023
4005
4024
4006
4025
4007
4026
4008
4027
4009
4028
4010
4029
4011
4030
4012
4031
4013
4032
4014
4033
4034
5312
4016
4035
4017
4036
4018
4037
4019
4038
4020
4039
4021
4040
4022
4041
4023
4042
4024
4043
4025
4044
4026
4045
4027
4046
4028
4047
4029
4048
4030
4049
4031
4050
4032
4051
4033
4052
4034
4053
4054
5318
4036
4055
4037
4056
4038
4057
4039
4058
4040
4059
4041
4060
4042
4061
4043
4062
4044
4063
4045
4064
4046
4065
4047
4066
4048
4067
4049
4068
4050
4069
4051
4070
4052
4071
4053
4072
4054
4073
4074
5324
4056
4075
4057
4076
4058
4077
4059
4078
4060
4079
4061
4080
4062
4081
4063
4082
4064
4083
4065
4084
4066
4085
4067
4086
4068
4087
4069
4088
4070
4089
4071
4090
4072
4091
4073
4092
4074
4093
4094
5330
4076
4095
4077
4096
4078
4097
4079
4098
4080
4099
4081
4100
4082
4101
4083
4102
4084
4103
4085
4104
4086
4105
4087
4106
4088
4107
4089
4108
4090
4109
4091
4110
4092
4111
4093
4112
4094
4113
4114
5336
4096
4115
4097
4116
4098
4117
4099
4118
4100
4119
4101
4120
4102
4121
4103
4122
4104
4123
4105
4124
4106
4125
4107
4126
4108
4127
4109
4128
4110
4129
4111
4130
4112
4131
4113
4132
4114
4133
4134
5342
4116
4135
4117
4136
4118
4137
4119
4138
4120
4139
4121
4140
4122
4141
4123
4142
4124
4143
4125
4144
4126
4145
4127
4146
4128
4147
4129
4148
4130
4149
4131
4150
4132
4151
4133
4152
4134
4153
4154
5348
4136
4155
4137
4156
4138
4157
4139
4158
4140
4159
4141
4160
4142
4161
4143
4162
4144
4163
4145
4164
4146
4165
4147
4166
4148
4167
4149
4168
4150
4169
4151
4170
4152
4171
4153
4172
4154
4173
4174
5354
4156
4175
4157
4176
4158
4177
4159
4178
4160
4179
4161
4180
4162
4181
4163
4182
4164
4183
4165
4184
4166
4185
4167
4186
4168
4187
4169
4188
4170
4189
4171
4190
4172
4191
4173
4192
4174
4193
4194
5360
4176
4195
4177
4196
4178
4197
4179
4198
4180
4199
4181
4200
4182
4201
4183
4202
4184
4203
4185
4204
4186
4205
4187
4206
4188
4207
4189
4208
4190
4209
4191
4210
4192
4211
4193
4212
4194
4213
4214
5366
4196
4197
4198
4199
4200
4201
4202
4203
4204
4205
4206
4207
4208
4209
4210
4211
4215
4212
4216
4213
4217
4214
4218
4219
5372
4216
4217
4218
4219
5378
4221
4225
4295
4222
4226
4296
4223
4227
4297
4224
4228
4298
4229
4299
4226
4230
4300
4227
4231
4301
4228
4232
4302
4229
4233
4303
4234
4304
4231
4235
4305
4232
4236
4306
4233
4237
4307
4234
4238
4308
4239
4309
4236
4240
4310
4237
4241
4311
4238
4242
4312
4239
4243
4313
4244
4314
4241
4245
4315
4242
4246
4316
4243
4247
4317
4244
4248
4318
4249
4319
4246
4250
4320
4247
4251
4321
4248
4252
4322
4249
4253
4323
4254
4324
4251
4255
4325
4252
4256
4326
4253
4257
4327
4254
4258
4328
4259
4329
4256
4260
4330
4257
4261
4331
4258
4262
4332
4259
4263
4333
4264
4334
4261
4265
4335
4262
4266
4336
4263
4267
4337
4264
4268
4338
4269
4339
4266
4270
4340
4267
4271
4341
4268
4272
4342
4269
4273
4343
4274
4344
4271
4275
4345
4272
4276
4346
4273
4277
4347
4274
4278
4348
4279
4349
4276
4280
4350
4277
4281
4351
4278
4282
4352
4279
4283
4353
4284
4354
4281
4285
4355
4282
4286
4356
4283
4287
4357
4284
4288
4358
4289
4359
4286
4290
4360
4287
4291
4361
4288
4292
4362
4289
4293
4363
4294
4364
4291
4365
4292
4366
4293
4367
4294
4368
4369
4296
4300
4370
4297
4301
4371
4298
4302
4372
4299
4303
4373
4304
4374
4301
4305
4375
4302
4306
4376
4303
4307
4377
4304
4308
4378
4309
4379
4306
4310
4380
4307
4311
4381
4308
4312
4382
4309
4313
4383
4314
4384
4311
4315
4385
4312
4316
4386
4313
4317
4387
4314
4318
4388
4319
4389
4316
4320
4390
4317
4321
4391
4318
4322
4392
4319
4323
4393
4324
4394
4321
4325
4395
4322
4326
4396
4323
4327
4397
4324
4328
4398
4329
4399
4326
4330
4400
4327
4331
4401
4328
4332
4402
4329
4333
4403
4334
4404
4331
4335
4405
4332
4336
4406
4333
4337
4407
4334
4338
4408
4339
4409
4336
4340
4410
4337
4341
4411
4338
4342
4412
4339
4343
4413
4344
4414
4341
4345
4415
4342
4346
4416
4343
4347
4417
4344
4348
4418
4349
4419
4346
4350
4420
4347
4351
4421
4348
4352
4422
4349
4353
4423
4354
4424
4351
4355
4425
4352
4356
4426
4353
4357
4427
4354
4358
4428
4359
4429
4356
4360
4430
4357
4361
4431
4358
4362
4432
4359
4363
4433
4364
4434
4361
4365
4435
4362
4366
4436
4363
4367
4437
4364
4368
4438
4369
4439
4366
4440
4367
4441
4368
4442
4369
4443
4444
4371
4375
4445
4372
4376
4446
4373
4377
4447
4374
4378
4448
4379
4449
4376
4380
4450
4377
4381
4451
4378
4382
4452
4379
4383
4453
4384
4454
4381
4385
4455
4382
4386
4456
4383
4387
4457
4384
4388
4458
4389
4459
4386
4390
4460
4387
4391
4461
4388
4392
4462
4389
4393
4463
4394
4464
4391
4395
4465
4392
4396
4466
4393
4397
4467
4394
4398
4468
4399
4469
4396
4400
4470
4397
4401
4471
4398
4402
4472
4399
4403
4473
4404
4474
4401
4405
4475
4402
4406
4476
4403
4407
4477
4404
4408
4478
4409
4479
4406
4410
4480
4407
4411
4481
4408
4412
4482
4409
4413
4483
4414
4484
4411
4415
4485
4412
4416
4486
4413
4417
4487
4414
4418
4488
4419
4489
4416
4420
4490
4417
4421
4491
4418
4422
4492
4419
4423
4493
4424
4494
4421
4425
4495
4422
4426
4496
4423
4427
4497
4424
4428
4498
4429
4499
4426
4430
4500
4427
4431
4501
4428
4432
4502
4429
4433
4503
4434
4504
4431
4435
4505
4432
4436
4506
4433
4437
4507
4434
4438
4508
4439
4509
4436
4440
4510
4437
4441
4511
4438
4442
4512
4439
4443
4513
4444
4514
4441
4515
4442
4516
4443
4517
4444
4518
4519
4446
4450
4520
4447
4451
4521
4448
4452
4522
4449
4453
4523
4454
4524
4451
4455
4525
4452
4456
4526
4453
4457
4527
4454
4458
4528
4459
4529
4456
4460
4530
4457
4461
4531
4458
4462
4532
4459
4463
4533
4464
4534
4461
4465
4535
4462
4466
4536
4463
4467
4537
4464
4468
4538
4469
4539
4466
4470
4540
4467
4471
4541
4468
4472
4542
4469
4473
4543
4474
4544
4471
4475
4545
4472
4476
4546
4473
4477
4547
4474
4478
4548
4479
4549
4476
4480
4550
4477
4481
4551
4478
4482
4552
4479
4483
4553
4484
4554
4481
4485
4555
4482
4486
4556
4483
4487
4557
4484
4488
4558
4489
4559
4486
4490
4560
4487
4491
4561
4488
4492
4562
4489
4493
4563
4494
4564
4491
4495
4565
4492
4496
4566
4493
4497
4567
4494
4498
4568
4499
4569
4496
4500
4570
4497
4501
4571
4498
4502
4572
4499
4503
4573
4504
4574
4501
4505
4575
4502
4506
4576
4503
4507
4577
4504
4508
4578
4509
4579
4506
4510
4580
4507
4511
4581
4508
4512
4582
4509
4513
4583
4514
4584
4511
4515
4585
4512
4516
4586
4513
4517
4587
4514
4518
4588
4519
4589
4516
4590
4517
4591
4518
4592
4519
4593
4594
4521
4525
4595
4522
4526
4596
4523
4527
4597
4524
4528
4598
4529
4599
4526
4530
4600
4527
4531
4601
4528
4532
4602
4529
4533
4603
4534
4604
4531
4535
4605
4532
4536
4606
4533
4537
4607
4534
4538
4608
4539
4609
4536
4540
4610
4537
4541
4611
4538
4542
4612
4539
4543
4613
4544
4614
4541
4545
4615
4542
4546
4616
4543
4547
4617
4544
4548
4618
4549
4619
4546
4550
4620
4547
4551
4621
4548
4552
4622
4549
4553
4623
4554
4624
4551
4555
4625
4552
4556
4626
4553
4557
4627
4554
4558
4628
4559
4629
4556
4560
4630
4557
4561
4631
4558
4562
4632
4559
4563
4633
4564
4634
4561
4565
4635
4562
4566
4636
4563
4567
4637
4564
4568
4638
4569
4639
4566
4570
4640
4567
4571
4641
4568
4572
4642
4569
4573
4643
4574
4644
4571
4575
4645
4572
4576
4646
4573
4577
4647
4574
4578
4648
4579
4649
4576
4580
4650
4577
4581
4651
4578
4582
4652
4579
4583
4653
4584
4654
4581
4585
4655
4582
4586
4656
4583
4587
4657
4584
4588
4658
4589
4659
4586
4590
4660
4587
4591
4661
4588
4592
4662
4589
4593
4663
4594
4664
4591
4665
4592
4666
4593
4667
4594
4668
4669
4596
4600
4670
4597
4601
4671
4598
4602
4672
4599
4603
4673
4604
4674
4601
4605
4675
4602
4606
4676
4603
4607
4677
4604
4608
4678
4609
4679
4606
4610
4680
4607
4611
4681
4608
4612
4682
4609
4613
4683
4614
4684
4611
4615
4685
4612
4616
4686
4613
4617
4687
4614
4618
4688
4619
4689
4616
4620
4690
4617
4621
4691
4618
4622
4692
4619
4623
4693
4624
4694
4621
4625
4695
4622
4626
4696
4623
4627
4697
4624
4628
4698
4629
4699
4626
4630
4700
4627
4631
4701
4628
4632
4702
4629
4633
4703
4634
4704
4631
4635
4705
4632
4636
4706
4633
4637
4707
4634
4638
4708
4639
4709
4636
4640
4710
4637
4641
4711
4638
4642
4712
4639
4643
4713
4644
4714
4641
4645
4715
4642
4646
4716
4643
4647
4717
4644
4648
4718
4649
4719
4646
4650
4720
4647
4651
4721
4648
4652
4722
4649
4653
4723
4654
4724
4651
4655
4725
4652
4656
4726
4653
4657
4727
4654
4658
4728
4659
4729
4656
4660
4730
4657
4661
4731
4658
4662
4732
4659
4663
4733
4664
4734
4661
4665
4735
4662
4666
4736
4663
4667
4737
4664
4668
4738
4669
4739
4666
4740
4667
4741
4668
4742
4669
4743
4744
4671
4675
4745
4672
4676
4746
4673
4677
4747
4674
4678
4748
4679
4749
4676
4680
4750
4677
4681
4751
4678
4682
4752
4679
4683
4753
4684
4754
4681
4685
4755
4682
4686
4756
4683
4687
4757
4684
4688
4758
4689
4759
4686
4690
4760
4687
4691
4761
4688
4692
4762
4689
4693
4763
4694
4764
4691
4695
4765
4692
4696
4766
4693
4697
4767
4694
4698
4768
4699
4769
4696
4700
4770
4697
4701
4771
4698
4702
4772
4699
4703
4773
4704
4774
4701
4705
4775
4702
4706
4776
4703
4707
4777
4704
4708
4778
4709
4779
4706
4710
4780
4707
4711
4781
4708
4712
4782
4709
4713
4783
4714
4784
4711
4715
4785
4712
4716
4786
4713
4717
4787
4714
4718
4788
4719
4789
4716
4720
4790
4717
4721
4791
4718
4722
4792
4719
4723
4793
4724
4794
4721
4725
4795
4722
4726
4796
4723
4727
4797
4724
4728
4798
4729
4799
4726
4730
4800
4727
4731
4801
4728
4732
4802
4729
4733
4803
4734
4804
4731
4735
4805
4732
4736
4806
4733
4737
4807
4734
4738
4808
4739
4809
4736
4740
4810
4737
4741
4811
4738
4742
4812
4739
4743
4813
4744
4814
4741
4815
4742
4816
4743
4817
4744
4818
4819
4746
4750
4820
4747
4751
4821
4748
4752
4822
4749
4753
4823
4754
4824
4751
4755
4826
4752
4756
4827
4753
4757
4828
4754
4758
4829
4759
4830
4756
4760
4832
4757
4761
4833
4758
4762
4834
4759
4763
4835
4764
4836
4761
4765
4838
4762
4766
4839
4763
4767
4840
4764
4768
4841
4769
4842
4766
4770
4844
4767
4771
4845
4768
4772
4846
4769
4773
4847
4774
4848
4771
4775
4850
4772
4776
4851
4773
4777
4852
4774
4778
4853
4779
4854
4776
4780
4856
4777
4781
4857
4778
4782
4858
4779
4783
4859
4784
4860
4781
4785
4862
4782
4786
4863
4783
4787
4864
4784
4788
4865
4789
4866
4786
4790
4868
4787
4791
4869
4788
4792
4870
4789
4793
4871
4794
4872
4791
4795
4874
4792
4796
4875
4793
4797
4876
4794
4798
4877
4799
4878
4796
4800
4880
4797
4801
4881
4798
4802
4882
4799
4803
4883
4804
4884
4801
4805
4886
4802
4806
4887
4803
4807
4888
4804
4808
4889
4809
4890
4806
4810
4892
4807
4811
4893
4808
4812
4894
4809
4813
4895
4814
4896
4811
4815
4898
4812
4816
4899
4813
4817
4900
4814
4818
4901
4819
4902
4816
4904
4817
4905
4818
4906
4819
4907
4908
4821
4826
4910
4822
4827
4911
4823
4828
4912
4824
4829
4913
4825
4830
4914
4831
4915
4827
4832
4916
4828
4833
4917
4829
4834
4918
4830
4835
4919
4831
4836
4920
4837
4921
4833
4838
4922
4834
4839
4923
4835
4840
4924
4836
4841
4925
4837
4842
4926
4843
4927
4839
4844
4928
4840
4845
4929
4841
4846
4930
4842
4847
4931
4843
4848
4932
4849
4933
4845
4850
4934
4846
4851
4935
4847
4852
4936
4848
4853
4937
4849
4854
4938
4855
4939
4851
4856
4940
4852
4857
4941
4853
4858
4942
4854
4859
4943
4855
4860
4944
4861
4945
4857
4862
4946
4858
4863
4947
4859
4864
4948
4860
4865
4949
4861
4866
4950
4867
4951
4863
4868
4952
4864
4869
4953
4865
4870
4954
4866
4871
4955
4867
4872
4956
4873
4957
4869
4874
4958
4870
4875
4959
4871
4876
4960
4872
4877
4961
4873
4878
4962
4879
4963
4875
4880
4964
4876
4881
4965
4877
4882
4966
4878
4883
4967
4879
4884
4968
4885
4969
4881
4886
4970
4882
4887
4971
4883
4888
4972
4884
4889
4973
4885
4890
4974
4891
4975
4887
4892
4976
4888
4893
4977
4889
4894
4978
4890
4895
4979
4891
4896
4980
4897
4981
4893
4898
4982
4894
4899
4983
4895
4900
4984
4896
4901
4985
4897
4902
4986
4903
4987
4899
4904
4988
4900
4905
4989
4901
4906
4990
4902
4907
4991
4903
4908
4992
4909
4993
4905
4994
4906
4995
4907
4996
4908
4997
4909
4998
4999
4911
4916
5000
4912
4917
5001
4913
4918
5002
4914
4919
5003
4915
4920
5004
4921
5005
4917
4922
5006
4918
4923
5007
4919
4924
5008
4920
4925
5009
4921
4926
5010
4927
5011
4923
4928
5012
4924
4929
5013
4925
4930
5014
4926
4931
5015
4927
4932
5016
4933
5017
4929
4934
5018
4930
4935
5019
4931
4936
5020
4932
4937
5021
4933
4938
5022
4939
5023
4935
4940
5024
4936
4941
5025
4937
4942
5026
4938
4943
5027
4939
4944
5028
4945
5029
4941
4946
5030
4942
4947
5031
4943
4948
5032
4944
4949
5033
4945
4950
5034
4951
5035
4947
4952
5036
4948
4953
5037
4949
4954
5038
4950
4955
5039
4951
4956
5040
4957
5041
4953
4958
5042
4954
4959
5043
4955
4960
5044
4956
4961
5045
4957
4962
5046
4963
5047
4959
4964
5048
4960
4965
5049
4961
4966
5050
4962
4967
5051
4963
4968
5052
4969
5053
4965
4970
5054
4966
4971
5055
4967
4972
5056
4968
4973
5057
4969
4974
5058
4975
5059
4971
4976
5060
4972
4977
5061
4973
4978
5062
4974
4979
5063
4975
4980
5064
4981
5065
4977
4982
5066
4978
4983
5067
4979
4984
5068
4980
4985
5069
4981
4986
5070
4987
5071
4983
4988
5072
4984
4989
5073
4985
4990
5074
4986
4991
5075
4987
4992
5076
4993
5077
4989
4994
5078
4990
4995
5079
4991
4996
5080
4992
4997
5081
4993
4998
5082
4999
5083
4995
5084
4996
5085
4997
5086
4998
5087
4999
5088
5089
5001
5006
5096
5002
5007
5097
5003
5008
5098
5004
5009
5099
5005
5010
5100
5011
5101
5007
5012
5102
5008
5013
5103
5009
5014
5104
5010
5015
5105
5011
5016
5106
5017
5107
5013
5018
5108
5014
5019
5109
5015
5020
5110
5016
5021
5111
5017
5022
5112
5023
5113
5019
5024
5114
5020
5025
5115
5021
5026
5116
5022
5027
5117
5023
5028
5118
5029
5119
5025
5030
5120
5026
5031
5121
5027
5032
5122
5028
5033
5123
5029
5034
5124
5035
5125
5031
5036
5126
5032
5037
5127
5033
5038
5128
5034
5039
5129
5035
5040
5130
5041
5131
5037
5042
5132
5038
5043
5133
5039
5044
5134
5040
5045
5135
5041
5046
5136
5047
5137
5043
5048
5138
5044
5049
5139
5045
5050
5140
5046
5051
5141
5047
5052
5142
5053
5143
5049
5054
5144
5050
5055
5145
5051
5056
5146
5052
5057
5147
5053
5058
5148
5059
5149
5055
5060
5150
5056
5061
5151
5057
5062
5152
5058
5063
5153
5059
5064
5154
5065
5155
5061
5066
5156
5062
5067
5157
5063
5068
5158
5064
5069
5159
5065
5070
5160
5071
5161
5067
5072
5162
5068
5073
5163
5069
5074
5164
5070
5075
5165
5071
5076
5166
5077
5167
5073
5078
5168
5074
5079
5169
5075
5080
5170
5076
5081
5171
5077
5082
5172
5083
5173
5079
5084
5174
5080
5085
5175
5081
5086
5176
5082
5087
5177
5083
5088
5178
5089
5179
5085
5090
5180
5086
5091
5181
5087
5092
5182
5088
5093
5183
5089
5094
5184
5095
5185
5091
5186
5092
5187
5093
5188
5094
5189
5095
5190
5191
5097
5102
5192
5098
5103
5193
5099
5104
5194
5100
5105
5195
5101
5106
5196
5107
5197
5103
5108
5198
5104
5109
5199
5105
5110
5200
5106
5111
5201
5107
5112
5202
5113
5203
5109
5114
5204
5110
5115
5205
5111
5116
5206
5112
5117
5207
5113
5118
5208
5119
5209
5115
5120
5210
5116
5121
5211
5117
5122
5212
5118
5123
5213
5119
5124
5214
5125
5215
5121
5126
5216
5122
5127
5217
5123
5128
5218
5124
5129
5219
5125
5130
5220
5131
5221
5127
5132
5222
5128
5133
5223
5129
5134
5224
5130
5135
5225
5131
5136
5226
5137
5227
5133
5138
5228
5134
5139
5229
5135
5140
5230
5136
5141
5231
5137
5142
5232
5143
5233
5139
5144
5234
5140
5145
5235
5141
5146
5236
5142
5147
5237
5143
5148
5238
5149
5239
5145
5150
5240
5146
5151
5241
5147
5152
5242
5148
5153
5243
5149
5154
5244
5155
5245
5151
5156
5246
5152
5157
5247
5153
5158
5248
5154
5159
5249
5155
5160
5250
5161
5251
5157
5162
5252
5158
5163
5253
5159
5164
5254
5160
5165
5255
5161
5166
5256
5167
5257
5163
5168
5258
5164
5169
5259
5165
5170
5260
5166
5171
5261
5167
5172
5262
5173
5263
5169
5174
5264
5170
5175
5265
5171
5176
5266
5172
5177
5267
5173
5178
5268
5179
5269
5175
5180
5270
5176
5181
5271
5177
5182
5272
5178
5183
5273
5179
5184
5274
5185
5275
5181
5186
5276
5182
5187
5277
5183
5188
5278
5184
5189
5279
5185
5190
5280
5191
5281
5187
5282
5188
5283
5189
5284
5190
5285
5191
5286
5287
5193
5198
5288
5194
5199
5289
5195
5200
5290
5196
5201
5291
5197
5202
5292
5203
5293
5199
5204
5294
5200
5205
5295
5201
5206
5296
5202
5207
5297
5203
5208
5298
5209
5299
5205
5210
5300
5206
5211
5301
5207
5212
5302
5208
5213
5303
5209
5214
5304
5215
5305
5211
5216
5306
5212
5217
5307
5213
5218
5308
5214
5219
5309
5215
5220
5310
5221
5311
5217
5222
5312
5218
5223
5313
5219
5224
5314
5220
5225
5315
5221
5226
5316
5227
5317
5223
5228
5318
5224
5229
5319
5225
5230
5320
5226
5231
5321
5227
5232
5322
5233
5323
5229
5234
5324
5230
5235
5325
5231
5236
5326
5232
5237
5327
5233
5238
5328
5239
5329
5235
5240
5330
5236
5241
5331
5237
5242
5332
5238
5243
5333
5239
5244
5334
5245
5335
5241
5246
5336
5242
5247
5337
5243
5248
5338
5244
5249
5339
5245
5250
5340
5251
5341
5247
5252
5342
5248
5253
5343
5249
5254
5344
5250
5255
5345
5251
5256
5346
5257
5347
5253
5258
5348
5254
5259
5349
5255
5260
5350
5256
5261
5351
5257
5262
5352
5263
5353
5259
5264
5354
5260
5265
5355
5261
5266
5356
5262
5267
5357
5263
5268
5358
5269
5359
5265
5270
5360
5266
5271
5361
5267
5272
5362
5268
5273
5363
5269
5274
5364
5275
5365
5271
5276
5366
5272
5277
5367
5273
5278
5368
5274
5279
5369
5275
5280
5370
5281
5371
5277
5282
5372
5278
5283
5373
5279
5284
5374
5280
5285
5375
5281
5286
5376
5287
5377
5283
5378
5284
5379
5285
5380
5286
5381
5287
5382
5383
5289
5294
5290
5295
5291
5296
5292
5297
5293
5298
5299
5295
5300
5296
5301
5297
5302
5298
5303
5299
5304
5305
5301
5306
5302
5307
5303
5308
5304
5309
5305
5310
5311
5307
5312
5308
5313
5309
5314
5310
5315
5311
5316
5317
5313
5318
5314
5319
5315
5320
5316
5321
5317
5322
5323
5319
5324
5320
5325
5321
5326
5322
5327
5323
5328
5329
5325
5330
5326
5331
5327
5332
5328
5333
5329
5334
5335
5331
5336
5332
5337
5333
5338
5334
5339
5335
5340
5341
5337
5342
5338
5343
5339
5344
5340
5345
5341
5346
5347
5343
5348
5344
5349
5345
5350
5346
5351
5347
5352
5353
5349
5354
5350
5355
5351
5356
5352
5357
5353
5358
5359
5355
5360
5356
5361
5357
5362
5358
5363
5359
5364
5365
5361
5366
5362
5367
5363
5368
5364
5369
5365
5370
5371
5367
5372
5368
5373
5369
5374
5370
5375
5371
5376
5377
5373
5378
5374
5379
5375
5380
5376
5381
5377
5382
5383
5379
5380
5381
5382
5383
)


// ************************************************************************* //
