/*--------------------------------*- C++ -*----------------------------------*\
| =========                 |                                                 |
| \\      /  F ield         | OpenFOAM: The Open Source CFD Toolbox           |
|  \\    /   O peration     | Version:  2406                                  |
|   \\  /    A nd           | Website:  www.openfoam.com                      |
|    \\/     M anipulation  |                                                 |
\*---------------------------------------------------------------------------*/
FoamFile
{
    version     2.0;
    format      ascii;
    arch        "LSB;label=32;scalar=64";
    class       volScalarField;
    location    "320";
    object      p;
}
// * * * * * * * * * * * * * * * * * * * * * * * * * * * * * * * * * * * * * //

dimensions      [0 2 -2 0 0 0 0];

internalField   nonuniform List<scalar> 
5360
(
1.892929e-06
1.826398e-06
1.75988e-06
1.693373e-06
1.626877e-06
1.892955e-06
1.826423e-06
1.759904e-06
1.693396e-06
1.626899e-06
1.892955e-06
1.826423e-06
1.759904e-06
1.693396e-06
1.626899e-06
1.892929e-06
1.826398e-06
1.759879e-06
1.693372e-06
1.626876e-06
1.892877e-06
1.826348e-06
1.759832e-06
1.693326e-06
1.626832e-06
1.892801e-06
1.826275e-06
1.759762e-06
1.693259e-06
1.626768e-06
1.892704e-06
1.826182e-06
1.759672e-06
1.693173e-06
1.626685e-06
1.892589e-06
1.826072e-06
1.759566e-06
1.693071e-06
1.626587e-06
1.892461e-06
1.825949e-06
1.759449e-06
1.692958e-06
1.626478e-06
1.892327e-06
1.825821e-06
1.759325e-06
1.69284e-06
1.626364e-06
1.892192e-06
1.825692e-06
1.759201e-06
1.692721e-06
1.62625e-06
1.892064e-06
1.825569e-06
1.759083e-06
1.692608e-06
1.626141e-06
1.891948e-06
1.825458e-06
1.758977e-06
1.692505e-06
1.626043e-06
1.891847e-06
1.825361e-06
1.758884e-06
1.692416e-06
1.625958e-06
1.891765e-06
1.825282e-06
1.758808e-06
1.692343e-06
1.625888e-06
1.891699e-06
1.825218e-06
1.758747e-06
1.692285e-06
1.625831e-06
1.891655e-06
1.825176e-06
1.758706e-06
1.692245e-06
1.625793e-06
1.891628e-06
1.82515e-06
1.758681e-06
1.692221e-06
1.62577e-06
1.892929e-06
1.826398e-06
1.75988e-06
1.693373e-06
1.626877e-06
1.892955e-06
1.826423e-06
1.759904e-06
1.693396e-06
1.626899e-06
1.892955e-06
1.826423e-06
1.759903e-06
1.693396e-06
1.626899e-06
1.892928e-06
1.826398e-06
1.759879e-06
1.693372e-06
1.626876e-06
1.892877e-06
1.826348e-06
1.759832e-06
1.693327e-06
1.626832e-06
1.892802e-06
1.826276e-06
1.759762e-06
1.69326e-06
1.626768e-06
1.892705e-06
1.826183e-06
1.759674e-06
1.693175e-06
1.626686e-06
1.892591e-06
1.826074e-06
1.759569e-06
1.693074e-06
1.626589e-06
1.892465e-06
1.825953e-06
1.759452e-06
1.692962e-06
1.626482e-06
1.892332e-06
1.825826e-06
1.75933e-06
1.692844e-06
1.626369e-06
1.892199e-06
1.825698e-06
1.759207e-06
1.692727e-06
1.626256e-06
1.892072e-06
1.825576e-06
1.75909e-06
1.692614e-06
1.626148e-06
1.891956e-06
1.825465e-06
1.758984e-06
1.692512e-06
1.62605e-06
1.891856e-06
1.825369e-06
1.758892e-06
1.692424e-06
1.625965e-06
1.891774e-06
1.82529e-06
1.758816e-06
1.692351e-06
1.625895e-06
1.891707e-06
1.825226e-06
1.758754e-06
1.692292e-06
1.625838e-06
1.891662e-06
1.825183e-06
1.758713e-06
1.692252e-06
1.625799e-06
1.891633e-06
1.825155e-06
1.758686e-06
1.692226e-06
1.625774e-06
1.892929e-06
1.826398e-06
1.75988e-06
1.693373e-06
1.626877e-06
1.892954e-06
1.826423e-06
1.759903e-06
1.693396e-06
1.626899e-06
1.892954e-06
1.826423e-06
1.759903e-06
1.693396e-06
1.626899e-06
1.892928e-06
1.826397e-06
1.759879e-06
1.693372e-06
1.626876e-06
1.892877e-06
1.826348e-06
1.759832e-06
1.693327e-06
1.626833e-06
1.892802e-06
1.826277e-06
1.759763e-06
1.693261e-06
1.626769e-06
1.892707e-06
1.826185e-06
1.759675e-06
1.693176e-06
1.626688e-06
1.892594e-06
1.826077e-06
1.759571e-06
1.693076e-06
1.626591e-06
1.892469e-06
1.825956e-06
1.759455e-06
1.692965e-06
1.626485e-06
1.892337e-06
1.82583e-06
1.759334e-06
1.692848e-06
1.626373e-06
1.892204e-06
1.825703e-06
1.759212e-06
1.692731e-06
1.62626e-06
1.892078e-06
1.825582e-06
1.759096e-06
1.69262e-06
1.626153e-06
1.891963e-06
1.825472e-06
1.75899e-06
1.692518e-06
1.626056e-06
1.891863e-06
1.825376e-06
1.758898e-06
1.69243e-06
1.625971e-06
1.891781e-06
1.825297e-06
1.758823e-06
1.692357e-06
1.625901e-06
1.891714e-06
1.825233e-06
1.758761e-06
1.692298e-06
1.625844e-06
1.891668e-06
1.825188e-06
1.758718e-06
1.692257e-06
1.625804e-06
1.891635e-06
1.825157e-06
1.758688e-06
1.692228e-06
1.625776e-06
1.892929e-06
1.826398e-06
1.75988e-06
1.693373e-06
1.626877e-06
1.892954e-06
1.826423e-06
1.759903e-06
1.693396e-06
1.626899e-06
1.892954e-06
1.826423e-06
1.759903e-06
1.693396e-06
1.626899e-06
1.892928e-06
1.826398e-06
1.759879e-06
1.693372e-06
1.626877e-06
1.892877e-06
1.826349e-06
1.759832e-06
1.693327e-06
1.626833e-06
1.892803e-06
1.826277e-06
1.759764e-06
1.693261e-06
1.62677e-06
1.892708e-06
1.826186e-06
1.759676e-06
1.693177e-06
1.626689e-06
1.892596e-06
1.826078e-06
1.759572e-06
1.693077e-06
1.626593e-06
1.892471e-06
1.825959e-06
1.759457e-06
1.692967e-06
1.626487e-06
1.892339e-06
1.825833e-06
1.759336e-06
1.692851e-06
1.626375e-06
1.892208e-06
1.825706e-06
1.759215e-06
1.692734e-06
1.626263e-06
1.892082e-06
1.825586e-06
1.759099e-06
1.692623e-06
1.626156e-06
1.891967e-06
1.825476e-06
1.758994e-06
1.692522e-06
1.626059e-06
1.891868e-06
1.82538e-06
1.758902e-06
1.692434e-06
1.625974e-06
1.891785e-06
1.825301e-06
1.758826e-06
1.692361e-06
1.625904e-06
1.891718e-06
1.825236e-06
1.758764e-06
1.692301e-06
1.625847e-06
1.89167e-06
1.825191e-06
1.75872e-06
1.692259e-06
1.625806e-06
1.891633e-06
1.825155e-06
1.758686e-06
1.692226e-06
1.625775e-06
1.892929e-06
1.826399e-06
1.75988e-06
1.693373e-06
1.626878e-06
1.892954e-06
1.826423e-06
1.759904e-06
1.693396e-06
1.626899e-06
1.892954e-06
1.826423e-06
1.759904e-06
1.693396e-06
1.626899e-06
1.892928e-06
1.826398e-06
1.75988e-06
1.693373e-06
1.626877e-06
1.892878e-06
1.826349e-06
1.759833e-06
1.693328e-06
1.626834e-06
1.892804e-06
1.826278e-06
1.759764e-06
1.693262e-06
1.62677e-06
1.892709e-06
1.826187e-06
1.759677e-06
1.693178e-06
1.626689e-06
1.892596e-06
1.826079e-06
1.759573e-06
1.693078e-06
1.626594e-06
1.892472e-06
1.82596e-06
1.759459e-06
1.692968e-06
1.626488e-06
1.892341e-06
1.825834e-06
1.759338e-06
1.692852e-06
1.626376e-06
1.892209e-06
1.825708e-06
1.759217e-06
1.692736e-06
1.626264e-06
1.892084e-06
1.825587e-06
1.759101e-06
1.692624e-06
1.626157e-06
1.891969e-06
1.825478e-06
1.758996e-06
1.692523e-06
1.62606e-06
1.891869e-06
1.825382e-06
1.758904e-06
1.692435e-06
1.625976e-06
1.891787e-06
1.825303e-06
1.758828e-06
1.692362e-06
1.625906e-06
1.891719e-06
1.825238e-06
1.758765e-06
1.692302e-06
1.625848e-06
1.89167e-06
1.82519e-06
1.75872e-06
1.692259e-06
1.625806e-06
1.891628e-06
1.82515e-06
1.758681e-06
1.692221e-06
1.62577e-06
1.89293e-06
1.826399e-06
1.759881e-06
1.693374e-06
1.626878e-06
1.892955e-06
1.826423e-06
1.759904e-06
1.693396e-06
1.6269e-06
1.892955e-06
1.826423e-06
1.759904e-06
1.693396e-06
1.6269e-06
1.892929e-06
1.826398e-06
1.75988e-06
1.693373e-06
1.626877e-06
1.892878e-06
1.826349e-06
1.759833e-06
1.693328e-06
1.626834e-06
1.892804e-06
1.826278e-06
1.759765e-06
1.693262e-06
1.626771e-06
1.892709e-06
1.826187e-06
1.759677e-06
1.693178e-06
1.62669e-06
1.892597e-06
1.82608e-06
1.759574e-06
1.693079e-06
1.626594e-06
1.892472e-06
1.82596e-06
1.759459e-06
1.692968e-06
1.626488e-06
1.892341e-06
1.825834e-06
1.759338e-06
1.692852e-06
1.626376e-06
1.89221e-06
1.825708e-06
1.759217e-06
1.692736e-06
1.626264e-06
1.892084e-06
1.825587e-06
1.759101e-06
1.692624e-06
1.626157e-06
1.891969e-06
1.825478e-06
1.758996e-06
1.692523e-06
1.62606e-06
1.891869e-06
1.825382e-06
1.758904e-06
1.692435e-06
1.625975e-06
1.891787e-06
1.825303e-06
1.758828e-06
1.692362e-06
1.625905e-06
1.891718e-06
1.825237e-06
1.758764e-06
1.692301e-06
1.625847e-06
1.891667e-06
1.825188e-06
1.758717e-06
1.692256e-06
1.625804e-06
1.89162e-06
1.825142e-06
1.758673e-06
1.692214e-06
1.625763e-06
1.892955e-06
1.826423e-06
1.759904e-06
1.693397e-06
1.6269e-06
1.892955e-06
1.826423e-06
1.759904e-06
1.693396e-06
1.6269e-06
1.892929e-06
1.826398e-06
1.75988e-06
1.693373e-06
1.626878e-06
1.892878e-06
1.82635e-06
1.759833e-06
1.693328e-06
1.626834e-06
1.892804e-06
1.826278e-06
1.759765e-06
1.693263e-06
1.626771e-06
1.892709e-06
1.826187e-06
1.759677e-06
1.693178e-06
1.62669e-06
1.892597e-06
1.826079e-06
1.759574e-06
1.693079e-06
1.626594e-06
1.892472e-06
1.82596e-06
1.759459e-06
1.692968e-06
1.626488e-06
1.892341e-06
1.825834e-06
1.759337e-06
1.692852e-06
1.626376e-06
1.892209e-06
1.825707e-06
1.759216e-06
1.692735e-06
1.626263e-06
1.892082e-06
1.825586e-06
1.7591e-06
1.692623e-06
1.626156e-06
1.891968e-06
1.825476e-06
1.758994e-06
1.692522e-06
1.626059e-06
1.891868e-06
1.82538e-06
1.758902e-06
1.692433e-06
1.625974e-06
1.891785e-06
1.825301e-06
1.758826e-06
1.69236e-06
1.625904e-06
1.891716e-06
1.825234e-06
1.758762e-06
1.692299e-06
1.625845e-06
1.891663e-06
1.825184e-06
1.758713e-06
1.692252e-06
1.6258e-06
1.891609e-06
1.825132e-06
1.758664e-06
1.692204e-06
1.625754e-06
1.892955e-06
1.826423e-06
1.759905e-06
1.693397e-06
1.6269e-06
1.892955e-06
1.826423e-06
1.759904e-06
1.693397e-06
1.6269e-06
1.892929e-06
1.826398e-06
1.75988e-06
1.693374e-06
1.626878e-06
1.892878e-06
1.82635e-06
1.759834e-06
1.693329e-06
1.626835e-06
1.892804e-06
1.826278e-06
1.759765e-06
1.693263e-06
1.626771e-06
1.892709e-06
1.826187e-06
1.759677e-06
1.693178e-06
1.62669e-06
1.892596e-06
1.826079e-06
1.759573e-06
1.693078e-06
1.626594e-06
1.892471e-06
1.825959e-06
1.759458e-06
1.692967e-06
1.626487e-06
1.892339e-06
1.825832e-06
1.759336e-06
1.69285e-06
1.626374e-06
1.892207e-06
1.825705e-06
1.759214e-06
1.692733e-06
1.626261e-06
1.89208e-06
1.825584e-06
1.759097e-06
1.692621e-06
1.626154e-06
1.891965e-06
1.825473e-06
1.758991e-06
1.692519e-06
1.626056e-06
1.891864e-06
1.825377e-06
1.758899e-06
1.69243e-06
1.625971e-06
1.891782e-06
1.825298e-06
1.758823e-06
1.692357e-06
1.625901e-06
1.891711e-06
1.82523e-06
1.758758e-06
1.692295e-06
1.625841e-06
1.891657e-06
1.825178e-06
1.758708e-06
1.692247e-06
1.625795e-06
1.891597e-06
1.82512e-06
1.758652e-06
1.692193e-06
1.625743e-06
1.892955e-06
1.826424e-06
1.759905e-06
1.693397e-06
1.626901e-06
1.892955e-06
1.826424e-06
1.759905e-06
1.693397e-06
1.626901e-06
1.892929e-06
1.826399e-06
1.759881e-06
1.693374e-06
1.626878e-06
1.892879e-06
1.82635e-06
1.759834e-06
1.693329e-06
1.626835e-06
1.892804e-06
1.826278e-06
1.759765e-06
1.693262e-06
1.626771e-06
1.892709e-06
1.826187e-06
1.759677e-06
1.693178e-06
1.626689e-06
1.892596e-06
1.826078e-06
1.759572e-06
1.693077e-06
1.626593e-06
1.89247e-06
1.825958e-06
1.759456e-06
1.692966e-06
1.626485e-06
1.892337e-06
1.82583e-06
1.759334e-06
1.692848e-06
1.626372e-06
1.892204e-06
1.825703e-06
1.759211e-06
1.69273e-06
1.626259e-06
1.892077e-06
1.825581e-06
1.759094e-06
1.692618e-06
1.626151e-06
1.891961e-06
1.82547e-06
1.758988e-06
1.692516e-06
1.626053e-06
1.89186e-06
1.825373e-06
1.758895e-06
1.692427e-06
1.625967e-06
1.891777e-06
1.825294e-06
1.758819e-06
1.692353e-06
1.625897e-06
1.891706e-06
1.825225e-06
1.758753e-06
1.69229e-06
1.625836e-06
1.89165e-06
1.825171e-06
1.758701e-06
1.69224e-06
1.625788e-06
1.891583e-06
1.825107e-06
1.75864e-06
1.692181e-06
1.625732e-06
1.892955e-06
1.826424e-06
1.759905e-06
1.693397e-06
1.626901e-06
1.892955e-06
1.826424e-06
1.759905e-06
1.693397e-06
1.626901e-06
1.892929e-06
1.826399e-06
1.759881e-06
1.693374e-06
1.626879e-06
1.892878e-06
1.82635e-06
1.759834e-06
1.693329e-06
1.626835e-06
1.892804e-06
1.826278e-06
1.759765e-06
1.693262e-06
1.626771e-06
1.892708e-06
1.826186e-06
1.759676e-06
1.693177e-06
1.626689e-06
1.892594e-06
1.826077e-06
1.759571e-06
1.693076e-06
1.626592e-06
1.892468e-06
1.825956e-06
1.759455e-06
1.692964e-06
1.626484e-06
1.892335e-06
1.825828e-06
1.759332e-06
1.692846e-06
1.62637e-06
1.892201e-06
1.8257e-06
1.759208e-06
1.692727e-06
1.626256e-06
1.892073e-06
1.825577e-06
1.75909e-06
1.692614e-06
1.626147e-06
1.891957e-06
1.825466e-06
1.758984e-06
1.692512e-06
1.626049e-06
1.891855e-06
1.825369e-06
1.75889e-06
1.692422e-06
1.625963e-06
1.891772e-06
1.825289e-06
1.758814e-06
1.692349e-06
1.625892e-06
1.8917e-06
1.82522e-06
1.758747e-06
1.692285e-06
1.625831e-06
1.891642e-06
1.825163e-06
1.758694e-06
1.692233e-06
1.625782e-06
1.891569e-06
1.825093e-06
1.758626e-06
1.692169e-06
1.625719e-06
1.892955e-06
1.826423e-06
1.759905e-06
1.693397e-06
1.626901e-06
1.892955e-06
1.826424e-06
1.759905e-06
1.693397e-06
1.626901e-06
1.892929e-06
1.826398e-06
1.759881e-06
1.693374e-06
1.626879e-06
1.892878e-06
1.82635e-06
1.759833e-06
1.693328e-06
1.626835e-06
1.892803e-06
1.826277e-06
1.759764e-06
1.693262e-06
1.62677e-06
1.892707e-06
1.826185e-06
1.759675e-06
1.693176e-06
1.626688e-06
1.892593e-06
1.826076e-06
1.75957e-06
1.693075e-06
1.626591e-06
1.892466e-06
1.825954e-06
1.759453e-06
1.692963e-06
1.626482e-06
1.892332e-06
1.825825e-06
1.759329e-06
1.692844e-06
1.626368e-06
1.892197e-06
1.825696e-06
1.759205e-06
1.692724e-06
1.626253e-06
1.892068e-06
1.825573e-06
1.759086e-06
1.69261e-06
1.626143e-06
1.891952e-06
1.825461e-06
1.758979e-06
1.692507e-06
1.626044e-06
1.89185e-06
1.825364e-06
1.758886e-06
1.692418e-06
1.625958e-06
1.891767e-06
1.825284e-06
1.758809e-06
1.692344e-06
1.625888e-06
1.891694e-06
1.825214e-06
1.758742e-06
1.69228e-06
1.625826e-06
1.891634e-06
1.825155e-06
1.758686e-06
1.692226e-06
1.625775e-06
1.891555e-06
1.825079e-06
1.758613e-06
1.692156e-06
1.625707e-06
1.892955e-06
1.826423e-06
1.759904e-06
1.693397e-06
1.626901e-06
1.892955e-06
1.826423e-06
1.759904e-06
1.693397e-06
1.626901e-06
1.892929e-06
1.826398e-06
1.75988e-06
1.693373e-06
1.626878e-06
1.892878e-06
1.826349e-06
1.759833e-06
1.693328e-06
1.626834e-06
1.892803e-06
1.826277e-06
1.759764e-06
1.693261e-06
1.62677e-06
1.892706e-06
1.826184e-06
1.759674e-06
1.693175e-06
1.626687e-06
1.892592e-06
1.826074e-06
1.759569e-06
1.693074e-06
1.626589e-06
1.892464e-06
1.825952e-06
1.759451e-06
1.692961e-06
1.62648e-06
1.892329e-06
1.825823e-06
1.759327e-06
1.692841e-06
1.626365e-06
1.892194e-06
1.825693e-06
1.759202e-06
1.692721e-06
1.62625e-06
1.892064e-06
1.825569e-06
1.759083e-06
1.692607e-06
1.62614e-06
1.891947e-06
1.825457e-06
1.758975e-06
1.692503e-06
1.62604e-06
1.891845e-06
1.825359e-06
1.758881e-06
1.692413e-06
1.625954e-06
1.891761e-06
1.825278e-06
1.758804e-06
1.692339e-06
1.625883e-06
1.891688e-06
1.825208e-06
1.758736e-06
1.692274e-06
1.625821e-06
1.891625e-06
1.825148e-06
1.758679e-06
1.692219e-06
1.625768e-06
1.891541e-06
1.825066e-06
1.7586e-06
1.692144e-06
1.625695e-06
1.892955e-06
1.826423e-06
1.759904e-06
1.693396e-06
1.6269e-06
1.892955e-06
1.826423e-06
1.759904e-06
1.693396e-06
1.6269e-06
1.892928e-06
1.826398e-06
1.75988e-06
1.693373e-06
1.626878e-06
1.892877e-06
1.826349e-06
1.759833e-06
1.693328e-06
1.626834e-06
1.892802e-06
1.826276e-06
1.759763e-06
1.69326e-06
1.626769e-06
1.892705e-06
1.826183e-06
1.759673e-06
1.693174e-06
1.626686e-06
1.89259e-06
1.826073e-06
1.759567e-06
1.693072e-06
1.626588e-06
1.892462e-06
1.82595e-06
1.759449e-06
1.692959e-06
1.626479e-06
1.892327e-06
1.82582e-06
1.759324e-06
1.692839e-06
1.626363e-06
1.892191e-06
1.82569e-06
1.759199e-06
1.692718e-06
1.626247e-06
1.89206e-06
1.825565e-06
1.759079e-06
1.692603e-06
1.626136e-06
1.891943e-06
1.825452e-06
1.758971e-06
1.692499e-06
1.626036e-06
1.89184e-06
1.825354e-06
1.758877e-06
1.692409e-06
1.62595e-06
1.891756e-06
1.825274e-06
1.758799e-06
1.692335e-06
1.625879e-06
1.891682e-06
1.825202e-06
1.758731e-06
1.692269e-06
1.625816e-06
1.891618e-06
1.82514e-06
1.758672e-06
1.692212e-06
1.625761e-06
1.891528e-06
1.825054e-06
1.758589e-06
1.692132e-06
1.625685e-06
1.892954e-06
1.826422e-06
1.759903e-06
1.693396e-06
1.6269e-06
1.892954e-06
1.826422e-06
1.759903e-06
1.693396e-06
1.6269e-06
1.892928e-06
1.826397e-06
1.759879e-06
1.693372e-06
1.626877e-06
1.892877e-06
1.826348e-06
1.759832e-06
1.693327e-06
1.626833e-06
1.892801e-06
1.826275e-06
1.759762e-06
1.693259e-06
1.626768e-06
1.892704e-06
1.826182e-06
1.759672e-06
1.693173e-06
1.626685e-06
1.892589e-06
1.826072e-06
1.759566e-06
1.693071e-06
1.626587e-06
1.892461e-06
1.825948e-06
1.759447e-06
1.692957e-06
1.626477e-06
1.892325e-06
1.825818e-06
1.759322e-06
1.692837e-06
1.626361e-06
1.892188e-06
1.825687e-06
1.759196e-06
1.692716e-06
1.626244e-06
1.553743e-06
1.473975e-06
1.394221e-06
1.314481e-06
1.234753e-06
1.155038e-06
1.075333e-06
9.956396e-07
9.159558e-07
8.362812e-07
7.566149e-07
6.769568e-07
5.973049e-07
5.176606e-07
4.380176e-07
3.583872e-07
2.787383e-07
1.991414e-07
1.19433e-07
3.998329e-08
1.553764e-06
1.473995e-06
1.394241e-06
1.3145e-06
1.234771e-06
1.155055e-06
1.07535e-06
9.956557e-07
9.159712e-07
8.36296e-07
7.566291e-07
6.769703e-07
5.973177e-07
5.176726e-07
4.380285e-07
3.583975e-07
2.787465e-07
1.991508e-07
1.194349e-07
3.99976e-08
1.553764e-06
1.473995e-06
1.394241e-06
1.3145e-06
1.234771e-06
1.155055e-06
1.07535e-06
9.956557e-07
9.159713e-07
8.362961e-07
7.566293e-07
6.769705e-07
5.973178e-07
5.176727e-07
4.380285e-07
3.583977e-07
2.787465e-07
1.991508e-07
1.19435e-07
3.999742e-08
1.553742e-06
1.473974e-06
1.394221e-06
1.314481e-06
1.234753e-06
1.155038e-06
1.075333e-06
9.956397e-07
9.159559e-07
8.362814e-07
7.566153e-07
6.769572e-07
5.973052e-07
5.176608e-07
4.380177e-07
3.583874e-07
2.787385e-07
1.991413e-07
1.194331e-07
3.99827e-08
1.5537e-06
1.473934e-06
1.394182e-06
1.314444e-06
1.234718e-06
1.155003e-06
1.075301e-06
9.956082e-07
9.159257e-07
8.362525e-07
7.565877e-07
6.76931e-07
5.972805e-07
5.176375e-07
4.379965e-07
3.583673e-07
2.787228e-07
1.99123e-07
1.194292e-07
3.995475e-08
1.553638e-06
1.473875e-06
1.394126e-06
1.314389e-06
1.234666e-06
1.154954e-06
1.075253e-06
9.955622e-07
9.158817e-07
8.362104e-07
7.565476e-07
6.768929e-07
5.972446e-07
5.176038e-07
4.379658e-07
3.583382e-07
2.787001e-07
1.99097e-07
1.194234e-07
3.991598e-08
1.553559e-06
1.473799e-06
1.394053e-06
1.31432e-06
1.234599e-06
1.15489e-06
1.075191e-06
9.955035e-07
9.158255e-07
8.361567e-07
7.564964e-07
6.768443e-07
5.971989e-07
5.175608e-07
4.379268e-07
3.583015e-07
2.786712e-07
1.990646e-07
1.194154e-07
3.986981e-08
1.553465e-06
1.47371e-06
1.393968e-06
1.314238e-06
1.234521e-06
1.154815e-06
1.075119e-06
9.954344e-07
9.157593e-07
8.360935e-07
7.564363e-07
6.767872e-07
5.971453e-07
5.175106e-07
4.378812e-07
3.582589e-07
2.786374e-07
1.99028e-07
1.194053e-07
3.98203e-08
1.553361e-06
1.473611e-06
1.393873e-06
1.314147e-06
1.234434e-06
1.154731e-06
1.075039e-06
9.95358e-07
9.156862e-07
8.360237e-07
7.563699e-07
6.767244e-07
5.970863e-07
5.174555e-07
4.378312e-07
3.582125e-07
2.786005e-07
1.989893e-07
1.193933e-07
3.977177e-08
1.553252e-06
1.473507e-06
1.393773e-06
1.314052e-06
1.234342e-06
1.154644e-06
1.074956e-06
9.952778e-07
9.156096e-07
8.359507e-07
7.563005e-07
6.766587e-07
5.970249e-07
5.173982e-07
4.377794e-07
3.581649e-07
2.785624e-07
1.98951e-07
1.193797e-07
3.972831e-08
1.553143e-06
1.473402e-06
1.393674e-06
1.313957e-06
1.234251e-06
1.154557e-06
1.074872e-06
9.95198e-07
9.155334e-07
8.358782e-07
7.562317e-07
6.765938e-07
5.969643e-07
5.17342e-07
4.377286e-07
3.581188e-07
2.785253e-07
1.989155e-07
1.193654e-07
3.969324e-08
1.553039e-06
1.473303e-06
1.393579e-06
1.313866e-06
1.234164e-06
1.154474e-06
1.074793e-06
9.951224e-07
9.154613e-07
8.358096e-07
7.561669e-07
6.765328e-07
5.969075e-07
5.172896e-07
4.376816e-07
3.580766e-07
2.784911e-07
1.988848e-07
1.19351e-07
3.966869e-08
1.552945e-06
1.473213e-06
1.393493e-06
1.313784e-06
1.234086e-06
1.154399e-06
1.074721e-06
9.950542e-07
9.153965e-07
8.357482e-07
7.56109e-07
6.764785e-07
5.968573e-07
5.172436e-07
4.376404e-07
3.580404e-07
2.784617e-07
1.988605e-07
1.193376e-07
3.965536e-08
1.552863e-06
1.473135e-06
1.393418e-06
1.313713e-06
1.234018e-06
1.154334e-06
1.07466e-06
9.949955e-07
9.153408e-07
8.356956e-07
7.560596e-07
6.764325e-07
5.968149e-07
5.172051e-07
4.376063e-07
3.58011e-07
2.784377e-07
1.988426e-07
1.193256e-07
3.965243e-08
1.552796e-06
1.473071e-06
1.393357e-06
1.313655e-06
1.233963e-06
1.154281e-06
1.07461e-06
9.94948e-07
9.152959e-07
8.356534e-07
7.560201e-07
6.763959e-07
5.967814e-07
5.171749e-07
4.375796e-07
3.579885e-07
2.784193e-07
1.988307e-07
1.193154e-07
3.965773e-08
1.552742e-06
1.473019e-06
1.393308e-06
1.313608e-06
1.233918e-06
1.154239e-06
1.074569e-06
9.949101e-07
9.152602e-07
8.356199e-07
7.559889e-07
6.763671e-07
5.967551e-07
5.171513e-07
4.375588e-07
3.579713e-07
2.784049e-07
1.988228e-07
1.193064e-07
3.966838e-08
1.552705e-06
1.472985e-06
1.393275e-06
1.313576e-06
1.233888e-06
1.154211e-06
1.074543e-06
9.948849e-07
9.152365e-07
8.355978e-07
7.559684e-07
6.763481e-07
5.967377e-07
5.171356e-07
4.375448e-07
3.579598e-07
2.783946e-07
1.988178e-07
1.192981e-07
3.968053e-08
1.552683e-06
1.472964e-06
1.393255e-06
1.313558e-06
1.233871e-06
1.154194e-06
1.074527e-06
9.948699e-07
9.152225e-07
8.355846e-07
7.55956e-07
6.763366e-07
5.967269e-07
5.171257e-07
4.375357e-07
3.579522e-07
2.783872e-07
1.98815e-07
1.192924e-07
3.969618e-08
1.553743e-06
1.473975e-06
1.394221e-06
1.314481e-06
1.234754e-06
1.155038e-06
1.075334e-06
9.956398e-07
9.159559e-07
8.362814e-07
7.566152e-07
6.76957e-07
5.973051e-07
5.176609e-07
4.380179e-07
3.583875e-07
2.787384e-07
1.991419e-07
1.19432e-07
3.998208e-08
1.553764e-06
1.473995e-06
1.394241e-06
1.3145e-06
1.234771e-06
1.155055e-06
1.07535e-06
9.956557e-07
9.159713e-07
8.36296e-07
7.566292e-07
6.769705e-07
5.973178e-07
5.176728e-07
4.380287e-07
3.583978e-07
2.787465e-07
1.991513e-07
1.194337e-07
3.999627e-08
1.553764e-06
1.473995e-06
1.394241e-06
1.3145e-06
1.234771e-06
1.155055e-06
1.07535e-06
9.956557e-07
9.159713e-07
8.362961e-07
7.566294e-07
6.769706e-07
5.973179e-07
5.176729e-07
4.380288e-07
3.583979e-07
2.787466e-07
1.991513e-07
1.194338e-07
3.999611e-08
1.553742e-06
1.473974e-06
1.394221e-06
1.314481e-06
1.234753e-06
1.155038e-06
1.075333e-06
9.956398e-07
9.159561e-07
8.362816e-07
7.566155e-07
6.769574e-07
5.973055e-07
5.176611e-07
4.38018e-07
3.583877e-07
2.787387e-07
1.991419e-07
1.194321e-07
3.998156e-08
1.5537e-06
1.473934e-06
1.394183e-06
1.314444e-06
1.234718e-06
1.155004e-06
1.075301e-06
9.956085e-07
9.159261e-07
8.362528e-07
7.565881e-07
6.769314e-07
5.972809e-07
5.17638e-07
4.37997e-07
3.583678e-07
2.787231e-07
1.991237e-07
1.194286e-07
3.995391e-08
1.553639e-06
1.473876e-06
1.394126e-06
1.31439e-06
1.234666e-06
1.154954e-06
1.075253e-06
9.955629e-07
9.158824e-07
8.362111e-07
7.565483e-07
6.768935e-07
5.972453e-07
5.176045e-07
4.379665e-07
3.583389e-07
2.787006e-07
1.990978e-07
1.194232e-07
3.991556e-08
1.55356e-06
1.4738e-06
1.394054e-06
1.314321e-06
1.2346e-06
1.154891e-06
1.075193e-06
9.955047e-07
9.158266e-07
8.361578e-07
7.564975e-07
6.768453e-07
5.972e-07
5.175619e-07
4.379278e-07
3.583025e-07
2.786721e-07
1.990656e-07
1.194158e-07
3.986991e-08
1.553467e-06
1.473712e-06
1.39397e-06
1.31424e-06
1.234523e-06
1.154816e-06
1.075121e-06
9.954362e-07
9.15761e-07
8.360951e-07
7.564378e-07
6.767887e-07
5.971468e-07
5.17512e-07
4.378826e-07
3.582602e-07
2.786387e-07
1.990292e-07
1.194063e-07
3.982099e-08
1.553364e-06
1.473614e-06
1.393876e-06
1.31415e-06
1.234436e-06
1.154734e-06
1.075042e-06
9.953604e-07
9.156885e-07
8.360259e-07
7.56372e-07
6.767264e-07
5.970883e-07
5.174573e-07
4.37833e-07
3.582142e-07
2.786022e-07
1.989908e-07
1.19395e-07
3.977308e-08
1.553256e-06
1.47351e-06
1.393777e-06
1.314056e-06
1.234346e-06
1.154647e-06
1.074959e-06
9.952809e-07
9.156125e-07
8.359535e-07
7.563032e-07
6.766613e-07
5.970273e-07
5.174006e-07
4.377816e-07
3.581671e-07
2.785645e-07
1.989529e-07
1.19382e-07
3.97302e-08
1.553148e-06
1.473407e-06
1.393678e-06
1.313961e-06
1.234255e-06
1.154561e-06
1.074876e-06
9.952017e-07
9.155369e-07
8.358815e-07
7.56235e-07
6.765969e-07
5.969672e-07
5.173448e-07
4.377313e-07
3.581213e-07
2.785278e-07
1.989177e-07
1.193682e-07
3.969566e-08
1.553045e-06
1.473309e-06
1.393584e-06
1.313871e-06
1.234169e-06
1.154478e-06
1.074797e-06
9.951265e-07
9.154653e-07
8.358134e-07
7.561705e-07
6.765363e-07
5.969108e-07
5.172928e-07
4.376846e-07
3.580795e-07
2.78494e-07
1.988874e-07
1.193543e-07
3.967152e-08
1.552951e-06
1.473219e-06
1.393499e-06
1.31379e-06
1.234091e-06
1.154404e-06
1.074726e-06
9.950588e-07
9.154009e-07
8.357524e-07
7.56113e-07
6.764824e-07
5.968609e-07
5.17247e-07
4.376437e-07
3.580435e-07
2.784648e-07
1.988632e-07
1.193411e-07
3.965845e-08
1.55287e-06
1.473141e-06
1.393424e-06
1.313719e-06
1.234024e-06
1.154339e-06
1.074665e-06
9.950003e-07
9.153454e-07
8.357e-07
7.560638e-07
6.764365e-07
5.968187e-07
5.172087e-07
4.376097e-07
3.580142e-07
2.784409e-07
1.988454e-07
1.193292e-07
3.965562e-08
1.552803e-06
1.473078e-06
1.393363e-06
1.31366e-06
1.233968e-06
1.154286e-06
1.074615e-06
9.949528e-07
9.153005e-07
8.356578e-07
7.560243e-07
6.764e-07
5.967852e-07
5.171785e-07
4.375831e-07
3.579918e-07
2.784225e-07
1.988335e-07
1.193189e-07
3.966086e-08
1.552748e-06
1.473026e-06
1.393314e-06
1.313614e-06
1.233924e-06
1.154244e-06
1.074574e-06
9.949148e-07
9.152647e-07
8.356243e-07
7.559931e-07
6.763711e-07
5.967588e-07
5.171548e-07
4.375622e-07
3.579745e-07
2.784079e-07
1.988255e-07
1.193097e-07
3.96713e-08
1.552711e-06
1.47299e-06
1.39328e-06
1.313582e-06
1.233893e-06
1.154215e-06
1.074547e-06
9.948892e-07
9.152406e-07
8.356017e-07
7.559721e-07
6.763517e-07
5.96741e-07
5.171388e-07
4.375478e-07
3.579626e-07
2.783972e-07
1.988202e-07
1.193008e-07
3.968288e-08
1.552687e-06
1.472968e-06
1.393259e-06
1.313561e-06
1.233874e-06
1.154197e-06
1.07453e-06
9.948728e-07
9.152252e-07
8.355871e-07
7.559584e-07
6.763389e-07
5.96729e-07
5.171277e-07
4.375375e-07
3.579538e-07
2.783887e-07
1.988159e-07
1.192937e-07
3.969561e-08
1.553743e-06
1.473975e-06
1.394222e-06
1.314481e-06
1.234754e-06
1.155038e-06
1.075334e-06
9.956401e-07
9.159563e-07
8.362818e-07
7.566156e-07
6.769575e-07
5.973056e-07
5.176615e-07
4.380183e-07
3.583884e-07
2.787382e-07
1.991443e-07
1.19427e-07
3.999073e-08
1.553764e-06
1.473995e-06
1.394241e-06
1.3145e-06
1.234772e-06
1.155055e-06
1.07535e-06
9.956559e-07
9.159715e-07
8.362963e-07
7.566296e-07
6.769709e-07
5.973182e-07
5.176733e-07
4.38029e-07
3.583986e-07
2.787462e-07
1.991537e-07
1.194283e-07
4.000555e-08
1.553764e-06
1.473995e-06
1.394241e-06
1.3145e-06
1.234772e-06
1.155055e-06
1.07535e-06
9.956559e-07
9.159715e-07
8.362964e-07
7.566297e-07
6.76971e-07
5.973184e-07
5.176734e-07
4.380291e-07
3.583988e-07
2.787463e-07
1.991538e-07
1.194285e-07
4.000541e-08
1.553743e-06
1.473975e-06
1.394221e-06
1.314481e-06
1.234754e-06
1.155038e-06
1.075334e-06
9.956401e-07
9.159564e-07
8.362819e-07
7.566159e-07
6.769579e-07
5.97306e-07
5.176617e-07
4.380185e-07
3.583886e-07
2.787385e-07
1.991443e-07
1.194272e-07
3.999023e-08
1.553701e-06
1.473935e-06
1.394183e-06
1.314444e-06
1.234718e-06
1.155004e-06
1.075301e-06
9.95609e-07
9.159266e-07
8.362534e-07
7.565887e-07
6.76932e-07
5.972816e-07
5.176387e-07
4.379976e-07
3.583687e-07
2.787232e-07
1.991259e-07
1.194246e-07
3.996138e-08
1.55364e-06
1.473876e-06
1.394127e-06
1.314391e-06
1.234667e-06
1.154955e-06
1.075254e-06
9.955637e-07
9.158831e-07
8.362118e-07
7.565491e-07
6.768944e-07
5.972462e-07
5.176054e-07
4.379673e-07
3.5834e-07
2.78701e-07
1.990998e-07
1.194205e-07
3.992137e-08
1.553562e-06
1.473802e-06
1.394056e-06
1.314323e-06
1.234602e-06
1.154892e-06
1.075194e-06
9.955058e-07
9.158277e-07
8.361589e-07
7.564986e-07
6.768464e-07
5.972011e-07
5.17563e-07
4.379288e-07
3.583037e-07
2.786728e-07
1.990674e-07
1.194146e-07
3.987378e-08
1.553469e-06
1.473714e-06
1.393972e-06
1.314242e-06
1.234524e-06
1.154818e-06
1.075123e-06
9.954378e-07
9.157625e-07
8.360966e-07
7.564393e-07
6.767902e-07
5.971482e-07
5.175134e-07
4.378839e-07
3.582616e-07
2.786399e-07
1.990308e-07
1.194068e-07
3.982283e-08
1.553367e-06
1.473617e-06
1.393878e-06
1.314153e-06
1.234439e-06
1.154736e-06
1.075044e-06
9.953625e-07
9.156905e-07
8.360279e-07
7.563739e-07
6.767282e-07
5.970901e-07
5.17459e-07
4.378346e-07
3.582158e-07
2.786038e-07
1.989922e-07
1.19397e-07
3.977303e-08
1.55326e-06
1.473514e-06
1.39378e-06
1.314059e-06
1.234349e-06
1.15465e-06
1.074962e-06
9.952835e-07
9.15615e-07
8.359559e-07
7.563055e-07
6.766635e-07
5.970295e-07
5.174026e-07
4.377836e-07
3.581689e-07
2.785666e-07
1.989541e-07
1.193855e-07
3.972859e-08
1.553152e-06
1.473411e-06
1.393682e-06
1.313965e-06
1.234259e-06
1.154564e-06
1.074879e-06
9.952048e-07
9.155399e-07
8.358844e-07
7.562377e-07
6.765995e-07
5.969697e-07
5.173471e-07
4.377336e-07
3.581234e-07
2.785302e-07
1.989189e-07
1.193728e-07
3.969292e-08
1.55305e-06
1.473313e-06
1.393589e-06
1.313875e-06
1.234173e-06
1.154482e-06
1.074801e-06
9.951301e-07
9.154687e-07
8.358167e-07
7.561736e-07
6.765392e-07
5.969137e-07
5.172954e-07
4.376872e-07
3.580818e-07
2.784968e-07
1.988886e-07
1.193596e-07
3.966817e-08
1.552957e-06
1.473225e-06
1.393504e-06
1.313794e-06
1.234096e-06
1.154408e-06
1.07473e-06
9.950627e-07
9.154046e-07
8.357559e-07
7.561163e-07
6.764856e-07
5.96864e-07
5.172499e-07
4.376465e-07
3.58046e-07
2.784678e-07
1.988645e-07
1.193467e-07
3.965499e-08
1.552875e-06
1.473147e-06
1.39343e-06
1.313723e-06
1.234028e-06
1.154344e-06
1.074669e-06
9.950044e-07
9.153493e-07
8.357037e-07
7.560673e-07
6.764398e-07
5.968219e-07
5.172116e-07
4.376126e-07
3.580167e-07
2.78444e-07
1.988468e-07
1.193348e-07
3.965246e-08
1.552808e-06
1.473083e-06
1.393369e-06
1.313665e-06
1.233973e-06
1.154291e-06
1.074619e-06
9.94957e-07
9.153045e-07
8.356616e-07
7.560279e-07
6.764034e-07
5.967885e-07
5.171815e-07
4.37586e-07
3.579944e-07
2.784255e-07
1.98835e-07
1.193242e-07
3.965828e-08
1.552754e-06
1.473031e-06
1.393319e-06
1.313618e-06
1.233928e-06
1.154248e-06
1.074579e-06
9.949188e-07
9.152685e-07
8.356279e-07
7.559965e-07
6.763744e-07
5.967619e-07
5.171577e-07
4.375649e-07
3.579769e-07
2.784108e-07
1.98827e-07
1.193144e-07
3.966939e-08
1.552716e-06
1.472995e-06
1.393285e-06
1.313586e-06
1.233897e-06
1.154219e-06
1.074551e-06
9.948926e-07
9.152439e-07
8.356048e-07
7.55975e-07
6.763545e-07
5.967436e-07
5.171412e-07
4.375501e-07
3.579646e-07
2.783996e-07
1.988214e-07
1.193045e-07
3.968123e-08
1.552689e-06
1.472969e-06
1.39326e-06
1.313563e-06
1.233875e-06
1.154198e-06
1.074531e-06
9.948739e-07
9.152263e-07
8.355882e-07
7.559594e-07
6.763398e-07
5.967298e-07
5.171284e-07
4.375382e-07
3.579542e-07
2.783894e-07
1.988155e-07
1.192953e-07
3.969246e-08
1.553743e-06
1.473975e-06
1.394222e-06
1.314482e-06
1.234754e-06
1.155039e-06
1.075334e-06
9.956406e-07
9.159568e-07
8.362823e-07
7.566162e-07
6.769582e-07
5.973063e-07
5.176623e-07
4.38019e-07
3.583895e-07
2.787382e-07
1.991473e-07
1.19421e-07
4.000654e-08
1.553764e-06
1.473995e-06
1.394241e-06
1.3145e-06
1.234772e-06
1.155056e-06
1.075351e-06
9.956564e-07
9.15972e-07
8.362968e-07
7.566301e-07
6.769715e-07
5.973189e-07
5.17674e-07
4.380297e-07
3.583998e-07
2.787461e-07
1.99157e-07
1.194218e-07
4.002256e-08
1.553764e-06
1.473995e-06
1.394241e-06
1.3145e-06
1.234772e-06
1.155056e-06
1.075351e-06
9.956563e-07
9.15972e-07
8.362969e-07
7.566302e-07
6.769716e-07
5.97319e-07
5.176742e-07
4.380298e-07
3.584e-07
2.787462e-07
1.99157e-07
1.19422e-07
4.002243e-08
1.553743e-06
1.473975e-06
1.394222e-06
1.314481e-06
1.234754e-06
1.155039e-06
1.075334e-06
9.956406e-07
9.159569e-07
8.362825e-07
7.566165e-07
6.769585e-07
5.973067e-07
5.176625e-07
4.380192e-07
3.583898e-07
2.787385e-07
1.991474e-07
1.194213e-07
4.000605e-08
1.553701e-06
1.473935e-06
1.394183e-06
1.314445e-06
1.234719e-06
1.155005e-06
1.075302e-06
9.956096e-07
9.159272e-07
8.36254e-07
7.565893e-07
6.769327e-07
5.972823e-07
5.176395e-07
4.379984e-07
3.583699e-07
2.787233e-07
1.991287e-07
1.194197e-07
3.99749e-08
1.55364e-06
1.473877e-06
1.394128e-06
1.314392e-06
1.234668e-06
1.154956e-06
1.075255e-06
9.955644e-07
9.158839e-07
8.362126e-07
7.565498e-07
6.768952e-07
5.97247e-07
5.176063e-07
4.379682e-07
3.583411e-07
2.787013e-07
1.991021e-07
1.19417e-07
3.993172e-08
1.553563e-06
1.473803e-06
1.394057e-06
1.314324e-06
1.234603e-06
1.154893e-06
1.075195e-06
9.955067e-07
9.158286e-07
8.361598e-07
7.564995e-07
6.768473e-07
5.97202e-07
5.175639e-07
4.379298e-07
3.583048e-07
2.786734e-07
1.990693e-07
1.194128e-07
3.988038e-08
1.553471e-06
1.473715e-06
1.393973e-06
1.314243e-06
1.234526e-06
1.154819e-06
1.075124e-06
9.954389e-07
9.157636e-07
8.360977e-07
7.564404e-07
6.767912e-07
5.971493e-07
5.175145e-07
4.378849e-07
3.582627e-07
2.786407e-07
1.990321e-07
1.194067e-07
3.98255e-08
1.553369e-06
1.473618e-06
1.39388e-06
1.314154e-06
1.23444e-06
1.154738e-06
1.075046e-06
9.953638e-07
9.156918e-07
8.360291e-07
7.563751e-07
6.767294e-07
5.970912e-07
5.174602e-07
4.378357e-07
3.582168e-07
2.786049e-07
1.98993e-07
1.193985e-07
3.977198e-08
1.553262e-06
1.473516e-06
1.393782e-06
1.314061e-06
1.234351e-06
1.154652e-06
1.074963e-06
9.952851e-07
9.156165e-07
8.359573e-07
7.563069e-07
6.766648e-07
5.970308e-07
5.174038e-07
4.377848e-07
3.581699e-07
2.785679e-07
1.989545e-07
1.193885e-07
3.972438e-08
1.553155e-06
1.473414e-06
1.393685e-06
1.313967e-06
1.234261e-06
1.154566e-06
1.074881e-06
9.952066e-07
9.155416e-07
8.35886e-07
7.562392e-07
6.766009e-07
5.969711e-07
5.173484e-07
4.377349e-07
3.581244e-07
2.785318e-07
1.98919e-07
1.193769e-07
3.968639e-08
1.553053e-06
1.473316e-06
1.393591e-06
1.313878e-06
1.234176e-06
1.154484e-06
1.074803e-06
9.951321e-07
9.154705e-07
8.358184e-07
7.561753e-07
6.765408e-07
5.969151e-07
5.172968e-07
4.376885e-07
3.580828e-07
2.784984e-07
1.988885e-07
1.193643e-07
3.966032e-08
1.55296e-06
1.473228e-06
1.393506e-06
1.313797e-06
1.234098e-06
1.15441e-06
1.074733e-06
9.950648e-07
9.154065e-07
8.357578e-07
7.561181e-07
6.764872e-07
5.968655e-07
5.172513e-07
4.376479e-07
3.58047e-07
2.784695e-07
1.988644e-07
1.193518e-07
3.964682e-08
1.552879e-06
1.47315e-06
1.393432e-06
1.313726e-06
1.234031e-06
1.154346e-06
1.074671e-06
9.950065e-07
9.153513e-07
8.357056e-07
7.560691e-07
6.764416e-07
5.968235e-07
5.172131e-07
4.376141e-07
3.580179e-07
2.784457e-07
1.988468e-07
1.193397e-07
3.964483e-08
1.552812e-06
1.473086e-06
1.393372e-06
1.313668e-06
1.233976e-06
1.154293e-06
1.074621e-06
9.949592e-07
9.153066e-07
8.356635e-07
7.560298e-07
6.764051e-07
5.967901e-07
5.171831e-07
4.375875e-07
3.579955e-07
2.784273e-07
1.988352e-07
1.193286e-07
3.965178e-08
1.552757e-06
1.473034e-06
1.393322e-06
1.313621e-06
1.23393e-06
1.154251e-06
1.074581e-06
9.949208e-07
9.152704e-07
8.356297e-07
7.559982e-07
6.76376e-07
5.967634e-07
5.171591e-07
4.375663e-07
3.57978e-07
2.784124e-07
1.988273e-07
1.193182e-07
3.96643e-08
1.552718e-06
1.472997e-06
1.393286e-06
1.313587e-06
1.233899e-06
1.15422e-06
1.074552e-06
9.948939e-07
9.152451e-07
8.35606e-07
7.559761e-07
6.763555e-07
5.967446e-07
5.171421e-07
4.37551e-07
3.579653e-07
2.784007e-07
1.988214e-07
1.193073e-07
3.967712e-08
1.552687e-06
1.472968e-06
1.393259e-06
1.313561e-06
1.233874e-06
1.154197e-06
1.07453e-06
9.948727e-07
9.15225e-07
8.35587e-07
7.559582e-07
6.763387e-07
5.967287e-07
5.171273e-07
4.375371e-07
3.57953e-07
2.783886e-07
1.988138e-07
1.192959e-07
3.96879e-08
1.553743e-06
1.473975e-06
1.394222e-06
1.314482e-06
1.234755e-06
1.155039e-06
1.075335e-06
9.956411e-07
9.159574e-07
8.362829e-07
7.566169e-07
6.769589e-07
5.973071e-07
5.176632e-07
4.380198e-07
3.583909e-07
2.787383e-07
1.991509e-07
1.194147e-07
4.002774e-08
1.553764e-06
1.473995e-06
1.394241e-06
1.3145e-06
1.234772e-06
1.155056e-06
1.075351e-06
9.956569e-07
9.159725e-07
8.362974e-07
7.566308e-07
6.769722e-07
5.973196e-07
5.176749e-07
4.380305e-07
3.584012e-07
2.787462e-07
1.991606e-07
1.194149e-07
4.004534e-08
1.553764e-06
1.473995e-06
1.394241e-06
1.3145e-06
1.234772e-06
1.155056e-06
1.075351e-06
9.956568e-07
9.159725e-07
8.362975e-07
7.566309e-07
6.769723e-07
5.973198e-07
5.176751e-07
4.380306e-07
3.584013e-07
2.787463e-07
1.991607e-07
1.194151e-07
4.004522e-08
1.553743e-06
1.473975e-06
1.394222e-06
1.314482e-06
1.234754e-06
1.155039e-06
1.075335e-06
9.956411e-07
9.159575e-07
8.362831e-07
7.566172e-07
6.769593e-07
5.973074e-07
5.176634e-07
4.380201e-07
3.583911e-07
2.787386e-07
1.991509e-07
1.19415e-07
4.002723e-08
1.553701e-06
1.473935e-06
1.394184e-06
1.314445e-06
1.234719e-06
1.155005e-06
1.075302e-06
9.956101e-07
9.159278e-07
8.362546e-07
7.5659e-07
6.769334e-07
5.972831e-07
5.176404e-07
4.379992e-07
3.583711e-07
2.787236e-07
1.991318e-07
1.194144e-07
3.999299e-08
1.553641e-06
1.473877e-06
1.394128e-06
1.314392e-06
1.234668e-06
1.154956e-06
1.075255e-06
9.95565e-07
9.158845e-07
8.362132e-07
7.565506e-07
6.768959e-07
5.972478e-07
5.176071e-07
4.37969e-07
3.583423e-07
2.787017e-07
1.991047e-07
1.194131e-07
3.994553e-08
1.553563e-06
1.473803e-06
1.394057e-06
1.314324e-06
1.234603e-06
1.154894e-06
1.075195e-06
9.955074e-07
9.158293e-07
8.361604e-07
7.565002e-07
6.768481e-07
5.972028e-07
5.175647e-07
4.379305e-07
3.583058e-07
2.786739e-07
1.990712e-07
1.194106e-07
3.988914e-08
1.553472e-06
1.473716e-06
1.393974e-06
1.314244e-06
1.234526e-06
1.15482e-06
1.075125e-06
9.954396e-07
9.157643e-07
8.360984e-07
7.564411e-07
6.767919e-07
5.9715e-07
5.175152e-07
4.378857e-07
3.582635e-07
2.786413e-07
1.990333e-07
1.194062e-07
3.982895e-08
1.55337e-06
1.473619e-06
1.393881e-06
1.314155e-06
1.234441e-06
1.154738e-06
1.075046e-06
9.953645e-07
9.156925e-07
8.360298e-07
7.563758e-07
6.7673e-07
5.970919e-07
5.174608e-07
4.378364e-07
3.582174e-07
2.786056e-07
1.989935e-07
1.193997e-07
3.977039e-08
1.553263e-06
1.473517e-06
1.393783e-06
1.314062e-06
1.234352e-06
1.154653e-06
1.074964e-06
9.952857e-07
9.156171e-07
8.359579e-07
7.563075e-07
6.766654e-07
5.970314e-07
5.174044e-07
4.377854e-07
3.581703e-07
2.785687e-07
1.989544e-07
1.19391e-07
3.97185e-08
1.553156e-06
1.473415e-06
1.393686e-06
1.313968e-06
1.234262e-06
1.154567e-06
1.074882e-06
9.952073e-07
9.155422e-07
8.358866e-07
7.562398e-07
6.766014e-07
5.969716e-07
5.173488e-07
4.377354e-07
3.581247e-07
2.785325e-07
1.989184e-07
1.193804e-07
3.967738e-08
1.553054e-06
1.473318e-06
1.393592e-06
1.313879e-06
1.234177e-06
1.154485e-06
1.074804e-06
9.951327e-07
9.154711e-07
8.358189e-07
7.561758e-07
6.765412e-07
5.969156e-07
5.172971e-07
4.376889e-07
3.580829e-07
2.784991e-07
1.988876e-07
1.193684e-07
3.964951e-08
1.552961e-06
1.473229e-06
1.393508e-06
1.313798e-06
1.234099e-06
1.154411e-06
1.074733e-06
9.950654e-07
9.154071e-07
8.357583e-07
7.561185e-07
6.764876e-07
5.968659e-07
5.172516e-07
4.376483e-07
3.580471e-07
2.784703e-07
1.988634e-07
1.19356e-07
3.963559e-08
1.55288e-06
1.473151e-06
1.393434e-06
1.313727e-06
1.234032e-06
1.154347e-06
1.074672e-06
9.950072e-07
9.153519e-07
8.357061e-07
7.560696e-07
6.76442e-07
5.968239e-07
5.172134e-07
4.376144e-07
3.580179e-07
2.784465e-07
1.988458e-07
1.193438e-07
3.963435e-08
1.552813e-06
1.473087e-06
1.393373e-06
1.313669e-06
1.233976e-06
1.154294e-06
1.074622e-06
9.949598e-07
9.153072e-07
8.356641e-07
7.560303e-07
6.764056e-07
5.967906e-07
5.171834e-07
4.375879e-07
3.579957e-07
2.78428e-07
1.988344e-07
1.193323e-07
3.96429e-08
1.552758e-06
1.473034e-06
1.393322e-06
1.313621e-06
1.233931e-06
1.154251e-06
1.074581e-06
9.949212e-07
9.152708e-07
8.3563e-07
7.559985e-07
6.763762e-07
5.967637e-07
5.171593e-07
4.375665e-07
3.57978e-07
2.784129e-07
1.988266e-07
1.193211e-07
3.965736e-08
1.552718e-06
1.472996e-06
1.393286e-06
1.313587e-06
1.233898e-06
1.15422e-06
1.074552e-06
9.948935e-07
9.152448e-07
8.356056e-07
7.559758e-07
6.763552e-07
5.967443e-07
5.171417e-07
4.375507e-07
3.579648e-07
2.784006e-07
1.988204e-07
1.193091e-07
3.967169e-08
1.552683e-06
1.472963e-06
1.393255e-06
1.313557e-06
1.23387e-06
1.154193e-06
1.074526e-06
9.948693e-07
9.152219e-07
8.355839e-07
7.559553e-07
6.763359e-07
5.967261e-07
5.171247e-07
4.375346e-07
3.579505e-07
2.783866e-07
1.988111e-07
1.192955e-07
3.968254e-08
1.553744e-06
1.473976e-06
1.394223e-06
1.314483e-06
1.234755e-06
1.15504e-06
1.075335e-06
9.956416e-07
9.159579e-07
8.362835e-07
7.566175e-07
6.769597e-07
5.973079e-07
5.176641e-07
4.380206e-07
3.583922e-07
2.787385e-07
1.991548e-07
1.194077e-07
4.005363e-08
1.553765e-06
1.473995e-06
1.394242e-06
1.314501e-06
1.234773e-06
1.155057e-06
1.075352e-06
9.956574e-07
9.159731e-07
8.362981e-07
7.566315e-07
6.76973e-07
5.973204e-07
5.176758e-07
4.380314e-07
3.584026e-07
2.787464e-07
1.991648e-07
1.194074e-07
4.007315e-08
1.553765e-06
1.473995e-06
1.394242e-06
1.314501e-06
1.234773e-06
1.155057e-06
1.075352e-06
9.956574e-07
9.159731e-07
8.362981e-07
7.566316e-07
6.769731e-07
5.973206e-07
5.176759e-07
4.380315e-07
3.584027e-07
2.787465e-07
1.991649e-07
1.194076e-07
4.007304e-08
1.553743e-06
1.473975e-06
1.394222e-06
1.314482e-06
1.234755e-06
1.155039e-06
1.075335e-06
9.956416e-07
9.159581e-07
8.362837e-07
7.566179e-07
6.7696e-07
5.973082e-07
5.176642e-07
4.380209e-07
3.583925e-07
2.787388e-07
1.991548e-07
1.194081e-07
4.005309e-08
1.553702e-06
1.473935e-06
1.394184e-06
1.314446e-06
1.23472e-06
1.155006e-06
1.075303e-06
9.956106e-07
9.159283e-07
8.362552e-07
7.565907e-07
6.769341e-07
5.972838e-07
5.176412e-07
4.38e-07
3.583724e-07
2.787238e-07
1.991352e-07
1.194086e-07
4.001509e-08
1.553641e-06
1.473878e-06
1.394129e-06
1.314393e-06
1.234669e-06
1.154957e-06
1.075256e-06
9.955655e-07
9.15885e-07
8.362138e-07
7.565512e-07
6.768965e-07
5.972484e-07
5.176078e-07
4.379697e-07
3.583434e-07
2.78702e-07
1.991074e-07
1.194088e-07
3.996242e-08
1.553563e-06
1.473804e-06
1.394058e-06
1.314325e-06
1.234604e-06
1.154894e-06
1.075196e-06
9.955078e-07
9.158297e-07
8.361609e-07
7.565007e-07
6.768486e-07
5.972033e-07
5.175653e-07
4.379312e-07
3.583066e-07
2.786743e-07
1.990731e-07
1.19408e-07
3.98999e-08
1.553472e-06
1.473716e-06
1.393974e-06
1.314244e-06
1.234527e-06
1.15482e-06
1.075125e-06
9.954399e-07
9.157646e-07
8.360987e-07
7.564415e-07
6.767923e-07
5.971504e-07
5.175156e-07
4.378861e-07
3.58264e-07
2.786417e-07
1.990343e-07
1.194054e-07
3.983324e-08
1.55337e-06
1.473619e-06
1.393881e-06
1.314155e-06
1.234441e-06
1.154739e-06
1.075046e-06
9.953647e-07
9.156926e-07
8.360299e-07
7.56376e-07
6.767302e-07
5.970921e-07
5.17461e-07
4.378366e-07
3.582177e-07
2.78606e-07
1.989937e-07
1.194006e-07
3.976854e-08
1.553263e-06
1.473517e-06
1.393783e-06
1.314062e-06
1.234352e-06
1.154653e-06
1.074964e-06
9.952857e-07
9.156171e-07
8.359579e-07
7.563075e-07
6.766654e-07
5.970314e-07
5.174043e-07
4.377854e-07
3.581702e-07
2.785689e-07
1.989537e-07
1.193932e-07
3.971142e-08
1.553156e-06
1.473415e-06
1.393686e-06
1.313968e-06
1.234262e-06
1.154567e-06
1.074882e-06
9.952071e-07
9.15542e-07
8.358863e-07
7.562395e-07
6.766012e-07
5.969714e-07
5.173486e-07
4.377352e-07
3.581243e-07
2.785327e-07
1.989171e-07
1.193836e-07
3.966647e-08
1.553054e-06
1.473317e-06
1.393592e-06
1.313879e-06
1.234176e-06
1.154485e-06
1.074804e-06
9.951323e-07
9.154707e-07
8.358186e-07
7.561754e-07
6.765408e-07
5.969152e-07
5.172967e-07
4.376885e-07
3.580823e-07
2.784992e-07
1.988859e-07
1.193722e-07
3.963642e-08
1.552961e-06
1.473229e-06
1.393507e-06
1.313798e-06
1.234099e-06
1.154411e-06
1.074733e-06
9.95065e-07
9.154066e-07
8.357578e-07
7.56118e-07
6.764871e-07
5.968654e-07
5.172511e-07
4.376478e-07
3.580464e-07
2.784702e-07
1.988615e-07
1.193598e-07
3.962199e-08
1.55288e-06
1.473151e-06
1.393433e-06
1.313727e-06
1.234031e-06
1.154346e-06
1.074672e-06
9.950066e-07
9.153513e-07
8.357056e-07
7.56069e-07
6.764415e-07
5.968234e-07
5.172129e-07
4.376139e-07
3.580172e-07
2.784464e-07
1.988441e-07
1.193474e-07
3.962171e-08
1.552813e-06
1.473087e-06
1.393372e-06
1.313669e-06
1.233976e-06
1.154294e-06
1.074622e-06
9.949593e-07
9.153066e-07
8.356636e-07
7.560297e-07
6.764051e-07
5.967901e-07
5.171829e-07
4.375874e-07
3.57995e-07
2.784279e-07
1.988329e-07
1.193354e-07
3.963224e-08
1.552757e-06
1.473034e-06
1.393322e-06
1.31362e-06
1.23393e-06
1.15425e-06
1.07458e-06
9.949203e-07
9.152699e-07
8.356292e-07
7.559977e-07
6.763755e-07
5.96763e-07
5.171586e-07
4.375658e-07
3.579771e-07
2.784127e-07
1.988252e-07
1.193235e-07
3.964911e-08
1.552715e-06
1.472994e-06
1.393284e-06
1.313585e-06
1.233896e-06
1.154218e-06
1.07455e-06
9.948918e-07
9.152431e-07
8.35604e-07
7.559742e-07
6.763538e-07
5.967429e-07
5.171404e-07
4.375494e-07
3.579634e-07
2.783998e-07
1.988187e-07
1.193103e-07
3.966535e-08
1.552676e-06
1.472957e-06
1.393249e-06
1.313551e-06
1.233864e-06
1.154188e-06
1.074521e-06
9.948644e-07
9.152171e-07
8.355794e-07
7.55951e-07
6.763318e-07
5.967222e-07
5.17121e-07
4.37531e-07
3.579469e-07
2.783835e-07
1.988075e-07
1.192944e-07
3.967658e-08
1.553765e-06
1.473995e-06
1.394242e-06
1.314501e-06
1.234773e-06
1.155057e-06
1.075352e-06
9.956579e-07
9.159737e-07
8.362987e-07
7.566322e-07
6.769737e-07
5.973212e-07
5.176766e-07
4.380323e-07
3.584041e-07
2.787466e-07
1.991693e-07
1.193995e-07
4.010518e-08
1.553765e-06
1.473995e-06
1.394242e-06
1.314501e-06
1.234773e-06
1.155057e-06
1.075352e-06
9.956578e-07
9.159736e-07
8.362986e-07
7.566322e-07
6.769737e-07
5.973213e-07
5.176767e-07
4.380324e-07
3.584042e-07
2.787466e-07
1.991693e-07
1.193996e-07
4.010506e-08
1.553744e-06
1.473975e-06
1.394223e-06
1.314483e-06
1.234755e-06
1.15504e-06
1.075336e-06
9.956421e-07
9.159586e-07
8.362842e-07
7.566185e-07
6.769606e-07
5.973089e-07
5.17665e-07
4.380218e-07
3.583939e-07
2.78739e-07
1.991589e-07
1.194006e-07
4.008287e-08
1.553702e-06
1.473936e-06
1.394184e-06
1.314446e-06
1.23472e-06
1.155006e-06
1.075303e-06
9.95611e-07
9.159287e-07
8.362556e-07
7.565912e-07
6.769346e-07
5.972844e-07
5.176419e-07
4.380008e-07
3.583736e-07
2.78724e-07
1.991389e-07
1.194023e-07
4.004058e-08
1.553641e-06
1.473878e-06
1.394129e-06
1.314393e-06
1.234669e-06
1.154957e-06
1.075256e-06
9.955658e-07
9.158853e-07
8.362141e-07
7.565516e-07
6.76897e-07
5.972489e-07
5.176084e-07
4.379703e-07
3.583443e-07
2.787022e-07
1.991103e-07
1.19404e-07
3.998196e-08
1.553564e-06
1.473804e-06
1.394058e-06
1.314325e-06
1.234604e-06
1.154894e-06
1.075196e-06
9.95508e-07
9.158299e-07
8.361611e-07
7.56501e-07
6.768488e-07
5.972036e-07
5.175657e-07
4.379316e-07
3.583073e-07
2.786745e-07
1.99075e-07
1.19405e-07
3.991241e-08
1.553472e-06
1.473716e-06
1.393974e-06
1.314244e-06
1.234527e-06
1.15482e-06
1.075125e-06
9.954399e-07
9.157646e-07
8.360987e-07
7.564415e-07
6.767924e-07
5.971505e-07
5.175158e-07
4.378863e-07
3.582643e-07
2.786418e-07
1.990352e-07
1.194042e-07
3.983835e-08
1.55337e-06
1.473619e-06
1.393881e-06
1.314155e-06
1.234441e-06
1.154738e-06
1.075046e-06
9.953644e-07
9.156923e-07
8.360297e-07
7.563758e-07
6.7673e-07
5.970919e-07
5.174608e-07
4.378365e-07
3.582176e-07
2.78606e-07
1.989936e-07
1.194011e-07
3.976659e-08
1.553263e-06
1.473517e-06
1.393783e-06
1.314061e-06
1.234351e-06
1.154652e-06
1.074963e-06
9.952851e-07
9.156165e-07
8.359573e-07
7.56307e-07
6.766649e-07
5.970309e-07
5.174039e-07
4.37785e-07
3.581697e-07
2.785687e-07
1.989527e-07
1.193952e-07
3.970349e-08
1.553155e-06
1.473414e-06
1.393685e-06
1.313967e-06
1.234261e-06
1.154566e-06
1.074881e-06
9.952061e-07
9.155411e-07
8.358854e-07
7.562387e-07
6.766004e-07
5.969706e-07
5.173478e-07
4.377344e-07
3.581234e-07
2.785323e-07
1.989153e-07
1.193865e-07
3.965415e-08
1.553053e-06
1.473316e-06
1.393591e-06
1.313877e-06
1.234175e-06
1.154484e-06
1.074802e-06
9.951311e-07
9.154695e-07
8.358174e-07
7.561742e-07
6.765397e-07
5.969141e-07
5.172956e-07
4.376875e-07
3.580811e-07
2.784986e-07
1.988836e-07
1.193755e-07
3.962162e-08
1.55296e-06
1.473227e-06
1.393506e-06
1.313796e-06
1.234097e-06
1.154409e-06
1.074731e-06
9.950635e-07
9.154052e-07
8.357564e-07
7.561167e-07
6.764858e-07
5.968642e-07
5.172498e-07
4.376466e-07
3.58045e-07
2.784695e-07
1.98859e-07
1.193632e-07
3.960663e-08
1.552878e-06
1.47315e-06
1.393432e-06
1.313725e-06
1.23403e-06
1.154345e-06
1.07467e-06
9.950051e-07
9.153498e-07
8.357042e-07
7.560676e-07
6.764401e-07
5.968221e-07
5.172116e-07
4.376126e-07
3.580157e-07
2.784456e-07
1.988416e-07
1.193505e-07
3.960747e-08
1.552811e-06
1.473085e-06
1.393371e-06
1.313667e-06
1.233974e-06
1.154292e-06
1.07462e-06
9.949577e-07
9.153051e-07
8.356621e-07
7.560283e-07
6.764037e-07
5.967888e-07
5.171816e-07
4.375861e-07
3.579936e-07
2.784272e-07
1.988307e-07
1.193379e-07
3.962029e-08
1.552755e-06
1.473031e-06
1.393319e-06
1.313618e-06
1.233928e-06
1.154248e-06
1.074578e-06
9.949184e-07
9.152681e-07
8.356274e-07
7.55996e-07
6.763739e-07
5.967615e-07
5.171571e-07
4.375644e-07
3.579756e-07
2.784118e-07
1.988231e-07
1.193253e-07
3.963995e-08
1.552712e-06
1.472991e-06
1.393281e-06
1.313582e-06
1.233893e-06
1.154215e-06
1.074547e-06
9.948889e-07
9.152403e-07
8.356014e-07
7.559717e-07
6.763514e-07
5.967407e-07
5.171382e-07
4.375473e-07
3.579613e-07
2.783983e-07
1.988163e-07
1.193109e-07
3.965841e-08
1.552668e-06
1.472949e-06
1.393241e-06
1.313544e-06
1.233857e-06
1.154181e-06
1.074515e-06
9.94858e-07
9.152111e-07
8.355737e-07
7.559455e-07
6.763266e-07
5.967172e-07
5.171162e-07
4.375264e-07
3.579424e-07
2.783797e-07
1.988032e-07
1.192927e-07
3.967021e-08
1.553765e-06
1.473995e-06
1.394242e-06
1.314501e-06
1.234773e-06
1.155057e-06
1.075353e-06
9.956584e-07
9.159742e-07
8.362991e-07
7.566327e-07
6.769742e-07
5.973218e-07
5.176772e-07
4.380331e-07
3.584056e-07
2.787467e-07
1.99174e-07
1.19391e-07
4.014045e-08
1.553765e-06
1.473995e-06
1.394242e-06
1.314501e-06
1.234773e-06
1.155057e-06
1.075352e-06
9.956582e-07
9.15974e-07
8.36299e-07
7.566327e-07
6.769742e-07
5.973218e-07
5.176773e-07
4.380332e-07
3.584055e-07
2.787467e-07
1.991739e-07
1.193911e-07
4.01403e-08
1.553744e-06
1.473975e-06
1.394223e-06
1.314483e-06
1.234755e-06
1.15504e-06
1.075336e-06
9.956424e-07
9.159589e-07
8.362845e-07
7.566189e-07
6.76961e-07
5.973094e-07
5.176655e-07
4.380225e-07
3.583951e-07
2.787391e-07
1.991632e-07
1.193927e-07
4.011569e-08
1.553702e-06
1.473935e-06
1.394184e-06
1.314446e-06
1.23472e-06
1.155006e-06
1.075304e-06
9.956113e-07
9.15929e-07
8.362559e-07
7.565916e-07
6.76935e-07
5.972848e-07
5.176423e-07
4.380014e-07
3.583748e-07
2.787241e-07
1.991426e-07
1.193955e-07
4.006871e-08
1.553641e-06
1.473878e-06
1.394129e-06
1.314393e-06
1.234669e-06
1.154957e-06
1.075256e-06
9.955659e-07
9.158855e-07
8.362142e-07
7.565518e-07
6.768972e-07
5.972492e-07
5.176087e-07
4.379708e-07
3.583452e-07
2.787023e-07
1.991132e-07
1.193988e-07
4.000359e-08
1.553563e-06
1.473803e-06
1.394058e-06
1.314325e-06
1.234604e-06
1.154894e-06
1.075196e-06
9.955079e-07
9.158298e-07
8.36161e-07
7.56501e-07
6.768488e-07
5.972037e-07
5.175658e-07
4.379319e-07
3.583079e-07
2.786745e-07
1.990769e-07
1.194016e-07
3.992637e-08
1.553471e-06
1.473716e-06
1.393974e-06
1.314244e-06
1.234526e-06
1.15482e-06
1.075125e-06
9.954395e-07
9.157643e-07
8.360984e-07
7.564413e-07
6.767921e-07
5.971503e-07
5.175156e-07
4.378862e-07
3.582644e-07
2.786417e-07
1.99036e-07
1.194028e-07
3.98442e-08
1.553369e-06
1.473618e-06
1.39388e-06
1.314154e-06
1.23444e-06
1.154738e-06
1.075045e-06
9.953637e-07
9.156917e-07
8.36029e-07
7.563752e-07
6.767294e-07
5.970914e-07
5.174603e-07
4.378362e-07
3.582173e-07
2.786057e-07
1.989932e-07
1.194014e-07
3.976474e-08
1.553262e-06
1.473516e-06
1.393782e-06
1.31406e-06
1.23435e-06
1.154651e-06
1.074962e-06
9.95284e-07
9.156154e-07
8.359563e-07
7.56306e-07
6.76664e-07
5.970301e-07
5.17403e-07
4.377842e-07
3.581688e-07
2.785682e-07
1.989513e-07
1.193969e-07
3.969508e-08
1.553154e-06
1.473413e-06
1.393683e-06
1.313966e-06
1.234259e-06
1.154564e-06
1.074879e-06
9.952046e-07
9.155396e-07
8.35884e-07
7.562373e-07
6.76599e-07
5.969693e-07
5.173465e-07
4.377332e-07
3.581221e-07
2.785316e-07
1.989132e-07
1.193891e-07
3.964093e-08
1.553051e-06
1.473314e-06
1.393589e-06
1.313875e-06
1.234173e-06
1.154482e-06
1.0748e-06
9.951292e-07
9.154676e-07
8.358156e-07
7.561725e-07
6.765381e-07
5.969126e-07
5.172941e-07
4.37686e-07
3.580793e-07
2.784976e-07
1.988808e-07
1.193786e-07
3.960568e-08
1.552957e-06
1.473225e-06
1.393503e-06
1.313794e-06
1.234095e-06
1.154407e-06
1.074729e-06
9.950614e-07
9.154031e-07
8.357544e-07
7.561147e-07
6.764839e-07
5.968624e-07
5.172481e-07
4.376449e-07
3.580431e-07
2.784683e-07
1.98856e-07
1.193663e-07
3.95901e-08
1.552876e-06
1.473147e-06
1.393429e-06
1.313723e-06
1.234027e-06
1.154342e-06
1.074668e-06
9.950028e-07
9.153476e-07
8.357021e-07
7.560655e-07
6.764382e-07
5.968203e-07
5.172098e-07
4.376108e-07
3.580137e-07
2.784444e-07
1.988387e-07
1.193532e-07
3.959218e-08
1.552808e-06
1.473083e-06
1.393368e-06
1.313664e-06
1.233972e-06
1.15429e-06
1.074618e-06
9.949553e-07
9.153028e-07
8.3566e-07
7.560262e-07
6.764017e-07
5.967869e-07
5.171798e-07
4.375843e-07
3.579916e-07
2.784259e-07
1.98828e-07
1.193401e-07
3.960753e-08
1.552751e-06
1.473028e-06
1.393316e-06
1.313615e-06
1.233925e-06
1.154245e-06
1.074576e-06
9.949157e-07
9.152655e-07
8.35625e-07
7.559936e-07
6.763717e-07
5.967594e-07
5.171551e-07
4.375624e-07
3.579735e-07
2.784103e-07
1.988207e-07
1.193267e-07
3.963024e-08
1.552707e-06
1.472986e-06
1.393276e-06
1.313577e-06
1.233889e-06
1.154211e-06
1.074543e-06
9.948851e-07
9.152368e-07
8.35598e-07
7.559685e-07
6.763484e-07
5.967378e-07
5.171355e-07
4.375446e-07
3.579586e-07
2.783962e-07
1.988135e-07
1.193111e-07
3.965115e-08
1.552658e-06
1.472939e-06
1.393232e-06
1.313535e-06
1.233849e-06
1.154173e-06
1.074507e-06
9.948507e-07
9.152041e-07
8.35567e-07
7.559392e-07
6.763206e-07
5.967114e-07
5.171107e-07
4.375211e-07
3.579373e-07
2.783753e-07
1.987985e-07
1.192905e-07
3.966363e-08
1.553765e-06
1.473995e-06
1.394242e-06
1.314502e-06
1.234773e-06
1.155058e-06
1.075353e-06
9.956586e-07
9.159744e-07
8.362993e-07
7.566331e-07
6.769745e-07
5.973221e-07
5.176777e-07
4.380337e-07
3.584069e-07
2.787468e-07
1.991787e-07
1.193822e-07
4.01778e-08
1.553765e-06
1.473995e-06
1.394242e-06
1.314502e-06
1.234773e-06
1.155057e-06
1.075353e-06
9.956584e-07
9.159742e-07
8.362992e-07
7.56633e-07
6.769745e-07
5.97322e-07
5.176777e-07
4.380336e-07
3.584068e-07
2.787467e-07
1.991785e-07
1.193821e-07
4.017761e-08
1.553744e-06
1.473975e-06
1.394223e-06
1.314483e-06
1.234755e-06
1.15504e-06
1.075336e-06
9.956426e-07
9.15959e-07
8.362847e-07
7.566192e-07
6.769612e-07
5.973095e-07
5.176659e-07
4.380229e-07
3.583962e-07
2.787391e-07
1.991675e-07
1.193843e-07
4.015045e-08
1.553702e-06
1.473935e-06
1.394184e-06
1.314446e-06
1.23472e-06
1.155006e-06
1.075304e-06
9.956113e-07
9.15929e-07
8.362559e-07
7.565917e-07
6.769351e-07
5.972849e-07
5.176425e-07
4.380017e-07
3.583757e-07
2.787241e-07
1.991463e-07
1.193884e-07
4.009857e-08
1.553641e-06
1.473877e-06
1.394129e-06
1.314393e-06
1.234669e-06
1.154957e-06
1.075256e-06
9.955658e-07
9.158854e-07
8.362141e-07
7.565518e-07
6.768972e-07
5.972491e-07
5.176087e-07
4.37971e-07
3.583458e-07
2.787022e-07
1.99116e-07
1.193933e-07
4.002664e-08
1.553563e-06
1.473803e-06
1.394057e-06
1.314324e-06
1.234603e-06
1.154894e-06
1.075196e-06
9.955076e-07
9.158295e-07
8.361607e-07
7.565008e-07
6.768486e-07
5.972034e-07
5.175656e-07
4.379318e-07
3.583083e-07
2.786744e-07
1.990787e-07
1.19398e-07
3.994135e-08
1.553471e-06
1.473715e-06
1.393973e-06
1.314243e-06
1.234525e-06
1.154819e-06
1.075124e-06
9.954389e-07
9.157637e-07
8.360978e-07
7.564408e-07
6.767916e-07
5.971498e-07
5.175152e-07
4.378859e-07
3.582643e-07
2.786414e-07
1.990367e-07
1.194011e-07
3.985068e-08
1.553368e-06
1.473617e-06
1.393879e-06
1.314153e-06
1.234439e-06
1.154737e-06
1.075044e-06
9.953627e-07
9.156906e-07
8.36028e-07
7.563742e-07
6.767285e-07
5.970905e-07
5.174595e-07
4.378355e-07
3.582167e-07
2.786053e-07
1.989927e-07
1.194015e-07
3.976312e-08
1.55326e-06
1.473514e-06
1.39378e-06
1.314058e-06
1.234348e-06
1.154649e-06
1.074961e-06
9.952825e-07
9.15614e-07
8.359549e-07
7.563047e-07
6.766627e-07
5.970289e-07
5.174018e-07
4.377831e-07
3.581676e-07
2.785674e-07
1.989498e-07
1.193984e-07
3.968656e-08
1.553151e-06
1.473411e-06
1.393681e-06
1.313963e-06
1.234257e-06
1.154562e-06
1.074877e-06
9.952026e-07
9.155377e-07
8.358822e-07
7.562355e-07
6.765973e-07
5.969678e-07
5.17345e-07
4.377318e-07
3.581205e-07
2.785305e-07
1.989107e-07
1.193916e-07
3.962736e-08
1.553048e-06
1.473312e-06
1.393586e-06
1.313873e-06
1.234171e-06
1.154479e-06
1.074798e-06
9.951267e-07
9.154653e-07
8.358134e-07
7.561703e-07
6.765361e-07
5.969107e-07
5.172922e-07
4.376841e-07
3.580773e-07
2.784962e-07
1.988778e-07
1.193814e-07
3.958926e-08
1.552954e-06
1.473222e-06
1.3935e-06
1.313791e-06
1.234092e-06
1.154404e-06
1.074727e-06
9.950587e-07
9.154006e-07
8.35752e-07
7.561122e-07
6.764816e-07
5.968603e-07
5.17246e-07
4.376428e-07
3.580408e-07
2.784668e-07
1.988527e-07
1.193691e-07
3.957307e-08
1.552872e-06
1.473144e-06
1.393426e-06
1.31372e-06
1.234024e-06
1.154339e-06
1.074665e-06
9.949999e-07
9.153449e-07
8.356995e-07
7.560629e-07
6.764358e-07
5.968181e-07
5.172076e-07
4.376087e-07
3.580113e-07
2.784427e-07
1.988355e-07
1.193556e-07
3.957647e-08
1.552805e-06
1.473079e-06
1.393365e-06
1.313661e-06
1.233969e-06
1.154286e-06
1.074615e-06
9.949524e-07
9.153e-07
8.356573e-07
7.560235e-07
6.763993e-07
5.967847e-07
5.171776e-07
4.375822e-07
3.579893e-07
2.784243e-07
1.988251e-07
1.19342e-07
3.959449e-08
1.552747e-06
1.473024e-06
1.393312e-06
1.313611e-06
1.233921e-06
1.154242e-06
1.074572e-06
9.949123e-07
9.152623e-07
8.35622e-07
7.559907e-07
6.76369e-07
5.967569e-07
5.171527e-07
4.375601e-07
3.579711e-07
2.784085e-07
1.988179e-07
1.193278e-07
3.96204e-08
1.552701e-06
1.47298e-06
1.393271e-06
1.313572e-06
1.233884e-06
1.154206e-06
1.074539e-06
9.948807e-07
9.152326e-07
8.355941e-07
7.559647e-07
6.763448e-07
5.967345e-07
5.171323e-07
4.375415e-07
3.579555e-07
2.783937e-07
1.988105e-07
1.19311e-07
3.964385e-08
1.552646e-06
1.472928e-06
1.393221e-06
1.313525e-06
1.233839e-06
1.154164e-06
1.074498e-06
9.948426e-07
9.151964e-07
8.355597e-07
7.559322e-07
6.763141e-07
5.967052e-07
5.171048e-07
4.375155e-07
3.579318e-07
2.783705e-07
1.987934e-07
1.19288e-07
3.965705e-08
1.553765e-06
1.473995e-06
1.394242e-06
1.314502e-06
1.234773e-06
1.155058e-06
1.075353e-06
9.956587e-07
9.159744e-07
8.362993e-07
7.566332e-07
6.769746e-07
5.973221e-07
5.176778e-07
4.38034e-07
3.584076e-07
2.787464e-07
1.991831e-07
1.193731e-07
4.021601e-08
1.553765e-06
1.473995e-06
1.394242e-06
1.314501e-06
1.234773e-06
1.155057e-06
1.075353e-06
9.956583e-07
9.159741e-07
8.362991e-07
7.566331e-07
6.769745e-07
5.97322e-07
5.176777e-07
4.380339e-07
3.584074e-07
2.787462e-07
1.991829e-07
1.19373e-07
4.021579e-08
1.553744e-06
1.473975e-06
1.394223e-06
1.314483e-06
1.234755e-06
1.15504e-06
1.075336e-06
9.956425e-07
9.159589e-07
8.362845e-07
7.566192e-07
6.769612e-07
5.973094e-07
5.176658e-07
4.38023e-07
3.583968e-07
2.787385e-07
1.991716e-07
1.193758e-07
4.018609e-08
1.553702e-06
1.473935e-06
1.394184e-06
1.314446e-06
1.23472e-06
1.155006e-06
1.075303e-06
9.956111e-07
9.159288e-07
8.362556e-07
7.565916e-07
6.769349e-07
5.972847e-07
5.176424e-07
4.380018e-07
3.583761e-07
2.787236e-07
1.991497e-07
1.19381e-07
4.012924e-08
1.553641e-06
1.473877e-06
1.394128e-06
1.314392e-06
1.234669e-06
1.154957e-06
1.075256e-06
9.955655e-07
9.15885e-07
8.362137e-07
7.565516e-07
6.768969e-07
5.972488e-07
5.176085e-07
4.379709e-07
3.58346e-07
2.787017e-07
1.991187e-07
1.193875e-07
4.005041e-08
1.553562e-06
1.473802e-06
1.394056e-06
1.314324e-06
1.234603e-06
1.154893e-06
1.075195e-06
9.95507e-07
9.158289e-07
8.361601e-07
7.565003e-07
6.768481e-07
5.972029e-07
5.175651e-07
4.379315e-07
3.583082e-07
2.786738e-07
1.990803e-07
1.193941e-07
3.995695e-08
1.55347e-06
1.473714e-06
1.393972e-06
1.314242e-06
1.234525e-06
1.154818e-06
1.075123e-06
9.95438e-07
9.157628e-07
8.360969e-07
7.5644e-07
6.767909e-07
5.971491e-07
5.175144e-07
4.378853e-07
3.582638e-07
2.786408e-07
1.990372e-07
1.193991e-07
3.985764e-08
1.553366e-06
1.473616e-06
1.393877e-06
1.314152e-06
1.234438e-06
1.154735e-06
1.075043e-06
9.953614e-07
9.156894e-07
8.360268e-07
7.563731e-07
6.767274e-07
5.970895e-07
5.174585e-07
4.378346e-07
3.582159e-07
2.786045e-07
1.989921e-07
1.194013e-07
3.976184e-08
1.553258e-06
1.473512e-06
1.393778e-06
1.314056e-06
1.234346e-06
1.154647e-06
1.074959e-06
9.952808e-07
9.156123e-07
8.359533e-07
7.563031e-07
6.766612e-07
5.970275e-07
5.174004e-07
4.377818e-07
3.581663e-07
2.785665e-07
1.989481e-07
1.193996e-07
3.967827e-08
1.553149e-06
1.473408e-06
1.393678e-06
1.313961e-06
1.234255e-06
1.15456e-06
1.074875e-06
9.952004e-07
9.155355e-07
8.358801e-07
7.562335e-07
6.765954e-07
5.96966e-07
5.173432e-07
4.377301e-07
3.581189e-07
2.785294e-07
1.989083e-07
1.193938e-07
3.961393e-08
1.553045e-06
1.473309e-06
1.393583e-06
1.31387e-06
1.234168e-06
1.154476e-06
1.074795e-06
9.95124e-07
9.154628e-07
8.35811e-07
7.561679e-07
6.765338e-07
5.969087e-07
5.172902e-07
4.376822e-07
3.580753e-07
2.784949e-07
1.988748e-07
1.193841e-07
3.957292e-08
1.55295e-06
1.473218e-06
1.393497e-06
1.313787e-06
1.234089e-06
1.154401e-06
1.074724e-06
9.950558e-07
9.153977e-07
8.357493e-07
7.561096e-07
6.764791e-07
5.968581e-07
5.172438e-07
4.376407e-07
3.580387e-07
2.784654e-07
1.988495e-07
1.193717e-07
3.95561e-08
1.552868e-06
1.47314e-06
1.393422e-06
1.313716e-06
1.234021e-06
1.154336e-06
1.074662e-06
9.949967e-07
9.153419e-07
8.356966e-07
7.560601e-07
6.764332e-07
5.968157e-07
5.172053e-07
4.376064e-07
3.580091e-07
2.784413e-07
1.988323e-07
1.193579e-07
3.956085e-08
1.552801e-06
1.473075e-06
1.393361e-06
1.313657e-06
1.233965e-06
1.154283e-06
1.074611e-06
9.949492e-07
9.152969e-07
8.356544e-07
7.560207e-07
6.763967e-07
5.967823e-07
5.171753e-07
4.3758e-07
3.579872e-07
2.784229e-07
1.988221e-07
1.193436e-07
3.958157e-08
1.552742e-06
1.473019e-06
1.393308e-06
1.313607e-06
1.233917e-06
1.154238e-06
1.074568e-06
9.949087e-07
9.152589e-07
8.356188e-07
7.559876e-07
6.763661e-07
5.967542e-07
5.171501e-07
4.375576e-07
3.579688e-07
2.784069e-07
1.988152e-07
1.193286e-07
3.961072e-08
1.552694e-06
1.472974e-06
1.393265e-06
1.313566e-06
1.233879e-06
1.154201e-06
1.074534e-06
9.94876e-07
9.152281e-07
8.355898e-07
7.559606e-07
6.76341e-07
5.967309e-07
5.17129e-07
4.375383e-07
3.579525e-07
2.783912e-07
1.988073e-07
1.193106e-07
3.963672e-08
1.552635e-06
1.472917e-06
1.393211e-06
1.313515e-06
1.23383e-06
1.154155e-06
1.07449e-06
9.948342e-07
9.151884e-07
8.355521e-07
7.55925e-07
6.763073e-07
5.966988e-07
5.170987e-07
4.375096e-07
3.579263e-07
2.783655e-07
1.987882e-07
1.192853e-07
3.965062e-08
1.553765e-06
1.473994e-06
1.394242e-06
1.314501e-06
1.234773e-06
1.155058e-06
1.075353e-06
9.956585e-07
9.159742e-07
8.36299e-07
7.566328e-07
6.769741e-07
5.973217e-07
5.176775e-07
4.380338e-07
3.584078e-07
1.553765e-06
1.473994e-06
1.394242e-06
1.314501e-06
1.234773e-06
1.155057e-06
1.075352e-06
9.95658e-07
9.159738e-07
8.362986e-07
7.566326e-07
6.769739e-07
5.973215e-07
5.176774e-07
4.380336e-07
3.584076e-07
1.553743e-06
1.473974e-06
1.394222e-06
1.314482e-06
1.234755e-06
1.15504e-06
1.075336e-06
9.956422e-07
9.159586e-07
8.36284e-07
7.566186e-07
6.769605e-07
5.973088e-07
5.176654e-07
4.380226e-07
3.583968e-07
1.553701e-06
1.473934e-06
1.394184e-06
1.314446e-06
1.23472e-06
1.155006e-06
1.075303e-06
9.956107e-07
9.159283e-07
8.362551e-07
7.56591e-07
6.769342e-07
5.97284e-07
5.176419e-07
4.380013e-07
3.583761e-07
1.55364e-06
1.473876e-06
1.394128e-06
1.314392e-06
1.234668e-06
1.154956e-06
1.075255e-06
9.955649e-07
9.158844e-07
8.362131e-07
7.565509e-07
6.768961e-07
5.972481e-07
5.176079e-07
4.379703e-07
3.583458e-07
1.553561e-06
1.473801e-06
1.394056e-06
1.314323e-06
1.234602e-06
1.154893e-06
1.075194e-06
9.955063e-07
9.158281e-07
8.361592e-07
7.564994e-07
6.768472e-07
5.97202e-07
5.175644e-07
4.379308e-07
3.583077e-07
1.553468e-06
1.473712e-06
1.393971e-06
1.314241e-06
1.234523e-06
1.154817e-06
1.075122e-06
9.95437e-07
9.157617e-07
8.360958e-07
7.564389e-07
6.767898e-07
5.97148e-07
5.175135e-07
4.378844e-07
3.582631e-07
1.553365e-06
1.473614e-06
1.393876e-06
1.31415e-06
1.234436e-06
1.154734e-06
1.075042e-06
9.9536e-07
9.156879e-07
8.360254e-07
7.563717e-07
6.76726e-07
5.970882e-07
5.174573e-07
4.378335e-07
3.582149e-07
1.553255e-06
1.47351e-06
1.393776e-06
1.314054e-06
1.234344e-06
1.154645e-06
1.074957e-06
9.952789e-07
9.156104e-07
8.359515e-07
7.563014e-07
6.766596e-07
5.970259e-07
5.17399e-07
4.377804e-07
3.58165e-07
1.553146e-06
1.473405e-06
1.393676e-06
1.313958e-06
1.234252e-06
1.154557e-06
1.074873e-06
9.95198e-07
9.155332e-07
8.35878e-07
7.562314e-07
6.765935e-07
5.969642e-07
5.173415e-07
4.377285e-07
3.581172e-07
1.553041e-06
1.473305e-06
1.39358e-06
1.313867e-06
1.234165e-06
1.154473e-06
1.074792e-06
9.951212e-07
9.154601e-07
8.358085e-07
7.561656e-07
6.765317e-07
5.969066e-07
5.172882e-07
4.376803e-07
3.580734e-07
1.552946e-06
1.473215e-06
1.393493e-06
1.313784e-06
1.234086e-06
1.154398e-06
1.07472e-06
9.950527e-07
9.153948e-07
8.357466e-07
7.561071e-07
6.764769e-07
5.968559e-07
5.172416e-07
4.376386e-07
3.580367e-07
1.552864e-06
1.473136e-06
1.393418e-06
1.313712e-06
1.234017e-06
1.154333e-06
1.074658e-06
9.949934e-07
9.153388e-07
8.356938e-07
7.560575e-07
6.764309e-07
5.968135e-07
5.172032e-07
4.376044e-07
3.580072e-07
1.552796e-06
1.473071e-06
1.393357e-06
1.313653e-06
1.233961e-06
1.154279e-06
1.074608e-06
9.949458e-07
9.152937e-07
8.356515e-07
7.56018e-07
6.763943e-07
5.9678e-07
5.171731e-07
4.375779e-07
3.579852e-07
1.552737e-06
1.473015e-06
1.393303e-06
1.313603e-06
1.233913e-06
1.154234e-06
1.074565e-06
9.949049e-07
9.152554e-07
8.356155e-07
7.559846e-07
6.763634e-07
5.967516e-07
5.171476e-07
4.375553e-07
3.579667e-07
1.552688e-06
1.472968e-06
1.393259e-06
1.31356e-06
1.233873e-06
1.154196e-06
1.074529e-06
9.948711e-07
9.152235e-07
8.355856e-07
7.559567e-07
6.763374e-07
5.967275e-07
5.171256e-07
4.375352e-07
3.579496e-07
1.552623e-06
1.472906e-06
1.3932e-06
1.313505e-06
1.23382e-06
1.154145e-06
1.074481e-06
9.948258e-07
9.151805e-07
8.355446e-07
7.559179e-07
6.763006e-07
5.966924e-07
5.170926e-07
4.375039e-07
3.579208e-07
1.553764e-06
1.473994e-06
1.394241e-06
1.314501e-06
1.234773e-06
1.155057e-06
1.075352e-06
9.956579e-07
9.159734e-07
8.362981e-07
7.566318e-07
1.553764e-06
1.473994e-06
1.394241e-06
1.314501e-06
1.234773e-06
1.155057e-06
1.075352e-06
9.956572e-07
9.159729e-07
8.362977e-07
7.566316e-07
1.553743e-06
1.473973e-06
1.394222e-06
1.314482e-06
1.234754e-06
1.155039e-06
1.075335e-06
9.956415e-07
9.159576e-07
8.362831e-07
7.566176e-07
1.553701e-06
1.473933e-06
1.394183e-06
1.314445e-06
1.234719e-06
1.155005e-06
1.075302e-06
9.956099e-07
9.159273e-07
8.362541e-07
7.565899e-07
1.553639e-06
1.473875e-06
1.394127e-06
1.314391e-06
1.234667e-06
1.154955e-06
1.075255e-06
9.95564e-07
9.158834e-07
8.36212e-07
7.565498e-07
1.55356e-06
1.4738e-06
1.394055e-06
1.314322e-06
1.234601e-06
1.154892e-06
1.075193e-06
9.955052e-07
9.158269e-07
8.361581e-07
7.564982e-07
1.553467e-06
1.473711e-06
1.393969e-06
1.31424e-06
1.234522e-06
1.154816e-06
1.075121e-06
9.954357e-07
9.157604e-07
8.360945e-07
7.564376e-07
1.553363e-06
1.473612e-06
1.393874e-06
1.314149e-06
1.234435e-06
1.154732e-06
1.07504e-06
9.953584e-07
9.156864e-07
8.360238e-07
7.563702e-07
1.553253e-06
1.473507e-06
1.393774e-06
1.314052e-06
1.234342e-06
1.154643e-06
1.074955e-06
9.95277e-07
9.156086e-07
8.359497e-07
7.562997e-07
1.553143e-06
1.473402e-06
1.393673e-06
1.313956e-06
1.23425e-06
1.154555e-06
1.07487e-06
9.951958e-07
9.15531e-07
8.358759e-07
7.562295e-07
1.553038e-06
1.473302e-06
1.393577e-06
1.313863e-06
1.234162e-06
1.15447e-06
1.07479e-06
9.951185e-07
9.154577e-07
8.358062e-07
7.561635e-07
1.552943e-06
1.473211e-06
1.39349e-06
1.31378e-06
1.234082e-06
1.154395e-06
1.074717e-06
9.950499e-07
9.153922e-07
8.357441e-07
7.561048e-07
1.55286e-06
1.473132e-06
1.393415e-06
1.313709e-06
1.234014e-06
1.154329e-06
1.074655e-06
9.949904e-07
9.153361e-07
8.356913e-07
7.560553e-07
1.552792e-06
1.473067e-06
1.393353e-06
1.31365e-06
1.233958e-06
1.154276e-06
1.074605e-06
9.949428e-07
9.15291e-07
8.356489e-07
7.560157e-07
1.552732e-06
1.47301e-06
1.393299e-06
1.313598e-06
1.233909e-06
1.15423e-06
1.074561e-06
9.949015e-07
9.152523e-07
8.356126e-07
7.559819e-07
1.552681e-06
1.472961e-06
1.393253e-06
1.313555e-06
1.233868e-06
1.154191e-06
1.074524e-06
9.948666e-07
9.152194e-07
8.355816e-07
7.55953e-07
1.552612e-06
1.472895e-06
1.39319e-06
1.313495e-06
1.233811e-06
1.154137e-06
1.074473e-06
9.948178e-07
9.15173e-07
8.355375e-07
7.559112e-07
1.553764e-06
1.473993e-06
1.39424e-06
1.3145e-06
1.234772e-06
1.155056e-06
1.075352e-06
9.956567e-07
1.553764e-06
1.473993e-06
1.39424e-06
1.3145e-06
1.234772e-06
1.155056e-06
1.075351e-06
9.95656e-07
1.553742e-06
1.473972e-06
1.394221e-06
1.314481e-06
1.234753e-06
1.155038e-06
1.075334e-06
9.956402e-07
1.5537e-06
1.473932e-06
1.394182e-06
1.314444e-06
1.234718e-06
1.155004e-06
1.075301e-06
9.956086e-07
1.553638e-06
1.473874e-06
1.394126e-06
1.31439e-06
1.234666e-06
1.154954e-06
1.075253e-06
9.955627e-07
1.553559e-06
1.473798e-06
1.394053e-06
1.314321e-06
1.2346e-06
1.15489e-06
1.075192e-06
9.955038e-07
1.553466e-06
1.473709e-06
1.393968e-06
1.314238e-06
1.234521e-06
1.154815e-06
1.075119e-06
9.954342e-07
1.553361e-06
1.47361e-06
1.393872e-06
1.314147e-06
1.234433e-06
1.15473e-06
1.075038e-06
9.953568e-07
1.553251e-06
1.473505e-06
1.393772e-06
1.31405e-06
1.23434e-06
1.154641e-06
1.074953e-06
9.952751e-07
1.55314e-06
1.4734e-06
1.39367e-06
1.313953e-06
1.234247e-06
1.154552e-06
1.074868e-06
9.951937e-07
1.553034e-06
1.473299e-06
1.393574e-06
1.313861e-06
1.234159e-06
1.154468e-06
1.074787e-06
9.951163e-07
1.552939e-06
1.473208e-06
1.393487e-06
1.313777e-06
1.234079e-06
1.154392e-06
1.074715e-06
9.950475e-07
1.552856e-06
1.473129e-06
1.393411e-06
1.313705e-06
1.234011e-06
1.154326e-06
1.074652e-06
9.94988e-07
1.552788e-06
1.473063e-06
1.393349e-06
1.313646e-06
1.233954e-06
1.154273e-06
1.074602e-06
9.949402e-07
1.552728e-06
1.473006e-06
1.393295e-06
1.313595e-06
1.233905e-06
1.154226e-06
1.074558e-06
9.948986e-07
1.552675e-06
1.472956e-06
1.393247e-06
1.31355e-06
1.233863e-06
1.154186e-06
1.07452e-06
9.948626e-07
1.552602e-06
1.472886e-06
1.393181e-06
1.313486e-06
1.233803e-06
1.154129e-06
1.074465e-06
9.948106e-07
1.553763e-06
1.473991e-06
1.394239e-06
1.314499e-06
1.234771e-06
1.155055e-06
1.553763e-06
1.473991e-06
1.394239e-06
1.314499e-06
1.234771e-06
1.155055e-06
1.553741e-06
1.473971e-06
1.39422e-06
1.31448e-06
1.234752e-06
1.155037e-06
1.553699e-06
1.473931e-06
1.394181e-06
1.314443e-06
1.234717e-06
1.155003e-06
1.553637e-06
1.473872e-06
1.394125e-06
1.314389e-06
1.234665e-06
1.154953e-06
1.553558e-06
1.473797e-06
1.394052e-06
1.314319e-06
1.234598e-06
1.154889e-06
1.553464e-06
1.473708e-06
1.393966e-06
1.314237e-06
1.234519e-06
1.154813e-06
1.553359e-06
1.473608e-06
1.393871e-06
1.314145e-06
1.234431e-06
1.154729e-06
1.553249e-06
1.473503e-06
1.39377e-06
1.314048e-06
1.234338e-06
1.15464e-06
1.553138e-06
1.473398e-06
1.393668e-06
1.313951e-06
1.234245e-06
1.15455e-06
)
;

boundaryField
{
    inlet
    {
        type            zeroGradient;
    }
    outlet
    {
        type            fixedValue;
        value           uniform 0;
    }
    chip_bases
    {
        type            zeroGradient;
    }
    walls
    {
        type            zeroGradient;
    }
    procBoundary3to0
    {
        type            processor;
        value           nonuniform List<scalar> 
46
(
1.892929e-06
1.826398e-06
1.959499e-06
1.959499e-06
1.892928e-06
1.826398e-06
1.75988e-06
1.693372e-06
1.626877e-06
1.959499e-06
1.892954e-06
1.826422e-06
1.759903e-06
1.693395e-06
1.626899e-06
1.959498e-06
1.892954e-06
1.826422e-06
1.759903e-06
1.693395e-06
1.626899e-06
1.892927e-06
1.826396e-06
1.759878e-06
1.693371e-06
1.626876e-06
1.892876e-06
1.826347e-06
1.759831e-06
1.693326e-06
1.553742e-06
1.473971e-06
1.553762e-06
1.47399e-06
1.394238e-06
1.314497e-06
1.234769e-06
1.155054e-06
1.553762e-06
1.47399e-06
1.394238e-06
1.314497e-06
1.234769e-06
1.55374e-06
1.47397e-06
1.394219e-06
)
;
    }
    procBoundary3to1
    {
        type            processor;
        value           nonuniform List<scalar> 
345
(
1.892877e-06
1.826348e-06
1.759832e-06
1.693327e-06
1.626832e-06
1.892877e-06
1.826349e-06
1.759832e-06
1.693327e-06
1.626833e-06
1.892877e-06
1.826349e-06
1.759832e-06
1.693327e-06
1.626833e-06
1.892878e-06
1.826349e-06
1.759833e-06
1.693328e-06
1.626833e-06
1.892878e-06
1.826349e-06
1.759833e-06
1.693328e-06
1.626834e-06
1.892878e-06
1.82635e-06
1.759833e-06
1.693328e-06
1.626834e-06
1.89293e-06
1.826399e-06
1.759881e-06
1.693374e-06
1.626878e-06
1.89293e-06
1.826399e-06
1.759881e-06
1.693374e-06
1.626878e-06
1.89293e-06
1.826399e-06
1.759881e-06
1.693374e-06
1.626879e-06
1.89293e-06
1.826399e-06
1.759881e-06
1.693374e-06
1.626879e-06
1.89293e-06
1.826399e-06
1.759881e-06
1.693374e-06
1.626879e-06
1.89293e-06
1.826399e-06
1.759881e-06
1.693374e-06
1.626879e-06
1.892929e-06
1.826399e-06
1.759881e-06
1.693374e-06
1.626879e-06
1.75988e-06
1.693373e-06
1.626878e-06
1.5537e-06
1.473934e-06
1.394182e-06
1.314444e-06
1.234718e-06
1.155003e-06
1.0753e-06
9.95608e-07
9.159254e-07
8.362521e-07
7.565871e-07
6.769303e-07
5.972797e-07
5.176368e-07
4.379958e-07
3.583665e-07
2.787221e-07
1.991228e-07
1.194289e-07
3.995574e-08
1.553701e-06
1.473934e-06
1.394183e-06
1.314444e-06
1.234718e-06
1.155004e-06
1.075301e-06
9.956084e-07
9.159258e-07
8.362526e-07
7.565876e-07
6.769308e-07
5.972802e-07
5.176373e-07
4.379962e-07
3.58367e-07
2.787225e-07
1.991234e-07
1.194282e-07
3.995484e-08
1.553701e-06
1.473935e-06
1.394183e-06
1.314445e-06
1.234718e-06
1.155004e-06
1.075301e-06
9.95609e-07
9.159264e-07
8.362531e-07
7.565882e-07
6.769314e-07
5.972808e-07
5.17638e-07
4.379968e-07
3.583679e-07
2.787225e-07
1.991256e-07
1.194242e-07
3.99623e-08
1.553701e-06
1.473935e-06
1.394184e-06
1.314445e-06
1.234719e-06
1.155005e-06
1.075302e-06
9.956095e-07
9.15927e-07
8.362538e-07
7.565889e-07
6.769321e-07
5.972816e-07
5.176388e-07
4.379975e-07
3.583691e-07
2.787226e-07
1.991284e-07
1.194192e-07
3.997587e-08
1.553702e-06
1.473935e-06
1.394184e-06
1.314445e-06
1.234719e-06
1.155005e-06
1.075302e-06
9.956101e-07
9.159276e-07
8.362544e-07
7.565895e-07
6.769329e-07
5.972824e-07
5.176397e-07
4.379983e-07
3.583703e-07
2.787228e-07
1.991315e-07
1.194139e-07
3.999402e-08
1.553702e-06
1.473936e-06
1.394184e-06
1.314446e-06
1.23472e-06
1.155006e-06
1.075303e-06
9.956106e-07
9.159281e-07
8.36255e-07
7.565902e-07
6.769336e-07
5.972831e-07
5.176406e-07
4.379991e-07
3.583715e-07
2.787231e-07
1.99135e-07
1.194081e-07
4.00162e-08
1.553744e-06
1.473976e-06
1.394223e-06
1.314483e-06
1.234755e-06
1.15504e-06
1.075336e-06
9.95642e-07
9.159584e-07
8.362841e-07
7.566181e-07
6.769603e-07
5.973085e-07
5.176649e-07
4.380214e-07
3.583936e-07
2.787386e-07
1.991591e-07
1.194004e-07
4.008337e-08
1.553744e-06
1.473976e-06
1.394223e-06
1.314483e-06
1.234755e-06
1.15504e-06
1.075336e-06
9.95642e-07
9.159584e-07
8.362841e-07
7.566181e-07
6.769603e-07
5.973085e-07
5.176649e-07
4.380214e-07
3.583936e-07
2.787386e-07
1.991591e-07
1.194004e-07
4.008337e-08
1.553744e-06
1.473976e-06
1.394223e-06
1.314483e-06
1.234756e-06
1.15504e-06
1.075336e-06
9.956423e-07
9.159587e-07
8.362844e-07
7.566185e-07
6.769608e-07
5.97309e-07
5.176654e-07
4.38022e-07
3.583947e-07
2.787387e-07
1.991634e-07
1.193925e-07
4.011635e-08
1.553744e-06
1.473975e-06
1.394223e-06
1.314483e-06
1.234756e-06
1.15504e-06
1.075336e-06
9.956423e-07
9.159588e-07
8.362845e-07
7.566187e-07
6.76961e-07
5.973093e-07
5.176658e-07
4.380224e-07
3.583956e-07
2.787386e-07
1.991677e-07
1.193843e-07
4.015117e-08
1.553744e-06
1.473975e-06
1.394223e-06
1.314483e-06
1.234755e-06
1.15504e-06
1.075336e-06
9.956421e-07
9.159586e-07
8.362843e-07
7.566186e-07
6.769609e-07
5.973093e-07
5.176658e-07
4.380225e-07
3.583962e-07
2.787382e-07
1.991718e-07
1.19376e-07
4.018679e-08
2.787456e-07
1.99187e-07
1.193642e-07
4.025363e-08
1.553744e-06
1.473974e-06
1.394222e-06
1.314482e-06
1.234755e-06
1.15504e-06
1.075335e-06
9.956417e-07
9.159581e-07
8.362839e-07
7.566183e-07
6.769605e-07
5.973089e-07
5.176655e-07
4.380223e-07
3.583964e-07
6.769732e-07
5.973209e-07
5.176768e-07
4.380333e-07
2.787456e-07
3.584076e-07
1.553743e-06
1.473973e-06
1.394221e-06
1.314482e-06
1.234754e-06
1.155039e-06
1.075335e-06
9.95641e-07
9.159574e-07
8.362831e-07
7.566175e-07
9.159722e-07
8.362969e-07
6.769732e-07
7.566305e-07
1.553742e-06
1.473972e-06
1.394221e-06
1.314481e-06
1.234753e-06
1.155038e-06
1.075334e-06
9.956398e-07
1.07535e-06
9.159722e-07
9.956552e-07
1.394219e-06
1.31448e-06
1.234752e-06
1.155037e-06
1.07535e-06
)
;
    }
    procBoundary3to2
    {
        type            processor;
        value           nonuniform List<scalar> 
446
(
1.892057e-06
1.825562e-06
1.759076e-06
1.6926e-06
1.626133e-06
1.891939e-06
1.825449e-06
1.758967e-06
1.692496e-06
1.626033e-06
1.891836e-06
1.82535e-06
1.758873e-06
1.692405e-06
1.625946e-06
1.891752e-06
1.825269e-06
1.758795e-06
1.692331e-06
1.625875e-06
1.891677e-06
1.825197e-06
1.758726e-06
1.692265e-06
1.625812e-06
1.891611e-06
1.825134e-06
1.758666e-06
1.692206e-06
1.625756e-06
1.891517e-06
1.825043e-06
1.758578e-06
1.692122e-06
1.625675e-06
1.626832e-06
1.8928e-06
1.826274e-06
1.759761e-06
1.693258e-06
1.626767e-06
1.892703e-06
1.826181e-06
1.759671e-06
1.693172e-06
1.626684e-06
1.892588e-06
1.82607e-06
1.759565e-06
1.69307e-06
1.626585e-06
1.892459e-06
1.825947e-06
1.759446e-06
1.692956e-06
1.626475e-06
1.892323e-06
1.825816e-06
1.75932e-06
1.692835e-06
1.626359e-06
1.892057e-06
1.892185e-06
1.825562e-06
1.825685e-06
1.759076e-06
1.759194e-06
1.6926e-06
1.692713e-06
1.626133e-06
1.626242e-06
2.787453e-07
1.991868e-07
1.19364e-07
4.025346e-08
2.787376e-07
1.991751e-07
1.193674e-07
4.022128e-08
2.787227e-07
1.991528e-07
1.193737e-07
4.015959e-08
2.787009e-07
1.991209e-07
1.193818e-07
4.007402e-08
2.78673e-07
1.990817e-07
1.193902e-07
3.997257e-08
2.7864e-07
1.990375e-07
1.193971e-07
3.98648e-08
2.786036e-07
1.989914e-07
1.19401e-07
3.976093e-08
2.785655e-07
1.989465e-07
1.194007e-07
3.967048e-08
2.785282e-07
1.989059e-07
1.193957e-07
3.960108e-08
2.784936e-07
1.988719e-07
1.193864e-07
3.955722e-08
2.78464e-07
1.988463e-07
1.19374e-07
3.953978e-08
2.784398e-07
1.988292e-07
1.193598e-07
3.954585e-08
2.784214e-07
1.988193e-07
1.193449e-07
3.956923e-08
2.784051e-07
1.988125e-07
1.193292e-07
3.960153e-08
2.783887e-07
1.988043e-07
1.193099e-07
3.963002e-08
2.783606e-07
1.987832e-07
1.192824e-07
3.964459e-08
6.769729e-07
5.973206e-07
5.176766e-07
4.38033e-07
2.787453e-07
3.584072e-07
6.769594e-07
5.973079e-07
5.176646e-07
4.38022e-07
2.787376e-07
3.583965e-07
6.769331e-07
5.972831e-07
5.176411e-07
4.380007e-07
2.787227e-07
3.583756e-07
6.768949e-07
5.972471e-07
5.17607e-07
4.379696e-07
2.787009e-07
3.583452e-07
6.768459e-07
5.97201e-07
5.175634e-07
4.3793e-07
2.78673e-07
3.58307e-07
6.767884e-07
5.971469e-07
5.175124e-07
4.378835e-07
2.7864e-07
3.582623e-07
6.767246e-07
5.970868e-07
5.17456e-07
4.378323e-07
2.786036e-07
3.582138e-07
6.766579e-07
5.970244e-07
5.173975e-07
4.37779e-07
2.785655e-07
3.581637e-07
6.765917e-07
5.969624e-07
5.173398e-07
4.377269e-07
2.785282e-07
3.581157e-07
6.765297e-07
5.969047e-07
5.172863e-07
4.376785e-07
2.784936e-07
3.580718e-07
6.764748e-07
5.968539e-07
5.172397e-07
4.376367e-07
2.78464e-07
3.58035e-07
6.764288e-07
5.968115e-07
5.172012e-07
4.376024e-07
2.784398e-07
3.580054e-07
6.763922e-07
5.96778e-07
5.171711e-07
4.37576e-07
2.784214e-07
3.579835e-07
6.76361e-07
5.967492e-07
5.171453e-07
4.375531e-07
2.784051e-07
3.579647e-07
6.763339e-07
5.967241e-07
5.171224e-07
4.375321e-07
2.783887e-07
3.579469e-07
6.762942e-07
5.966863e-07
5.170868e-07
4.374983e-07
2.783606e-07
3.579157e-07
9.159716e-07
8.362965e-07
6.769729e-07
7.566303e-07
9.159563e-07
8.362818e-07
6.769594e-07
7.566162e-07
9.15926e-07
8.362528e-07
6.769331e-07
7.565885e-07
9.158821e-07
8.362107e-07
6.768949e-07
7.565484e-07
9.158256e-07
8.361567e-07
6.768459e-07
7.564968e-07
9.157589e-07
8.360931e-07
6.767884e-07
7.564361e-07
9.156848e-07
8.360223e-07
6.767246e-07
7.563687e-07
9.156068e-07
8.35948e-07
6.766579e-07
7.562981e-07
9.155291e-07
8.35874e-07
6.765917e-07
7.562278e-07
9.154555e-07
8.358042e-07
6.765297e-07
7.561616e-07
9.1539e-07
8.35742e-07
6.764748e-07
7.561029e-07
9.153338e-07
8.356891e-07
6.764288e-07
7.560533e-07
9.152887e-07
8.356467e-07
6.763922e-07
7.560137e-07
9.152496e-07
8.3561e-07
6.76361e-07
7.559796e-07
9.152156e-07
8.35578e-07
6.763339e-07
7.559497e-07
9.151661e-07
8.355309e-07
6.762942e-07
7.55905e-07
1.075349e-06
9.159716e-07
9.956544e-07
1.075333e-06
9.159563e-07
9.956387e-07
1.0753e-06
9.15926e-07
9.956071e-07
1.075252e-06
9.158821e-07
9.955612e-07
1.07519e-06
9.158256e-07
9.955023e-07
1.075118e-06
9.157589e-07
9.954327e-07
1.075037e-06
9.156848e-07
9.953552e-07
1.074951e-06
9.156068e-07
9.952735e-07
1.074866e-06
9.155291e-07
9.95192e-07
1.553032e-06
1.473296e-06
1.393571e-06
1.313858e-06
1.234157e-06
1.154466e-06
1.074785e-06
9.154555e-07
9.951144e-07
1.552936e-06
1.473205e-06
1.393484e-06
1.313775e-06
1.234077e-06
1.154389e-06
1.074713e-06
9.1539e-07
9.950456e-07
1.552853e-06
1.473126e-06
1.393408e-06
1.313703e-06
1.234008e-06
1.154324e-06
1.07465e-06
9.153338e-07
9.94986e-07
1.552784e-06
1.47306e-06
1.393346e-06
1.313643e-06
1.233952e-06
1.15427e-06
1.074599e-06
9.152887e-07
9.949382e-07
1.552724e-06
1.473002e-06
1.393291e-06
1.313591e-06
1.233902e-06
1.154224e-06
1.074555e-06
9.152496e-07
9.948962e-07
1.55267e-06
1.472951e-06
1.393243e-06
1.313545e-06
1.233859e-06
1.154182e-06
1.074516e-06
9.152156e-07
9.948592e-07
1.552592e-06
1.472877e-06
1.393172e-06
1.313478e-06
1.233795e-06
1.154122e-06
1.074458e-06
9.151661e-07
9.948043e-07
1.075349e-06
1.155053e-06
1.314479e-06
1.234751e-06
1.075333e-06
1.155035e-06
1.553698e-06
1.47393e-06
1.394179e-06
1.314441e-06
1.234715e-06
1.0753e-06
1.155001e-06
1.553636e-06
1.473871e-06
1.394123e-06
1.314387e-06
1.234663e-06
1.075252e-06
1.154951e-06
1.553557e-06
1.473796e-06
1.394051e-06
1.314318e-06
1.234597e-06
1.07519e-06
1.154888e-06
1.553463e-06
1.473706e-06
1.393965e-06
1.314235e-06
1.234518e-06
1.075118e-06
1.154812e-06
1.553358e-06
1.473607e-06
1.393869e-06
1.314144e-06
1.23443e-06
1.075037e-06
1.154727e-06
1.553247e-06
1.473502e-06
1.393768e-06
1.314047e-06
1.234337e-06
1.074951e-06
1.154638e-06
1.553032e-06
1.553136e-06
1.473296e-06
1.473396e-06
1.393571e-06
1.393666e-06
1.313858e-06
1.313949e-06
1.234157e-06
1.234244e-06
1.074866e-06
1.154466e-06
1.154549e-06
)
;
    }
    procBoundary3to4
    {
        type            processor;
        value           nonuniform List<scalar> 
41
(
1.959472e-06
1.959499e-06
1.959499e-06
1.959472e-06
1.959472e-06
1.959499e-06
1.959499e-06
1.959472e-06
1.959472e-06
1.959499e-06
1.959499e-06
1.959471e-06
1.959472e-06
1.959498e-06
1.959498e-06
1.959471e-06
1.959472e-06
1.959499e-06
1.959499e-06
1.959472e-06
1.959473e-06
1.959499e-06
1.959499e-06
1.959472e-06
1.959499e-06
1.959499e-06
1.959472e-06
1.959499e-06
1.959499e-06
1.959472e-06
1.9595e-06
1.9595e-06
1.959472e-06
1.9595e-06
1.9595e-06
1.959472e-06
1.9595e-06
1.959499e-06
1.959472e-06
1.959499e-06
1.959499e-06
)
;
    }
    procBoundary3to6
    {
        type            processor;
        value           nonuniform List<scalar> 
192
(
1.959418e-06
1.959339e-06
1.959237e-06
1.959118e-06
1.958985e-06
1.958844e-06
1.958704e-06
1.95857e-06
1.958449e-06
1.958344e-06
1.958258e-06
1.958189e-06
1.958143e-06
1.958116e-06
1.959418e-06
1.95934e-06
1.959239e-06
1.95912e-06
1.958989e-06
1.95885e-06
1.958711e-06
1.958578e-06
1.958457e-06
1.958353e-06
1.958267e-06
1.958198e-06
1.958151e-06
1.958121e-06
1.959418e-06
1.95934e-06
1.959241e-06
1.959123e-06
1.958992e-06
1.958854e-06
1.958716e-06
1.958585e-06
1.958465e-06
1.95836e-06
1.958275e-06
1.958205e-06
1.958157e-06
1.958123e-06
1.959418e-06
1.959341e-06
1.959242e-06
1.959125e-06
1.958994e-06
1.958857e-06
1.95872e-06
1.958589e-06
1.958469e-06
1.958365e-06
1.958279e-06
1.958209e-06
1.95816e-06
1.958121e-06
1.959419e-06
1.959341e-06
1.959242e-06
1.959126e-06
1.958996e-06
1.958859e-06
1.958722e-06
1.95859e-06
1.958471e-06
1.958367e-06
1.958281e-06
1.95821e-06
1.958159e-06
1.958116e-06
1.959419e-06
1.959342e-06
1.959243e-06
1.959126e-06
1.958996e-06
1.958859e-06
1.958722e-06
1.958591e-06
1.958471e-06
1.958367e-06
1.958281e-06
1.958209e-06
1.958157e-06
1.958107e-06
1.959419e-06
1.959342e-06
1.959243e-06
1.959126e-06
1.958996e-06
1.958859e-06
1.958721e-06
1.958589e-06
1.95847e-06
1.958365e-06
1.958279e-06
1.958207e-06
1.958152e-06
1.958096e-06
1.95942e-06
1.959342e-06
1.959243e-06
1.959126e-06
1.958995e-06
1.958857e-06
1.958719e-06
1.958587e-06
1.958467e-06
1.958362e-06
1.958276e-06
1.958202e-06
1.958146e-06
1.958083e-06
1.95942e-06
1.959342e-06
1.959242e-06
1.959125e-06
1.958994e-06
1.958855e-06
1.958716e-06
1.958583e-06
1.958463e-06
1.958357e-06
1.958271e-06
1.958197e-06
1.958138e-06
1.958069e-06
1.95942e-06
1.959342e-06
1.959242e-06
1.959124e-06
1.958992e-06
1.958853e-06
1.958713e-06
1.958579e-06
1.958458e-06
1.958352e-06
1.958266e-06
1.958191e-06
1.95813e-06
1.958054e-06
1.959419e-06
1.959341e-06
1.959241e-06
1.959122e-06
1.95899e-06
1.95885e-06
1.958709e-06
1.958575e-06
1.958453e-06
1.958347e-06
1.95826e-06
1.958184e-06
1.958121e-06
1.958039e-06
1.959472e-06
1.959419e-06
1.959341e-06
1.95924e-06
1.959121e-06
1.958988e-06
1.958847e-06
1.958706e-06
1.958571e-06
1.958448e-06
1.958342e-06
1.958254e-06
1.958178e-06
1.958113e-06
1.958025e-06
1.959472e-06
1.959419e-06
1.95934e-06
1.959239e-06
1.95912e-06
1.958986e-06
1.958845e-06
1.958703e-06
1.958566e-06
1.958444e-06
1.958337e-06
1.958249e-06
1.958172e-06
1.958105e-06
1.958012e-06
1.959471e-06
1.959418e-06
1.959339e-06
1.959238e-06
1.959118e-06
1.958984e-06
1.958842e-06
1.9587e-06
)
;
    }
}


// ************************************************************************* //
