/*--------------------------------*- C++ -*----------------------------------*\
| =========                 |                                                 |
| \\      /  F ield         | OpenFOAM: The Open Source CFD Toolbox           |
|  \\    /   O peration     | Version:  2406                                  |
|   \\  /    A nd           | Website:  www.openfoam.com                      |
|    \\/     M anipulation  |                                                 |
\*---------------------------------------------------------------------------*/
FoamFile
{
    version     2.0;
    format      ascii;
    arch        "LSB;label=32;scalar=64";
    class       volScalarField;
    location    "320";
    object      p;
}
// * * * * * * * * * * * * * * * * * * * * * * * * * * * * * * * * * * * * * //

dimensions      [0 2 -2 0 0 0 0];

internalField   nonuniform List<scalar> 
5385
(
3.683873e-06
3.608299e-06
3.53278e-06
3.457313e-06
3.381893e-06
3.306519e-06
3.231187e-06
3.683584e-06
3.608029e-06
3.532526e-06
3.457074e-06
3.381669e-06
3.306308e-06
3.230989e-06
3.683208e-06
3.607676e-06
3.532196e-06
3.456764e-06
3.381378e-06
3.306035e-06
3.230733e-06
3.682755e-06
3.607252e-06
3.531799e-06
3.456393e-06
3.38103e-06
3.305709e-06
3.230427e-06
3.682242e-06
3.606773e-06
3.531351e-06
3.455973e-06
3.380638e-06
3.305341e-06
3.230082e-06
3.681691e-06
3.606259e-06
3.530871e-06
3.455525e-06
3.380218e-06
3.304949e-06
3.229715e-06
3.681132e-06
3.605738e-06
3.530385e-06
3.455071e-06
3.379795e-06
3.304553e-06
3.229344e-06
3.680594e-06
3.605237e-06
3.529919e-06
3.454637e-06
3.379389e-06
3.304174e-06
3.22899e-06
3.680109e-06
3.604786e-06
3.529499e-06
3.454245e-06
3.379024e-06
3.303833e-06
3.228671e-06
3.679697e-06
3.604403e-06
3.529141e-06
3.453912e-06
3.378713e-06
3.303542e-06
3.228399e-06
3.679374e-06
3.604102e-06
3.52886e-06
3.453649e-06
3.378467e-06
3.303312e-06
3.228183e-06
3.679134e-06
3.603877e-06
3.528649e-06
3.453451e-06
3.378281e-06
3.303137e-06
3.228018e-06
3.678989e-06
3.60374e-06
3.52852e-06
3.453329e-06
3.378165e-06
3.303027e-06
3.227914e-06
3.678921e-06
3.603674e-06
3.528457e-06
3.453268e-06
3.378107e-06
3.302971e-06
3.22786e-06
3.68387e-06
3.608297e-06
3.532778e-06
3.457311e-06
3.381891e-06
3.306517e-06
3.231186e-06
3.683583e-06
3.608028e-06
3.532526e-06
3.457074e-06
3.381669e-06
3.306308e-06
3.230989e-06
3.68321e-06
3.607678e-06
3.532198e-06
3.456766e-06
3.38138e-06
3.306037e-06
3.230735e-06
3.682761e-06
3.607258e-06
3.531805e-06
3.456398e-06
3.381035e-06
3.305714e-06
3.230431e-06
3.682253e-06
3.606784e-06
3.531361e-06
3.455983e-06
3.380647e-06
3.30535e-06
3.23009e-06
3.681709e-06
3.606276e-06
3.530887e-06
3.45554e-06
3.380232e-06
3.304962e-06
3.229727e-06
3.681155e-06
3.60576e-06
3.530406e-06
3.455091e-06
3.379813e-06
3.30457e-06
3.229361e-06
3.680623e-06
3.605265e-06
3.529945e-06
3.454661e-06
3.379412e-06
3.304195e-06
3.22901e-06
3.680143e-06
3.604817e-06
3.529528e-06
3.454273e-06
3.379049e-06
3.303857e-06
3.228694e-06
3.679733e-06
3.604436e-06
3.529172e-06
3.453941e-06
3.37874e-06
3.303567e-06
3.228423e-06
3.67941e-06
3.604135e-06
3.528891e-06
3.453678e-06
3.378494e-06
3.303337e-06
3.228207e-06
3.679167e-06
3.603907e-06
3.528678e-06
3.453478e-06
3.378306e-06
3.30316e-06
3.22804e-06
3.679017e-06
3.603766e-06
3.528544e-06
3.453352e-06
3.378186e-06
3.303047e-06
3.227933e-06
3.678939e-06
3.603691e-06
3.528473e-06
3.453283e-06
3.378121e-06
3.302984e-06
3.227873e-06
3.683867e-06
3.608295e-06
3.532776e-06
3.457309e-06
3.381889e-06
3.306516e-06
3.231184e-06
3.683582e-06
3.608027e-06
3.532525e-06
3.457073e-06
3.381668e-06
3.306308e-06
3.230989e-06
3.683211e-06
3.60768e-06
3.5322e-06
3.456768e-06
3.381382e-06
3.306039e-06
3.230737e-06
3.682766e-06
3.607264e-06
3.53181e-06
3.456403e-06
3.38104e-06
3.305719e-06
3.230436e-06
3.682263e-06
3.606794e-06
3.531371e-06
3.455992e-06
3.380655e-06
3.305358e-06
3.230098e-06
3.681724e-06
3.60629e-06
3.530901e-06
3.455553e-06
3.380245e-06
3.304974e-06
3.229739e-06
3.681177e-06
3.60578e-06
3.530425e-06
3.455109e-06
3.37983e-06
3.304586e-06
3.229376e-06
3.68065e-06
3.60529e-06
3.529968e-06
3.454683e-06
3.379432e-06
3.304215e-06
3.229028e-06
3.680173e-06
3.604846e-06
3.529554e-06
3.454297e-06
3.379073e-06
3.303879e-06
3.228714e-06
3.679765e-06
3.604466e-06
3.5292e-06
3.453967e-06
3.378764e-06
3.30359e-06
3.228444e-06
3.679442e-06
3.604164e-06
3.528919e-06
3.453704e-06
3.378518e-06
3.303359e-06
3.228228e-06
3.679196e-06
3.603934e-06
3.528703e-06
3.453501e-06
3.378328e-06
3.303181e-06
3.228059e-06
3.67904e-06
3.603787e-06
3.528565e-06
3.453371e-06
3.378204e-06
3.303064e-06
3.227949e-06
3.678949e-06
3.6037e-06
3.528482e-06
3.453291e-06
3.378128e-06
3.302991e-06
3.227879e-06
3.683866e-06
3.608293e-06
3.532775e-06
3.457308e-06
3.381889e-06
3.306515e-06
3.231184e-06
3.683582e-06
3.608027e-06
3.532525e-06
3.457073e-06
3.381669e-06
3.306308e-06
3.230989e-06
3.683213e-06
3.607681e-06
3.532201e-06
3.45677e-06
3.381384e-06
3.306041e-06
3.230739e-06
3.68277e-06
3.607267e-06
3.531814e-06
3.456407e-06
3.381044e-06
3.305722e-06
3.230439e-06
3.682271e-06
3.6068e-06
3.531377e-06
3.455998e-06
3.380661e-06
3.305364e-06
3.230104e-06
3.681735e-06
3.6063e-06
3.53091e-06
3.455562e-06
3.380254e-06
3.304982e-06
3.229746e-06
3.681191e-06
3.605793e-06
3.530437e-06
3.455121e-06
3.379841e-06
3.304597e-06
3.229386e-06
3.680667e-06
3.605305e-06
3.529983e-06
3.454697e-06
3.379445e-06
3.304227e-06
3.22904e-06
3.680192e-06
3.604864e-06
3.529571e-06
3.454313e-06
3.379087e-06
3.303892e-06
3.228727e-06
3.679785e-06
3.604484e-06
3.529218e-06
3.453983e-06
3.378779e-06
3.303604e-06
3.228457e-06
3.679461e-06
3.604183e-06
3.528936e-06
3.45372e-06
3.378533e-06
3.303373e-06
3.228241e-06
3.679213e-06
3.60395e-06
3.528718e-06
3.453515e-06
3.378341e-06
3.303193e-06
3.228071e-06
3.679051e-06
3.603798e-06
3.528575e-06
3.45338e-06
3.378213e-06
3.303072e-06
3.227956e-06
3.678946e-06
3.603697e-06
3.528479e-06
3.453289e-06
3.378126e-06
3.302988e-06
3.227876e-06
3.683865e-06
3.608293e-06
3.532775e-06
3.457307e-06
3.381888e-06
3.306515e-06
3.231183e-06
3.683582e-06
3.608027e-06
3.532525e-06
3.457074e-06
3.381669e-06
3.306309e-06
3.23099e-06
3.683214e-06
3.607683e-06
3.532203e-06
3.456771e-06
3.381385e-06
3.306042e-06
3.23074e-06
3.682773e-06
3.60727e-06
3.531816e-06
3.456409e-06
3.381046e-06
3.305724e-06
3.230441e-06
3.682275e-06
3.606805e-06
3.531381e-06
3.456002e-06
3.380665e-06
3.305367e-06
3.230107e-06
3.681741e-06
3.606306e-06
3.530916e-06
3.455567e-06
3.380258e-06
3.304987e-06
3.229751e-06
3.681199e-06
3.605801e-06
3.530445e-06
3.455127e-06
3.379847e-06
3.304602e-06
3.229391e-06
3.680676e-06
3.605314e-06
3.529991e-06
3.454704e-06
3.379453e-06
3.304234e-06
3.229046e-06
3.680203e-06
3.604873e-06
3.52958e-06
3.454321e-06
3.379095e-06
3.3039e-06
3.228734e-06
3.679796e-06
3.604494e-06
3.529227e-06
3.453992e-06
3.378787e-06
3.303612e-06
3.228465e-06
3.679472e-06
3.604192e-06
3.528945e-06
3.453728e-06
3.378541e-06
3.303381e-06
3.228248e-06
3.679221e-06
3.603957e-06
3.528725e-06
3.453521e-06
3.378346e-06
3.303198e-06
3.228075e-06
3.679053e-06
3.6038e-06
3.528576e-06
3.453381e-06
3.378214e-06
3.303073e-06
3.227957e-06
3.678931e-06
3.603684e-06
3.528466e-06
3.453276e-06
3.378114e-06
3.302977e-06
3.227866e-06
3.683865e-06
3.608293e-06
3.532775e-06
3.457307e-06
3.381888e-06
3.306515e-06
3.231183e-06
3.683582e-06
3.608028e-06
3.532526e-06
3.457074e-06
3.381669e-06
3.306309e-06
3.23099e-06
3.683215e-06
3.607684e-06
3.532204e-06
3.456772e-06
3.381386e-06
3.306043e-06
3.23074e-06
3.682775e-06
3.607272e-06
3.531818e-06
3.456411e-06
3.381047e-06
3.305726e-06
3.230443e-06
3.682277e-06
3.606807e-06
3.531383e-06
3.456004e-06
3.380667e-06
3.305369e-06
3.230108e-06
3.681744e-06
3.606309e-06
3.530919e-06
3.45557e-06
3.380261e-06
3.304989e-06
3.229753e-06
3.681202e-06
3.605804e-06
3.530447e-06
3.45513e-06
3.37985e-06
3.304605e-06
3.229393e-06
3.68068e-06
3.605318e-06
3.529994e-06
3.454707e-06
3.379455e-06
3.304236e-06
3.229049e-06
3.680206e-06
3.604877e-06
3.529583e-06
3.454324e-06
3.379098e-06
3.303902e-06
3.228736e-06
3.679799e-06
3.604497e-06
3.52923e-06
3.453994e-06
3.37879e-06
3.303614e-06
3.228467e-06
3.679474e-06
3.604195e-06
3.528947e-06
3.45373e-06
3.378542e-06
3.303382e-06
3.228249e-06
3.67922e-06
3.603957e-06
3.528724e-06
3.453521e-06
3.378346e-06
3.303197e-06
3.228075e-06
3.679047e-06
3.603794e-06
3.52857e-06
3.453376e-06
3.378209e-06
3.303068e-06
3.227952e-06
3.678907e-06
3.603661e-06
3.528444e-06
3.453255e-06
3.378094e-06
3.302958e-06
3.227848e-06
3.683866e-06
3.608293e-06
3.532775e-06
3.457308e-06
3.381889e-06
3.306515e-06
3.231183e-06
3.683583e-06
3.608028e-06
3.532526e-06
3.457075e-06
3.38167e-06
3.306309e-06
3.23099e-06
3.683216e-06
3.607684e-06
3.532204e-06
3.456773e-06
3.381386e-06
3.306043e-06
3.230741e-06
3.682776e-06
3.607272e-06
3.531819e-06
3.456411e-06
3.381048e-06
3.305726e-06
3.230443e-06
3.682278e-06
3.606807e-06
3.531384e-06
3.456004e-06
3.380667e-06
3.305369e-06
3.230108e-06
3.681744e-06
3.606309e-06
3.530919e-06
3.45557e-06
3.380261e-06
3.304989e-06
3.229752e-06
3.681202e-06
3.605803e-06
3.530447e-06
3.455129e-06
3.379849e-06
3.304604e-06
3.229393e-06
3.680679e-06
3.605316e-06
3.529993e-06
3.454706e-06
3.379454e-06
3.304234e-06
3.229047e-06
3.680204e-06
3.604874e-06
3.529581e-06
3.454322e-06
3.379096e-06
3.3039e-06
3.228734e-06
3.679796e-06
3.604494e-06
3.529227e-06
3.453991e-06
3.378787e-06
3.303611e-06
3.228464e-06
3.67947e-06
3.60419e-06
3.528943e-06
3.453726e-06
3.378539e-06
3.303379e-06
3.228246e-06
3.679213e-06
3.60395e-06
3.528718e-06
3.453515e-06
3.37834e-06
3.303192e-06
3.22807e-06
3.679033e-06
3.603781e-06
3.528558e-06
3.453364e-06
3.378198e-06
3.303058e-06
3.227943e-06
3.678874e-06
3.60363e-06
3.528415e-06
3.453228e-06
3.378068e-06
3.302933e-06
3.227824e-06
3.683867e-06
3.608294e-06
3.532776e-06
3.457308e-06
3.381889e-06
3.306515e-06
3.231184e-06
3.683584e-06
3.608029e-06
3.532527e-06
3.457075e-06
3.38167e-06
3.30631e-06
3.23099e-06
3.683217e-06
3.607685e-06
3.532205e-06
3.456773e-06
3.381387e-06
3.306044e-06
3.23074e-06
3.682776e-06
3.607272e-06
3.531818e-06
3.456411e-06
3.381048e-06
3.305726e-06
3.230442e-06
3.682277e-06
3.606806e-06
3.531383e-06
3.456003e-06
3.380666e-06
3.305368e-06
3.230107e-06
3.681742e-06
3.606307e-06
3.530916e-06
3.455568e-06
3.380258e-06
3.304987e-06
3.22975e-06
3.681198e-06
3.6058e-06
3.530443e-06
3.455126e-06
3.379846e-06
3.304601e-06
3.22939e-06
3.680673e-06
3.605311e-06
3.529987e-06
3.454701e-06
3.379449e-06
3.30423e-06
3.229043e-06
3.680196e-06
3.604867e-06
3.529574e-06
3.454316e-06
3.37909e-06
3.303894e-06
3.228729e-06
3.679787e-06
3.604486e-06
3.529219e-06
3.453984e-06
3.37878e-06
3.303604e-06
3.228458e-06
3.67946e-06
3.604181e-06
3.528934e-06
3.453718e-06
3.378531e-06
3.303371e-06
3.228239e-06
3.6792e-06
3.603938e-06
3.528706e-06
3.453504e-06
3.37833e-06
3.303182e-06
3.228061e-06
3.679014e-06
3.603763e-06
3.528541e-06
3.453348e-06
3.378182e-06
3.303043e-06
3.227929e-06
3.678835e-06
3.603592e-06
3.528379e-06
3.453194e-06
3.378036e-06
3.302903e-06
3.227796e-06
3.759498e-06
3.683868e-06
3.608295e-06
3.532776e-06
3.457309e-06
3.38189e-06
3.306516e-06
3.231184e-06
3.759196e-06
3.683585e-06
3.60803e-06
3.532527e-06
3.457075e-06
3.38167e-06
3.30631e-06
3.23099e-06
3.758804e-06
3.683217e-06
3.607685e-06
3.532205e-06
3.456773e-06
3.381386e-06
3.306043e-06
3.23074e-06
3.758331e-06
3.682775e-06
3.607272e-06
3.531818e-06
3.45641e-06
3.381047e-06
3.305725e-06
3.230441e-06
3.757796e-06
3.682275e-06
3.606804e-06
3.531381e-06
3.456001e-06
3.380664e-06
3.305366e-06
3.230105e-06
3.75722e-06
3.681738e-06
3.606303e-06
3.530913e-06
3.455564e-06
3.380255e-06
3.304983e-06
3.229747e-06
3.756633e-06
3.681191e-06
3.605793e-06
3.530437e-06
3.45512e-06
3.37984e-06
3.304595e-06
3.229385e-06
3.756066e-06
3.680664e-06
3.605302e-06
3.529979e-06
3.454693e-06
3.379442e-06
3.304223e-06
3.229036e-06
3.755552e-06
3.680185e-06
3.604857e-06
3.529564e-06
3.454306e-06
3.379081e-06
3.303886e-06
3.228721e-06
3.755109e-06
3.679774e-06
3.604474e-06
3.529207e-06
3.453973e-06
3.37877e-06
3.303595e-06
3.228449e-06
3.754757e-06
3.679446e-06
3.604168e-06
3.528922e-06
3.453706e-06
3.37852e-06
3.303361e-06
3.228229e-06
3.754476e-06
3.679183e-06
3.603921e-06
3.528691e-06
3.453489e-06
3.378316e-06
3.303169e-06
3.228049e-06
3.754271e-06
3.67899e-06
3.60374e-06
3.52852e-06
3.453328e-06
3.378163e-06
3.303025e-06
3.227912e-06
3.75406e-06
3.67879e-06
3.60355e-06
3.528339e-06
3.453156e-06
3.378e-06
3.30287e-06
3.227764e-06
3.835192e-06
3.7595e-06
3.683869e-06
3.608296e-06
3.532777e-06
3.45731e-06
3.38189e-06
3.306517e-06
3.231184e-06
3.83487e-06
3.759197e-06
3.683586e-06
3.60803e-06
3.532528e-06
3.457076e-06
3.381671e-06
3.30631e-06
3.23099e-06
3.834449e-06
3.758804e-06
3.683217e-06
3.607685e-06
3.532205e-06
3.456773e-06
3.381386e-06
3.306043e-06
3.230739e-06
3.833943e-06
3.75833e-06
3.682774e-06
3.607271e-06
3.531816e-06
3.456409e-06
3.381045e-06
3.305723e-06
3.23044e-06
3.833367e-06
3.757793e-06
3.682272e-06
3.606801e-06
3.531378e-06
3.455999e-06
3.380661e-06
3.305363e-06
3.230102e-06
3.832747e-06
3.757215e-06
3.681733e-06
3.606298e-06
3.530907e-06
3.455559e-06
3.38025e-06
3.304979e-06
3.229743e-06
3.832113e-06
3.756625e-06
3.681183e-06
3.605785e-06
3.530429e-06
3.455113e-06
3.379833e-06
3.304589e-06
3.229378e-06
3.8315e-06
3.756054e-06
3.680652e-06
3.605291e-06
3.529969e-06
3.454683e-06
3.379432e-06
3.304214e-06
3.229028e-06
3.830942e-06
3.755537e-06
3.680171e-06
3.604843e-06
3.529552e-06
3.454294e-06
3.379069e-06
3.303875e-06
3.228711e-06
3.830464e-06
3.755092e-06
3.679758e-06
3.604459e-06
3.529193e-06
3.45396e-06
3.378757e-06
3.303583e-06
3.228438e-06
3.830084e-06
3.754738e-06
3.679428e-06
3.604151e-06
3.528906e-06
3.453691e-06
3.378506e-06
3.303348e-06
3.228217e-06
3.82978e-06
3.754454e-06
3.679162e-06
3.603902e-06
3.528673e-06
3.453472e-06
3.3783e-06
3.303154e-06
3.228034e-06
3.829554e-06
3.754242e-06
3.678962e-06
3.603714e-06
3.528495e-06
3.453305e-06
3.378142e-06
3.303005e-06
3.227893e-06
3.829307e-06
3.754008e-06
3.678741e-06
3.603504e-06
3.528296e-06
3.453116e-06
3.377962e-06
3.302833e-06
3.227729e-06
3.835194e-06
3.759502e-06
3.68387e-06
3.608297e-06
3.532778e-06
3.457311e-06
3.381891e-06
3.306517e-06
3.231184e-06
3.834871e-06
3.759199e-06
3.683587e-06
3.608031e-06
3.532529e-06
3.457076e-06
3.381671e-06
3.30631e-06
3.23099e-06
3.83445e-06
3.758804e-06
3.683217e-06
3.607685e-06
3.532204e-06
3.456772e-06
3.381386e-06
3.306043e-06
3.230739e-06
3.833941e-06
3.758329e-06
3.682773e-06
3.607269e-06
3.531815e-06
3.456407e-06
3.381044e-06
3.305722e-06
3.230438e-06
3.833364e-06
3.75779e-06
3.682269e-06
3.606798e-06
3.531374e-06
3.455995e-06
3.380658e-06
3.30536e-06
3.230099e-06
3.83274e-06
3.757208e-06
3.681727e-06
3.606292e-06
3.530902e-06
3.455553e-06
3.380245e-06
3.304973e-06
3.229738e-06
3.832103e-06
3.756615e-06
3.681174e-06
3.605776e-06
3.530421e-06
3.455105e-06
3.379826e-06
3.304581e-06
3.229371e-06
3.831485e-06
3.756041e-06
3.680639e-06
3.605279e-06
3.529957e-06
3.454672e-06
3.379422e-06
3.304204e-06
3.229019e-06
3.830925e-06
3.75552e-06
3.680155e-06
3.604828e-06
3.529538e-06
3.454281e-06
3.379057e-06
3.303863e-06
3.2287e-06
3.830444e-06
3.755073e-06
3.67974e-06
3.604442e-06
3.529177e-06
3.453945e-06
3.378743e-06
3.30357e-06
3.228426e-06
3.830061e-06
3.754717e-06
3.679408e-06
3.604133e-06
3.528889e-06
3.453675e-06
3.378491e-06
3.303333e-06
3.228204e-06
3.829754e-06
3.75443e-06
3.679139e-06
3.603881e-06
3.528653e-06
3.453454e-06
3.378282e-06
3.303138e-06
3.228019e-06
3.82952e-06
3.754211e-06
3.678933e-06
3.603687e-06
3.52847e-06
3.453281e-06
3.378119e-06
3.302983e-06
3.227872e-06
3.829251e-06
3.753955e-06
3.678691e-06
3.603457e-06
3.528252e-06
3.453074e-06
3.377923e-06
3.302796e-06
3.227695e-06
3.533035e-06
3.457551e-06
3.382117e-06
3.306729e-06
3.231383e-06
3.532949e-06
3.457471e-06
3.382041e-06
3.306658e-06
3.231317e-06
3.835196e-06
3.759503e-06
3.683872e-06
3.608299e-06
3.53278e-06
3.457312e-06
3.381892e-06
3.306518e-06
3.231185e-06
3.834872e-06
3.7592e-06
3.683587e-06
3.608032e-06
3.532529e-06
3.457077e-06
3.381671e-06
3.306311e-06
3.23099e-06
3.83445e-06
3.758804e-06
3.683217e-06
3.607685e-06
3.532204e-06
3.456772e-06
3.381385e-06
3.306042e-06
3.230738e-06
3.83394e-06
3.758328e-06
3.682771e-06
3.607268e-06
3.531813e-06
3.456406e-06
3.381042e-06
3.30572e-06
3.230436e-06
3.83336e-06
3.757786e-06
3.682265e-06
3.606794e-06
3.531371e-06
3.455992e-06
3.380654e-06
3.305357e-06
3.230096e-06
3.832733e-06
3.757202e-06
3.68172e-06
3.606286e-06
3.530896e-06
3.455548e-06
3.380239e-06
3.304968e-06
3.229732e-06
3.832092e-06
3.756605e-06
3.681164e-06
3.605767e-06
3.530412e-06
3.455096e-06
3.379817e-06
3.304574e-06
3.229364e-06
3.831471e-06
3.756027e-06
3.680626e-06
3.605267e-06
3.529946e-06
3.454661e-06
3.379412e-06
3.304194e-06
3.22901e-06
3.830906e-06
3.755503e-06
3.680139e-06
3.604813e-06
3.529523e-06
3.454267e-06
3.379044e-06
3.303851e-06
3.228689e-06
3.830422e-06
3.755053e-06
3.679721e-06
3.604424e-06
3.529161e-06
3.453929e-06
3.378729e-06
3.303556e-06
3.228413e-06
3.830038e-06
3.754695e-06
3.679388e-06
3.604113e-06
3.528871e-06
3.453658e-06
3.378475e-06
3.303319e-06
3.22819e-06
3.829727e-06
3.754405e-06
3.679116e-06
3.603859e-06
3.528632e-06
3.453435e-06
3.378265e-06
3.303121e-06
3.228003e-06
3.829487e-06
3.754179e-06
3.678904e-06
3.603659e-06
3.528444e-06
3.453256e-06
3.378096e-06
3.302961e-06
3.227852e-06
3.829195e-06
3.753903e-06
3.678643e-06
3.603412e-06
3.528209e-06
3.453034e-06
3.377884e-06
3.30276e-06
3.22766e-06
3.533036e-06
3.457552e-06
3.382118e-06
3.30673e-06
3.231384e-06
3.53295e-06
3.457472e-06
3.382042e-06
3.306659e-06
3.231317e-06
3.835198e-06
3.759505e-06
3.683873e-06
3.6083e-06
3.532781e-06
3.457313e-06
3.381892e-06
3.306518e-06
3.231185e-06
3.834874e-06
3.759201e-06
3.683588e-06
3.608033e-06
3.53253e-06
3.457077e-06
3.381672e-06
3.306311e-06
3.23099e-06
3.83445e-06
3.758805e-06
3.683217e-06
3.607685e-06
3.532204e-06
3.456772e-06
3.381385e-06
3.306041e-06
3.230737e-06
3.833939e-06
3.758326e-06
3.68277e-06
3.607266e-06
3.531812e-06
3.456404e-06
3.38104e-06
3.305718e-06
3.230434e-06
3.833356e-06
3.757782e-06
3.682262e-06
3.606791e-06
3.531367e-06
3.455988e-06
3.380651e-06
3.305354e-06
3.230093e-06
3.832727e-06
3.757195e-06
3.681714e-06
3.60628e-06
3.53089e-06
3.455542e-06
3.380234e-06
3.304963e-06
3.229727e-06
3.832082e-06
3.756595e-06
3.681154e-06
3.605758e-06
3.530403e-06
3.455088e-06
3.37981e-06
3.304566e-06
3.229357e-06
3.831456e-06
3.756013e-06
3.680613e-06
3.605254e-06
3.529934e-06
3.45465e-06
3.379401e-06
3.304185e-06
3.229001e-06
3.830888e-06
3.755486e-06
3.680123e-06
3.604798e-06
3.529509e-06
3.454254e-06
3.379032e-06
3.303839e-06
3.228678e-06
3.830402e-06
3.755034e-06
3.679703e-06
3.604407e-06
3.529145e-06
3.453914e-06
3.378714e-06
3.303543e-06
3.228401e-06
3.830015e-06
3.754674e-06
3.679368e-06
3.604095e-06
3.528853e-06
3.453642e-06
3.37846e-06
3.303304e-06
3.228177e-06
3.829702e-06
3.754381e-06
3.679094e-06
3.603838e-06
3.528613e-06
3.453416e-06
3.378247e-06
3.303104e-06
3.227988e-06
3.829455e-06
3.754149e-06
3.678875e-06
3.603632e-06
3.528419e-06
3.453233e-06
3.378074e-06
3.302941e-06
3.227833e-06
3.829143e-06
3.753854e-06
3.678597e-06
3.603368e-06
3.528168e-06
3.452995e-06
3.377848e-06
3.302726e-06
3.227628e-06
3.533037e-06
3.457554e-06
3.382119e-06
3.306731e-06
3.231384e-06
3.532952e-06
3.457473e-06
3.382043e-06
3.30666e-06
3.231318e-06
3.8352e-06
3.759507e-06
3.683875e-06
3.608301e-06
3.532782e-06
3.457313e-06
3.381893e-06
3.306519e-06
3.231185e-06
3.834875e-06
3.759202e-06
3.683589e-06
3.608033e-06
3.53253e-06
3.457078e-06
3.381672e-06
3.306311e-06
3.23099e-06
3.834451e-06
3.758805e-06
3.683217e-06
3.607685e-06
3.532204e-06
3.456771e-06
3.381384e-06
3.306041e-06
3.230736e-06
3.833938e-06
3.758325e-06
3.682769e-06
3.607265e-06
3.53181e-06
3.456403e-06
3.381039e-06
3.305717e-06
3.230432e-06
3.833353e-06
3.757779e-06
3.682258e-06
3.606788e-06
3.531364e-06
3.455985e-06
3.380648e-06
3.305351e-06
3.23009e-06
3.832721e-06
3.757189e-06
3.681708e-06
3.606274e-06
3.530885e-06
3.455537e-06
3.380229e-06
3.304958e-06
3.229723e-06
3.832072e-06
3.756585e-06
3.681146e-06
3.60575e-06
3.530395e-06
3.45508e-06
3.379802e-06
3.304559e-06
3.22935e-06
3.831443e-06
3.756001e-06
3.680602e-06
3.605243e-06
3.529924e-06
3.45464e-06
3.379392e-06
3.304176e-06
3.228992e-06
3.830872e-06
3.75547e-06
3.680108e-06
3.604784e-06
3.529496e-06
3.454242e-06
3.37902e-06
3.303829e-06
3.228668e-06
3.830383e-06
3.755016e-06
3.679686e-06
3.604391e-06
3.52913e-06
3.453901e-06
3.378701e-06
3.303531e-06
3.228389e-06
3.829994e-06
3.754655e-06
3.67935e-06
3.604078e-06
3.528837e-06
3.453627e-06
3.378446e-06
3.303291e-06
3.228164e-06
3.829678e-06
3.754359e-06
3.679073e-06
3.603819e-06
3.528595e-06
3.453399e-06
3.378231e-06
3.30309e-06
3.227974e-06
3.829425e-06
3.754121e-06
3.67885e-06
3.603608e-06
3.528396e-06
3.453212e-06
3.378054e-06
3.302922e-06
3.227815e-06
3.829096e-06
3.75381e-06
3.678555e-06
3.60333e-06
3.528132e-06
3.452961e-06
3.377816e-06
3.302696e-06
3.2276e-06
3.160079e-06
3.093185e-06
3.026319e-06
2.959479e-06
2.892666e-06
2.825878e-06
2.759112e-06
2.69237e-06
2.625648e-06
2.558947e-06
2.492266e-06
2.425603e-06
2.358958e-06
2.292329e-06
2.225717e-06
2.159121e-06
2.092539e-06
2.025972e-06
1.959418e-06
3.159892e-06
3.093008e-06
3.02615e-06
2.95932e-06
2.892515e-06
2.825734e-06
2.758976e-06
2.692239e-06
2.625524e-06
2.558829e-06
2.492153e-06
2.425495e-06
2.358855e-06
2.292231e-06
2.225624e-06
2.159031e-06
2.092453e-06
2.025889e-06
1.959339e-06
3.159651e-06
3.092778e-06
3.025933e-06
2.959114e-06
2.892319e-06
2.825548e-06
2.758799e-06
2.692072e-06
2.625365e-06
2.558677e-06
2.492008e-06
2.425357e-06
2.358723e-06
2.292105e-06
2.225503e-06
2.158916e-06
2.092343e-06
2.025784e-06
1.959237e-06
3.159362e-06
3.092505e-06
3.025674e-06
2.958868e-06
2.892086e-06
2.825327e-06
2.758589e-06
2.691872e-06
2.625175e-06
2.558497e-06
2.491836e-06
2.425193e-06
2.358567e-06
2.291956e-06
2.225361e-06
2.15878e-06
2.092212e-06
2.025659e-06
1.959118e-06
3.159037e-06
3.092198e-06
3.025383e-06
2.958593e-06
2.891825e-06
2.82508e-06
2.758355e-06
2.69165e-06
2.624963e-06
2.558295e-06
2.491645e-06
2.425011e-06
2.358393e-06
2.29179e-06
2.225202e-06
2.158628e-06
2.092067e-06
2.02552e-06
1.958985e-06
3.158691e-06
3.091871e-06
3.025074e-06
2.958301e-06
2.891549e-06
2.824818e-06
2.758106e-06
2.691414e-06
2.624739e-06
2.558083e-06
2.491442e-06
2.424818e-06
2.358209e-06
2.291615e-06
2.225035e-06
2.158468e-06
2.091914e-06
2.025373e-06
1.958844e-06
3.158343e-06
3.091542e-06
3.024764e-06
2.958007e-06
2.891271e-06
2.824554e-06
2.757857e-06
2.691177e-06
2.624515e-06
2.557869e-06
2.491239e-06
2.424625e-06
2.358025e-06
2.291439e-06
2.224867e-06
2.158308e-06
2.091761e-06
2.025227e-06
1.958704e-06
3.15801e-06
3.091228e-06
3.024467e-06
2.957726e-06
2.891005e-06
2.824303e-06
2.757618e-06
2.690951e-06
2.6243e-06
2.557665e-06
2.491046e-06
2.42444e-06
2.357849e-06
2.291272e-06
2.224707e-06
2.158155e-06
2.091615e-06
2.025087e-06
1.95857e-06
3.157711e-06
3.090945e-06
3.0242e-06
2.957474e-06
2.890766e-06
2.824077e-06
2.757404e-06
2.690748e-06
2.624107e-06
2.557482e-06
2.490871e-06
2.424274e-06
2.357691e-06
2.29112e-06
2.224563e-06
2.158017e-06
2.091483e-06
2.024961e-06
1.958449e-06
3.157455e-06
3.090703e-06
3.023971e-06
2.957257e-06
2.890562e-06
2.823882e-06
2.75722e-06
2.690573e-06
2.623941e-06
2.557324e-06
2.49072e-06
2.42413e-06
2.357554e-06
2.29099e-06
2.224438e-06
2.157898e-06
2.091369e-06
2.024851e-06
1.958344e-06
3.157251e-06
3.090511e-06
3.023789e-06
2.957085e-06
2.890398e-06
2.823727e-06
2.757072e-06
2.690432e-06
2.623807e-06
2.557196e-06
2.490598e-06
2.424014e-06
2.357443e-06
2.290883e-06
2.224336e-06
2.1578e-06
2.091276e-06
2.024762e-06
1.958258e-06
3.157095e-06
3.090362e-06
3.023648e-06
2.95695e-06
2.89027e-06
2.823605e-06
2.756955e-06
2.690321e-06
2.623701e-06
2.557094e-06
2.490501e-06
2.423921e-06
2.357354e-06
2.290798e-06
2.224255e-06
2.157722e-06
2.091201e-06
2.02469e-06
1.958189e-06
3.156996e-06
3.090268e-06
3.023558e-06
2.956865e-06
2.890187e-06
2.823526e-06
2.75688e-06
2.690249e-06
2.623632e-06
2.557028e-06
2.490438e-06
2.42386e-06
2.357295e-06
2.290742e-06
2.2242e-06
2.15767e-06
2.091151e-06
2.024642e-06
1.958143e-06
3.156944e-06
3.090218e-06
3.02351e-06
2.956818e-06
2.890142e-06
2.823482e-06
2.756838e-06
2.690208e-06
2.623592e-06
2.55699e-06
2.490401e-06
2.423825e-06
2.357261e-06
2.290709e-06
2.224169e-06
2.157639e-06
2.091121e-06
2.024613e-06
1.958116e-06
3.160078e-06
3.093184e-06
3.026318e-06
2.959479e-06
2.892665e-06
2.825877e-06
2.759112e-06
2.692369e-06
2.625648e-06
2.558947e-06
2.492265e-06
2.425603e-06
2.358957e-06
2.292329e-06
2.225717e-06
2.159121e-06
2.092539e-06
2.025972e-06
1.959418e-06
3.159892e-06
3.093008e-06
3.026151e-06
2.95932e-06
2.892515e-06
2.825734e-06
2.758976e-06
2.69224e-06
2.625525e-06
2.55883e-06
2.492154e-06
2.425496e-06
2.358856e-06
2.292232e-06
2.225624e-06
2.159032e-06
2.092454e-06
2.02589e-06
1.95934e-06
3.159653e-06
3.09278e-06
3.025935e-06
2.959116e-06
2.892321e-06
2.82555e-06
2.758801e-06
2.692074e-06
2.625367e-06
2.558679e-06
2.49201e-06
2.425359e-06
2.358725e-06
2.292107e-06
2.225505e-06
2.158918e-06
2.092345e-06
2.025785e-06
1.959239e-06
3.159366e-06
3.092509e-06
3.025679e-06
2.958873e-06
2.89209e-06
2.825331e-06
2.758593e-06
2.691876e-06
2.625179e-06
2.5585e-06
2.49184e-06
2.425197e-06
2.35857e-06
2.291959e-06
2.225364e-06
2.158783e-06
2.092215e-06
2.025661e-06
1.95912e-06
3.159045e-06
3.092205e-06
3.025391e-06
2.9586e-06
2.891832e-06
2.825086e-06
2.758361e-06
2.691656e-06
2.624969e-06
2.558301e-06
2.49165e-06
2.425016e-06
2.358398e-06
2.291795e-06
2.225207e-06
2.158632e-06
2.092072e-06
2.025524e-06
1.958989e-06
3.158703e-06
3.091882e-06
3.025085e-06
2.958311e-06
2.891559e-06
2.824827e-06
2.758115e-06
2.691422e-06
2.624748e-06
2.558091e-06
2.49145e-06
2.424825e-06
2.358216e-06
2.291621e-06
2.225041e-06
2.158474e-06
2.09192e-06
2.025379e-06
1.95885e-06
3.158359e-06
3.091557e-06
3.024778e-06
2.95802e-06
2.891284e-06
2.824566e-06
2.757868e-06
2.691188e-06
2.624525e-06
2.557879e-06
2.491249e-06
2.424634e-06
2.358034e-06
2.291447e-06
2.224875e-06
2.158315e-06
2.091769e-06
2.025234e-06
1.958711e-06
3.158029e-06
3.091246e-06
3.024484e-06
2.957743e-06
2.891021e-06
2.824318e-06
2.757632e-06
2.690964e-06
2.624313e-06
2.557677e-06
2.491057e-06
2.424451e-06
2.35786e-06
2.291281e-06
2.224716e-06
2.158164e-06
2.091624e-06
2.025095e-06
1.958578e-06
3.157732e-06
3.090965e-06
3.024219e-06
2.957492e-06
2.890784e-06
2.824093e-06
2.757419e-06
2.690762e-06
2.624121e-06
2.557495e-06
2.490883e-06
2.424286e-06
2.357702e-06
2.291131e-06
2.224573e-06
2.158027e-06
2.091493e-06
2.024969e-06
1.958457e-06
3.157477e-06
3.090724e-06
3.023991e-06
2.957276e-06
2.890579e-06
2.823899e-06
2.757236e-06
2.690588e-06
2.623955e-06
2.557337e-06
2.490733e-06
2.424143e-06
2.357566e-06
2.291001e-06
2.224448e-06
2.157908e-06
2.091379e-06
2.02486e-06
1.958353e-06
3.157274e-06
3.090532e-06
3.023809e-06
2.957104e-06
2.890415e-06
2.823744e-06
2.757088e-06
2.690447e-06
2.623821e-06
2.557209e-06
2.490611e-06
2.424027e-06
2.357454e-06
2.290895e-06
2.224347e-06
2.157811e-06
2.091285e-06
2.024771e-06
1.958267e-06
3.157116e-06
3.090382e-06
3.023667e-06
2.956968e-06
2.890287e-06
2.823621e-06
2.756971e-06
2.690335e-06
2.623714e-06
2.557107e-06
2.490514e-06
2.423933e-06
2.357365e-06
2.290809e-06
2.224265e-06
2.157732e-06
2.09121e-06
2.024699e-06
1.958198e-06
3.157014e-06
3.090285e-06
3.023574e-06
2.95688e-06
2.890202e-06
2.82354e-06
2.756893e-06
2.690261e-06
2.623644e-06
2.557039e-06
2.490449e-06
2.423871e-06
2.357305e-06
2.290752e-06
2.22421e-06
2.157679e-06
2.091159e-06
2.02465e-06
1.958151e-06
3.156956e-06
3.09023e-06
3.02352e-06
2.956828e-06
2.890152e-06
2.823492e-06
2.756847e-06
2.690216e-06
2.6236e-06
2.556998e-06
2.490408e-06
2.423832e-06
2.357268e-06
2.290715e-06
2.224175e-06
2.157645e-06
2.091127e-06
2.024619e-06
1.958121e-06
3.160077e-06
3.093183e-06
3.026317e-06
2.959478e-06
2.892665e-06
2.825876e-06
2.759111e-06
2.692369e-06
2.625648e-06
2.558947e-06
2.492265e-06
2.425602e-06
2.358957e-06
2.292329e-06
2.225717e-06
2.159121e-06
2.092539e-06
2.025972e-06
1.959418e-06
3.159893e-06
3.093008e-06
3.026151e-06
2.959321e-06
2.892515e-06
2.825735e-06
2.758977e-06
2.692241e-06
2.625525e-06
2.55883e-06
2.492154e-06
2.425497e-06
2.358856e-06
2.292233e-06
2.225625e-06
2.159032e-06
2.092455e-06
2.025891e-06
1.95934e-06
3.159655e-06
3.092783e-06
3.025937e-06
2.959118e-06
2.892323e-06
2.825552e-06
2.758803e-06
2.692076e-06
2.625369e-06
2.558681e-06
2.492012e-06
2.425361e-06
2.358727e-06
2.292109e-06
2.225507e-06
2.158919e-06
2.092346e-06
2.025787e-06
1.959241e-06
3.159371e-06
3.092514e-06
3.025683e-06
2.958877e-06
2.892094e-06
2.825335e-06
2.758597e-06
2.69188e-06
2.625182e-06
2.558504e-06
2.491843e-06
2.4252e-06
2.358573e-06
2.291962e-06
2.225367e-06
2.158785e-06
2.092218e-06
2.025664e-06
1.959123e-06
3.159053e-06
3.092213e-06
3.025398e-06
2.958607e-06
2.891839e-06
2.825092e-06
2.758367e-06
2.691661e-06
2.624975e-06
2.558306e-06
2.491655e-06
2.425021e-06
2.358402e-06
2.291799e-06
2.225211e-06
2.158636e-06
2.092076e-06
2.025528e-06
1.958992e-06
3.158714e-06
3.091893e-06
3.025095e-06
2.958321e-06
2.891568e-06
2.824836e-06
2.758123e-06
2.69143e-06
2.624755e-06
2.558098e-06
2.491457e-06
2.424832e-06
2.358222e-06
2.291627e-06
2.225047e-06
2.15848e-06
2.091925e-06
2.025384e-06
1.958854e-06
3.158373e-06
3.09157e-06
3.024791e-06
2.958033e-06
2.891295e-06
2.824577e-06
2.757879e-06
2.691198e-06
2.624535e-06
2.557888e-06
2.491257e-06
2.424642e-06
2.358041e-06
2.291455e-06
2.224882e-06
2.158322e-06
2.091775e-06
2.02524e-06
1.958716e-06
3.158046e-06
3.091262e-06
3.024499e-06
2.957757e-06
2.891034e-06
2.824331e-06
2.757645e-06
2.690976e-06
2.624324e-06
2.557688e-06
2.491067e-06
2.424461e-06
2.357869e-06
2.29129e-06
2.224725e-06
2.158172e-06
2.091631e-06
2.025102e-06
1.958585e-06
3.157751e-06
3.090983e-06
3.024236e-06
2.957508e-06
2.890799e-06
2.824107e-06
2.757433e-06
2.690775e-06
2.624133e-06
2.557507e-06
2.490895e-06
2.424297e-06
2.357712e-06
2.291141e-06
2.224582e-06
2.158035e-06
2.091501e-06
2.024977e-06
1.958465e-06
3.157497e-06
3.090743e-06
3.024009e-06
2.957293e-06
2.890595e-06
2.823914e-06
2.75725e-06
2.690602e-06
2.623968e-06
2.557349e-06
2.490745e-06
2.424154e-06
2.357576e-06
2.291011e-06
2.224458e-06
2.157917e-06
2.091387e-06
2.024868e-06
1.95836e-06
3.157293e-06
3.09055e-06
3.023826e-06
2.95712e-06
2.890431e-06
2.823759e-06
2.757102e-06
2.690461e-06
2.623834e-06
2.557222e-06
2.490623e-06
2.424037e-06
2.357465e-06
2.290905e-06
2.224356e-06
2.157819e-06
2.091294e-06
2.024779e-06
1.958275e-06
3.157134e-06
3.090399e-06
3.023683e-06
2.956984e-06
2.890301e-06
2.823635e-06
2.756984e-06
2.690348e-06
2.623726e-06
2.557119e-06
2.490525e-06
2.423943e-06
2.357375e-06
2.290818e-06
2.224274e-06
2.15774e-06
2.091218e-06
2.024706e-06
1.958205e-06
3.157029e-06
3.090299e-06
3.023587e-06
2.956892e-06
2.890214e-06
2.823551e-06
2.756904e-06
2.690272e-06
2.623653e-06
2.557049e-06
2.490458e-06
2.423879e-06
2.357313e-06
2.290759e-06
2.224217e-06
2.157686e-06
2.091166e-06
2.024656e-06
1.958157e-06
3.156962e-06
3.090235e-06
3.023526e-06
2.956833e-06
2.890157e-06
2.823496e-06
2.756851e-06
2.69022e-06
2.623604e-06
2.557001e-06
2.490412e-06
2.423835e-06
2.357271e-06
2.290718e-06
2.224178e-06
2.157648e-06
2.091129e-06
2.024621e-06
1.958123e-06
3.160076e-06
3.093182e-06
3.026316e-06
2.959477e-06
2.892664e-06
2.825876e-06
2.759111e-06
2.692369e-06
2.625647e-06
2.558947e-06
2.492265e-06
2.425602e-06
2.358957e-06
2.292329e-06
2.225717e-06
2.159121e-06
2.092539e-06
2.025972e-06
1.959418e-06
3.159893e-06
3.093009e-06
3.026151e-06
2.959321e-06
2.892516e-06
2.825735e-06
2.758977e-06
2.692241e-06
2.625526e-06
2.558831e-06
2.492155e-06
2.425497e-06
2.358857e-06
2.292233e-06
2.225626e-06
2.159033e-06
2.092455e-06
2.025891e-06
1.959341e-06
3.159656e-06
3.092784e-06
3.025939e-06
2.959119e-06
2.892325e-06
2.825553e-06
2.758804e-06
2.692077e-06
2.62537e-06
2.558682e-06
2.492013e-06
2.425362e-06
2.358728e-06
2.29211e-06
2.225508e-06
2.15892e-06
2.092347e-06
2.025788e-06
1.959242e-06
3.159374e-06
3.092517e-06
3.025686e-06
2.95888e-06
2.892097e-06
2.825338e-06
2.7586e-06
2.691882e-06
2.625185e-06
2.558506e-06
2.491845e-06
2.425202e-06
2.358575e-06
2.291964e-06
2.225368e-06
2.158787e-06
2.09222e-06
2.025666e-06
1.959125e-06
3.159058e-06
3.092217e-06
3.025402e-06
2.958611e-06
2.891843e-06
2.825097e-06
2.758371e-06
2.691665e-06
2.624978e-06
2.55831e-06
2.491659e-06
2.425024e-06
2.358405e-06
2.291802e-06
2.225214e-06
2.158639e-06
2.092078e-06
2.02553e-06
1.958994e-06
3.158721e-06
3.091899e-06
3.025102e-06
2.958327e-06
2.891574e-06
2.824841e-06
2.758129e-06
2.691435e-06
2.62476e-06
2.558102e-06
2.491461e-06
2.424836e-06
2.358226e-06
2.291631e-06
2.22505e-06
2.158483e-06
2.091929e-06
2.025387e-06
1.958857e-06
3.158382e-06
3.091579e-06
3.024799e-06
2.95804e-06
2.891302e-06
2.824584e-06
2.757885e-06
2.691204e-06
2.624541e-06
2.557894e-06
2.491263e-06
2.424647e-06
2.358046e-06
2.29146e-06
2.224886e-06
2.158326e-06
2.091779e-06
2.025244e-06
1.95872e-06
3.158057e-06
3.091272e-06
3.024509e-06
2.957766e-06
2.891043e-06
2.824339e-06
2.757652e-06
2.690983e-06
2.624331e-06
2.557694e-06
2.491073e-06
2.424467e-06
2.357874e-06
2.291295e-06
2.22473e-06
2.158177e-06
2.091636e-06
2.025106e-06
1.958589e-06
3.157763e-06
3.090994e-06
3.024246e-06
2.957518e-06
2.890808e-06
2.824116e-06
2.757442e-06
2.690783e-06
2.624141e-06
2.557514e-06
2.490901e-06
2.424303e-06
2.357718e-06
2.291146e-06
2.224587e-06
2.158041e-06
2.091506e-06
2.024982e-06
1.958469e-06
3.157509e-06
3.090755e-06
3.02402e-06
2.957304e-06
2.890605e-06
2.823924e-06
2.757259e-06
2.69061e-06
2.623976e-06
2.557357e-06
2.490752e-06
2.42416e-06
2.357582e-06
2.291017e-06
2.224463e-06
2.157922e-06
2.091392e-06
2.024873e-06
1.958365e-06
3.157306e-06
3.090562e-06
3.023837e-06
2.95713e-06
2.890441e-06
2.823768e-06
2.757111e-06
2.690469e-06
2.623842e-06
2.557229e-06
2.49063e-06
2.424044e-06
2.357471e-06
2.29091e-06
2.224362e-06
2.157825e-06
2.091299e-06
2.024784e-06
1.958279e-06
3.157145e-06
3.090409e-06
3.023692e-06
2.956992e-06
2.890309e-06
2.823643e-06
2.756991e-06
2.690355e-06
2.623733e-06
2.557125e-06
2.490531e-06
2.423949e-06
2.35738e-06
2.290823e-06
2.224279e-06
2.157745e-06
2.091222e-06
2.024711e-06
1.958209e-06
3.157036e-06
3.090306e-06
3.023594e-06
2.956898e-06
2.89022e-06
2.823557e-06
2.756909e-06
2.690276e-06
2.623658e-06
2.557053e-06
2.490462e-06
2.423883e-06
2.357317e-06
2.290763e-06
2.22422e-06
2.157689e-06
2.091169e-06
2.024659e-06
1.95816e-06
3.15696e-06
3.090232e-06
3.023523e-06
2.95683e-06
2.890154e-06
2.823494e-06
2.756848e-06
2.690218e-06
2.623601e-06
2.556999e-06
2.490409e-06
2.423833e-06
2.357268e-06
2.290716e-06
2.224175e-06
2.157646e-06
2.091127e-06
2.024619e-06
1.958121e-06
3.160076e-06
3.093183e-06
3.026316e-06
2.959477e-06
2.892664e-06
2.825876e-06
2.759111e-06
2.692369e-06
2.625648e-06
2.558947e-06
2.492265e-06
2.425603e-06
2.358958e-06
2.292329e-06
2.225718e-06
2.159121e-06
2.09254e-06
2.025972e-06
1.959419e-06
3.159893e-06
3.093009e-06
3.026152e-06
2.959321e-06
2.892516e-06
2.825735e-06
2.758977e-06
2.692242e-06
2.625526e-06
2.558831e-06
2.492155e-06
2.425498e-06
2.358857e-06
2.292234e-06
2.225626e-06
2.159034e-06
2.092456e-06
2.025892e-06
1.959341e-06
3.159657e-06
3.092785e-06
3.02594e-06
2.95912e-06
2.892326e-06
2.825554e-06
2.758805e-06
2.692078e-06
2.625371e-06
2.558683e-06
2.492014e-06
2.425363e-06
2.358729e-06
2.292111e-06
2.225509e-06
2.158921e-06
2.092348e-06
2.025789e-06
1.959242e-06
3.159376e-06
3.092519e-06
3.025688e-06
2.958881e-06
2.892099e-06
2.825339e-06
2.758601e-06
2.691884e-06
2.625186e-06
2.558508e-06
2.491847e-06
2.425203e-06
2.358577e-06
2.291966e-06
2.22537e-06
2.158788e-06
2.092221e-06
2.025667e-06
1.959126e-06
3.159061e-06
3.09222e-06
3.025405e-06
2.958614e-06
2.891846e-06
2.825099e-06
2.758373e-06
2.691667e-06
2.62498e-06
2.558312e-06
2.49166e-06
2.425026e-06
2.358407e-06
2.291804e-06
2.225215e-06
2.158641e-06
2.09208e-06
2.025531e-06
1.958996e-06
3.158726e-06
3.091903e-06
3.025105e-06
2.95833e-06
2.891577e-06
2.824844e-06
2.758132e-06
2.691438e-06
2.624763e-06
2.558105e-06
2.491463e-06
2.424838e-06
2.358228e-06
2.291633e-06
2.225052e-06
2.158485e-06
2.09193e-06
2.025389e-06
1.958859e-06
3.158387e-06
3.091584e-06
3.024803e-06
2.958045e-06
2.891307e-06
2.824588e-06
2.757889e-06
2.691208e-06
2.624544e-06
2.557897e-06
2.491266e-06
2.42465e-06
2.358049e-06
2.291462e-06
2.224889e-06
2.158328e-06
2.091781e-06
2.025245e-06
1.958722e-06
3.158063e-06
3.091277e-06
3.024514e-06
2.957771e-06
2.891048e-06
2.824343e-06
2.757657e-06
2.690987e-06
2.624335e-06
2.557698e-06
2.491076e-06
2.42447e-06
2.357877e-06
2.291298e-06
2.224732e-06
2.158179e-06
2.091638e-06
2.025108e-06
1.95859e-06
3.157769e-06
3.091e-06
3.024252e-06
2.957523e-06
2.890813e-06
2.824121e-06
2.757446e-06
2.690787e-06
2.624145e-06
2.557517e-06
2.490905e-06
2.424306e-06
2.357721e-06
2.291149e-06
2.22459e-06
2.158043e-06
2.091508e-06
2.024984e-06
1.958471e-06
3.157516e-06
3.090761e-06
3.024026e-06
2.957309e-06
2.89061e-06
2.823928e-06
2.757263e-06
2.690614e-06
2.62398e-06
2.55736e-06
2.490755e-06
2.424164e-06
2.357585e-06
2.291019e-06
2.224466e-06
2.157924e-06
2.091394e-06
2.024875e-06
1.958367e-06
3.157312e-06
3.090567e-06
3.023843e-06
2.957136e-06
2.890446e-06
2.823772e-06
2.757115e-06
2.690473e-06
2.623845e-06
2.557232e-06
2.490633e-06
2.424047e-06
2.357474e-06
2.290913e-06
2.224364e-06
2.157827e-06
2.091301e-06
2.024786e-06
1.958281e-06
3.157149e-06
3.090413e-06
3.023696e-06
2.956996e-06
2.890313e-06
2.823646e-06
2.756994e-06
2.690358e-06
2.623736e-06
2.557127e-06
2.490533e-06
2.423951e-06
2.357382e-06
2.290825e-06
2.22428e-06
2.157747e-06
2.091224e-06
2.024712e-06
1.95821e-06
3.157037e-06
3.090306e-06
3.023594e-06
2.956899e-06
2.89022e-06
2.823557e-06
2.756909e-06
2.690276e-06
2.623658e-06
2.557053e-06
2.490462e-06
2.423883e-06
2.357317e-06
2.290763e-06
2.22422e-06
2.157689e-06
2.091168e-06
2.024659e-06
1.958159e-06
3.156949e-06
3.090222e-06
3.023513e-06
2.956821e-06
2.890145e-06
2.823485e-06
2.75684e-06
2.69021e-06
2.623594e-06
2.556991e-06
2.490402e-06
2.423826e-06
2.357262e-06
2.290709e-06
2.224169e-06
2.15764e-06
2.091121e-06
2.024613e-06
1.958116e-06
3.160076e-06
3.093183e-06
3.026316e-06
2.959478e-06
2.892665e-06
2.825876e-06
2.759111e-06
2.692369e-06
2.625648e-06
2.558947e-06
2.492266e-06
2.425603e-06
2.358958e-06
2.29233e-06
2.225718e-06
2.159121e-06
2.09254e-06
2.025973e-06
1.959419e-06
3.159894e-06
3.09301e-06
3.026152e-06
2.959322e-06
2.892517e-06
2.825736e-06
2.758978e-06
2.692242e-06
2.625527e-06
2.558832e-06
2.492156e-06
2.425498e-06
2.358858e-06
2.292234e-06
2.225626e-06
2.159034e-06
2.092456e-06
2.025892e-06
1.959342e-06
3.159658e-06
3.092786e-06
3.025941e-06
2.959121e-06
2.892326e-06
2.825555e-06
2.758806e-06
2.692078e-06
2.625371e-06
2.558684e-06
2.492015e-06
2.425363e-06
2.358729e-06
2.292111e-06
2.225509e-06
2.158922e-06
2.092348e-06
2.025789e-06
1.959243e-06
3.159377e-06
3.09252e-06
3.025689e-06
2.958882e-06
2.8921e-06
2.82534e-06
2.758602e-06
2.691885e-06
2.625187e-06
2.558508e-06
2.491848e-06
2.425204e-06
2.358577e-06
2.291966e-06
2.22537e-06
2.158789e-06
2.092221e-06
2.025667e-06
1.959126e-06
3.159062e-06
3.092222e-06
3.025407e-06
2.958615e-06
2.891847e-06
2.8251e-06
2.758374e-06
2.691668e-06
2.624981e-06
2.558313e-06
2.491661e-06
2.425027e-06
2.358408e-06
2.291804e-06
2.225216e-06
2.158641e-06
2.09208e-06
2.025532e-06
1.958996e-06
3.158727e-06
3.091905e-06
3.025107e-06
2.958332e-06
2.891578e-06
2.824846e-06
2.758133e-06
2.691439e-06
2.624764e-06
2.558106e-06
2.491464e-06
2.424839e-06
2.358229e-06
2.291634e-06
2.225053e-06
2.158485e-06
2.091931e-06
2.025389e-06
1.958859e-06
3.158389e-06
3.091585e-06
3.024805e-06
2.958046e-06
2.891308e-06
2.82459e-06
2.75789e-06
2.691209e-06
2.624545e-06
2.557898e-06
2.491266e-06
2.424651e-06
2.358049e-06
2.291462e-06
2.224889e-06
2.158329e-06
2.091781e-06
2.025246e-06
1.958722e-06
3.158065e-06
3.091279e-06
3.024516e-06
2.957772e-06
2.891049e-06
2.824344e-06
2.757658e-06
2.690988e-06
2.624335e-06
2.557699e-06
2.491077e-06
2.42447e-06
2.357878e-06
2.291298e-06
2.224733e-06
2.158179e-06
2.091638e-06
2.025109e-06
1.958591e-06
3.157771e-06
3.091002e-06
3.024254e-06
2.957525e-06
2.890815e-06
2.824122e-06
2.757447e-06
2.690788e-06
2.624146e-06
2.557518e-06
2.490905e-06
2.424307e-06
2.357722e-06
2.29115e-06
2.22459e-06
2.158043e-06
2.091508e-06
2.024984e-06
1.958471e-06
3.157518e-06
3.090762e-06
3.024027e-06
2.95731e-06
2.890611e-06
2.823929e-06
2.757264e-06
2.690615e-06
2.623981e-06
2.557361e-06
2.490756e-06
2.424164e-06
2.357586e-06
2.29102e-06
2.224466e-06
2.157925e-06
2.091394e-06
2.024875e-06
1.958367e-06
3.157313e-06
3.090568e-06
3.023844e-06
2.957136e-06
2.890446e-06
2.823773e-06
2.757115e-06
2.690473e-06
2.623846e-06
2.557233e-06
2.490633e-06
2.424047e-06
2.357474e-06
2.290913e-06
2.224364e-06
2.157827e-06
2.091301e-06
2.024786e-06
1.958281e-06
3.157148e-06
3.090412e-06
3.023695e-06
2.956995e-06
2.890312e-06
2.823645e-06
2.756993e-06
2.690357e-06
2.623735e-06
2.557127e-06
2.490532e-06
2.42395e-06
2.357381e-06
2.290824e-06
2.224279e-06
2.157746e-06
2.091223e-06
2.024711e-06
1.958209e-06
3.157032e-06
3.090302e-06
3.02359e-06
2.956895e-06
2.890216e-06
2.823553e-06
2.756906e-06
2.690273e-06
2.623654e-06
2.55705e-06
2.490458e-06
2.42388e-06
2.357314e-06
2.290759e-06
2.224217e-06
2.157686e-06
2.091166e-06
2.024656e-06
1.958157e-06
3.156932e-06
3.090206e-06
3.023497e-06
2.956806e-06
2.890131e-06
2.823471e-06
2.756827e-06
2.690197e-06
2.623581e-06
2.556979e-06
2.490391e-06
2.423815e-06
2.357251e-06
2.290699e-06
2.224159e-06
2.15763e-06
2.091112e-06
2.024604e-06
1.958107e-06
3.160077e-06
3.093183e-06
3.026317e-06
2.959478e-06
2.892665e-06
2.825877e-06
2.759112e-06
2.692369e-06
2.625648e-06
2.558947e-06
2.492266e-06
2.425603e-06
2.358958e-06
2.29233e-06
2.225718e-06
2.159122e-06
2.09254e-06
2.025973e-06
1.959419e-06
3.159894e-06
3.09301e-06
3.026153e-06
2.959322e-06
2.892517e-06
2.825736e-06
2.758978e-06
2.692242e-06
2.625527e-06
2.558832e-06
2.492156e-06
2.425498e-06
2.358858e-06
2.292234e-06
2.225627e-06
2.159034e-06
2.092456e-06
2.025892e-06
1.959342e-06
3.159658e-06
3.092787e-06
3.025941e-06
2.959121e-06
2.892327e-06
2.825555e-06
2.758806e-06
2.692079e-06
2.625372e-06
2.558684e-06
2.492015e-06
2.425364e-06
2.358729e-06
2.292111e-06
2.225509e-06
2.158922e-06
2.092349e-06
2.025789e-06
1.959243e-06
3.159378e-06
3.092521e-06
3.025689e-06
2.958883e-06
2.8921e-06
2.82534e-06
2.758602e-06
2.691885e-06
2.625187e-06
2.558508e-06
2.491848e-06
2.425204e-06
2.358577e-06
2.291966e-06
2.22537e-06
2.158789e-06
2.092221e-06
2.025667e-06
1.959126e-06
3.159062e-06
3.092222e-06
3.025407e-06
2.958615e-06
2.891847e-06
2.8251e-06
2.758374e-06
2.691668e-06
2.624981e-06
2.558312e-06
2.491661e-06
2.425026e-06
2.358408e-06
2.291804e-06
2.225216e-06
2.158641e-06
2.09208e-06
2.025532e-06
1.958996e-06
3.158727e-06
3.091905e-06
3.025107e-06
2.958331e-06
2.891578e-06
2.824845e-06
2.758132e-06
2.691439e-06
2.624763e-06
2.558105e-06
2.491464e-06
2.424838e-06
2.358228e-06
2.291633e-06
2.225052e-06
2.158485e-06
2.09193e-06
2.025388e-06
1.958859e-06
3.158388e-06
3.091584e-06
3.024804e-06
2.958045e-06
2.891307e-06
2.824589e-06
2.757889e-06
2.691208e-06
2.624544e-06
2.557897e-06
2.491266e-06
2.42465e-06
2.358049e-06
2.291462e-06
2.224888e-06
2.158328e-06
2.09178e-06
2.025245e-06
1.958721e-06
3.158063e-06
3.091277e-06
3.024514e-06
2.957771e-06
2.891048e-06
2.824343e-06
2.757656e-06
2.690987e-06
2.624334e-06
2.557697e-06
2.491076e-06
2.424469e-06
2.357876e-06
2.291297e-06
2.224731e-06
2.158178e-06
2.091637e-06
2.025107e-06
1.958589e-06
3.157769e-06
3.090999e-06
3.024252e-06
2.957523e-06
2.890813e-06
2.82412e-06
2.757445e-06
2.690787e-06
2.624144e-06
2.557516e-06
2.490904e-06
2.424305e-06
2.35772e-06
2.291148e-06
2.224589e-06
2.158042e-06
2.091506e-06
2.024983e-06
1.95847e-06
3.157515e-06
3.090759e-06
3.024024e-06
2.957308e-06
2.890609e-06
2.823927e-06
2.757262e-06
2.690613e-06
2.623978e-06
2.557359e-06
2.490754e-06
2.424162e-06
2.357584e-06
2.291018e-06
2.224464e-06
2.157923e-06
2.091393e-06
2.024873e-06
1.958365e-06
3.15731e-06
3.090565e-06
3.023841e-06
2.957134e-06
2.890444e-06
2.82377e-06
2.757113e-06
2.690471e-06
2.623843e-06
2.55723e-06
2.490631e-06
2.424045e-06
2.357472e-06
2.290911e-06
2.224362e-06
2.157825e-06
2.091299e-06
2.024784e-06
1.958279e-06
3.157143e-06
3.090407e-06
3.023691e-06
2.956991e-06
2.890308e-06
2.823641e-06
2.756989e-06
2.690353e-06
2.623731e-06
2.557123e-06
2.490528e-06
2.423947e-06
2.357378e-06
2.290821e-06
2.224276e-06
2.157743e-06
2.09122e-06
2.024708e-06
1.958207e-06
3.157023e-06
3.090293e-06
3.023581e-06
2.956886e-06
2.890208e-06
2.823545e-06
2.756898e-06
2.690266e-06
2.623648e-06
2.557043e-06
2.490452e-06
2.423874e-06
2.357308e-06
2.290754e-06
2.224212e-06
2.157681e-06
2.091161e-06
2.024651e-06
1.958152e-06
3.156909e-06
3.090184e-06
3.023477e-06
2.956786e-06
2.890112e-06
2.823453e-06
2.756809e-06
2.69018e-06
2.623565e-06
2.556964e-06
2.490376e-06
2.4238e-06
2.357237e-06
2.290686e-06
2.224146e-06
2.157618e-06
2.0911e-06
2.024593e-06
1.958096e-06
3.160077e-06
3.093184e-06
3.026317e-06
2.959478e-06
2.892665e-06
2.825877e-06
2.759112e-06
2.692369e-06
2.625648e-06
2.558947e-06
2.492266e-06
2.425603e-06
2.358958e-06
2.29233e-06
2.225718e-06
2.159122e-06
2.09254e-06
2.025973e-06
1.95942e-06
3.159894e-06
3.093011e-06
3.026153e-06
2.959322e-06
2.892517e-06
2.825736e-06
2.758978e-06
2.692242e-06
2.625527e-06
2.558832e-06
2.492156e-06
2.425498e-06
2.358858e-06
2.292234e-06
2.225627e-06
2.159034e-06
2.092456e-06
2.025892e-06
1.959342e-06
3.159659e-06
3.092787e-06
3.025941e-06
2.959121e-06
2.892327e-06
2.825555e-06
2.758806e-06
2.692079e-06
2.625371e-06
2.558684e-06
2.492015e-06
2.425363e-06
2.358729e-06
2.292111e-06
2.225509e-06
2.158922e-06
2.092348e-06
2.025789e-06
1.959243e-06
3.159377e-06
3.09252e-06
3.025689e-06
2.958882e-06
2.8921e-06
2.82534e-06
2.758602e-06
2.691884e-06
2.625187e-06
2.558508e-06
2.491847e-06
2.425204e-06
2.358577e-06
2.291966e-06
2.22537e-06
2.158788e-06
2.092221e-06
2.025667e-06
1.959126e-06
3.159061e-06
3.092221e-06
3.025406e-06
2.958614e-06
2.891846e-06
2.825099e-06
2.758373e-06
2.691667e-06
2.62498e-06
2.558311e-06
2.49166e-06
2.425025e-06
2.358407e-06
2.291803e-06
2.225215e-06
2.15864e-06
2.092079e-06
2.025531e-06
1.958995e-06
3.158725e-06
3.091903e-06
3.025105e-06
2.958329e-06
2.891576e-06
2.824843e-06
2.758131e-06
2.691437e-06
2.624762e-06
2.558103e-06
2.491462e-06
2.424837e-06
2.358227e-06
2.291632e-06
2.225051e-06
2.158483e-06
2.091929e-06
2.025387e-06
1.958857e-06
3.158385e-06
3.091581e-06
3.024801e-06
2.958042e-06
2.891304e-06
2.824586e-06
2.757887e-06
2.691205e-06
2.624542e-06
2.557894e-06
2.491263e-06
2.424647e-06
2.358046e-06
2.291459e-06
2.224886e-06
2.158326e-06
2.091778e-06
2.025243e-06
1.958719e-06
3.158059e-06
3.091273e-06
3.02451e-06
2.957767e-06
2.891044e-06
2.824339e-06
2.757653e-06
2.690984e-06
2.624331e-06
2.557694e-06
2.491073e-06
2.424466e-06
2.357873e-06
2.291294e-06
2.224728e-06
2.158175e-06
2.091634e-06
2.025105e-06
1.958587e-06
3.157764e-06
3.090994e-06
3.024247e-06
2.957518e-06
2.890808e-06
2.824116e-06
2.757441e-06
2.690783e-06
2.62414e-06
2.557513e-06
2.4909e-06
2.424302e-06
2.357717e-06
2.291145e-06
2.224586e-06
2.158039e-06
2.091503e-06
2.02498e-06
1.958467e-06
3.157509e-06
3.090753e-06
3.024019e-06
2.957303e-06
2.890604e-06
2.823922e-06
2.757257e-06
2.690608e-06
2.623974e-06
2.557355e-06
2.49075e-06
2.424158e-06
2.35758e-06
2.291014e-06
2.224461e-06
2.157919e-06
2.091389e-06
2.02487e-06
1.958362e-06
3.157303e-06
3.090559e-06
3.023835e-06
2.957128e-06
2.890438e-06
2.823765e-06
2.757108e-06
2.690466e-06
2.623839e-06
2.557226e-06
2.490627e-06
2.424041e-06
2.357468e-06
2.290907e-06
2.224358e-06
2.157821e-06
2.091295e-06
2.02478e-06
1.958276e-06
3.157135e-06
3.090399e-06
3.023683e-06
2.956983e-06
2.8903e-06
2.823634e-06
2.756983e-06
2.690347e-06
2.623725e-06
2.557117e-06
2.490523e-06
2.423942e-06
2.357373e-06
2.290816e-06
2.224271e-06
2.157738e-06
2.091216e-06
2.024704e-06
1.958202e-06
3.15701e-06
3.09028e-06
3.023569e-06
2.956875e-06
2.890197e-06
2.823535e-06
2.756888e-06
2.690256e-06
2.623638e-06
2.557034e-06
2.490443e-06
2.423865e-06
2.3573e-06
2.290746e-06
2.224204e-06
2.157674e-06
2.091154e-06
2.024645e-06
1.958146e-06
3.156882e-06
3.090158e-06
3.023452e-06
2.956762e-06
2.890089e-06
2.823431e-06
2.756788e-06
2.69016e-06
2.623546e-06
2.556946e-06
2.490358e-06
2.423784e-06
2.357221e-06
2.290671e-06
2.224132e-06
2.157604e-06
2.091086e-06
2.02458e-06
1.958083e-06
3.160077e-06
3.093185e-06
3.026318e-06
2.959479e-06
2.892666e-06
2.825877e-06
2.759112e-06
2.69237e-06
2.625648e-06
2.558948e-06
2.492266e-06
2.425603e-06
2.358958e-06
2.29233e-06
2.225718e-06
2.159122e-06
2.09254e-06
2.025973e-06
1.95942e-06
3.159895e-06
3.093011e-06
3.026153e-06
2.959323e-06
2.892517e-06
2.825736e-06
2.758978e-06
2.692242e-06
2.625527e-06
2.558832e-06
2.492156e-06
2.425498e-06
2.358858e-06
2.292234e-06
2.225626e-06
2.159034e-06
2.092456e-06
2.025892e-06
1.959342e-06
3.159658e-06
3.092787e-06
3.025941e-06
2.959121e-06
2.892326e-06
2.825555e-06
2.758806e-06
2.692078e-06
2.625371e-06
2.558683e-06
2.492014e-06
2.425363e-06
2.358729e-06
2.292111e-06
2.225509e-06
2.158921e-06
2.092348e-06
2.025789e-06
1.959242e-06
3.159376e-06
3.09252e-06
3.025688e-06
2.958881e-06
2.892099e-06
2.825339e-06
2.758601e-06
2.691883e-06
2.625186e-06
2.558507e-06
2.491846e-06
2.425203e-06
2.358576e-06
2.291965e-06
2.225369e-06
2.158787e-06
2.09222e-06
2.025666e-06
1.959125e-06
3.159059e-06
3.092219e-06
3.025404e-06
2.958612e-06
2.891844e-06
2.825097e-06
2.758371e-06
2.691665e-06
2.624978e-06
2.55831e-06
2.491658e-06
2.425024e-06
2.358405e-06
2.291802e-06
2.225213e-06
2.158638e-06
2.092077e-06
2.025529e-06
1.958994e-06
3.158722e-06
3.091899e-06
3.025102e-06
2.958326e-06
2.891573e-06
2.824841e-06
2.758128e-06
2.691434e-06
2.624759e-06
2.558101e-06
2.49146e-06
2.424834e-06
2.358225e-06
2.291629e-06
2.225048e-06
2.158481e-06
2.091927e-06
2.025385e-06
1.958855e-06
3.15838e-06
3.091576e-06
3.024797e-06
2.958038e-06
2.8913e-06
2.824582e-06
2.757883e-06
2.691202e-06
2.624538e-06
2.557891e-06
2.49126e-06
2.424644e-06
2.358043e-06
2.291456e-06
2.224883e-06
2.158323e-06
2.091775e-06
2.02524e-06
1.958716e-06
3.158053e-06
3.091267e-06
3.024504e-06
2.957762e-06
2.891038e-06
2.824334e-06
2.757648e-06
2.690979e-06
2.624326e-06
2.55769e-06
2.491068e-06
2.424462e-06
2.357869e-06
2.29129e-06
2.224725e-06
2.158172e-06
2.091631e-06
2.025101e-06
1.958583e-06
3.157756e-06
3.090987e-06
3.02424e-06
2.957511e-06
2.890802e-06
2.82411e-06
2.757435e-06
2.690777e-06
2.624135e-06
2.557507e-06
2.490895e-06
2.424297e-06
2.357712e-06
2.29114e-06
2.224581e-06
2.158034e-06
2.091499e-06
2.024976e-06
1.958463e-06
3.1575e-06
3.090745e-06
3.024011e-06
2.957295e-06
2.890597e-06
2.823915e-06
2.757251e-06
2.690602e-06
2.623968e-06
2.557349e-06
2.490744e-06
2.424153e-06
2.357575e-06
2.291009e-06
2.224456e-06
2.157915e-06
2.091385e-06
2.024866e-06
1.958357e-06
3.157294e-06
3.090549e-06
3.023826e-06
2.957119e-06
2.89043e-06
2.823757e-06
2.7571e-06
2.690459e-06
2.623832e-06
2.557219e-06
2.490621e-06
2.424035e-06
2.357462e-06
2.290902e-06
2.224353e-06
2.157816e-06
2.091291e-06
2.024776e-06
1.958271e-06
3.157123e-06
3.090388e-06
3.023672e-06
2.956973e-06
2.890291e-06
2.823625e-06
2.756974e-06
2.690338e-06
2.623717e-06
2.557109e-06
2.490515e-06
2.423934e-06
2.357366e-06
2.29081e-06
2.224265e-06
2.157732e-06
2.09121e-06
2.024698e-06
1.958197e-06
3.156994e-06
3.090265e-06
3.023554e-06
2.956861e-06
2.890184e-06
2.823522e-06
2.756876e-06
2.690244e-06
2.623627e-06
2.557024e-06
2.490433e-06
2.423856e-06
2.35729e-06
2.290737e-06
2.224196e-06
2.157665e-06
2.091146e-06
2.024637e-06
1.958138e-06
3.156852e-06
3.090129e-06
3.023424e-06
2.956736e-06
2.890064e-06
2.823407e-06
2.756765e-06
2.690138e-06
2.623525e-06
2.556925e-06
2.490339e-06
2.423765e-06
2.357203e-06
2.290653e-06
2.224115e-06
2.157588e-06
2.091071e-06
2.024565e-06
1.958069e-06
3.160078e-06
3.093186e-06
3.026319e-06
2.959479e-06
2.892666e-06
2.825877e-06
2.759112e-06
2.69237e-06
2.625649e-06
2.558948e-06
2.492266e-06
2.425603e-06
2.358958e-06
2.29233e-06
2.225718e-06
2.159122e-06
2.09254e-06
2.025973e-06
1.95942e-06
3.159895e-06
3.093012e-06
3.026154e-06
2.959323e-06
2.892517e-06
2.825736e-06
2.758978e-06
2.692242e-06
2.625527e-06
2.558832e-06
2.492156e-06
2.425498e-06
2.358858e-06
2.292234e-06
2.225626e-06
2.159034e-06
2.092456e-06
2.025892e-06
1.959342e-06
3.159658e-06
3.092787e-06
3.025941e-06
2.959121e-06
2.892326e-06
2.825554e-06
2.758805e-06
2.692078e-06
2.62537e-06
2.558683e-06
2.492014e-06
2.425362e-06
2.358728e-06
2.29211e-06
2.225508e-06
2.15892e-06
2.092347e-06
2.025788e-06
1.959242e-06
3.159375e-06
3.092519e-06
3.025687e-06
2.95888e-06
2.892097e-06
2.825338e-06
2.758599e-06
2.691882e-06
2.625184e-06
2.558506e-06
2.491845e-06
2.425201e-06
2.358575e-06
2.291964e-06
2.225368e-06
2.158786e-06
2.092219e-06
2.025665e-06
1.959124e-06
3.159057e-06
3.092217e-06
3.025401e-06
2.95861e-06
2.891842e-06
2.825095e-06
2.758369e-06
2.691663e-06
2.624976e-06
2.558308e-06
2.491656e-06
2.425022e-06
2.358403e-06
2.2918e-06
2.225211e-06
2.158637e-06
2.092076e-06
2.025528e-06
1.958992e-06
3.158717e-06
3.091895e-06
3.025098e-06
2.958323e-06
2.891569e-06
2.824837e-06
2.758124e-06
2.691431e-06
2.624756e-06
2.558098e-06
2.491457e-06
2.424831e-06
2.358222e-06
2.291627e-06
2.225046e-06
2.158478e-06
2.091924e-06
2.025382e-06
1.958853e-06
3.158374e-06
3.091571e-06
3.024791e-06
2.958033e-06
2.891295e-06
2.824577e-06
2.757878e-06
2.691197e-06
2.624533e-06
2.557887e-06
2.491256e-06
2.42464e-06
2.358039e-06
2.291452e-06
2.224879e-06
2.158319e-06
2.091772e-06
2.025237e-06
1.958713e-06
3.158045e-06
3.091259e-06
3.024497e-06
2.957755e-06
2.891032e-06
2.824328e-06
2.757642e-06
2.690973e-06
2.624321e-06
2.557684e-06
2.491063e-06
2.424457e-06
2.357864e-06
2.291286e-06
2.22472e-06
2.158167e-06
2.091626e-06
2.025097e-06
1.958579e-06
3.157747e-06
3.090977e-06
3.024231e-06
2.957503e-06
2.890794e-06
2.824102e-06
2.757428e-06
2.69077e-06
2.624128e-06
2.557501e-06
2.490889e-06
2.424291e-06
2.357706e-06
2.291135e-06
2.224576e-06
2.158029e-06
2.091494e-06
2.024971e-06
1.958458e-06
3.15749e-06
3.090734e-06
3.024001e-06
2.957286e-06
2.890588e-06
2.823907e-06
2.757243e-06
2.690594e-06
2.623961e-06
2.557342e-06
2.490737e-06
2.424146e-06
2.357568e-06
2.291003e-06
2.22445e-06
2.157909e-06
2.091379e-06
2.024861e-06
1.958352e-06
3.157282e-06
3.090538e-06
3.023815e-06
2.95711e-06
2.890421e-06
2.823748e-06
2.757092e-06
2.690451e-06
2.623824e-06
2.557212e-06
2.490613e-06
2.424028e-06
2.357456e-06
2.290895e-06
2.224347e-06
2.15781e-06
2.091285e-06
2.02477e-06
1.958266e-06
3.157109e-06
3.090375e-06
3.02366e-06
2.956961e-06
2.89028e-06
2.823614e-06
2.756964e-06
2.690329e-06
2.623708e-06
2.557101e-06
2.490507e-06
2.423926e-06
2.357358e-06
2.290802e-06
2.224258e-06
2.157725e-06
2.091203e-06
2.024692e-06
1.958191e-06
3.156975e-06
3.090247e-06
3.023538e-06
2.956845e-06
2.890169e-06
2.823508e-06
2.756862e-06
2.690231e-06
2.623615e-06
2.557012e-06
2.490422e-06
2.423845e-06
2.35728e-06
2.290727e-06
2.224186e-06
2.157656e-06
2.091137e-06
2.024628e-06
1.95813e-06
3.156819e-06
3.090098e-06
3.023395e-06
2.956708e-06
2.890037e-06
2.823381e-06
2.756741e-06
2.690115e-06
2.623502e-06
2.556904e-06
2.490318e-06
2.423745e-06
2.357184e-06
2.290635e-06
2.224098e-06
2.157571e-06
2.091055e-06
2.02455e-06
1.958054e-06
3.160079e-06
3.093187e-06
3.026319e-06
2.95948e-06
2.892666e-06
2.825878e-06
2.759113e-06
2.69237e-06
2.625649e-06
2.558948e-06
2.492266e-06
2.425603e-06
2.358958e-06
2.29233e-06
2.225718e-06
2.159122e-06
2.09254e-06
2.025973e-06
1.959419e-06
3.159895e-06
3.093012e-06
3.026154e-06
2.959323e-06
2.892517e-06
2.825736e-06
2.758978e-06
2.692242e-06
2.625527e-06
2.558832e-06
2.492156e-06
2.425498e-06
2.358857e-06
2.292234e-06
2.225626e-06
2.159033e-06
2.092456e-06
2.025892e-06
1.959341e-06
3.159657e-06
3.092787e-06
3.02594e-06
2.95912e-06
2.892325e-06
2.825554e-06
2.758805e-06
2.692077e-06
2.62537e-06
2.558682e-06
2.492013e-06
2.425362e-06
2.358727e-06
2.292109e-06
2.225507e-06
2.15892e-06
2.092347e-06
2.025787e-06
1.959241e-06
3.159373e-06
3.092517e-06
3.025685e-06
2.958879e-06
2.892096e-06
2.825336e-06
2.758598e-06
2.691881e-06
2.625183e-06
2.558504e-06
2.491844e-06
2.4252e-06
2.358573e-06
2.291962e-06
2.225366e-06
2.158785e-06
2.092218e-06
2.025663e-06
1.959122e-06
3.159054e-06
3.092214e-06
3.025399e-06
2.958607e-06
2.891839e-06
2.825092e-06
2.758367e-06
2.691661e-06
2.624974e-06
2.558305e-06
2.491654e-06
2.42502e-06
2.358401e-06
2.291798e-06
2.225209e-06
2.158635e-06
2.092074e-06
2.025526e-06
1.95899e-06
3.158713e-06
3.091891e-06
3.025093e-06
2.958318e-06
2.891565e-06
2.824833e-06
2.758121e-06
2.691427e-06
2.624752e-06
2.558094e-06
2.491453e-06
2.424828e-06
2.358218e-06
2.291623e-06
2.225043e-06
2.158475e-06
2.091921e-06
2.02538e-06
1.95885e-06
3.158368e-06
3.091564e-06
3.024785e-06
2.958027e-06
2.891289e-06
2.824571e-06
2.757873e-06
2.691192e-06
2.624529e-06
2.557882e-06
2.491251e-06
2.424636e-06
2.358035e-06
2.291448e-06
2.224875e-06
2.158315e-06
2.091768e-06
2.025233e-06
1.958709e-06
3.158036e-06
3.09125e-06
3.024489e-06
2.957747e-06
2.891024e-06
2.824321e-06
2.757635e-06
2.690966e-06
2.624314e-06
2.557678e-06
2.491057e-06
2.424451e-06
2.357859e-06
2.291281e-06
2.224715e-06
2.158162e-06
2.091622e-06
2.025093e-06
1.958575e-06
3.157736e-06
3.090967e-06
3.024221e-06
2.957494e-06
2.890785e-06
2.824094e-06
2.75742e-06
2.690763e-06
2.624121e-06
2.557494e-06
2.490882e-06
2.424284e-06
2.3577e-06
2.291129e-06
2.22457e-06
2.158024e-06
2.091489e-06
2.024966e-06
1.958453e-06
3.157478e-06
3.090723e-06
3.02399e-06
2.957276e-06
2.890578e-06
2.823898e-06
2.757234e-06
2.690586e-06
2.623953e-06
2.557334e-06
2.49073e-06
2.424139e-06
2.357562e-06
2.290997e-06
2.224444e-06
2.157903e-06
2.091374e-06
2.024855e-06
1.958347e-06
3.157269e-06
3.090526e-06
3.023804e-06
2.957099e-06
2.89041e-06
2.823738e-06
2.757082e-06
2.690442e-06
2.623816e-06
2.557204e-06
2.490605e-06
2.424021e-06
2.357448e-06
2.290888e-06
2.22434e-06
2.157804e-06
2.091279e-06
2.024764e-06
1.95826e-06
3.157095e-06
3.090361e-06
3.023646e-06
2.956949e-06
2.890268e-06
2.823603e-06
2.756953e-06
2.690318e-06
2.623698e-06
2.557091e-06
2.490498e-06
2.423918e-06
2.35735e-06
2.290794e-06
2.22425e-06
2.157718e-06
2.091196e-06
2.024685e-06
1.958184e-06
3.156956e-06
3.090229e-06
3.02352e-06
2.956828e-06
2.890153e-06
2.823493e-06
2.756848e-06
2.690218e-06
2.623601e-06
2.556999e-06
2.49041e-06
2.423833e-06
2.357269e-06
2.290717e-06
2.224176e-06
2.157646e-06
2.091128e-06
2.024619e-06
1.958121e-06
3.156786e-06
3.090067e-06
3.023365e-06
2.956679e-06
2.890009e-06
2.823355e-06
2.756716e-06
2.690091e-06
2.62348e-06
2.556882e-06
2.490297e-06
2.423725e-06
2.357165e-06
2.290617e-06
2.22408e-06
2.157554e-06
2.091039e-06
2.024534e-06
1.958039e-06
3.160267e-06
3.093366e-06
3.026489e-06
2.959641e-06
2.892819e-06
2.826023e-06
2.759251e-06
2.692502e-06
2.625774e-06
2.559067e-06
2.49238e-06
2.425712e-06
2.359062e-06
2.292429e-06
2.225813e-06
2.159213e-06
3.160204e-06
3.093306e-06
3.026432e-06
2.959587e-06
2.892768e-06
2.825974e-06
2.759205e-06
2.692457e-06
2.625732e-06
2.559027e-06
2.492342e-06
2.425676e-06
2.359027e-06
2.292396e-06
2.225781e-06
2.159182e-06
2.092598e-06
2.026028e-06
1.959472e-06
3.160079e-06
3.093188e-06
3.02632e-06
2.95948e-06
2.892667e-06
2.825878e-06
2.759113e-06
2.69237e-06
2.625649e-06
2.558948e-06
2.492266e-06
2.425603e-06
2.358958e-06
2.29233e-06
2.225718e-06
2.159122e-06
2.09254e-06
2.025973e-06
1.959419e-06
3.159895e-06
3.093013e-06
3.026154e-06
2.959323e-06
2.892517e-06
2.825736e-06
2.758978e-06
2.692242e-06
2.625527e-06
2.558831e-06
2.492155e-06
2.425497e-06
2.358857e-06
2.292233e-06
2.225625e-06
2.159033e-06
2.092455e-06
2.025891e-06
1.959341e-06
3.159657e-06
3.092787e-06
3.02594e-06
2.95912e-06
2.892325e-06
2.825553e-06
2.758804e-06
2.692076e-06
2.625369e-06
2.558681e-06
2.492012e-06
2.425361e-06
2.358727e-06
2.292109e-06
2.225506e-06
2.158919e-06
2.092346e-06
2.025786e-06
1.95924e-06
3.159372e-06
3.092516e-06
3.025684e-06
2.958877e-06
2.892094e-06
2.825335e-06
2.758596e-06
2.691879e-06
2.625181e-06
2.558503e-06
2.491842e-06
2.425199e-06
2.358572e-06
2.291961e-06
2.225365e-06
2.158784e-06
2.092216e-06
2.025662e-06
1.959121e-06
3.159051e-06
3.092211e-06
3.025396e-06
2.958604e-06
2.891836e-06
2.82509e-06
2.758364e-06
2.691658e-06
2.624971e-06
2.558303e-06
2.491652e-06
2.425017e-06
2.358399e-06
2.291795e-06
2.225207e-06
2.158632e-06
2.092071e-06
2.025524e-06
1.958988e-06
3.158708e-06
3.091886e-06
3.025089e-06
2.958314e-06
2.891561e-06
2.824829e-06
2.758117e-06
2.691423e-06
2.624748e-06
2.558091e-06
2.49145e-06
2.424825e-06
2.358215e-06
2.29162e-06
2.22504e-06
2.158472e-06
2.091918e-06
2.025377e-06
1.958847e-06
3.15836e-06
3.091557e-06
3.024778e-06
2.95802e-06
2.891283e-06
2.824566e-06
2.757867e-06
2.691187e-06
2.624523e-06
2.557877e-06
2.491246e-06
2.424631e-06
2.358031e-06
2.291444e-06
2.224871e-06
2.158312e-06
2.091764e-06
2.025229e-06
1.958706e-06
3.158027e-06
3.091241e-06
3.02448e-06
2.957739e-06
2.891017e-06
2.824313e-06
2.757628e-06
2.69096e-06
2.624308e-06
2.557672e-06
2.491052e-06
2.424446e-06
2.357854e-06
2.291275e-06
2.22471e-06
2.158158e-06
2.091617e-06
2.025088e-06
1.958571e-06
3.157725e-06
3.090956e-06
3.024211e-06
2.957485e-06
2.890776e-06
2.824085e-06
2.757412e-06
2.690755e-06
2.624113e-06
2.557487e-06
2.490875e-06
2.424278e-06
2.357694e-06
2.291123e-06
2.224565e-06
2.158018e-06
2.091484e-06
2.024961e-06
1.958448e-06
3.157466e-06
3.090711e-06
3.023979e-06
2.957265e-06
2.890568e-06
2.823888e-06
2.757225e-06
2.690577e-06
2.623945e-06
2.557326e-06
2.490723e-06
2.424132e-06
2.357555e-06
2.29099e-06
2.224438e-06
2.157897e-06
2.091368e-06
2.02485e-06
1.958342e-06
3.157256e-06
3.090513e-06
3.023792e-06
2.957087e-06
2.890399e-06
2.823728e-06
2.757073e-06
2.690432e-06
2.623807e-06
2.557195e-06
2.490597e-06
2.424013e-06
2.357441e-06
2.290881e-06
2.224334e-06
2.157798e-06
2.091273e-06
2.024758e-06
1.958254e-06
3.15708e-06
3.090346e-06
3.023633e-06
2.956936e-06
2.890255e-06
2.823591e-06
2.756942e-06
2.690308e-06
2.623688e-06
2.557081e-06
2.490489e-06
2.423909e-06
2.357342e-06
2.290786e-06
2.224243e-06
2.15771e-06
2.091189e-06
2.024678e-06
1.958178e-06
3.156937e-06
3.090211e-06
3.023503e-06
2.956812e-06
2.890137e-06
2.823478e-06
2.756833e-06
2.690204e-06
2.623588e-06
2.556986e-06
2.490398e-06
2.423822e-06
2.357258e-06
2.290706e-06
2.224166e-06
2.157637e-06
2.091119e-06
2.024611e-06
1.958113e-06
3.156754e-06
3.090036e-06
3.023335e-06
2.956651e-06
2.889983e-06
2.82333e-06
2.756691e-06
2.690067e-06
2.623457e-06
2.556861e-06
2.490277e-06
2.423706e-06
2.357146e-06
2.290599e-06
2.224063e-06
2.157538e-06
2.091023e-06
2.024519e-06
1.958025e-06
3.160268e-06
3.093367e-06
3.02649e-06
2.959641e-06
2.89282e-06
2.826024e-06
2.759251e-06
2.692502e-06
2.625774e-06
2.559067e-06
2.49238e-06
2.425712e-06
2.359062e-06
2.292429e-06
2.225813e-06
2.159213e-06
3.160205e-06
3.093307e-06
3.026433e-06
2.959587e-06
2.892769e-06
2.825975e-06
2.759205e-06
2.692458e-06
2.625732e-06
2.559027e-06
2.492342e-06
2.425676e-06
2.359027e-06
2.292396e-06
2.225781e-06
2.159182e-06
2.092598e-06
2.026028e-06
1.959472e-06
3.16008e-06
3.093189e-06
3.02632e-06
2.95948e-06
2.892667e-06
2.825878e-06
2.759113e-06
2.69237e-06
2.625649e-06
2.558948e-06
2.492266e-06
2.425603e-06
2.358958e-06
2.29233e-06
2.225718e-06
2.159121e-06
2.09254e-06
2.025972e-06
1.959419e-06
3.159895e-06
3.093013e-06
3.026154e-06
2.959323e-06
2.892517e-06
2.825736e-06
2.758978e-06
2.692241e-06
2.625526e-06
2.558831e-06
2.492155e-06
2.425497e-06
2.358856e-06
2.292233e-06
2.225625e-06
2.159032e-06
2.092454e-06
2.025891e-06
1.95934e-06
3.159656e-06
3.092786e-06
3.025939e-06
2.959119e-06
2.892324e-06
2.825552e-06
2.758803e-06
2.692075e-06
2.625368e-06
2.55868e-06
2.492011e-06
2.42536e-06
2.358726e-06
2.292108e-06
2.225505e-06
2.158918e-06
2.092345e-06
2.025785e-06
1.959239e-06
3.15937e-06
3.092515e-06
3.025682e-06
2.958875e-06
2.892093e-06
2.825333e-06
2.758595e-06
2.691877e-06
2.62518e-06
2.558501e-06
2.491841e-06
2.425197e-06
2.35857e-06
2.291959e-06
2.225363e-06
2.158782e-06
2.092215e-06
2.025661e-06
1.95912e-06
3.159048e-06
3.092208e-06
3.025393e-06
2.958602e-06
2.891833e-06
2.825087e-06
2.758361e-06
2.691656e-06
2.624969e-06
2.5583e-06
2.491649e-06
2.425015e-06
2.358396e-06
2.291793e-06
2.225205e-06
2.15863e-06
2.092069e-06
2.025521e-06
1.958986e-06
3.158703e-06
3.091881e-06
3.025084e-06
2.95831e-06
2.891557e-06
2.824825e-06
2.758113e-06
2.69142e-06
2.624745e-06
2.558087e-06
2.491446e-06
2.424821e-06
2.358212e-06
2.291617e-06
2.225037e-06
2.15847e-06
2.091916e-06
2.025374e-06
1.958845e-06
3.158354e-06
3.09155e-06
3.024772e-06
2.958014e-06
2.891277e-06
2.82456e-06
2.757862e-06
2.691181e-06
2.624519e-06
2.557872e-06
2.491242e-06
2.424627e-06
2.358026e-06
2.29144e-06
2.224867e-06
2.158308e-06
2.091761e-06
2.025226e-06
1.958703e-06
3.158018e-06
3.091233e-06
3.024472e-06
2.957731e-06
2.891009e-06
2.824306e-06
2.757621e-06
2.690953e-06
2.624302e-06
2.557666e-06
2.491046e-06
2.42444e-06
2.357849e-06
2.29127e-06
2.224705e-06
2.158153e-06
2.091613e-06
2.025084e-06
1.958566e-06
3.157715e-06
3.090946e-06
3.024202e-06
2.957475e-06
2.890767e-06
2.824077e-06
2.757404e-06
2.690747e-06
2.624106e-06
2.55748e-06
2.490869e-06
2.424272e-06
2.357688e-06
2.291117e-06
2.224559e-06
2.158013e-06
2.091479e-06
2.024956e-06
1.958444e-06
3.157454e-06
3.0907e-06
3.023969e-06
2.957255e-06
2.890559e-06
2.823879e-06
2.757216e-06
2.690569e-06
2.623937e-06
2.557319e-06
2.490715e-06
2.424125e-06
2.357548e-06
2.290984e-06
2.224432e-06
2.157891e-06
2.091362e-06
2.024844e-06
1.958337e-06
3.157243e-06
3.090501e-06
3.02378e-06
2.957076e-06
2.890389e-06
2.823718e-06
2.757063e-06
2.690423e-06
2.623798e-06
2.557187e-06
2.49059e-06
2.424005e-06
2.357434e-06
2.290875e-06
2.224327e-06
2.157792e-06
2.091267e-06
2.024753e-06
1.958249e-06
3.157065e-06
3.090332e-06
3.02362e-06
2.956923e-06
2.890244e-06
2.82358e-06
2.756931e-06
2.690297e-06
2.623678e-06
2.557072e-06
2.49048e-06
2.423901e-06
2.357334e-06
2.290779e-06
2.224235e-06
2.157704e-06
2.091182e-06
2.024672e-06
1.958172e-06
3.156918e-06
3.090193e-06
3.023486e-06
2.956796e-06
2.890122e-06
2.823463e-06
2.75682e-06
2.690191e-06
2.623576e-06
2.556975e-06
2.490386e-06
2.423811e-06
2.357248e-06
2.290696e-06
2.224157e-06
2.157628e-06
2.09111e-06
2.024602e-06
1.958105e-06
3.156724e-06
3.090007e-06
3.023308e-06
2.956625e-06
2.889958e-06
2.823306e-06
2.756669e-06
2.690046e-06
2.623437e-06
2.556841e-06
2.490258e-06
2.423688e-06
2.357129e-06
2.290582e-06
2.224047e-06
2.157523e-06
2.091009e-06
2.024505e-06
1.958012e-06
3.160269e-06
3.093369e-06
3.026491e-06
2.959642e-06
2.89282e-06
2.826024e-06
2.759252e-06
2.692502e-06
2.625774e-06
2.559067e-06
2.49238e-06
2.425712e-06
2.359062e-06
2.292429e-06
2.225813e-06
2.159212e-06
3.160205e-06
3.093308e-06
3.026434e-06
2.959588e-06
2.892769e-06
2.825975e-06
2.759205e-06
2.692458e-06
2.625732e-06
2.559027e-06
2.492342e-06
2.425676e-06
2.359027e-06
2.292396e-06
2.225781e-06
2.159182e-06
2.092598e-06
2.026027e-06
1.959471e-06
3.16008e-06
3.093189e-06
3.026321e-06
2.959481e-06
2.892667e-06
2.825878e-06
2.759113e-06
2.69237e-06
2.625649e-06
2.558948e-06
2.492266e-06
2.425603e-06
2.358958e-06
2.292329e-06
2.225717e-06
2.159121e-06
2.092539e-06
2.025972e-06
1.959418e-06
3.159895e-06
3.093014e-06
3.026154e-06
2.959323e-06
2.892517e-06
2.825736e-06
2.758977e-06
2.692241e-06
2.625526e-06
2.558831e-06
2.492154e-06
2.425496e-06
2.358856e-06
2.292232e-06
2.225624e-06
2.159032e-06
2.092454e-06
2.02589e-06
1.959339e-06
3.159656e-06
3.092786e-06
3.025939e-06
2.959118e-06
2.892323e-06
2.825552e-06
2.758802e-06
2.692075e-06
2.625367e-06
2.55868e-06
2.49201e-06
2.425359e-06
2.358725e-06
2.292107e-06
2.225504e-06
2.158917e-06
2.092344e-06
2.025784e-06
1.959238e-06
3.159369e-06
3.092513e-06
3.025681e-06
2.958874e-06
2.892091e-06
2.825332e-06
2.758593e-06
2.691876e-06
2.625178e-06
2.5585e-06
2.491839e-06
2.425196e-06
2.358569e-06
2.291958e-06
2.225362e-06
2.158781e-06
2.092213e-06
2.025659e-06
1.959118e-06
3.159045e-06
3.092206e-06
3.02539e-06
2.958599e-06
2.891831e-06
2.825084e-06
2.758359e-06
2.691653e-06
2.624967e-06
2.558298e-06
2.491647e-06
2.425013e-06
2.358394e-06
2.291791e-06
2.225203e-06
2.158628e-06
2.092068e-06
2.02552e-06
1.958984e-06
3.158698e-06
3.091877e-06
3.02508e-06
2.958306e-06
2.891553e-06
2.824821e-06
2.758109e-06
2.691416e-06
2.624741e-06
2.558084e-06
2.491443e-06
2.424818e-06
2.358209e-06
2.291614e-06
2.225034e-06
2.158467e-06
2.091913e-06
2.025372e-06
1.958842e-06
3.158347e-06
3.091544e-06
3.024766e-06
2.958009e-06
2.891272e-06
2.824555e-06
2.757857e-06
2.691177e-06
2.624514e-06
2.557868e-06
2.491238e-06
2.424623e-06
2.358023e-06
2.291436e-06
2.224864e-06
2.158304e-06
2.091758e-06
2.025223e-06
1.9587e-06
3.15801e-06
3.091225e-06
3.024465e-06
2.957724e-06
2.891003e-06
2.8243e-06
2.757615e-06
2.690947e-06
2.624296e-06
2.557661e-06
2.491041e-06
2.424435e-06
2.357844e-06
2.291266e-06
2.224701e-06
2.158149e-06
2.091609e-06
2.02508e-06
1.958563e-06
3.157705e-06
3.090937e-06
3.024193e-06
2.957467e-06
2.890759e-06
2.82407e-06
2.757397e-06
2.69074e-06
2.6241e-06
2.557474e-06
2.490863e-06
2.424266e-06
2.357683e-06
2.291112e-06
2.224554e-06
2.158008e-06
2.091474e-06
2.024952e-06
1.95844e-06
3.157443e-06
3.090689e-06
3.023959e-06
2.957246e-06
2.89055e-06
2.823871e-06
2.757208e-06
2.690561e-06
2.623929e-06
2.557312e-06
2.490709e-06
2.424119e-06
2.357542e-06
2.290978e-06
2.224427e-06
2.157886e-06
2.091358e-06
2.02484e-06
1.958332e-06
3.157231e-06
3.09049e-06
3.02377e-06
2.957066e-06
2.89038e-06
2.823709e-06
2.757055e-06
2.690415e-06
2.62379e-06
2.55718e-06
2.490583e-06
2.423999e-06
2.357428e-06
2.290869e-06
2.224322e-06
2.157786e-06
2.091262e-06
2.024748e-06
1.958244e-06
3.157052e-06
3.09032e-06
3.023608e-06
2.956912e-06
2.890233e-06
2.82357e-06
2.756921e-06
2.690288e-06
2.623669e-06
2.557064e-06
2.490472e-06
2.423893e-06
2.357326e-06
2.290772e-06
2.224229e-06
2.157697e-06
2.091177e-06
2.024666e-06
1.958166e-06
3.156901e-06
3.090177e-06
3.023471e-06
2.956782e-06
2.890108e-06
2.82345e-06
2.756807e-06
2.690179e-06
2.623565e-06
2.556964e-06
2.490376e-06
2.423801e-06
2.357238e-06
2.290688e-06
2.224148e-06
2.15762e-06
2.091102e-06
2.024595e-06
1.958098e-06
3.156696e-06
3.089981e-06
3.023283e-06
2.956601e-06
2.889935e-06
2.823285e-06
2.756648e-06
2.690026e-06
2.623418e-06
2.556823e-06
2.490241e-06
2.423672e-06
2.357114e-06
2.290568e-06
2.224033e-06
2.157509e-06
2.090996e-06
2.024493e-06
1.958e-06
)
;

boundaryField
{
    inlet
    {
        type            zeroGradient;
    }
    outlet
    {
        type            fixedValue;
        value           nonuniform List<scalar> 0();
    }
    chip_bases
    {
        type            zeroGradient;
    }
    walls
    {
        type            zeroGradient;
    }
    procBoundary6to0
    {
        type            processor;
        value           nonuniform List<scalar> 10(2.092627e-06 2.092627e-06 2.026056e-06 1.959499e-06 2.092627e-06 2.092627e-06 2.026055e-06 1.959498e-06 2.026027e-06 1.959471e-06);
    }
    procBoundary6to2
    {
        type            processor;
        value           nonuniform List<scalar> 7(1.892057e-06 1.891939e-06 1.891836e-06 1.891752e-06 1.891677e-06 1.891611e-06 1.891517e-06);
    }
    procBoundary6to3
    {
        type            processor;
        value           nonuniform List<scalar> 
192
(
1.892877e-06
1.892801e-06
1.892704e-06
1.892589e-06
1.892461e-06
1.892327e-06
1.892192e-06
1.892064e-06
1.891948e-06
1.891847e-06
1.891765e-06
1.891699e-06
1.891655e-06
1.891628e-06
1.892877e-06
1.892802e-06
1.892705e-06
1.892591e-06
1.892465e-06
1.892332e-06
1.892199e-06
1.892072e-06
1.891956e-06
1.891856e-06
1.891774e-06
1.891707e-06
1.891662e-06
1.891633e-06
1.892877e-06
1.892802e-06
1.892707e-06
1.892594e-06
1.892469e-06
1.892337e-06
1.892204e-06
1.892078e-06
1.891963e-06
1.891863e-06
1.891781e-06
1.891714e-06
1.891668e-06
1.891635e-06
1.892877e-06
1.892803e-06
1.892708e-06
1.892596e-06
1.892471e-06
1.892339e-06
1.892208e-06
1.892082e-06
1.891967e-06
1.891868e-06
1.891785e-06
1.891718e-06
1.89167e-06
1.891633e-06
1.892878e-06
1.892804e-06
1.892709e-06
1.892596e-06
1.892472e-06
1.892341e-06
1.892209e-06
1.892084e-06
1.891969e-06
1.891869e-06
1.891787e-06
1.891719e-06
1.89167e-06
1.891628e-06
1.892878e-06
1.892804e-06
1.892709e-06
1.892597e-06
1.892472e-06
1.892341e-06
1.89221e-06
1.892084e-06
1.891969e-06
1.891869e-06
1.891787e-06
1.891718e-06
1.891667e-06
1.89162e-06
1.892878e-06
1.892804e-06
1.892709e-06
1.892597e-06
1.892472e-06
1.892341e-06
1.892209e-06
1.892082e-06
1.891968e-06
1.891868e-06
1.891785e-06
1.891716e-06
1.891663e-06
1.891609e-06
1.892878e-06
1.892804e-06
1.892709e-06
1.892596e-06
1.892471e-06
1.892339e-06
1.892207e-06
1.89208e-06
1.891965e-06
1.891864e-06
1.891782e-06
1.891711e-06
1.891657e-06
1.891597e-06
1.892879e-06
1.892804e-06
1.892709e-06
1.892596e-06
1.89247e-06
1.892337e-06
1.892204e-06
1.892077e-06
1.891961e-06
1.89186e-06
1.891777e-06
1.891706e-06
1.89165e-06
1.891583e-06
1.892878e-06
1.892804e-06
1.892708e-06
1.892594e-06
1.892468e-06
1.892335e-06
1.892201e-06
1.892073e-06
1.891957e-06
1.891855e-06
1.891772e-06
1.8917e-06
1.891642e-06
1.891569e-06
1.892878e-06
1.892803e-06
1.892707e-06
1.892593e-06
1.892466e-06
1.892332e-06
1.892197e-06
1.892068e-06
1.891952e-06
1.89185e-06
1.891767e-06
1.891694e-06
1.891634e-06
1.891555e-06
1.892929e-06
1.892878e-06
1.892803e-06
1.892706e-06
1.892592e-06
1.892464e-06
1.892329e-06
1.892194e-06
1.892064e-06
1.891947e-06
1.891845e-06
1.891761e-06
1.891688e-06
1.891625e-06
1.891541e-06
1.892928e-06
1.892877e-06
1.892802e-06
1.892705e-06
1.89259e-06
1.892462e-06
1.892327e-06
1.892191e-06
1.89206e-06
1.891943e-06
1.89184e-06
1.891756e-06
1.891682e-06
1.891618e-06
1.891528e-06
1.892928e-06
1.892877e-06
1.892801e-06
1.892704e-06
1.892589e-06
1.892461e-06
1.892325e-06
1.892188e-06
)
;
    }
    procBoundary6to4
    {
        type            processor;
        value           nonuniform List<scalar> 
351
(
3.684068e-06
3.608483e-06
3.532953e-06
3.457474e-06
3.382045e-06
3.306662e-06
3.231321e-06
3.684064e-06
3.608479e-06
3.532949e-06
3.457471e-06
3.382042e-06
3.306659e-06
3.231319e-06
3.684061e-06
3.608476e-06
3.532946e-06
3.457469e-06
3.38204e-06
3.306657e-06
3.231317e-06
3.684059e-06
3.608474e-06
3.532945e-06
3.457467e-06
3.382038e-06
3.306655e-06
3.231316e-06
3.684057e-06
3.608473e-06
3.532944e-06
3.457466e-06
3.382037e-06
3.306655e-06
3.231315e-06
3.684057e-06
3.608473e-06
3.532943e-06
3.457466e-06
3.382037e-06
3.306655e-06
3.231315e-06
3.684057e-06
3.608473e-06
3.532944e-06
3.457466e-06
3.382037e-06
3.306655e-06
3.231315e-06
3.684058e-06
3.608474e-06
3.532944e-06
3.457467e-06
3.382038e-06
3.306655e-06
3.231315e-06
3.759703e-06
3.68406e-06
3.608475e-06
3.532945e-06
3.457468e-06
3.382038e-06
3.306656e-06
3.231315e-06
3.835411e-06
3.759705e-06
3.684061e-06
3.608476e-06
3.532946e-06
3.457469e-06
3.382039e-06
3.306657e-06
3.231316e-06
3.533033e-06
3.45755e-06
3.382116e-06
3.306728e-06
3.231383e-06
3.835413e-06
3.759706e-06
3.684063e-06
3.608478e-06
3.532948e-06
3.532948e-06
3.45747e-06
3.45747e-06
3.38204e-06
3.38204e-06
3.306657e-06
3.306657e-06
3.231316e-06
3.231316e-06
3.60857e-06
3.835415e-06
3.759708e-06
3.684064e-06
3.608479e-06
3.608479e-06
3.160206e-06
3.093305e-06
3.026433e-06
2.959588e-06
2.892769e-06
2.825976e-06
2.759206e-06
2.692458e-06
2.625733e-06
2.559028e-06
2.492342e-06
2.425676e-06
2.359028e-06
2.292396e-06
2.225781e-06
2.159182e-06
2.092598e-06
2.026028e-06
1.959472e-06
3.160204e-06
3.093303e-06
3.026431e-06
2.959586e-06
2.892768e-06
2.825974e-06
2.759204e-06
2.692457e-06
2.625732e-06
2.559027e-06
2.492342e-06
2.425675e-06
2.359027e-06
2.292396e-06
2.225781e-06
2.159182e-06
2.092597e-06
2.026028e-06
1.959472e-06
3.160202e-06
3.093302e-06
3.026429e-06
2.959585e-06
2.892766e-06
2.825973e-06
2.759203e-06
2.692456e-06
2.625731e-06
2.559026e-06
2.492341e-06
2.425675e-06
2.359026e-06
2.292395e-06
2.22578e-06
2.159181e-06
2.092597e-06
2.026027e-06
1.959471e-06
3.160201e-06
3.093301e-06
3.026429e-06
2.959584e-06
2.892766e-06
2.825972e-06
2.759203e-06
2.692456e-06
2.62573e-06
2.559026e-06
2.492341e-06
2.425674e-06
2.359026e-06
2.292395e-06
2.22578e-06
2.159181e-06
2.092597e-06
2.026027e-06
1.959471e-06
3.160201e-06
3.093301e-06
3.026428e-06
2.959584e-06
2.892765e-06
2.825972e-06
2.759202e-06
2.692456e-06
2.62573e-06
2.559026e-06
2.492341e-06
2.425674e-06
2.359026e-06
2.292395e-06
2.22578e-06
2.159181e-06
2.092597e-06
2.026028e-06
1.959472e-06
3.160201e-06
3.093301e-06
3.026428e-06
2.959584e-06
2.892765e-06
2.825972e-06
2.759202e-06
2.692456e-06
2.62573e-06
2.559026e-06
2.492341e-06
2.425674e-06
2.359026e-06
2.292395e-06
2.22578e-06
2.159181e-06
2.092597e-06
2.026028e-06
1.959472e-06
3.160201e-06
3.093301e-06
3.026429e-06
2.959584e-06
2.892766e-06
2.825972e-06
2.759203e-06
2.692456e-06
2.62573e-06
2.559026e-06
2.492341e-06
2.425675e-06
2.359026e-06
2.292395e-06
2.225781e-06
2.159182e-06
2.092598e-06
2.026028e-06
1.959472e-06
3.160201e-06
3.093302e-06
3.026429e-06
2.959584e-06
2.892766e-06
2.825973e-06
2.759203e-06
2.692456e-06
2.625731e-06
2.559026e-06
2.492341e-06
2.425675e-06
2.359027e-06
2.292396e-06
2.225781e-06
2.159182e-06
2.092598e-06
2.026028e-06
1.959472e-06
3.160202e-06
3.093303e-06
3.02643e-06
2.959585e-06
2.892767e-06
2.825973e-06
2.759203e-06
2.692456e-06
2.625731e-06
2.559026e-06
2.492341e-06
2.425675e-06
2.359027e-06
2.292396e-06
2.225781e-06
2.159182e-06
2.092598e-06
2.026028e-06
1.959472e-06
3.160203e-06
3.093304e-06
3.026431e-06
2.959586e-06
2.892767e-06
2.825974e-06
2.759204e-06
2.692457e-06
2.625731e-06
2.559027e-06
2.492342e-06
2.425675e-06
2.359027e-06
2.292396e-06
2.225781e-06
2.159182e-06
2.092598e-06
2.026028e-06
1.959472e-06
3.160266e-06
3.093365e-06
3.026488e-06
2.95964e-06
2.892819e-06
2.826023e-06
2.759251e-06
2.692501e-06
2.625774e-06
2.559067e-06
2.49238e-06
2.425712e-06
2.359062e-06
2.292429e-06
2.225813e-06
2.159213e-06
3.160203e-06
3.160203e-06
3.093305e-06
3.093305e-06
3.026431e-06
3.026431e-06
2.959586e-06
2.959586e-06
2.892768e-06
2.892768e-06
2.825974e-06
2.825974e-06
2.759204e-06
2.759204e-06
2.692457e-06
2.692457e-06
2.625732e-06
2.625732e-06
2.559027e-06
2.559027e-06
2.492342e-06
2.492342e-06
2.425676e-06
2.425676e-06
2.359027e-06
2.359027e-06
2.292396e-06
2.292396e-06
2.225781e-06
2.225781e-06
2.159182e-06
2.159182e-06
2.092598e-06
2.092598e-06
2.026028e-06
2.026028e-06
1.959472e-06
1.959472e-06
2.425712e-06
2.359062e-06
2.292429e-06
2.225813e-06
2.159213e-06
2.092627e-06
2.092627e-06
2.026056e-06
1.959499e-06
)
;
    }
    procBoundary6to5
    {
        type            processor;
        value           nonuniform List<scalar> 
70
(
3.533035e-06
3.457551e-06
3.382117e-06
3.306729e-06
3.231383e-06
3.533036e-06
3.457552e-06
3.382118e-06
3.30673e-06
3.231384e-06
3.608572e-06
3.835417e-06
3.75971e-06
3.684066e-06
3.608481e-06
3.608481e-06
3.533037e-06
3.457554e-06
3.382119e-06
3.306731e-06
3.231384e-06
3.608573e-06
3.83542e-06
3.759712e-06
3.684068e-06
3.608482e-06
3.608482e-06
3.160267e-06
3.093366e-06
3.026489e-06
2.959641e-06
2.892819e-06
2.826023e-06
2.759251e-06
2.692502e-06
2.625774e-06
2.559067e-06
2.49238e-06
3.160268e-06
3.093367e-06
3.02649e-06
2.959641e-06
2.89282e-06
2.826024e-06
2.759251e-06
2.692502e-06
2.625774e-06
2.559067e-06
2.49238e-06
2.425712e-06
2.359062e-06
2.292429e-06
2.225813e-06
2.159213e-06
3.160269e-06
3.093369e-06
3.026491e-06
2.959642e-06
2.892821e-06
2.826024e-06
2.759252e-06
2.692502e-06
2.625774e-06
2.559067e-06
2.49238e-06
2.425712e-06
2.359062e-06
2.292429e-06
2.225813e-06
2.159212e-06
)
;
    }
    procBoundary6to7
    {
        type            processor;
        value           nonuniform List<scalar> 
435
(
3.533039e-06
3.457555e-06
3.38212e-06
3.306732e-06
3.231385e-06
3.532953e-06
3.457474e-06
3.382044e-06
3.30666e-06
3.231318e-06
3.835202e-06
3.759508e-06
3.683876e-06
3.608302e-06
3.532783e-06
3.457314e-06
3.381894e-06
3.306519e-06
3.231185e-06
3.834876e-06
3.759203e-06
3.68359e-06
3.608034e-06
3.532531e-06
3.457078e-06
3.381672e-06
3.306311e-06
3.230989e-06
3.834451e-06
3.758805e-06
3.683217e-06
3.607685e-06
3.532204e-06
3.456771e-06
3.381384e-06
3.30604e-06
3.230736e-06
3.833937e-06
3.758324e-06
3.682768e-06
3.607264e-06
3.531809e-06
3.456402e-06
3.381038e-06
3.305715e-06
3.230431e-06
3.833351e-06
3.757777e-06
3.682256e-06
3.606785e-06
3.531362e-06
3.455983e-06
3.380646e-06
3.305348e-06
3.230087e-06
3.832716e-06
3.757185e-06
3.681703e-06
3.60627e-06
3.53088e-06
3.455533e-06
3.380225e-06
3.304954e-06
3.229719e-06
3.832064e-06
3.756578e-06
3.681138e-06
3.605743e-06
3.530389e-06
3.455074e-06
3.379796e-06
3.304554e-06
3.229345e-06
3.831432e-06
3.75599e-06
3.680592e-06
3.605234e-06
3.529915e-06
3.454632e-06
3.379384e-06
3.304168e-06
3.228985e-06
3.830858e-06
3.755457e-06
3.680096e-06
3.604773e-06
3.529485e-06
3.454232e-06
3.379011e-06
3.30382e-06
3.228659e-06
3.830367e-06
3.755001e-06
3.679672e-06
3.604378e-06
3.529118e-06
3.453889e-06
3.37869e-06
3.30352e-06
3.22838e-06
3.829976e-06
3.754638e-06
3.679334e-06
3.604063e-06
3.528824e-06
3.453614e-06
3.378433e-06
3.30328e-06
3.228154e-06
3.829658e-06
3.754341e-06
3.679056e-06
3.603803e-06
3.528579e-06
3.453385e-06
3.378218e-06
3.303077e-06
3.227962e-06
3.8294e-06
3.754098e-06
3.678827e-06
3.603587e-06
3.528376e-06
3.453193e-06
3.378037e-06
3.302906e-06
3.2278e-06
3.829056e-06
3.753773e-06
3.67852e-06
3.603297e-06
3.528101e-06
3.452932e-06
3.377789e-06
3.30267e-06
3.227576e-06
3.160269e-06
3.093369e-06
3.026491e-06
2.959642e-06
2.892821e-06
2.826024e-06
2.759252e-06
2.692502e-06
2.625774e-06
2.559067e-06
2.49238e-06
2.425712e-06
2.359062e-06
2.292429e-06
2.225812e-06
2.159212e-06
3.160206e-06
3.093309e-06
3.026434e-06
2.959588e-06
2.892769e-06
2.825975e-06
2.759205e-06
2.692458e-06
2.625732e-06
2.559027e-06
2.492342e-06
2.425675e-06
2.359027e-06
2.292395e-06
2.22578e-06
2.159181e-06
2.092597e-06
3.16008e-06
3.09319e-06
3.026321e-06
2.959481e-06
2.892667e-06
2.825878e-06
2.759113e-06
2.69237e-06
2.625648e-06
2.558947e-06
2.492266e-06
2.425603e-06
2.358957e-06
2.292329e-06
2.225717e-06
2.15912e-06
2.092539e-06
2.025971e-06
1.959417e-06
3.159895e-06
3.093014e-06
3.026154e-06
2.959323e-06
2.892517e-06
2.825736e-06
2.758977e-06
2.692241e-06
2.625525e-06
2.55883e-06
2.492154e-06
2.425496e-06
2.358855e-06
2.292232e-06
2.225624e-06
2.159031e-06
2.092453e-06
2.025889e-06
1.959339e-06
3.159655e-06
3.092786e-06
3.025938e-06
2.959118e-06
2.892323e-06
2.825551e-06
2.758802e-06
2.692074e-06
2.625367e-06
2.558679e-06
2.49201e-06
2.425358e-06
2.358724e-06
2.292106e-06
2.225504e-06
2.158916e-06
2.092343e-06
2.025783e-06
1.959237e-06
3.159367e-06
3.092512e-06
3.02568e-06
2.958873e-06
2.89209e-06
2.82533e-06
2.758592e-06
2.691875e-06
2.625177e-06
2.558499e-06
2.491838e-06
2.425194e-06
2.358568e-06
2.291957e-06
2.225361e-06
2.158779e-06
2.092212e-06
2.025658e-06
1.959117e-06
3.159042e-06
3.092204e-06
3.025388e-06
2.958597e-06
2.891829e-06
2.825082e-06
2.758357e-06
2.691651e-06
2.624965e-06
2.558296e-06
2.491645e-06
2.425011e-06
2.358393e-06
2.29179e-06
2.225201e-06
2.158627e-06
2.092066e-06
2.025518e-06
1.958983e-06
3.158695e-06
3.091874e-06
3.025077e-06
2.958302e-06
2.89155e-06
2.824818e-06
2.758106e-06
2.691413e-06
2.624739e-06
2.558081e-06
2.491441e-06
2.424816e-06
2.358207e-06
2.291612e-06
2.225032e-06
2.158465e-06
2.091911e-06
2.025369e-06
1.95884e-06
3.158342e-06
3.091539e-06
3.024761e-06
2.958004e-06
2.891268e-06
2.824551e-06
2.757853e-06
2.691173e-06
2.62451e-06
2.557864e-06
2.491234e-06
2.424619e-06
2.358019e-06
2.291433e-06
2.224861e-06
2.158302e-06
2.091755e-06
2.02522e-06
1.958697e-06
3.158003e-06
3.091218e-06
3.024458e-06
2.957718e-06
2.890997e-06
2.824295e-06
2.75761e-06
2.690943e-06
2.624292e-06
2.557657e-06
2.491037e-06
2.424431e-06
2.35784e-06
2.291262e-06
2.224698e-06
2.158146e-06
2.091606e-06
2.025077e-06
1.95856e-06
3.157697e-06
3.090929e-06
3.024185e-06
2.95746e-06
2.890753e-06
2.824063e-06
2.757391e-06
2.690735e-06
2.624094e-06
2.557469e-06
2.490858e-06
2.424261e-06
2.357678e-06
2.291108e-06
2.22455e-06
2.158005e-06
2.091471e-06
2.024948e-06
1.958436e-06
3.157434e-06
3.09068e-06
3.02395e-06
2.957238e-06
2.890542e-06
2.823864e-06
2.757202e-06
2.690555e-06
2.623923e-06
2.557306e-06
2.490703e-06
2.424114e-06
2.357538e-06
2.290974e-06
2.224422e-06
2.157882e-06
2.091354e-06
2.024836e-06
1.958329e-06
3.157221e-06
3.09048e-06
3.02376e-06
2.957058e-06
2.890371e-06
2.823702e-06
2.757047e-06
2.690408e-06
2.623784e-06
2.557174e-06
2.490577e-06
2.423993e-06
2.357422e-06
2.290864e-06
2.224317e-06
2.157782e-06
2.091257e-06
2.024744e-06
1.958241e-06
3.157041e-06
3.090309e-06
3.023598e-06
2.956903e-06
2.890224e-06
2.823561e-06
2.756913e-06
2.690281e-06
2.623662e-06
2.557057e-06
2.490466e-06
2.423887e-06
2.357321e-06
2.290766e-06
2.224224e-06
2.157692e-06
2.091172e-06
2.024662e-06
1.958162e-06
3.156887e-06
3.090163e-06
3.023458e-06
2.956769e-06
2.890096e-06
2.823439e-06
2.756797e-06
2.690169e-06
2.623555e-06
2.556955e-06
2.490368e-06
2.423793e-06
2.357231e-06
2.29068e-06
2.224141e-06
2.157613e-06
2.091096e-06
2.024589e-06
1.958092e-06
3.156673e-06
3.089959e-06
3.023262e-06
2.956582e-06
2.889917e-06
2.823267e-06
2.756631e-06
2.69001e-06
2.623403e-06
2.556809e-06
2.490227e-06
2.423658e-06
2.357101e-06
2.290556e-06
2.224021e-06
2.157498e-06
2.090985e-06
2.024483e-06
1.95799e-06
)
;
    }
    procBoundary6to10
    {
        type            processor;
        value           nonuniform List<scalar> 
205
(
3.759504e-06
3.759196e-06
3.758794e-06
3.75831e-06
3.757761e-06
3.757171e-06
3.75657e-06
3.755991e-06
3.75547e-06
3.755027e-06
3.75468e-06
3.754423e-06
3.754269e-06
3.754198e-06
3.759501e-06
3.759194e-06
3.758796e-06
3.758316e-06
3.757773e-06
3.757189e-06
3.756595e-06
3.756023e-06
3.755506e-06
3.755065e-06
3.754718e-06
3.754459e-06
3.754299e-06
3.754217e-06
3.759498e-06
3.759194e-06
3.758798e-06
3.758322e-06
3.757783e-06
3.757205e-06
3.756618e-06
3.756051e-06
3.755538e-06
3.755099e-06
3.754752e-06
3.75449e-06
3.754324e-06
3.754228e-06
3.759496e-06
3.759193e-06
3.758799e-06
3.758326e-06
3.757791e-06
3.757217e-06
3.756632e-06
3.756069e-06
3.755559e-06
3.755121e-06
3.754774e-06
3.754508e-06
3.754336e-06
3.754225e-06
3.759496e-06
3.759193e-06
3.758801e-06
3.758329e-06
3.757796e-06
3.757223e-06
3.756641e-06
3.75608e-06
3.75557e-06
3.755133e-06
3.754785e-06
3.754516e-06
3.754338e-06
3.75421e-06
3.759496e-06
3.759194e-06
3.758802e-06
3.758331e-06
3.757798e-06
3.757227e-06
3.756645e-06
3.756084e-06
3.755574e-06
3.755136e-06
3.754788e-06
3.754516e-06
3.754332e-06
3.754185e-06
3.759496e-06
3.759195e-06
3.758803e-06
3.758332e-06
3.757799e-06
3.757227e-06
3.756644e-06
3.756082e-06
3.755571e-06
3.755133e-06
3.754783e-06
3.754508e-06
3.754317e-06
3.75415e-06
3.759497e-06
3.759497e-06
3.759195e-06
3.759195e-06
3.758803e-06
3.758803e-06
3.758332e-06
3.758332e-06
3.757798e-06
3.757798e-06
3.757225e-06
3.757225e-06
3.75664e-06
3.75664e-06
3.756076e-06
3.756076e-06
3.755564e-06
3.755564e-06
3.755123e-06
3.755123e-06
3.754772e-06
3.754772e-06
3.754495e-06
3.754495e-06
3.754297e-06
3.754297e-06
3.754108e-06
3.754108e-06
3.835191e-06
3.835191e-06
3.834868e-06
3.834868e-06
3.834449e-06
3.834449e-06
3.833943e-06
3.833943e-06
3.83337e-06
3.83337e-06
3.832753e-06
3.832753e-06
3.832122e-06
3.832122e-06
3.831512e-06
3.831512e-06
3.830958e-06
3.830958e-06
3.830483e-06
3.830483e-06
3.830104e-06
3.830104e-06
3.829803e-06
3.829803e-06
3.829585e-06
3.829585e-06
3.829362e-06
3.829362e-06
3.91095e-06
3.910606e-06
3.910156e-06
3.909614e-06
3.908998e-06
3.908332e-06
3.907651e-06
3.906991e-06
3.906391e-06
3.905876e-06
3.905466e-06
3.90514e-06
3.9049e-06
3.904639e-06
3.910952e-06
3.910607e-06
3.910157e-06
3.909613e-06
3.908995e-06
3.908326e-06
3.90764e-06
3.906976e-06
3.906372e-06
3.905854e-06
3.905442e-06
3.905113e-06
3.904864e-06
3.904579e-06
3.910955e-06
3.910609e-06
3.910158e-06
3.909612e-06
3.908991e-06
3.908319e-06
3.907629e-06
3.90696e-06
3.906352e-06
3.905831e-06
3.905417e-06
3.905084e-06
3.904828e-06
3.90452e-06
3.908312e-06
3.907618e-06
3.906945e-06
3.906333e-06
3.905809e-06
3.905393e-06
3.905057e-06
3.904794e-06
3.904464e-06
)
;
    }
    procBoundary6to11
    {
        type            processor;
        value           nonuniform List<scalar> 
19
(
3.910957e-06
3.910611e-06
3.910158e-06
3.909611e-06
3.908987e-06
3.910959e-06
3.910612e-06
3.910159e-06
3.90961e-06
3.908984e-06
3.908305e-06
3.907608e-06
3.906931e-06
3.906316e-06
3.905789e-06
3.90537e-06
3.905032e-06
3.904762e-06
3.904414e-06
)
;
    }
}


// ************************************************************************* //
